1450023373463953408
1450069761560244224
1449929408152674306
1449991901856210948
1450022540630392834
1450026238261690371
1450027686550663169
1450067377412993024
1450084112828547072
1450138799984369670
1449888196448296969
1449888617355227139
1449890128856432645
1449890645246574598
1449890685608333316
1449891615930155014
1449892128746663938
1449892313396772864
1449893066899443712
1449893191772082177
1449894196932980743
1449894732016930817
1449895702914473989
1449896417414242311
1449896647593324547
1449897376211103747
1449897790780313604
1449898154535493635
1449898249700057088
1449899792440561669
1449900062323011588
1449900153381347331
1449900169055584256
1449900282662436870
1449900622883405830
1449901548562046976
1449901730582306821
1449901841651625984
1449901963999473665
1449902526480850945
1449903055986577410
1449903130376740868
1449903368797769731
1449903776970600450
1449903855165050881
1449904565290094594
1449904910997221379
1449906311852748803
1449906371206385666
1449908036433182724
1449908040283525122
1449908623245668354
1449908707056406530
1449909007041187842
1449909015949897733
1449909138608189445
1449909580092170241
1449910103964979200
1449910965638623233
1449911257436286976
1449911266626060290
1449911448881094662
1449912906154340352
1449912983535042561
1449913456761606146
1449913661284229120
1449913717819273218
1449914627186249734
1449915367178919941
1449915372086312962
1449916178890170368
1449916229339127810
1449916343227076610
1449916372134215685
1449916933361451010
1449917141889683456
1449917330876604421
1449918213853122562
1449918386268377094
1449919197153165314
1449919226248982529
1449919965755101185
1449920050228461571
1449920730255159299
1449920800610418688
1449921087798534149
1449921281164398599
1449921503609311241
1449921730730938369
1449921792580018180
1449922169480175616
1449922903957377024
1449923252491468802
1449923908921085952
1449923963212029953
1449924034812989443
1449924292213239821
1449924359217291271
1449924496983396354
1449924638989950976
1449924684309417987
1449924863922040834
1449925028674478086
1449925228901986308
1449925593659629570
1449925595861696513
1449925914213580802
1449926019037556736
1449926070011006979
1449926147374940161
1449926403726589954
1449926777309073409
1449927150396534785
1449927791697293318
1449927919585792007
1449927977706221570
1449928354648363016
1449928358360322049
1449928731946934282
1449928818475487233
1449929089876377603
1449929233065660421
1449929286589325314
1449929658435190787
1449930125416435712
1449930142793420801
1449930174242312193
1449930380388102146
1449930828717301760
1449931146129727489
1449931605368131585
1449931959036121090
1449932078892478469
1449932229577117702
1449932274498093056
1449932526831603712
1449932905828929538
1449932978746843139
1449933150327435271
1449933408042303492
1449933653333708804
1449934375034900486
1449934907732418569
1449934984307826693
1449935495379570690
1449935576245813256
1449935686438584325
1449936029167722502
1449936050743246848
1449936163020619779
1449936165390327811
1449936173254656000
1449936475051773955
1449936530227695621
1449937101194104834
1449937479096672263
1449937500496138240
1449938261074341888
1449938553547341827
1449939205644115977
1449939574545809409
1449939617742946309
1449939673258725377
1449939897159012356
1449940257164578822
1449940592134262784
1449940838922874880
1449941304973004802
1449941323927089154
1449941323184631811
1449941574155132935
1449942677307285510
1449943675132268549
1449943727800152069
1449943744363450372
1449943817746980866
1449944384766496774
1449944772374712320
1449944975869820930
1449945161341947904
1449945362584649732
1449945369404592134
1449945966199537671
1449946008054501376
1449946308081434625
1449946311680147456
1449946343460392960
1449946594778832898
1449946993963323400
1449947387770802181
1449947466162335749
1449947529760501762
1449947619032068110
1449948021752352775
1449948372090171394
1449948406864957445
1449948857551310852
1449948941911412737
1449949048534810626
1449949297441574921
1449949305897426945
1449949352709943299
1449949515956424704
1449949712375705603
1449949714095349763
1449949877018845186
1449949958845579268
1449950271514107904
1449950705087778816
1449951122244833286
1449951386028810240
1449951552945340419
1449951578794778629
1449951647430426624
1449951710735069188
1449951776908611589
1449951874606518273
1449952126076014592
1449952514896400388
1449952694433583104
1449952698770477058
1449952709302435840
1449952748498133001
1449952944728653824
1449953113109155842
1449953308542648324
1449953344823300097
1449953747648409601
1449954015614160903
1449954081502425089
1449954131985063939
1449954402786168834
1449954715047903239
1449954791329710085
1449954954014167040
1449955458437902336
1449955531569852422
1449955665611419648
1449956123704848386
1449956400810000387
1449956502169526285
1449957314891423749
1449958051453095940
1449958237298565124
1449958449341734915
1449958674819010560
1449959273132298241
1449959469706735621
1449960000512614406
1449960410723938310
1449960575685984257
1449960594849689605
1449960636717289477
1449961259143630852
1449961508587196416
1449962238194843648
1449962315772686336
1449962437197717508
1449962762969309185
1449962949452333058
1449963562219175937
1449963709997064192
1449963824702902272
1449964005036937219
1449964081595650053
1449964297031876612
1449964469291864067
1449964703703179265
1449965180889100291
1449965493599698947
1449965778233556995
1449966826914398209
1449966829351309315
1449966881536831491
1449967273926561793
1449967399466254339
1449967524930412551
1449967683663892482
1449967879835697159
1449968056038395906
1449968229355450371
1449968238968799235
1449968287501012993
1449968528077979649
1449969035236446209
1449969161615011840
1449969177301716999
1449969191876890625
1449969388505817088
1449969420067950592
1449969943265480705
1449970567214362624
1449970890624561152
1449970999886188547
1449971367697268736
1449971497397743617
1449972343065825281
1449972365383794698
1449972424154304520
1449973111227486215
1449974146276872195
1449974553837408264
1449974651980066817
1449974681398767617
1449975278097235971
1449975789307371523
1449975852461002753
1449976012519862276
1449976149182795782
1449976159656026114
1449976382990086147
1449976730660134916
1449976943391117313
1449976960419975172
1449977238309326859
1449977589842399243
1449978224214253571
1449978303444447233
1449978641148899331
1449978911815733250
1449978937740644357
1449979068661723139
1449979105420607490
1449979269975707653
1449979369946968071
1449979755462279174
1449979809786851333
1449979928204623875
1449980488328699912
1449980488353865728
1449980666842468352
1449981164723204097
1449981410119323649
1449981440234450945
1449981577061036037
1449981631129808900
1449981654601113601
1449981926220054530
1449982315497545729
1449982403552841732
1449982734068170753
1449982787524730880
1449982813122568192
1449983238013788162
1449983249384542214
1449983524719632386
1449983606802169858
1449983626943209477
1449983748754137091
1449984109183320076
1449984332987133955
1449985496973660165
1449985657720373250
1449985754113871873
1449986050206486535
1449986312551895041
1449986356969492482
1449986599316455424
1449987017400483843
1449987160057155584
1449987334519214082
1449987390630612997
1449987579311366147
1449987790742056964
1449987911818960901
1449988299053940740
1449988380473769985
1449988519280009217
1449988624368521217
1449988860058894337
1449989039898050561
1449989058386530306
1449989137927315460
1449989157644746752
1449989378592280578
1449989490886397952
1449989772123021312
1449989796265283584
1449990101098905602
1449990099979153408
1449990125094539268
1449990411007631363
1449990558391361537
1449990590993551360
1449990926718275587
1449991128346812423
1449991265492209665
1449991389907881985
1449991474326630404
1449991528118566912
1449991583068082178
1449991815512289280
1449991877583794177
1449992277007339520
1449992827463770114
1449992953192058880
1449993027980644355
1449993772784254977
1449993781483298822
1449993921153490946
1449994061717250048
1449994187378626560
1449994473765687298
1449994663104901121
1449994687553540096
1449994806927659021
1449995053233967107
1449995218044915715
1449995223183110145
1449995231177347080
1449995239121461248
1449995248747302912
1449995358721904646
1449995597256093696
1449995728105869314
1449996369926651904
1449996465665818635
1449996883615694848
1449996918864498689
1449996982982873092
1449997040453255172
1449997251862941699
1449997357848748033
1449997810992959491
1449997865825103874
1449998102354546688
1449998112689307653
1449998236958085127
1449998388796137478
1449998467082821641
1449998512234672130
1449998652458483717
1449998682581975042
1449998810092953601
1449999092713623553
1449999195025248264
1449999199819337730
1449999239115730955
1449999657308864519
1450000038684348419
1450000276228755456
1450000389240078339
1450000647772774400
1450000833223987202
1450001121829814273
1450001487413665794
1450001526852702213
1450001891077738497
1450001913605287938
1450002022422310914
1450002171668275203
1450002305089085441
1450002739975626753
1450002941008482309
1450003106184327182
1450003337420500998
1450003513602293768
1450003552290557954
1450003585920499712
1450004017535340549
1450004030751535106
1450004324122124290
1450004538065178625
1450005103147053062
1450005110856114183
1450005346089529346
1450005666177773572
1450005869714755586
1450006495685267463
1450006920526323715
1450007638041772034
1450007809974681605
1450007813594365952
1450007822742130688
1450007827989237765
1450007842845446144
1450007993827803136
1450008017013919745
1450008313718980612
1450008413421785093
1450008446670020609
1450008612475129862
1450008821221396481
1450008942977830919
1450008961411792897
1450008958186311692
1450009521095462913
1450009988932374528
1450010314905247750
1450010524024930305
1450010598746431495
1450010814929199107
1450010913231163393
1450011121029550085
1450011305994174467
1450011308481384448
1450011528581709828
1450011662098919427
1450012020024111105
1450012274429546505
1450012321544224774
1450012523663532032
1450012689028108302
1450013357180817409
1450013355255599104
1450013373706342402
1450013503121547269
1450013652451409925
1450013682499391493
1450013717718990857
1450013918085087233
1450014017079054342
1450014022850412546
1450014171546873857
1450014367689310212
1450014387633201154
1450014540163215362
1450014552616148999
1450015045040041984
1450015163910803460
1450015407897604097
1450015581365624834
1450015722373931008
1450015875449249800
1450016020098437122
1450016017619595271
1450016155796598791
1450016192891031557
1450016230488764418
1450016492846727170
1450016604008312833
1450016854504665095
1450016864180924417
1450017228829511682
1450017352708345856
1450017379891564547
1450017528537772035
1450017642698317828
1450017808516009989
1450017930666643457
1450017964057452544
1450018179313328129
1450018220388208642
1450018413762396170
1450018678687232001
1450018746232238080
1450019045743366145
1450019106560753668
1450019320168206344
1450019380524318720
1450019526490218504
1450019827985256451
1450020373999669253
1450020427380793346
1450020552056328194
1450020588014092291
1450021048578031616
1450021356762927104
1450021363951935492
1450021733176537090
1450021839732834314
1450021838629789700
1450021870623809543
1450021899665215490
1450022254641778690
1450022443108737026
1450022609593065479
1450022702270455815
1450022717223174147
1450022825318764550
1450022830721015811
1450023015794679812
1450023075127332870
1450023110808276998
1450023183919235075
1450023311275032578
1450023578926137348
1450023852457693186
1450023938436726788
1450023976911073283
1450024103910391809
1450024186861260805
1450024468856725505
1450024787162501130
1450024797262401544
1450025101269757953
1450025386239160323
1450025415272140800
1450025684286410754
1450025712589496335
1450025938394120193
1450026360127189002
1450026512682344451
1450026621361012739
1450026963339386883
1450027362356064261
1450027446414168070
1450027510217904129
1450027559987474438
1450027701104885762
1450027742074785795
1450027774178050048
1450027799230566402
1450027882776985602
1450028147185885195
1450028681364062214
1450028872494288904
1450028947509366784
1450029402079698945
1450029484137193477
1450029808650362884
1450030105451925504
1450030114150903809
1450030395240505349
1450030961287041024
1450031003817312258
1450031400179093504
1450031542646890496
1450031646493659136
1450031738403491844
1450031816140754947
1450032187693096968
1450032285030313985
1450032302696775683
1450032512319713282
1450032600299433985
1450032662857469963
1450032899965665280
1450033183043452928
1450033417387601924
1450033445904650242
1450033500946501637
1450033498698387457
1450033608320688134
1450034328365191168
1450034329791332352
1450034508531597319
1450034718288715778
1450035349258862594
1450035529731305483
1450035536224079882
1450035821680095237
1450035862566170627
1450036050412195843
1450036105101725702
1450036478764068865
1450036884265058305
1450037142919397379
1450037563465424899
1450037904818917377
1450037961332977664
1450038041196728324
1450038389877530626
1450039052087042052
1450039189051895811
1450039205002825730
1450039510469840897
1450039521886687240
1450039593483395078
1450039714061303808
1450039893753696260
1450039895267823623
1450039973122506760
1450040050721247232
1450040244716277760
1450040247681572868
1450040418385547267
1450040499209838594
1450040738218012678
1450041246479577093
1450041249520517122
1450041263319781378
1450041348099231746
1450041411307327489
1450041900849786884
1450042379931557893
1450042451075362818
1450042615898927107
1450043117168517123
1450043155085209603
1450043756426661889
1450043864752922625
1450043880590561285
1450044511350968322
1450044657056894980
1450045403831758849
1450045802517205002
1450045912953147396
1450046260145123333
1450046276385460227
1450046313345679364
1450046371625508874
1450046427380404230
1450046640455180295
1450046675792269318
1450046702283460614
1450046713528418307
1450046722810396676
1450047298818351109
1450047634484318208
1450047805116989443
1450047818723311616
1450048671026847750
1450048813436227584
1450048990280515588
1450049263505788936
1450049791639973894
1450050194624573444
1450050644472066048
1450050825586368521
1450051017798676482
1450051046861017091
1450051212066254850
1450051351556202497
1450051638916386818
1450051755002134529
1450052506617221120
1450052517849485319
1450053470493364226
1450053566299664384
1450053854733615108
1450053859439636488
1450053956382576644
1450054100968632329
1450054119138344970
1450054207852007428
1450055314171117569
1450055795534561290
1450056000048754689
1450056045586382849
1450056359295086595
1450056545035714569
1450056641852760069
1450056796865916934
1450056876381536260
1450057086193209347
1450057161879420936
1450057174735065092
1450057213389598720
1450057997967773703
1450058184232607747
1450058264935223296
1450058635099271172
1450058669270306823
1450058693790208001
1450058862468362242
1450058964213895168
1450059071734763522
1450059074813370370
1450059193185013760
1450059884624441350
1450059940723183620
1450060037846560775
1450060587174486018
1450060602265767938
1450060773300969473
1450061150914187268
1450061603446001673
1450061883961057284
1450062799061733381
1450063608423931918
1450063814024515600
1450064013350477831
1450064066555179017
1450064114257039362
1450064253109501956
1450064327881334785
1450064448354324485
1450064791024795651
1450064999678840844
1450065070432550914
1450065150753447950
1450065441309663232
1450065702828666887
1450065973772374023
1450066056098172928
1450066382482075654
1450066420419735558
1450066620676657159
1450066848767111171
1450067048696926213
1450067299927412742
1450067476578897928
1450067598620512256
1450068166038667273
1450068341863825412
1450068393822810118
1450068586253348865
1450068681673744389
1450068844983189504
1450069111661207559
1450069138018213891
1450069217693237251
1450069260605145094
1450069297582075910
1450069342868049929
1450069500267618315
1450069951226605569
1450070043182583810
1450070045212626948
1450070140318466051
1450070239266291714
1450070405125840899
1450070487304847360
1450070524889944071
1450070949164830722
1450071244846481408
1450071529899773957
1450071654554488834
1450071752168538126
1450071773450362883
1450071875275538440
1450071924147589125
1450072000622305282
1450072117278478344
1450072471248330762
1450072694544691210
1450073388072910848
1450073408436256768
1450073704910655494
1450074094464950276
1450074251625598979
1450074267425464371
1450074275113697291
1450074422350544907
1450074522770493441
1450074681973755906
1450074696444112896
1450074733127430147
1450075286972760075
1450075289015308290
1450075291963969538
1450075306446917632
1450075308879609861
1450075662161645580
1450075932769677312
1450075999148797961
1450076255718547469
1450076279135301641
1450076503375421455
1450076967621984260
1450077022160515072
1450077122882506752
1450077240784392199
1450077415603007488
1450077615629340672
1450077644389715970
1450077726354911236
1450078213024092174
1450078241796943872
1450078333190950920
1450078475511951368
1450078803917631493
1450079166804672518
1450079379594231821
1450079459508310016
1450079606380236811
1450079611576983554
1450079714870104072
1450080257411739653
1450080333106274305
1450080594688286729
1450080861307559941
1450080977309483016
1450081120813404168
1450081251356905472
1450081342377529346
1450081444211032070
1450081473017483270
1450081932461559810
1450082029966553096
1450082331092414464
1450082366286745604
1450082393876885504
1450082496297660423
1450082873332015108
1450082956635095058
1450083029687304194
1450083054106546179
1450083281785917442
1450083333879177227
1450083480021319681
1450083720518463496
1450084170147844096
1450084313974722561
1450084325869772804
1450084552999800833
1450084620708483078
1450084698785345537
1450084763130220555
1450084864934363142
1450084924124368898
1450085027895599108
1450085242975391746
1450085259664527363
1450085299191631873
1450085358687850496
1450085847424851972
1450085947375165449
1450086331569217548
1450086462049775618
1450086518773612549
1450086534376427522
1450086648398499844
1450086651963740164
1450086972312018956
1450086997343694850
1450087015521734656
1450087072329388034
1450087212419207179
1450087385660739589
1450087548470976521
1450087775257055233
1450087845385818122
1450087860237791235
1450087872858451969
1450087954303627270
1450088048075546639
1450088103549440000
1450088368872775687
1450088539891253252
1450088891491381248
1450089086098624522
1450089122614288392
1450089337161326601
1450089495076868110
1450089622139129857
1450089717689569284
1450090712955977731
1450091047057567749
1450091469633585154
1450091797275975683
1450091897876221956
1450092165695107074
1450092269088870404
1450093252502167554
1450093390628933636
1450093538000048130
1450093596988690432
1450093686847463433
1450093690999902209
1450094342706581507
1450094424004853760
1450094532649836553
1450094646567137287
1450094668776030212
1450094694256443393
1450094861634334729
1450094990391083010
1450095117079957516
1450095157286633478
1450095201754615811
1450095365303128076
1450095503262183428
1450095576532455426
1450095581557370884
1450095589748740099
1450095587118829573
1450095590239473676
1450095923942490120
1450096030536503296
1450096035112488962
1450096089562898436
1450096114766528512
1450096177534414859
1450096187093127169
1450096271943880708
1450096515834269700
1450096750149005322
1450096750753030147
1450096824472117248
1450096840024621058
1450097119470120961
1450097767821418499
1450098048227414016
1450098170113839107
1450098284811358208
1450098388695879683
1450098459105656833
1450098710377947136
1450098782503202825
1450098944109735944
1450098978352078849
1450099004126023680
1450099200163672064
1450099332087119876
1450099812569739265
1450099914667487237
1450099932283564036
1450099992593502208
1450100234814513158
1450100291110531075
1450100453765619713
1450100561341079565
1450100614009081860
1450100718052921344
1450101497488756741
1450101664501809156
1450101690846351362
1450101751781023751
1450101760136155143
1450101822417346561
1450102040865107980
1450102344897622020
1450102374769385476
1450102403269730315
1450102538062098435
1450103092200890372
1450103091274018820
1450103340000448513
1450103345062891535
1450103607710322700
1450103824127967235
1450103910274719751
1450103985700950019
1450104142362341380
1450104146644799492
1450104268946493451
1450104349611335681
1450104553286692874
1450104855507312648
1450105138564136964
1450105159762071556
1450105190196015107
1450105272559554567
1450105287210242052
1450105305199616011
1450105466546237444
1450105673103003648
1450105753285529602
1450105798915362817
1450105906780246016
1450105954058469376
1450105964166717457
1450106018269052930
1450106170438393871
1450106437485559813
1450106793703530497
1450106918777671686
1450106916626042880
1450107048427806721
1450107105352974339
1450107112424542211
1450107471062716419
1450107670791262208
1450107801364140035
1450107939025395720
1450108114523459586
1450108111520403464
1450108161722028044
1450108220241063947
1450108418035896329
1450108592820944899
1450108768478326795
1450108776913125379
1450108919913672705
1450109135911931917
1450109258402385923
1450109335716073472
1450109357861916677
1450109494768201743
1450109748259418121
1450109802860859400
1450109834192297984
1450109916123860993
1450110504517521412
1450110965429637121
1450111108241494017
1450111252353536003
1450111613873233924
1450111750129418242
1450112040782106631
1450112161401819136
1450113164503175172
1450113470284722180
1450113525448282117
1450114375486894085
1450114395376275459
1450114444751630343
1450114561072373764
1450114648427020288
1450114982486544389
1450115083464441860
1450115475401154568
1450115515544862733
1450115516220116996
1450115664241303559
1450115850212548618
1450116176311250949
1450116305634299912
1450116334893735939
1450116519585718274
1450117067244404736
1450117072755691529
1450117356332539908
1450117379292209153
1450117627746009090
1450117713829896203
1450117987717971972
1450118860321878019
1450119030463893513
1450119316184043524
1450119494362230791
1450119509738614797
1450119525450452997
1450119578533580805
1450119795697799168
1450119799275540491
1450119803994185731
1450119801293008902
1450119875691630594
1450119965554642952
1450120045116342274
1450120103513649154
1450120227342012422
1450120253657124871
1450120296392904708
1450120530590253056
1450120601620803592
1450120646269161476
1450120837265199106
1450120926268321796
1450121419593973767
1450121762071478273
1450121797509079040
1450121912277815300
1450122054787731460
1450122245532094469
1450122247172067342
1450122713641598984
1450123189854425088
1450123242182565889
1450123294229745665
1450123498945335298
1450123534689193987
1450124338334679044
1450124473571495941
1450124693659271170
1450124716702777345
1450124977596813314
1450125161429045250
1450125471648083968
1450125698216050690
1450126604911333378
1450126743285739523
1450127200921948162
1450127206416404486
1450127203857944576
1450127208605909010
1450127214784118794
1450127313656373257
1450127555932033036
1450127762828587008
1450128212411904000
1450128397590429699
1450128495879725061
1450128555984130054
1450128669083459586
1450128771676213251
1450129816519266311
1450130012527464449
1450130240626327553
1450130333165260801
1450130342174617600
1450131560821235720
1450131705465950212
1450131823183294467
1450132695783149571
1450132882073079811
1450132896728031237
1450134102447845377
1450134410586570755
1450134711511105544
1450136239814766605
1450137138368901123
1450137155624312837
1450137746165665801
1450137939904589831
1450137997744222210
1450138035467603974
1450138116459679744
1450138298534432769
1450138910684704768
1450139147570536453
1450139747100155908
1450140276551405570
1450140415986847746
1450140988760936451
1450141139428777989
1450141984195182592
1450141992231452677
1450142028751261696
1450142040176541698
1450142099970482180
1450142296079355904
1450142877384802306
1450142960511639556
1450143303832260611
1450143348791017478
1450143727209496577
1450144096618569728
1450144545367158785
1450144885864947717
1450146028405940227
1450146244655910916
1450146822119313410
1450146831267098627
1450147414946435075
1450147652251709446
1450148308723245061
1450148451782578176
1450148855991848960
1450149124070805505
1450149337493770247
1450149605975343112
1450149672425648131
1450149688531816449
1450150400468807690
1450150810935955456
1450150855299141639
1450151091375542280
1450151800418406402
1450153439699238915
1450154170388922374
1450154250143629313
1450155639041249280
1450156568037642241
1450157253319802881
1450157281803313161
1450157975499206658
1450158092914593793
1450158970367209472
1450159213192224770
1450159234058838018
1450160893782728705
1450162232621350916
1450163293985787908
1450163728742191104
1450164723878559745
1450165050098925570
1450165874229272577
1450169523944914944
1450169991349821441
1450170188347809794
1450176978150039552
1450177611007598593
1450179691155914757
1450181781919961088
1450188252866965505
1450189707942400000
1450189893057974272
1450189896686071811
1450190067297783810
1450191233784041472
1450192220007583748
1450195984667930632
1450196378270027777
1450196778934931458
1450197017779585028
1450199539307008000
1450199679405371393
1450210469239689221
1450213651562975235
1450215142990381059
1450219558904557570
1450219590965813255
1450220018981953540
1450220293046165505
1450221576427753472
1450221748104744963
1450222056507904012
1450222981238509569
1450223184498675726
1450223475839275013
1450224610796965889
1450224675108397057
1450224716049002499
1450225512509440004
1450226360731979782
1450226392365293569
1450229237802094593
1450230451444932611
1450230458457882624
1450232545929424899
1450234416811294726
1450235099891392513
1450235111497080834
1450235593653293057
1450236195477213184
1450236775964631047
1450236783715708936
1450236895363956737
1450237670932758539
1450237889695125504
1450237974814224387
1450238738710163456
1450238957480931329
1450239519773507589
1450241491373158402
1450242098351902728
1450242515500605440
1450242720539185154
1450242786914041860
1450242790861033476
1450242821886136322
1450242856535265280
1450244325435011073
1450245735988011012
1450246064229937155
1450246086614913025
1450246309907099652
1450246408372584451
1450246494733279246
1450247301998395394
1450248463807967235
1450248470447607811
1450248790229716994
1450249452531306498
1450249840609333253
1450249865154359303
1450249991222542337