1447375901033832449
1447380154733367312
1447441354179571712
1447591488469143555
1447351469099741187
1447352272950681602
1447352415481565186
1447352883138023430
1447353909094203392
1447355744999784452
1447356151083921411
1447356412007383040
1447357232245477376
1447357471689822209
1447357532373061633
1447357593588932610
1447357696445861888
1447357814226100228
1447357922598551553
1447358169701773314
1447358598971940865
1447358640785014786
1447360020392210438
1447360068010262529
1447360668856832002
1447361185964249098
1447361277781692420
1447362104705490944
1447362117166780418
1447362455793909760
1447364758148038656
1447365137266929667
1447365304430972933
1447366428399575041
1447366508158480384
1447367330141392896
1447367890924048389
1447368464323121156
1447368557893804034
1447368707672449031
1447369147118075904
1447369233478787074
1447369492640661507
1447370135359016961
1447370470139985921
1447370768334000130
1447371071305310212
1447371332220379140
1447372099757109252
1447372214047674368
1447372260537368576
1447373433587712000
1447373623841288193
1447374177225240578
1447374266282876930
1447374297769512966
1447374316597755908
1447374410080415746
1447374745159172097
1447375104795545601
1447375443099676672
1447375952476999680
1447375980247404548
1447376198024118276
1447376941749714946
1447377138793910273
1447377393623072771
1447377639195361280
1447377810029367297
1447377891201740802
1447378077588148225
1447378125503881219
1447378701792911360
1447378920496672770
1447379174956535810
1447379319383158784
1447379584366694400
1447379963171131398
1447380502919331843
1447381454791626754
1447382134952394754
1447382202631655425
1447382253940535296
1447382502314688521
1447383238679293957
1447383416207335426
1447383439758348289
1447383647787520001
1447383783561256964
1447384179176402949
1447385563716218882
1447385828318081027
1447386335854006272
1447386485431304197
1447386564841988096
1447386693716242436
1447386734052868100
1447386912444989442
1447387758801014788
1447387772294025220
1447388016532590595
1447388404941869056
1447388520138502148
1447388545174294534
1447388908493303809
1447389218645307392
1447389265726369792
1447389658241851393
1447390119544066053
1447390801164603394
1447391135719038981
1447391147588919300
1447391193483022340
1447391418431926277
1447392663045505025
1447392665222336512
1447393172666007556
1447393236322959360
1447393276655398912
1447393523238461443
1447393721834618882
1447393935316307969
1447394012348903428
1447394203638456321
1447394317052493825
1447394326665777155
1447395606004060166
1447395608453550080
1447395612719153155
1447396078198812681
1447396337452916739
1447396594593120256
1447396619951874051
1447396791452717057
1447396943219494913
1447396995002343428
1447397196911894536
1447397242873122821
1447397555814342673
1447397800463925248
1447397995792592901
1447398432675532800
1447398907936325632
1447398991390334980
1447399622918373382
1447400007984816128
1447400402761097220
1447400649432305669
1447400822405427205
1447401411709333513
1447401711279095808
1447401758846685184
1447402355477991426
1447402597703319556
1447402676468150276
1447402708386947073
1447402908153044997
1447403329143848961
1447403605342838787
1447403867835039750
1447403941386276869
1447403952924872705
1447404238909296643
1447404326092095493
1447404637275901957
1447404720524386307
1447404771887906816
1447404960711208961
1447405009453215749
1447405125719363585
1447405214965764106
1447405394825936898
1447405429810614274
1447405437599424513
1447405490212798464
1447405506054660096
1447405503659724805
1447405814856044547
1447405918191185920
1447406068070436871
1447406281237614597
1447406302511046656
1447406325441335296
1447406659077246982
1447407203548205062
1447407297177677828
1447407554334576640
1447407641328717827
1447407765513662468
1447408010159017987
1447408343870410759
1447408465995960323
1447409255695351815
1447409530577379332
1447409675591303168
1447409727525175298
1447409800468307970
1447409829060898817
1447410080471605252
1447410184314261510
1447410270242934797
1447410356209389568
1447410490297049090
1447410789602582531
1447410795378188288
1447412008765116418
1447412631002763268
1447412878198272000
1447413112261398535
1447414460755296260
1447414488693493762
1447415239528484864
1447415754698092549
1447416354747793414
1447416912808345607
1447417542096474112
1447417742236082178
1447418227055755270
1447418392856592388
1447419558994726917
1447419789916327941
1447420069894508548
1447420442478669829
1447421128234782721
1447421180894343168
1447421399191023617
1447421463485583364
1447421829165895684
1447421914620649473
1447423146353577986
1447423195456282624
1447423721459752962
1447423740745158661
1447423920743665666
1447424330862759938
1447426073491218435
1447426680885186561
1447426806529724419
1447427296629968902
1447427954896633857
1447428007052730371
1447428263647715331
1447428654976290817
1447428838967840771
1447428937630437380
1447429243894333442
1447430478340886530
1447430739050459139
1447431686401056770
1447433164347953152
1447433627071963136
1447433936187977737
1447434019138801670
1447434174676099072
1447434285565333504
1447434368243298312
1447435224355205121
1447435393880653824
1447435786295517186
1447435795611062281
1447436024896888833
1447436536975282176
1447436633364566018
1447436882615287808
1447436964949467141
1447437416722100228
1447437432828219394
1447437635929010178
1447437984769265664
1447438000204304388
1447438621343027204
1447438722773839873
1447439104182943746
1447441469111877633
1447442126288023554
1447442632557301760
1447442954725953538
1447443188835176450
1447443351666511875
1447443715472035842
1447444813591113730
1447444907849777156
1447445317083828232
1447446284055367681
1447447213605474307
1447447261223419906
1447447617789575170
1447448070786990080
1447448480742457348
1447449581856247810
1447450236079652870
1447450295777124356
1447451368306864132
1447452192114241537
1447452828243353602
1447452864083742726
1447452921805754374
1447453180472619009
1447453615493246978
1447453753712406531
1447453773241016320
1447453937917849600
1447454141232529409
1447454224111923200
1447454275223756804
1447454503934988288
1447454836694261761
1447454931808501762
1447454980022013955
1447454999663939587
1447455061152395266
1447455640247406592
1447456086970146820
1447456127298334724
1447456263399362561
1447456280725970944
1447457692000342019
1447457843863449601
1447457849903177738
1447457944920936448
1447458219744395266
1447458455732867076
1447458477652205570
1447458490117726210
1447459454413279239
1447459654796136449
1447459812799770627
1447460016580034568
1447460180522778626
1447461117895213059
1447461120134946818
1447461155652259841
1447461216960409600
1447461333289472003
1447461499052564480
1447461522330959877
1447462522081083402
1447462562233085953
1447463132054441987
1447463272978923523
1447463332835852289
1447463438016409600
1447463547777138688
1447463646213246980
1447463870793011200
1447464280400416773
1447464477100699654
1447464498864934912
1447464538320764928
1447465529891950592
1447467069251809282
1447467391944781825
1447467556210499587
1447467572912263175
1447468175210139650
1447468401153036288
1447469178558947331
1447470177692512259
1447470396492574723
1447470441082220545
1447470959082934274
1447471152578715653
1447471182018584576
1447471233163956224
1447471306832678919
1447471377666043905
1447471375770284035
1447471632503623684
1447472219450314752
1447473002522628096
1447473133586243589
1447473693186093062
1447473749406535683
1447473929958928384
1447474575101419521
1447475145862385668
1447475682829684739
1447475832872583169
1447476549792374790
1447476926436761601
1447477766249607174
1447477941420634121
1447478369579196421
1447478750099116033
1447478906928316421
1447479016810635266
1447479418675363841
1447480025901535240
1447480519575293957
1447481347442810881
1447481900314992652
1447482578479378436
1447482883573125124
1447483250255925248
1447483249802956803
1447483387682246657
1447483420968460296
1447483547787292674
1447483688267120645
1447483799252602891
1447483941129129990
1447484156410142726
1447484195836596225
1447484277378076673
1447486323015630851
1447486362542772229
1447486420856152064
1447486663161040899
1447487140871356420
1447487224900034574
1447487224983982084
1447487227441733634
1447488626858749958
1447488923299581956
1447489261284966406
1447489369808408576
1447489720485761026
1447489769080901637
1447489910311567364
1447490784064782336
1447491228291928068
1447491294498996229
1447491411301961732
1447491702520909830
1447492488344653825
1447493014549524482
1447493293827182596
1447493433455616009
1447494008280735747
1447494178082938883
1447494354369593346
1447494685627338758
1447494886307946500
1447495134929506308
1447495339959795715
1447495505450201091
1447495819205042177
1447495839539089409
1447495890625695750
1447496614436761612
1447496757785415690
1447496900106616836
1447497087910744065
1447498344771645440
1447498531359498241
1447499068801003520
1447499115449835527
1447499732410982402
1447499778531622915
1447499807379972102
1447500068244787206
1447500285694205952
1447500290245074945
1447500294691045376
1447501156905672710
1447502238159552516
1447502470301634572
1447503197170376708
1447503400023646214
1447503816467779585
1447503928136912897
1447504281129537536
1447504364533280769
1447504386289070082
1447504866629144577
1447505465999441920
1447506273243598849
1447506336518860801
1447506462293458945
1447506586327404544
1447507782886825985
1447508160835588107
1447509308791353346
1447509427397951496
1447509782756315140
1447509845347684358
1447510569540415492
1447511227505074178
1447511277593530375
1447511552588795909
1447511767718907907
1447511830817959940
1447511935285485572
1447512321459245057
1447512455412793344
1447512491978723334
1447512596291018752
1447512644051558401
1447512651467145224
1447512690457382912
1447512769801043973
1447512918669414406
1447513277483798529
1447513365941604352
1447513447600513031
1447513523173543936
1447513829257068547
1447513953085444101
1447514292375355401
1447514856488202240
1447515577619140608
1447515754882945024
1447516022051721221
1447516142059155462
1447516335714418690
1447516400973598723
1447516506544218114
1447516955628298241
1447517342104268802
1447517414514585602
1447517540326862848
1447518231124606976
1447518502403805191
1447518850992332807
1447519100503146505
1447519405919768581
1447519412303527943
1447519862255874049
1447519959714709508
1447520541783461890
1447520680954646529
1447520865306890245
1447521245906419712
1447521567601315841
1447521652317687809
1447521653722779654
1447522701485101057
1447522916275343360
1447523467255975936
1447523620922691589
1447523856109891584
1447524055586783232
1447524821600931841
1447524918153805832
1447525418337067009
1447525533231636481
1447526262772170754
1447527314028437508
1447527486036709377
1447529081965252614
1447529297527201796
1447529298668048388
1447529456235474948
1447530144545927170
1447531280959086597
1447531316153520135
1447531458474565636
1447532811208982529
1447533416941953026
1447534099401302019
1447534759366651912
1447534912664342532
1447535170177810439
1447535850472947714
1447536465664102407
1447536935698714635
1447537394375270413
1447538737148166144
1447539018342621191
1447539784230965253
1447539832553574406
1447539914807992325
1447540052221825025
1447540769229840393
1447540858635567108
1447540969159618562
1447541143596531714
1447541261196431366
1447541272957231106
1447541284101505028
1447541901872164870
1447542017941131266
1447542437308600321
1447542456233250824
1447542498000244738
1447542500097286150
1447542543663591424
1447542899139174402
1447543858456264707
1447544424083312648
1447544912161894406
1447545283072520200
1447545710312779780
1447545831473569794
1447546609898692614
1447546653754347537
1447546855785590789
1447547009318092800
1447547709527707648
1447547739194097666
1447548756786749444
1447549490081124354
1447550245009649676
1447550449754595331
1447550464497651716
1447550630164262917
1447550670911918083
1447550982477402122
1447551101113286662
1447552415729733638
1447553621961297925
1447554004653772807
1447554029265903623
1447554044147339264
1447554105447092231
1447554470066339848
1447555038973337604
1447555131604553729
1447555929122111491
1447556104817233923
1447556239475445764
1447556326008102919
1447556810072678403
1447557075135971334
1447557098552770561
1447557212960788481
1447557236197265408
1447557293390716936
1447557336130678786
1447557440971542537
1447557582533574662
1447557673377878018
1447557748049133571
1447558630945947655
1447559052234420235
1447559232316841990
1447559758362284033
1447559859780526092
1447560254288400391
1447560334575693829
1447560473218478084
1447560641506525192
1447560818376146960
1447560857836158979
1447560884126040068
1447561528383737862
1447562595888631811
1447562716420329480
1447562944305250311
1447563102287896578
1447563100475953157
1447563264926236677
1447563577624186883
1447563673401106439
1447563688777379846
1447564034161602564
1447564032546729984
1447564243813875713
1447564396784328713
1447564481127538695
1447564618017034245
1447564657435111435
1447565215780855814
1447566304819384320
1447566867250356226
1447566898606981125
1447567658166067210
1447569246435766272
1447569245772996609
1447569914416406536
1447570086680686592
1447570491296784385
1447570495067410432
1447571915481104386
1447572295506034688
1447572809811578889
1447572814303662082
1447572903256477700
1447572980985307136
1447572981102702592
1447573003798122498
1447574152152420355
1447574694429818893
1447574870666072075
1447575727566508039
1447575830461235207
1447576578309844994
1447577167341056004
1447577189889708038
1447577510397444099
1447578543395721222
1447578932291592196
1447578934552326144
1447578933508018181
1447579958474264576
1447580271281205254
1447580555038445581
1447580827743756291
1447581268565127170
1447581366900559872
1447581926965932033
1447582408925073408
1447582997008437261
1447583501318967301
1447583677328752650
1447583827220525060
1447584719999098884
1447585339145539584
1447586901444100105
1447587659342233605
1447587772391256066
1447588513050857480
1447591694505955330
1447592015898628099
1447593661710041089
1447593966719750145
1447594133833412620
1447594372166340613
1447594568782737416
1447594887537254406
1447595362085072896
1447596341060718596
1447597192873594882
1447598345346637832
1447599371319607296
1447602153070022662
1447602216760610823
1447604808752320521
1447605199330156547
1447606692150054913
1447606701092261889
1447612590851383300
1447614096405262336
1447618997692735491
1447620956025851904
1447633991348088833
1447637901597024258
1447638626515374085
1447640427780141057
1447646734541221888
1447647954857181185
1447653091445071876
1447653097740779522
1447653762139496448
1447662830107377673
1447665840128544771
1447675125713694720
1447682744859852800
1447692034664402946
1447692160464084994
1447693776546267139
1447695114965377024
1447697508424044544
1447698203361435650
1447698403131990018
1447699359328468994
1447699561019887620
1447699568733290498
1447699797960396801
1447700569171267588
1447701027466088448
1447701230646480898
1447702101564399619
1447702534655668228
1447702781121339393
1447705091331399680
1447707024666468355
1447708072068014081
1447708443804987392
1447709136007794691
1447710461206487043
1447711038346969093
1447711114867871746
1447712069260697602
1447712110000046083
1447712423251570688
1447712981035327492
1447713038014959620
1447713119195721730