1444999595763765252
1444814687212765187
1444817356333596674
1444819047992856583
1444819502105915393
1444819738085920771
1444820051438145540
1444822863681187841
1444823299536547842
1444823772142268416
1444824895687327746
1444824932328763393
1444824962775142403
1444824966466179072
1444825478481661952
1444825916522172416
1444826745308213251
1444827013055856640
1444828707605008388
1444829324465479682
1444829731027775488
1444830621709131777
1444832026935189506
1444833164006805507
1444834084836970496
1444834146790961156
1444834239766151170
1444834673331298307
1444834784572633090
1444834794987130884
1444835533943758851
1444835672758501382
1444836596365217792
1444837172914364417
1444837485217869832
1444838323374067714
1444838852573548544
1444839544524738562
1444839576242032640
1444839687047114753
1444839712523386888
1444840262769864706
1444840529720606726
1444840935095816195
1444840955870257153
1444841293813719041
1444841627126677507
1444841856727015424
1444842449885560832
1444842685290876932
1444843178809380870
1444844045251997699
1444844405312004103
1444844707138322435
1444844891037581314
1444846373531107328
1444846739429605379
1444847896893878272
1444848048522203136
1444848443898228741
1444848496582926338
1444848690502397958
1444848935869169667
1444849136839245824
1444850013348118528
1444850074027118596
1444851297820168196
1444851304342245376
1444851452959023105
1444851643569217537
1444851641958555653
1444852235993681923
1444852337697177600
1444854421360242688
1444854926442569734
1444855963828191236
1444856187246153729
1444856366624034819
1444857497081180164
1444858118601535491
1444858132727885825
1444858253637140490
1444858335577067522
1444859010910330882
1444859223259500560
1444859740010340355
1444859870478405637
1444860115316707328
1444860271143514116
1444860550651863048
1444861113078665225
1444862364050878467
1444862566862254086
1444863038486573056
1444863803393380355
1444864106465423363
1444864544711475200
1444864954021019651
1444864995263606784
1444865140768206851
1444865288629936130
1444865577340727298
1444865600354848769
1444865609229946880
1444865612673536004
1444865896455966720
1444865900276899895
1444866458853408774
1444866589522743297
1444867053668560902
1444867167447441414
1444867781673959427
1444868476359770112
1444869049192615939
1444869342714335233
1444869381704478730
1444869738878824451
1444869888971980806
1444870456444522499
1444872516636327939
1444872610978824194
1444872796849332225
1444873120188227585
1444873252833136647
1444874107267391491
1444874426621652992
1444874814221471748
1444875196960153605
1444875768144674823
1444876018141990919
1444876393741893645
1444877388391673858
1444877394725138436
1444877655149404161
1444877819830435842
1444877940471201792
1444878194725638144
1444878583197958144
1444878860441423875
1444879037839540229
1444879129736716292
1444879149550632968
1444879193968283652
1444879258204004353
1444879352257150982
1444879522134839300
1444879782387191812
1444879895188758530
1444880178216202246
1444880271396859905
1444880313411256323
1444880391299428354
1444880503887175683
1444880931517440001
1444881336745955332
1444881435358208006
1444881503553421317
1444881610050924544
1444882119293997057
1444882471871557632
1444882471435243521
1444882492029161474
1444883170080395264
1444884351167066112
1444884375636623362
1444884480448032768
1444884604641439746
1444884696702193664
1444884883080314882
1444885062084825092
1444885281929236484
1444885417723973636
1444885597357633536
1444886646814494724
1444887525898686472
1444887667888439304
1444887733688696834
1444888058113892357
1444888063650385926
1444888183360139265
1444888725968674827
1444889003858087936
1444889021339947011
1444889658547081217
1444889911874646017
1444890658720731145
1444890664433377280
1444890664995487746
1444891190357151747
1444891267024834562
1444891588178579460
1444891664552628230
1444891940378406918
1444892167852281856
1444892236739608579
1444892269882994691
1444893356501331971
1444893552585019399
1444893978193629187
1444894053728808964
1444894246842949634
1444894248952729602
1444894521364340736
1444894546828021760
1444895224153604098
1444895391984472067
1444896250357112832
1444896287694856197
1444896298092486656
1444897136319942657
1444898149735141382
1444898942844477442
1444898966781399042
1444899127033143298
1444899226161274884
1444899355639513089
1444899385125453826
1444899575723020288
1444899679456542724
1444900140028882944
1444901059852341248
1444901207697281025
1444901270922285057
1444901294812975109
1444901309300178946
1444901653904121861
1444901982792138757
1444902264653500418
1444902876703166464
1444903102407012359
1444903231730200576
1444903291289169928
1444903307990814724
1444903613772431360
1444903694886080512
1444903735830872068
1444903759189090307
1444903774330372096
1444903786804224006
1444903872875556867
1444904002081026052
1444904059207442436
1444904259019890689
1444904380608614400
1444904630001930242
1444905123956736003
1444905287916212227
1444905491461640197
1444905516816166914
1444905772521984001
1444905846832439298
1444905930278129664
1444906315642400774
1444906494063886342
1444906528612372488
1444906712327081988
1444906797668593665
1444907076979806213
1444907780222095360
1444907785372651523
1444907945620172806
1444909240066314244
1444909758125731842
1444909922756427779
1444910109868519427
1444910159357112322
1444910239053012995
1444910787055685632
1444910905205035008
1444911357191544832
1444911628290433028
1444911678601060352
1444911800927936512
1444912222841360387
1444912610525126656
1444913524602327041
1444914072055541763
1444914342881685508
1444914372430602240
1444914562273185795
1444914684558131201
1444914746554138624
1444914922484224002
1444915101518028800
1444915162763259907
1444915468821663746
1444915650019823616
1444915938193674243
1444916279387688963
1444917009448255491
1444917128012861447
1444917380006785028
1444917604846501893
1444917757359779842
1444917895595581442
1444918954049351684
1444919212225404928
1444919969540542468
1444920651026894850
1444920699064406017
1444920923593711617
1444921023430750213
1444921043005542402
1444921084692762624
1444921231216549896
1444921711233802240
1444921709283495937
1444921712685035520
1444921715876847619
1444921722982080512
1444921728174538755
1444921739570552836
1444921996203094020
1444922183172509697
1444922441839431680
1444922764150800385
1444923023300063233
1444923094590574592
1444923154552397824
1444923547911016448
1444923595793174529
1444923760197267460
1444923870578761732
1444924395881828355
1444924402076995588
1444924406397030401
1444924431533367300
1444924468132933635
1444925188928249856
1444925304376463364
1444925309329895428
1444926173495001093
1444927344548794369
1444927861236793344
1444927983441960963
1444928009589252098
1444928198408478720
1444928409889501185
1444928795287244806
1444929034366771200
1444929435124174851
1444930141956759553
1444930275268456456
1444930280364539909
1444930680404602881
1444930703322279938
1444930884558282753
1444931020193767424
1444931064837906435
1444931284111749136
1444931303736942595
1444931339342565376
1444931398612267013
1444931639012835328
1444932427344797700
1444932568927801345
1444932751291912197
1444932862604546049
1444932908028936196
1444933454009753604
1444933452868960262
1444933638307549188
1444934091212607492
1444934400177676289
1444934420268400640
1444934666390171649
1444934923333210117
1444935174114856963
1444935457188372481
1444935593759182849
1444935636557828096
1444935685572423681
1444936038229495811
1444936356908580864
1444936629127299076
1444936860162138115
1444936877027389441
1444937037744721925
1444937091809349642
1444937204455800839
1444937211900690435
1444937378351620096
1444937443392643081
1444937667158757458
1444937916493418499
1444937926777970688
1444938015776804869
1444938249013587969
1444938501254905858
1444938709707620358
1444939093436100610
1444939235488776196
1444939259870253059
1444939436479840262
1444939663513317377
1444939848960282626
1444940017952980993
1444940074911633411
1444940102283661319
1444940114862379009
1444940155261837313
1444940159955259393
1444940164644491264
1444940166016110597
1444940169757425665
1444940231799554048
1444940678836854787
1444940771749105670
1444940982064009220
1444941024892235777
1444941237673357312
1444941534701359108
1444941616041496576
1444941786141511684
1444942264174665729
1444942272328450050
1444942441434402823
1444942724860309506
1444942880540221443
1444943019791110147
1444943642934710280
1444943769648963588
1444944101309222917
1444944448413061134
1444944487298392068
1444944782158036994
1444945232697565184
1444945343972446210
1444945363614388226
1444945471613534212
1444945979858317317
1444946474123481089
1444946485150322693
1444946636317151234
1444946659822096387
1444946689853308935
1444946707989426178
1444946782648078337
1444946785835753473
1444946973157564416
1444947100152700933
1444947318592073737
1444947471474458629
1444947515799838725
1444947703809536000
1444947711694807041
1444948685121474563
1444948892919820290
1444949020678385664
1444949414812925956
1444949586544500743
1444949655926689792
1444949806221172737
1444950144772763649
1444950469395337223
1444950689726173185
1444951085618065414
1444951200445595655
1444951251163090949
1444951254778593284
1444951368276459525
1444951400467734530
1444951503702138884
1444951764503957516
1444951769440657416
1444951851418341380
1444951933169459205
1444952023573561347
1444952118897496071
1444952422615420933
1444953133507964932
1444953791632011266
1444954146260455430
1444954355149381635
1444954358689402882
1444955155145768963
1444955310888665095
1444955682369794048
1444956302304632836
1444956367932907527
1444956534287466501
1444956557502869505
1444957333826670593
1444957608146726919
1444957969347538952
1444958468461318149
1444958830018760709
1444959012261273606
1444959329942003719
1444959861318438913
1444960375988842504
1444960623394115585
1444961242737561605
1444961410945978372
1444961435524599808
1444961734670761986
1444962706289618948
1444962725872865283
1444962743375646722
1444962780172349444
1444963005783953413
1444963009189744646
1444963115662123011
1444963250089562113
1444963934704832514
1444965525793218571
1444965703828733955
1444965847580090369
1444965905897713672
1444965997979455492
1444966083920756738
1444966319892230146
1444966334065004548
1444966384560001033
1444966398644535300
1444966561341534209
1444966651175182340
1444967003458994178
1444967170492928002
1444967178642464772
1444967186284515330
1444967251375837186
1444967254047686658
1444967373077827587
1444967475766968322
1444967641681068036
1444967853472378880
1444967979133792259
1444968234810179589
1444968603338502144
1444968939738439681
1444969219578236928
1444969251849179140
1444969486306611203
1444969549489598464
1444969665470496773
1444970550737129472
1444970930720018435
1444971029542031360
1444971051675373571
1444971414432350208
1444971500608516104
1444971628874518532
1444971667424362497
1444972334947782659
1444972744701972483
1444972870765989893
1444973188220260352
1444973298132008964
1444973560401776643
1444973806729134087
1444973949855563785
1444974073210019841
1444974127069106176
1444974549754269700
1444974598324322305
1444974605068763145
1444974623578157067
1444974753899450369
1444974791836925961
1444975199217090570
1444975315080548355
1444975404146573314
1444975697911373827
1444975852807077889
1444976189504774152
1444977036125114368
1444977229876764680
1444977356611878916
1444977448559382531
1444977526690828288
1444977647478444036
1444978133694746629
1444978409315074051
1444978548423344136
1444978578307776513
1444978937281474560
1444979072413536260
1444979098690805761
1444979653928570882
1444979790100905992
1444980141063499779
1444980679830241280
1444980705260310532
1444980786210349058
1444981627348656135
1444981658847825923
1444981827635060736
1444982467610353666
1444983629398953984
1444983859561459716
1444984018659790852
1444984316434341888
1444985308689223686
1444985654765490180
1444986358263545864
1444986626082410497
1444987010620399620
1444988167728336905
1444988561367834624
1444988922031869959
1444989199396925440
1444989242057256968
1444989911120035856
1444991221600964610
1444991248809349120
1444991274092675075
1444991877611065347
1444992380776574977
1444992699736551429
1444992745605451777
1444992973679198211
1444992977521229831
1444993109277003779
1444993629391572998
1444993987367026688
1444994144355553288
1444994155063644166
1444994479316819974
1444994670598123523
1444995414730502147
1444996559523876865
1444996993340690434
1444997024923860992
1444997187553816578
1444997255614767105
1444997450243010563
1444997517062463494
1444998129401561090
1444998198443999232
1444998472864649230
1444998686207995912
1444998701898813441
1444999091348381696
1444999351705604113
1444999561404030978
1444999694623543300
1445000227711176704
1445000539486392325
1445000857578192900
1445000948665905156
1445001008803811330
1445001302614757377
1445001361997795333
1445001494328078336
1445001872201302020
1445002019954053130
1445002061871923201
1445002078401691650
1445002985143095303
1445002991174488065
1445003279373516801
1445003334033707016
1445003537558040583
1445004217853251584
1445005083515572225
1445005162267901955
1445005363086905351
1445006159866257412
1445006208587366404
1445006854728290310
1445007144353341442
1445007940495175680
1445008044845244417
1445008813661118474
1445009582485479427
1445011227948711941
1445011606983700486
1445011731994923009
1445012032508469262
1445012491373723648
1445012682738786309
1445012864977100807
1445012878004609031
1445013423767449604
1445013450820767748
1445013581976666112
1445013799103184903
1445014008738697219
1445014074241077248
1445014239282745345
1445014340935897090
1445014402541895682
1445014451086712834
1445014476328112129
1445014719840980995
1445014722307244035
1445014779500929025
1445014869283991553
1445014947495243782
1445015120782893058
1445015267877142539
1445015676893028353
1445016255199539204
1445016266389872647
1445016453560745986
1445016755697381381
1445017095943516162
1445017248788140042
1445017731703578626
1445017936968617985
1445017973983383555
1445018156490100739
1445018184189235205
1445018506467053572
1445018919224233992
1445019062573043717
1445019092436410370
1445019321378361349
1445019532557381634
1445019756520562688
1445020024683438092
1445020064726482945
1445020135471738883
1445020418994102279
1445020511554080768
1445022120119967750
1445022683725369345
1445022693326147588
1445022691442921472
1445023115277447174
1445023329782407175
1445023477870710787
1445024057364140046
1445025236609470465
1445025360714743813
1445025407921623042
1445025485113597967
1445026057992634370
1445026122828156935
1445026396586139650
1445026800938078219
1445027145412083712
1445027156795408391
1445027381937205257
1445027830203498496
1445027940375224333
1445028083279433748
1445028467041398790
1445028627326767109
1445029070404612100
1445029433543254019
1445029541420822538
1445029953611780098
1445030239583694856
1445030563472044033
1445031089899130881
1445031193930440705
1445031378223984641
1445032145328558086
1445032237901094923
1445032285879767049
1445032476842205196
1445032857563328515
1445033421995069443
1445034107939868675
1445034489806159873
1445034544885755908
1445034551458164743
1445035097397235714
1445036686455443460
1445037402163011585
1445038035662356483
1445038353267576838
1445038506770767883
1445038970006499328
1445039475839537154
1445039686238433286
1445039777812652034
1445040328877096962
1445040696226828291
1445041034744893440
1445041133776609291
1445042070821826565
1445042077645959169
1445042785757794304
1445042805194190858
1445043167363960833
1445043512886448130
1445043919633276929
1445043987216166913
1445044227059040258
1445045154591608832
1445045444258586629
1445045614895452162
1445045911193743361
1445046915901493257
1445047101633679360
1445047743047557127
1445047952146251785
1445049323377475587
1445050330245337097
1445050575624699912
1445050613172031489
1445052029148143620
1445052614744305666
1445052848048250882
1445052910337859587
1445053092110602240
1445053261417910273
1445053510756622338
1445053661982298126
1445054234748022786
1445055436164513794
1445055555299528704
1445055574509375495
1445056291051749387
1445056328943095808
1445056534447202320
1445057670646362115
1445057951777972230
1445058333191200781
1445058358851956739
1445058582492241926
1445059588403855361
1445059859339046914
1445059895674372101
1445060037500551170
1445060311531147266
1445060373569150984
1445061199427608585
1445061332970004490
1445062080642490368
1445062179548323845
1445062749810085889
1445062845595467781
1445062849852678155
1445062853392683012
1445062892039016454
1445062929368457227
1445062966366248965
1445063939843248128
1445064429825970186
1445064971205840896
1445065009772457991
1445065452594425859
1445065841158942722
1445066111427362816
1445066198626959368
1445066318017810441
1445066733371330573
1445067109164195846
1445067276491771906
1445067565642907649
1445067815011057667
1445068049107750912
1445068116904525826
1445068419561181187
1445068501329203203
1445068588067352576
1445068849380872194
1445069208719540227
1445070067276804096
1445070215583199235
1445070360123039746
1445070395355271175
1445070748251426816
1445071441309757447
1445071903278858242
1445072017401675780
1445072238646939652
1445073037024395265
1445073226208473090
1445073263063830528
1445074078415474695
1445074211295285263
1445074216563339266
1445074422197411840
1445074994485104641
1445075003859292169
1445075447268528138
1445075693499400192
1445076094000893958
1445076310485712902
1445077425071616003
1445078171011862528
1445078475388317703
1445079941066854404
1445080018300899328
1445080319921586176
1445080655365246995
1445080940535902210
1445081287534936064
1445081933529026565
1445082452590956545
1445082753913933825
1445083256152416260
1445083827332796425
1445084225946849280
1445085075259990032
1445085222328963077
1445085280688492545
1445086395911966724
1445086407391731716
1445088694692560898
1445088968144347140
1445091027275059203
1445091412618346496
1445091715950333952
1445092090514345991
1445094093558714368
1445095104578932759
1445097376859951105
1445098857742823425
1445099407448293377
1445101931144355844
1445103483246366724
1445104840955203590
1445106506911797248
1445107088082886659
1445110573352452104
1445110982376779789
1445119580251193348
1445120680652009473
1445122222843043848
1445123764400779266
1445124108061081601
1445124656587968523
1445124860959625216
1445125009345703941
1445128218227494920
1445132988895752201
1445138295323648001
1445139556072710147
1445140149763903516
1445141651924533252
1445143740499197969
1445144640043163659
1445157283642494985
1445157496805474305
1445158781097156609
1445159360640864257
1445159434137702401
1445159636361891840
1445160769067229190
1445162024657248261
1445162088179982336
1445163762265169920
1445166573119938563
1445167401243267073
1445167453609230336
1445167822816956418
1445168133694636035
1445168242981437441
1445168302074990595
1445168613887918081
1445168840879472640
1445169002393653256
1445169005958885382
1445169360721612803
1445169404723929088
1445169588983922691
1445170341484007424
1445170430138978304
1445170549580185600
1445171104167854080
1445171290050994178
1445171597157953538
1445171685821333504
1445171762652532737
1445172990270795780
1445173339073380352
1445173473018400770
1445174329172316161
1445175295250628609
1445175719999336449
1445175924580777985
1445176596143345664