1448080667053543429
1448360963137163268
1448255825152073732
1448295807313006594
1448333815538016256
1448076940531937290
1448076991446458370
1448077040331022336
1448077231914369025
1448077273664528385
1448077429126225922
1448079604888088577
1448079607794593793
1448080974059687936
1448081509970182148
1448082059709206528
1448082903271882761
1448083268943892481
1448083374011142148
1448084250671022081
1448084328320315394
1448084466564538371
1448084633757749249
1448085579640549384
1448086481977872405
1448087631049469952
1448088442555060228
1448089091485143046
1448090979857281036
1448091028053975041
1448091194412736515
1448091989359140865
1448092035689422850
1448092897392345096
1448093055232446465
1448094862914449408
1448094884938727424
1448095489224814595
1448096822740721664
1448097308902518785
1448097366830104576
1448097428591239169
1448097809077395457
1448097812676239371
1448097816002416642
1448098687670947841
1448098848916656131
1448099144028073987
1448099412354424835
1448099742018424838
1448099978459688964
1448100004573425674
1448100109078568962
1448100952976756738
1448101284670689284
1448101739027177475
1448101900549771271
1448103330853625858
1448103874615668736
1448104239218130946
1448104350425907200
1448104703724822531
1448104916073934851
1448105139336728585
1448105601255546880
1448106980866805761
1448107313156526086
1448107391317422088
1448107433742712840
1448107775297572864
1448108904118894595
1448109249968709633
1448110143917281281
1448110413829197824
1448110627826896897
1448111656458862598
1448112563154157570
1448112653684011013
1448113278400434177
1448113341126172679
1448113421988155395
1448113542536708100
1448113582109913091
1448113586526588931
1448114418974216203
1448115146467991553
1448115687013208075
1448115742721912845
1448116815679430659
1448116853075857411
1448116901146624000
1448117234556096518
1448117643056197633
1448117761465536517
1448118189020393472
1448118527114711042
1448118653732352000
1448118689472131079
1448119458145488897
1448119471474892802
1448120487436079105
1448120555387957250
1448121057852866560
1448121309733531649
1448121323805315074
1448121517687050240
1448122137752088576
1448122348117266433
1448122437007183873
1448122502308319234
1448122518305263617
1448123139087642624
1448123204132818944
1448124473786437639
1448124594225831944
1448124879765741575
1448125459577835520
1448126126795202561
1448126230121771010
1448126312086970368
1448128081164750851
1448128475898867715
1448128639627771908
1448128826446270465
1448129080524636165
1448129579030179843
1448130025690001408
1448130077539979266
1448130122339405830
1448130198818344963
1448130547717263365
1448130691103748097
1448131346409263104
1448131985667354635
1448132634811322375
1448133449861066755
1448133526491058183
1448134201077686290
1448135441509601281
1448135676801654786
1448136362826162177
1448136933192785927
1448137389466009603
1448137757008687105
1448137769365094406
1448138691516383249
1448139067770617860
1448139267444654083
1448139319261089806
1448139467525558274
1448139795771707393
1448139885345325066
1448139958917603344
1448140295237894149
1448140297687355393
1448140651330105347
1448140746393980935
1448142081772322819
1448142554688458760
1448143299630436356
1448144130572390402
1448144238802317317
1448144270850887681
1448144894816489476
1448144940312109056
1448145207015337989
1448145259729285123
1448145331628118025
1448145940007641088
1448146160510648322
1448147242032848896
1448147349419839488
1448147477203349507
1448147493179387908
1448147597613416449
1448147790333308931
1448147982176555008
1448148834001973249
1448149199397130241
1448149936193761282
1448151513784721408
1448151600363569155
1448152032548851712
1448152034021031940
1448152299147169797
1448152357372514306
1448152580022935555
1448153357697224705
1448153655211814912
1448153921311051778
1448155297399263232
1448155307281031168
1448155481239736325
1448155619639238658
1448155626404663296
1448155932605784073
1448157245783437316
1448157874895527941
1448158206706864131
1448158363347341316
1448158490346737673
1448158494914318338
1448158685209841673
1448159561253224449
1448159661052465156
1448159682711867396
1448160055816192000
1448160165635629059
1448160229628133380
1448160250385735681
1448160499980390401
1448160729111011332
1448160838393597957
1448161149015322627
1448161183224119299
1448161368494858243
1448161503073374209
1448161685626253314
1448162134118916103
1448162460662329344
1448162492325134336
1448162615742504962
1448162691718135809
1448163526434902018
1448164137565974534
1448164329233149954
1448164449496408064
1448164636595949568
1448164672180391940
1448164712261111819
1448165288143327232
1448165376781533184
1448165675910918152
1448165756303069184
1448165883847720962
1448165927476858881
1448166636234625024
1448166994231005188
1448167130495471617
1448167477414748161
1448167635691134978
1448167758722580494
1448167798354501632
1448167902759165952
1448168015539818499
1448168027590049792
1448168609201623040
1448168732736380929
1448168802688987140
1448168934683725828
1448169233028763652
1448169318479327235
1448169983373033472
1448170447506337794
1448170516712329217
1448170687382704130
1448172928999178244
1448173282771959809
1448173507741769735
1448173662977212419
1448173736746573829
1448173833811206145
1448173926689824770
1448174167312850947
1448174666946727942
1448174988050059265
1448175070459793413
1448175375159226368
1448175752201977856
1448175871840317446
1448176014530592769
1448176049833930752
1448176200505987073
1448177004965076993
1448177747856019459
1448178748981870595
1448178872420167680
1448178882264195073
1448178940485328900
1448179229997158401
1448179253053255681
1448179299647836162
1448179413116280833
1448179450105851904
1448180318918250503
1448180337188683779
1448180759110434817
1448180894338981890
1448180957601689600
1448181111675179009
1448181713067118593
1448181771581878279
1448181784517091330
1448182248973344773
1448182738972864516
1448182796590075905
1448183238854316034
1448183241073123330
1448183251814780930
1448183250271277059
1448183726580457478
1448184499972423682
1448184505731141632
1448185602227130369
1448185774617161728
1448185910181441539
1448185917215318021
1448186267326316544
1448186284904640516
1448186371953213445
1448186582805008384
1448187163229622275
1448187416477458436
1448188209540730881
1448188420447092740
1448188610784550925
1448188863101407234
1448188885155164161
1448189041224998917
1448189128844013572
1448189396063174657
1448190032771047427
1448190798185463811
1448190942536601605
1448191167917551617
1448191359458824192
1448191612866158597
1448191731246108677
1448192104719519744
1448192619985604610
1448193260107681793
1448193284749213696
1448193363161718789
1448194422139666434
1448196070266191872
1448196505492328450
1448196596743622661
1448197054212149256
1448197301906731010
1448197428553814017
1448197612415471617
1448197836722507780
1448198501871935494
1448198809117343744
1448200041869414402
1448200150069833728
1448200248808001536
1448200461312352256
1448202031949238272
1448202141982625792
1448202152959258625
1448202162912129032
1448202280419823623
1448203034274656259
1448203304106795012
1448203588161794048
1448203606134431749
1448203652317921280
1448203675650838528
1448203948163141637
1448204006304583687
1448204623001505796
1448204837187768321
1448205061339828227
1448205159486550021
1448205339283705857
1448205764212891649
1448206214710525954
1448206230632091649
1448206265331580929
1448206395958915073
1448206401294127107
1448206640839233539
1448206740118335490
1448206769331658757
1448207010470645769
1448207100409102336
1448207201676324864
1448207221414793217
1448207736722771969
1448208506549460993
1448208647465488386
1448208662376292354
1448208892219908097
1448210011834834946
1448211864593129477
1448212003122651145
1448212519558934532
1448213065577558024
1448213465923915776
1448213549298429952
1448214076975288321
1448214110861099019
1448214148886642703
1448216690085433345
1448216965043015682
1448216981845409792
1448217124103606272
1448218111962796034
1448218167264768010
1448218502960082947
1448218539232350208
1448219059045076997
1448219137977696257
1448219174497488901
1448219507621707779
1448220102881513472
1448220218669498371
1448220232925933568
1448220298994610184
1448220420881063942
1448220927389417474
1448221388985147397
1448221631332044809
1448221663984689153
1448222582419832836
1448222678297374720
1448222745683062785
1448222795607928836
1448222970938224651
1448223491010949122
1448223488909590530
1448224022131400704
1448224235642494977
1448225240585158664
1448225329865129985
1448226124140462082
1448227314353917955
1448227529077125122
1448228620019798020
1448228744385105921
1448228777700454401
1448228854191906822
1448229346565517312
1448229710450675714
1448229848246210562
1448229982707220481
1448230673961996288
1448230936584335363
1448231028435259397
1448231322078494723
1448231667080962053
1448231810895265796
1448231915622785034
1448232306628390914
1448232523004215298
1448232787748605954
1448232810192392199
1448233397646774273
1448233954188742658
1448234442045091842
1448234655941992454
1448234660325052417
1448234790914641921
1448234961455091716
1448235012730462216
1448235193676931077
1448235365379100672
1448235780111953921
1448235810206019596
1448235889046405130
1448235936894963713
1448236138573930497
1448236275534688259
1448236459329159173
1448236758596947971
1448237013182791685
1448237149057286147
1448237326509830147
1448237427781341189
1448238504555646977
1448239353801568257
1448240153160400897
1448240908105748481
1448241060145102848
1448242200286941189
1448242579435180039
1448242690676576257
1448243117392531461
1448243766314221572
1448243793715597317
1448244373519417349
1448244685651136514
1448245493075615745
1448246035365580805
1448246204379267075
1448246244392931338
1448246309257822211
1448246337800060934
1448246721717276674
1448246801635549190
1448246899555782660
1448246913963200519
1448246982884020224
1448247253106192389
1448247415450992643
1448247420026982404
1448247426314223616
1448247499550953472
1448247601434824705
1448248087114240008
1448248238385991682
1448248332761980930
1448248419147866128
1448248464240824329
1448248480938409984
1448248507870040069
1448248528019460103
1448248539146907660
1448248712199749635
1448248968241037312
1448249374446817281
1448250437270867970
1448250658222608386
1448250722122797062
1448251233827844098
1448251670878584832
1448251761261617156
1448252097418330113
1448252339840716818
1448252530731851780
1448252542345830401
1448252739327197186
1448252867144400898
1448253640607551495
1448253746060750852
1448254039842381835
1448254405438951425
1448254537362337792
1448254927843692548
1448254998014410760
1448255112791482371
1448255327254691841
1448255732894240775
1448256303411859457
1448256381069398022
1448256540654268426
1448257350024957954
1448258018815066114
1448258047210496001
1448258549096779779
1448258579404713984
1448258674934181893
1448259190812672002
1448259743294767107
1448259766464106505
1448259779181252617
1448259819194908673
1448259838136307716
1448259963856441345
1448260036564701187
1448260125165174788
1448260141493600259
1448260254098083845
1448260303192412165
1448260588413456387
1448260625767960576
1448260823579705349
1448261207190753289
1448261214891495434
1448261486774685699
1448261705025392642
1448261786407342082
1448262154981806087
1448262274561552387
1448262366966083588
1448262454207606790
1448262575779553284
1448262699700293636
1448262842310746114
1448263196758851593
1448263859349848073
1448264008683843584
1448264051264405512
1448264733522489354
1448265023835426816
1448265510320177152
1448265861022642181
1448265972893171718
1448266374455775235
1448266589590024195
1448266920151584775
1448267114956001283
1448267141241737217
1448267487930290177
1448267547543965704
1448269308648308742
1448269898937876483
1448269916415533056
1448270118279020550
1448272356934242315
1448273224177897472
1448274283608694787
1448274342584799235
1448274471496736771
1448274587100139520
1448274775046901764
1448275040596729861
1448275055188742147
1448275243642933261
1448275446655643651
1448275591115853833
1448275966904569865
1448276487979687948
1448276711888470016
1448277637072228352
1448277733843238917
1448278855416909824
1448279039236395009
1448279118336823303
1448279140520521728
1448279579102117888
1448279592653918215
1448280201993998339
1448280820687454218
1448280927918968835
1448280931375058948
1448281100783009793
1448281273152118788
1448282410806693895
1448282416313819136
1448282508714397699
1448282521871925250
1448282985791295488
1448283663406272520
1448283984937447427
1448284188734418946
1448284208980496385
1448285124219396105
1448285699401154561
1448286302588129280
1448286689319735302
1448287016932708358
1448287346001006598
1448287442096689159
1448288268471132161
1448288856722210816
1448289140328468490
1448290805819473922
1448291150343786507
1448291230031355909
1448291271085203460
1448291725932257280
1448292115247628289
1448293112330088453
1448293787684327437
1448293870215655431
1448294019243544579
1448294167528894465
1448294522933284864
1448294775392591879
1448295040627789832
1448295173193093125
1448295286195978243
1448295363689992198
1448295437648072711
1448295464500072449
1448295521400066051
1448295533303386118
1448295577955885059
1448295651419193346
1448295735661826050
1448295747930103820
1448295806528720901
1448296058161754113
1448296144736456711
1448296184309698570
1448296188097097733
1448296494390415360
1448296494692327434
1448296859840118786
1448297114568564738
1448297160185815041
1448297205060673536
1448297251487371268
1448297332970188810
1448297339991429126
1448297383360548867
1448297432291299329
1448297474699890695
1448297478747422728
1448297543180251138
1448297586318721024
1448297682032726017
1448297957648846856
1448298520537014276
1448299526242983936
1448300196970917895
1448300214901567498
1448300524244127746
1448300608348246018
1448300851722784770
1448301009449590787
1448301155012939779
1448301437277016069
1448301747647119360
1448301955122532358
1448302614085439493
1448303011822903309
1448304057320284165
1448304352704094213
1448304538620882958
1448305547690741764
1448305919591256067
1448306240308666368
1448306278120366082
1448306526771236864
1448307454324838406
1448307470166753284
1448307820210786306
1448308135618252806
1448308553165336576
1448309701691670533
1448310096589516803
1448312003118854154
1448312074422009856
1448312173843730444
1448312445399801863
1448314984472223749
1448315207348994050
1448315298046623746
1448315478292582403
1448316111670288389
1448316321171574784
1448317353880535047
1448317393978101762
1448317883423944708
1448317965548486656
1448319771401801731
1448319880730656775
1448319991321747459
1448320117574537221
1448320141008064517
1448320138223050761
1448320208167268356
1448320836402704389
1448320972868792326
1448321570166870019
1448322412706074628
1448323209376329728
1448323622507008002
1448324550207307778
1448325216287944707
1448326802414374921
1448326947830788099
1448326950053769216
1448328573979222021
1448328742166622208
1448329603928317956
1448329938096906240
1448331664363442185
1448331678036942855
1448331680817684488
1448331722416787463
1448331787860467712
1448331807456305156
1448332155696795648
1448332701103124480
1448332892006875136
1448333869346811907
1448334360575311872
1448337544194658306
1448338286183784448
1448338343985508354
1448338809737793536
1448338991984435206
1448340276578160640
1448340949436747779
1448341591807041537
1448341757607829509
1448342523479351298
1448343501352046593
1448343547866873857
1448346639416975369
1448348101475926017
1448351988396089351
1448352182642806798
1448352798899277827
1448354131492491267
1448356091679559680
1448357077739474945
1448360668785041408
1448363490217844738
1448363563437813763
1448372180962603008
1448375609068032005
1448383472901496836
1448384724154597380
1448385598293565440
1448389712629088256
1448399133216153601
1448400168873709569
1448408937817014273
1448409778665897985
1448409869871206407
1448410236230930433
1448411209192013824
1448411433989902339
1448411777587286021
1448412194182369281
1448412693786816515
1448415929893732353
1448418585991266309
1448420159383695361
1448421570695729158
1448422358276997123
1448423396866347009
1448426571904151553
1448427102768820227
1448427224902868992
1448428198132269058
1448428293745635330
1448428305967816709
1448428616006529024
1448428933125267456
1448429636405239810
1448429876692717570
1448430320626192393
1448430745815371779
1448432412942241801
1448432606173806594
1448432849179217923
1448433401397010434
1448434966329577472
1448435410288320513
1448436273010536453