1444501880894148612
1444600869081600003
1444452255441166341
1444452267906801666
1444455195648278532
1444455841483014146
1444457043939643392
1444457326354657280
1444457722536103942
1444458480585232385
1444458568640438278
1444458704632434691
1444459288026488834
1444459485183897600
1444460271431340036
1444460427283288065
1444460583965708289
1444461015459004417
1444461113567952908
1444461151333482497
1444461328093962241
1444461375128891398
1444461484646416384
1444461771641671682
1444462122058989570
1444462361994153985
1444462855781109766
1444464721260732417
1444465674185687048
1444466806341570561
1444466907856310272
1444467452407009282
1444469168418422784
1444469276266483712
1444469440913940482
1444469646837436417
1444469855051149314
1444470066959958016
1444471356611969030
1444471833638543364
1444472417061982214
1444473263443234819
1444473458738429959
1444473817263312905
1444474129642504197
1444474574679134212
1444475127706439682
1444475504799543297
1444475869758558215
1444476091461033984
1444477207200497665
1444477799599726592
1444478491202711554
1444478705376497666
1444479237767852035
1444479361374044161
1444479663581982722
1444479814803410945
1444479957334257666
1444481383301140481
1444482017991684097
1444483054349680641
1444483283937415171
1444483374614134791
1444483838017605634
1444484331917889538
1444486271028449284
1444487032361807874
1444487549846646795
1444488325729972224
1444488390129303557
1444489607836434450
1444489792859697154
1444489820865245187
1444490020434313216
1444490023877824512
1444490117628841986
1444490204773896200
1444490799740116993
1444491511853322242
1444491712286449667
1444492020228100100
1444492028750880769
1444492467139596292
1444493357514821634
1444494088049356800
1444494343440461827
1444494782714155013
1444494980932767744
1444497032664674304
1444497541811167232
1444497611029823492
1444497876755759107
1444498243212103692
1444499172095266820
1444499396616286209
1444499664615530505
1444500156213202944
1444500227025620994
1444500501114986501
1444501294786379782
1444501507953491969
1444501893640638465
1444501999622393857
1444502059017912321
1444502225020096516
1444502252148854786
1444502472014266370
1444502991638126595
1444505256138719233
1444505871820615680
1444505894268510208
1444505915693043713
1444506325057040386
1444506544473661444
1444507164467339265
1444508671568801796
1444508978935828484
1444509421451702280
1444510225915023363
1444510385734705152
1444510396602195971
1444510539305025536
1444510803931983872
1444511049768587264
1444511158921162754
1444511385644191744
1444511439985643520
1444512166304882690
1444512351873482758
1444512356256522247
1444512567565512708
1444513132454371328
1444513382036426753
1444513946493329411
1444513981750595589
1444514303449595906
1444514371544047616
1444515215979139073
1444515504522072064
1444515522339487746
1444515704661700613
1444516422512615429
1444517572125155329
1444517762185904135
1444517797027975172
1444518002527924226
1444519234386599940
1444519676919234561
1444519785664954372
1444520193447927811
1444520394732359681
1444520620796960779
1444521341592367110
1444521662758617090
1444523511259693064
1444523531740409857
1444523714733694977
1444523857541406724
1444524049674096645
1444524729595924482
1444525299350130689
1444525786136920068
1444526224898805770
1444526868271489035
1444527354735251456
1444527529302192130
1444528123320492037
1444529556677824513
1444529785430949888
1444529898601672710
1444530978307796996
1444531379790700551
1444531453287489537
1444531857735892993
1444532760329146370
1444533523923148802
1444533529644208128
1444535455903633411
1444536149913964550
1444536283754164231
1444536405644828677
1444536719647264774
1444536780280061952
1444537366119518211
1444537910888308738
1444538018321240066
1444538312002191362
1444538942301163521
1444539068591722498
1444539218311581698
1444539372280320002
1444539383906914304
1444540378355417090
1444540455748706305
1444540589681168385
1444540746170699776
1444540857806307328
1444540917633859592
1444541366738976769
1444541514705633289
1444542569589866496
1444542586807406593
1444542622203215873
1444542812339326977
1444542888201785347
1444543276254597125
1444543728463454209
1444543831030910977
1444543933720117248
1444543997972783105
1444544413133205505
1444544418103513090
1444544672236404737
1444545044669550592
1444545182624403462
1444545443405307908
1444545602008674305
1444546577410916355
1444546870123003905
1444546967363674113
1444547124671041537
1444548244290211842
1444548513551974406
1444548645118873602
1444548650420473857
1444548812022816768
1444549448713990145
1444549786296750083
1444549935400054784
1444549947483779076
1444550117273399303
1444550928921620480
1444551019279446017
1444551668599640065
1444551921650393092
1444552021877481475
1444552142396669961
1444552307392200704
1444552746321866756
1444553084156342276
1444553238859042817
1444553442563801103
1444553986829262852
1444554194665414656
1444554249266810880
1444554650741444618
1444554798297083907
1444554929532588035
1444554953876381699
1444555447856365568
1444555677817442304
1444555946382954496
1444556188536881162
1444556200620736515
1444556851404697609
1444557064244641793
1444557958667333639
1444557975679426560
1444558246447042565
1444558435983323138
1444559287196405766
1444559302673453056
1444559308537139200
1444559318972522497
1444559321887559684
1444559325758906368
1444559342422855681
1444559631859085313
1444560341183041542
1444560357742104579
1444561101996261381
1444561146770440195
1444561443215470594
1444561990668615685
1444562074617716737
1444562444563582977
1444562544224399365
1444562707525500933
1444562707634556932
1444562807194718210
1444563063030439940
1444564258692349954
1444564377990959104
1444564472329240582
1444565681228304386
1444566118291542018
1444566124541005826
1444567412150464517
1444567849276624898
1444568165229350918
1444568576447246342
1444568760099037187
1444568804525178881
1444569322681032704
1444569668484665348
1444569715754426371
1444569864924844034
1444569890065502213
1444570777072771078
1444571017414787073
1444571478133858304
1444571537143570439
1444571740168855555
1444571938714648577
1444572048206950404
1444572053655351297
1444572166146519045
1444572318420783109
1444572353644531716
1444572732981612546
1444573480586907648
1444574061326069764
1444574092678496256
1444574117072564224
1444574451023040512
1444574927873449984
1444575526476148741
1444575959714205696
1444576284252655617
1444576404775923718
1444576565820420096
1444576693679579136
1444577111910469632
1444577415716499457
1444577493571104774
1444577641877495815
1444577738325520386
1444577854952333315
1444578102806409222
1444578282662334466
1444578324760567809
1444578434382852100
1444578715392901126
1444579215060324352
1444579408501641220
1444580213094903815
1444580349611180036
1444580761701548035
1444581935456481280
1444582228835454977
1444582283516600328
1444582911223611392
1444583011299692548
1444583198688563208
1444583483850981384
1444584070894157824
1444585092861423617
1444585459473018884
1444585827963523077
1444586443259580422
1444587160825335811
1444587355369717761
1444588023757238273
1444588042652577798
1444588080011247623
1444588098227109890
1444588168922099712
1444588343551938574
1444588564398764033
1444588955567996935
1444589425803943943
1444589516157718530
1444589814485962756
1444590172599844864
1444590372848644103
1444590567401213958
1444591113034104832
1444591149839228931
1444591400071299079
1444591631127269377
1444591766775074820
1444591823104716800
1444592006878007299
1444592187472240640
1444592288793911309
1444592805855129600
1444593071849492481
1444593087636856840
1444593321603579904
1444593894373539842
1444594150825889798
1444594270095085572
1444595077234380804
1444595474304884743
1444596088380346368
1444596305733373956
1444597033524809740
1444597054357995527
1444597546693758976
1444597819705204738
1444599324629819401
1444599343189618688
1444599553718554629
1444599722249842691
1444599840868945927
1444600311109197830
1444600479334338575
1444601372112949253
1444601482628636677
1444602037568692236
1444602085891194884
1444602109903597568
1444602960151863296
1444603135951998985
1444603259973373962
1444603436004098055
1444603937835782150
1444604522186244097
1444606131171577860
1444607087934271490
1444607126865776640
1444607515208024065
1444607879382593548
1444608626547560458
1444610115189895181
1444611742613471233
1444612157438455813
1444615734982709248
1444616312471179266
1444617931678109702
1444618521036529664
1444618666788601857
1444618669342924803
1444618941742026753
1444619646057869314
1444620217460539396
1444620301782769666
1444620445240610818
1444620600316628994
1444621960630075392
1444622004158668806
1444622940620804101
1444622955904843785
1444623179033366529
1444623486182252544
1444624409415741444
1444624813876596748
1444625322448588803
1444625432964259841
1444625633212919811
1444626059417120776
1444626103851630598
1444627194236444679
1444627497769791490
1444627607358558212
1444627629588451332
1444627676111593473
1444628028722593797
1444628237645062149
1444628570509168641
1444628680622305281
1444628796548665346
1444629236547932165
1444629722994929665
1444630094530580481
1444630209383198730
1444630215573921795
1444630430838181893
1444631537668919302
1444632518276177923
1444632772539076609
1444633394277613572
1444634155141120004
1444634330614013955
1444634444871057412
1444635456121933828
1444635865146290182
1444636434904748033
1444636636898205697
1444637556490964992
1444637701915824130
1444637761126862855
1444638744821207052
1444639046416752644
1444639292718936069
1444640019986092033
1444640273854722049
1444640574749876228
1444641700392042500
1444641708373729295
1444642525818482695
1444642656416452608
1444642669225861129
1444643020456927240
1444643290523914240
1444643442097725449
1444643517905604608
1444644025454116871
1444644532599939077
1444644561423269890
1444645540193394688
1444645653250854913
1444645890724012035
1444646242252959745
1444646300520120320
1444646322452066309
1444646541801582597
1444646626438496259
1444647103842557957
1444647118006747151
1444647481380196353
1444647681473667080
1444647894334668805
1444648114715910148
1444649381966139394
1444649400114946049
1444649697281409031
1444650080653303816
1444650576487149568
1444650703268376576
1444650705722044424
1444650713624104965
1444651625616867330
1444652077645328399
1444652321200218125
1444653189823811589
1444653255414345728
1444655317267083265
1444655333125754892
1444655800119545856
1444655812144549892
1444655841823449096
1444655916373057543
1444655926602977283
1444656112712642560
1444656269705420801
1444656945869119493
1444657033660141571
1444657737221034003
1444657818322096132
1444658077219778567
1444658271877419008
1444658446159073283
1444658493651259394
1444658544435871745
1444659003691188225
1444659043717443587
1444659176421003269
1444659372081045507
1444659556760518660
1444659708741099520
1444660065496035329
1444660477674491907
1444660949554589700
1444660971193057288
1444661183819120643
1444661203033198600
1444661810301333505
1444662181371334658
1444662544342286359
1444662582174908420
1444662803520835584
1444663410050826241
1444663568486461448
1444663699873021957
1444663744131317763
1444664657436823561
1444665449501786122
1444665564408913921
1444666243714220037
1444666525630152713
1444666896788250628
1444666973925695489
1444667162275188741
1444667472129392645
1444667857556557831
1444668406100217860
1444669098353311750
1444669097904533515
1444669312581529604
1444669858466000904
1444669912618713100
1444669976233709569
1444670173793816576
1444670413540245505
1444670459925041159
1444670680113446916
1444670760497254403
1444670933084430342
1444671255425159169
1444671921174372353
1444672559484600326
1444672917950775297
1444672973214928901
1444673378036617220
1444673427248353290
1444673546190426114
1444673577530245128
1444674328738471946
1444674351991717892
1444674817987252234
1444674871510781956
1444675126209880064
1444676395393716226
1444676693600337921
1444677192596680708
1444677317536538628
1444677628334460929
1444678686045720583
1444679631920005122
1444680675659960320
1444680967336062979
1444681617172164613
1444682001647161347
1444682315322388489
1444682676653289478
1444682709461188611
1444682870191050756
1444683308156153857
1444683380801490945
1444683696804556804
1444684506351366150
1444684811977641985
1444685001430159360
1444685016240320513
1444685324253233152
1444685886193430528
1444686563380629515
1444687047747268610
1444687460433219588
1444687619896471553
1444688477606408196
1444688987285692416
1444690690491834378
1444691138351226887
1444691738266726405
1444692740223107078
1444692922620792842
1444693216440184837
1444693778154020867
1444693830054203392
1444694592264171521
1444694849211355140
1444694856237035524
1444695006355202052
1444695100492169221
1444695671127175171
1444697294675210240
1444697579778822146
1444697694279135237
1444699481950150662
1444699564313702400
1444699816068407296
1444700945829416962
1444701397723668480
1444703049943957510
1444703578405236736
1444703962809057286
1444704692118822913
1444704763526873088
1444706250785112067
1444706450069065735
1444706623339917313
1444706842542678021
1444707303064694789
1444708843980734476
1444710080943853572
1444710419201855490
1444710746118516744
1444711344750665734
1444711643376545796
1444712097523245061
1444713277385175041
1444715121159200770
1444717479289241600
1444719864015294469
1444719899796926464
1444719908760080391
1444720416774254593
1444720492850540544
1444721686155124738
1444723972189433860
1444724851588026368
1444725353096695808
1444726689121009664
1444728496408829953
1444729068360925185
1444730809227694088
1444732062632661000
1444734072492683266
1444735386207473665
1444735919177748483
1444747799208235009
1444753560265060352
1444754255362076675
1444760431847899138
1444762232131252229
1444770128055312386
1444770596399685634
1444770830592856064
1444771315173376001
1444773371942629379
1444774935101009921
1444778333116370944
1444779957406732294
1444782722128490500
1444787123953942529
1444793240889163779
1444794253310238724
1444794975896563716
1444795699455877121
1444795892666548229
1444796634374684679
1444798312733765633
1444799357035761666
1444799898663067649
1444800587397095428
1444801411040960512
1444803969218334723
1444803983852199944
1444804250874253314
1444804509390180356
1444804541744963586
1444807116858945536
1444808691992072193
1444811374807289857
1444812725796831234
1444813494189105152