1452515207482265603
1452516151448113153
1452516866304331777
1452517544158367747
1452517699670581250
1452517845082988552
1452522741458817029
1452523593875611649
1452524087650095107
1452524633043865606
1452525189825118209
1452525491651366918
1452525686661386243
1452526575648329729
1452526674881376256
1452526912870383616
1452526999730229255
1452527212792401920
1452527350571167748
1452527589562609665
1452528673257443330
1452528984810422274
1452529555231567877
1452529559568478210
1452529562999418880
1452529732788965379
1452530020354695172
1452530032396570626
1452530455480193027
1452531075532550149
1452531630913069057
1452532277557088260
1452534149475012610
1452534586701926400
1452535505980121091
1452536369322942465
1452536425048535041
1452537390812123140
1452538305959059460
1452538782855544832
1452539111147933696
1452539253825564672
1452539257793310721
1452539255805276163
1452539259836010497
1452539402471673856
1452539712942583814
1452540151079395328
1452540463932600322
1452540932117590018
1452540948114645003
1452541083208978439
1452541249387315204
1452541463204560899
1452541500240261123
1452542631444041736
1452542710045282307
1452543035091271682
1452543167320911872
1452543401379840000
1452544032224075780
1452544029862686721
1452544231076028428
1452544306049257472
1452544362458456067
1452544662640549888
1452544768148340739
1452544981533667328
1452545691406856195
1452545706607013888
1452545731026251786
1452545874010116104
1452546046169522178
1452546280861753344
1452546392354738176
1452546515231068162
1452546857834475524
1452546864155299845
1452547204091047938
1452547930435379203
1452548045481017349
1452548159972909059
1452548410108563462
1452548682604158980
1452551485707800576
1452551585263808512
1452551842563387394
1452551967696297991
1452552188492869635
1452552949666758659
1452553116780433409
1452554298902994947
1452555092037718021
1452555403955355653
1452555733380190216
1452556299812556800
1452556841267781634
1452556988341108743
1452557208688869379
1452557747958923267
1452558261127835652
1452558437217234946
1452558559674200064
1452559173028249601
1452559592806772738
1452560569509322757
1452560636701982726
1452560850523283456
1452561098150858755
1452561501584195594
1452562395386179586
1452563587864530944
1452564336090574854
1452564338544300037
1452564604035289088
1452564789968863232
1452564827839164418
1452565408507043851
1452565585221591040
1452565944765595651
1452566057093238784
1452566752164937733
1452567244966281221
1452567383571189760
1452568047961591814
1452568476468453385
1452568501923631104
1452568768375181313
1452568776508010506
1452568929201655812
1452568927083528192
1452569265224126467
1452569345133998084
1452569392345088004
1452569416634228739
1452569450624913409
1452569471231479811
1452569519248003079
1452569852678316032
1452570007741743105
1452570181964898309
1452570488631226369
1452570584978624517
1452570587029643268
1452570757507084289
1452571021815390208
1452571360509632517
1452571454222979072
1452571636410949638
1452574154939531265
1452574340428435458
1452574781941829637
1452575080895049728
1452575815607078912
1452575968132886532
1452576001473462273
1452577108409028611
1452577238851805186
1452577324994494464
1452577880530042885
1452577897328222220
1452579438059827204
1452580516335587330
1452582313720569858
1452582311287930882
1452582315440291844
1452582796308856834
1452582980400996354
1452583482119507968
1452584458343759873
1452584601403097089
1452584698530590725
1452584911257305089
1452585163574054912
1452585352405794820
1452585575232380929
1452586505071857667
1452586812531036163
1452587002130415620
1452587419719536640
1452587451172614144
1452588142024790016
1452588637078441989
1452588943459840002
1452589513029550081
1452589903385010184
1452590778463653892
1452590848118513669
1452591202776190977
1452591309236047877
1452591845322625026
1452592257337417729
1452592445435252738
1452592798037807108
1452592807294607363
1452593067538542593
1452593213600980992
1452595794075213829
1452596000334307334
1452597102614220803
1452598020848029700
1452598109943435272
1452598356769853440
1452599335443738629
1452599513370161153
1452599550993068035
1452600149893545984
1452600330995200001
1452600651603529739
1452600752405303305
1452601316023308288
1452601593203806209
1452601761609314305
1452602305887432711
1452602639011647489
1452603047650095111
1452603298641375235
1452603824036671488
1452603879871303684
1452604413495758852
1452604743319048196
1452605409999482885
1452605785804996610
1452606048276074501
1452606738352332811
1452606782115700741
1452606949090988035
1452607557781000192
1452608099131396096
1452608485422628864
1452608829561049088
1452609189025497095
1452609206930980865
1452610111218733060
1452610743824576513
1452611027837751296
1452611170116915203
1452611997409832965
1452612549862559745
1452612642309218308
1452612678388645890
1452613231747297286
1452613635176468483
1452613779598962688
1452614485206732802
1452614971892719617
1452615087122837512
1452615136724672517
1452615818005520384
1452615919214026759
1452616207006265344
1452616264749240323
1452616440809361410
1452617096437796871
1452617156600819718
1452618235942105092
1452618295517978640
1452619030850727937
1452619811838590978
1452620015262265344
1452620054642577414
1452620585381494790
1452621359398277128
1452621376263577608
1452621573022650370
1452621670410166276
1452621818385211392
1452622947005317127
1452623904501952518
1452623907555450880
1452624011758866438
1452624937924001796
1452625433690705922
1452626003650486272
1452626942411231234
1452627772132761613
1452628125318193152
1452628394726682627
1452630761073373184
1452631841580609541
1452632912772288512
1452633077021294601
1452633150081822720
1452633218004492292
1452633332726984707
1452633835552722944
1452635159014952960
1452635869941157893
1452636058969993218
1452636328269541379
1452637093390286861
1452637933668737034
1452637976199008262
1452638218680160256
1452638607735283714
1452638695756996612
1452641072094404614
1452641179875430404
1452641618196979721
1452642018740506630
1452642267387162634
1452643009724497920
1452643891279106052
1452644936457744388
1452645042766508035
1452645698868944897
1452645764874653697
1452646168417103881
1452646661956648963
1452646773319733249
1452647281564401667
1452647377353859076
1452647504240013315
1452647841726300160
1452649125904719872
1452649511839428615
1452649713711214597
1452649788743237634
1452650262837948425
1452651449003905026
1452651874021089283
1452652180972867586
1452653374885801991
1452653883256229889
1452653933264990211
1452654126827859973
1452655771502538752
1452657431767486467
1452657925000818692
1452658050720944133
1452658230170054656
1452659510623944704
1452660085562376192
1452660155087147009
1452660292547072000
1452660927619162112
1452661085241180160
1452661593313984512
1452661746431258624
1452662334770630659
1452662391225810948
1452662725155295238
1452662902918291458
1452664022638088193
1452665894941855747
1452666636301836293
1452667591936274434
1452668612037132288
1452669796206592004
1452671115986280448
1452671394827804674
1452671502956990464
1452671691612581888
1452672033834160128
1452672032261345285
1452673317672869889
1452673444072472576
1452673609512603648
1452674904512348170
1452675101489389568
1452676877517148162
1452677840474763265
1452680738336239621
1452683209519468546
1452683816070303747
1452684710920933376
1452685394634362882
1452686179770327041
1452686721062039556
1452687031771930625
1452688210711101440
1452689309031534596
1452690920713822214
1452691650665500679
1452692681113493511
1452694201968234506
1452695279707181056
1452699809643577346
1452702833376071689
1452703642469888000
1452704436883648516
1452706736092057603
1452709991253610497
1452715296066736128
1452724456376320000
1452736247328215040
1452736620197675009
1452745317489725462
1452745997021372422
1452753532189216768
1452758465407950852
1452758586484936708
1452758866383368193
1452759022952583168
1452761565220859906
1452764354529542146
1452766815038304256
1452766868666609666
1452767036380262406
1452767058819698697
1452769091974930434
1452771093907869696
1452772586274770954
1452772883952910338
1452772924897710088
1452772954945646593
1452773198840336388
1452773977147932675
1452774568590938113
1452775189188468738
1452775651765747715
1452775864454705157
1452777110355939328
1452777184045637644
1452777261615108101
1452777563290439683
1452777820019572737
1452778093261643777
1452778751951921158
1452778822080729094
1452778829890473987
1452779528938573829
1452779891066212354
1452780039611686913
1452780501870080000
1452780648691744768
1452780814140264448
1452782924592336900
1452783461421387778
1452784301670498304
1452784743213273088
1452784778546008069
1452424918520401922
1452425140818497536
1452425872267300866
1452426436627742720
1452426464909926400
1452427371559014405
1452427433781514240
1452427684223483905
1452427765081206784
1452428704664088577
1452428792236949505
1452428983958523908
1452429367133360129
1452429470749519872
1452430572622528515
1452430740029804544
1452430933722730502
1452431089054584833
1452431579221880832
1452431824576126976
1452433046926344192
1452433165822296064
1452433501471404035
1452433709282385921
1452433801213140994
1452433827545051138
1452433857614020610
1452434059523592198
1452434442555822084
1452434677134884867
1452435141318504452
1452435239733645314
1452435479605903362
1452435818631467009
1452435823165460487
1452435820070125573
1452436663926341632
1452437097550278656
1452437423296638976
1452438051590787072
1452439028062556166
1452439049793245184
1452439088666013697
1452439094441562113
1452439557601828864
1452439580511125510
1452439656780349442
1452439669187227649
1452439690615803909
1452439812430909442
1452439869813235712
1452440231995588609
1452440491241336834
1452440575177678851
1452440728248799235
1452440728819277824
1452440996390707200
1452441145061957632
1452441932467109890
1452442366468493313
1452442421871013892
1452442670811385859
1452442779573911553
1452443064027340800
1452443443569971203
1452443477887750145
1452443542207483922
1452443590890721280
1452443796273205248
1452444203414212608
1452444390044045312
1452444583158185987
1452444825806987264
1452445556064858112
1452446057795702785
1452446113441599488
1452447100583616512
1452447503576559617
1452447599114407936
1452447727191674881
1452447838424551426
1452447840647585801
1452447872683700227
1452448224678080515
1452448316013244417
1452448325655941120
1452448443406766081
1452448445852049408
1452448516597424128
1452449057796857858
1452449474152787970
1452449876646588422
1452450223704268800
1452450350019973122
1452450768380841988
1452450899691905026
1452450985654194183
1452451168634867715
1452451243004096512
1452451394238042113
1452451457504985089
1452451614959144965
1452452083177648128
1452452615715913728
1452452670761881600
1452452820221837316
1452452949477625856
1452452993006067714
1452453284799672324
1452453297168666627
1452453725897773060
1452454098666545153
1452454215465402368
1452454633922727939
1452454649626185731
1452454868938022918
1452454927410679810
1452454955764236289
1452455319053877253
1452455363366637569
1452455416793747459
1452455555776200704
1452455624436903940
1452455899323269122
1452455940528107521
1452455980944400387
1452456601365803017
1452456700330446849
1452456819524202498
1452457585592848389
1452458123902423040
1452458207142551554
1452458653496315913
1452458709020385286
1452458923596795906
1452459191063519238
1452459580907081729
1452459812587929601
1452460009665622016
1452460426604679168
1452460495244386307
1452460907322175491
1452461074905632771
1452461632630583298
1452461894095171589
1452462416831393793
1452462621064454144
1452462679851823105
1452462825859792902
1452462917618524161
1452462922010030082
1452463132660559878
1452463288172756994
1452463612220432393
1452463945940279296
1452463997832159233
1452464020133330948
1452464426490089475
1452464487626248193
1452464513085853700
1452465266512773120
1452465348565880834
1452465408468865026
1452465802477649920
1452465851521646594
1452466201091772417
1452466414267207682
1452467060877848579
1452467333759266816
1452467414101151747
1452468038876295172
1452468065883414530
1452468077765877765
1452468573104787457
1452468771944235011
1452468867645640709
1452468937120043013
1452469314204758018
1452469318977949696
1452469860013953026
1452470079665459208
1452470306761687041
1452470556322902026
1452470712447422474
1452471018077900807
1452471638780436482
1452472180252368896
1452472456116015109
1452472847046115331
1452472903736311811
1452473029124976645
1452473453991247878
1452473491312234502
1452473903389970433
1452474078158147589
1452474241631154185
1452474287093272580
1452474745857798146
1452475017493499905
1452475150977441802
1452475519178461189
1452476041096617986
1452476118519279619
1452476279941304323
1452476303773298690
1452476530509049856
1452477262524076040
1452477439167270914
1452477748300025858
1452477891300630550
1452478127385370625
1452478271086477315
1452478559323189253
1452478783798185988
1452479691177140224
1452479874640187393
1452479880264708106
1452480021533126657
1452480473477701636
1452480597125832711
1452480676318433284
1452481283720843268
1452481298971467780
1452481402004410373
1452481495004635138
1452481703222525955
1452481737296990208
1452481751708700676
1452481886379331594
1452481928498606080
1452482048841580552
1452482635599540230
1452482897894514690
1452483052173619209
1452483124986724360
1452483179110035459
1452483272370319362
1452483744217059328
1452483802333257731
1452483834168049665
1452483939059314699
1452484243599228930
1452484396381057032
1452484460146933761
1452484638455177221
1452484682650558464
1452484875273998341
1452484936057835523
1452484939811733509
1452484956882571266
1452484977648537600
1452485068430057476
1452485082141249538
1452485427055652868
1452485601421266945
1452485702113918979
1452485723651641344
1452485863812784131
1452486222148820994
1452486341942521857
1452486397571387399
1452486916180520963
1452487022023643136
1452487180908052485
1452487336529301506
1452487657506816002
1452487697096855558
1452487811853025285
1452487898062725120
1452488092007424008
1452489115153231879
1452489366958342144
1452489503419994113
1452489523015811072
1452489946133008384
1452490187804532743
1452491424373436418
1452491471437774854
1452491587464810501
1452491763206135808
1452491841194979330
1452492026432286720
1452493201827254277
1452493205660860418
1452493731374911492
1452493792024555526
1452494144710975496
1452494166512979969
1452494291859689474
1452494302857203713
1452494420624887808
1452494448785461249
1452494584269860869
1452494707783725057
1452494777052655618
1452494982447710215
1452495018657128448
1452495110818746371
1452495229584494594
1452495248089780227
1452495452230746116
1452495480764735493
1452495760805687298
1452496176666660867
1452496283587936260
1452496375044730880
1452496399115952132
1452496562798530565
1452496639424303110
1452496644767842304
1452496674228629506
1452496917162643456
1452497198105518082
1452497421838127108
1452497709164744705
1452497977579167748
1452498235197571073
1452498267577618434
1452498511061078016
1452498675188391946
1452498719417372675
1452498720033886208
1452498739784945666
1452498833984811012
1452498870743670794
1452499042777198597
1452499510278569985
1452499835639136258
1452499884288843776
1452500056460836865
1452500166552920067
1452500165584109577
1452500285457420292
1452500716497604614
1452500973016940544
1452500973100797957
1452501104537706496
1452501127665049611
1452501254727352330
1452501498856837126
1452502042644135937
1452502071320530951
1452502114295435269
1452502179374411779
1452502193198698496
1452502197992787975
1452502440528388098
1452502448304582659
1452502470920327169
1452502594501234698
1452502741398425601
1452502890136829952
1452502893299445767
1452502984626106368
1452503125324009472
1452503192781033474
1452503430799388672
1452503950553493505
1452504069205999627
1452504149921132544
1452504358759780352
1452505185700302852
1452505213642756098
1452505337546768386
1452505504425693189
1452505525975928837
1452505599942348800
1452505700060450817
1452505746856312832
1452505807371735040
1452505940427567105
1452505995985309696
1452506330149756929
1452506338848768002
1452506632596852738
1452506859823267840
1452506886759018497
1452507276644814852
1452507294495698944
1452507375995219969
1452507424112267267
1452507461043335169
1452507514138890243
1452507715004076035
1452507923859443713
1452508218576359426
1452508235911499781
1452508347932889093
1452508547967709192
1452508548290678793
1452508734714904580
1452508752372850695
1452508868928364544
1452509173070004225
1452509288958545924
1452509451190095872
1452509563735793678
1452509577539321861
1452509838102052864
1452509896578977792
1452510321474633730
1452510513573761024
1452510523543547906
1452511081595695106
1452512066841894918
1452512231250292738
1452512344592900097
1452512634079571968
1452512696499269632
1452512945947086853
1452513045146574859
1452513223073169412
1452514135481016326
1452515687235162113
1452517216549683207
1452517455327227905
1452517606015913988
1452517952197054464
1452518086054084609
1452518820115976196
1452519085032591360
1452519754875342851
1452520785432567813
1452520825379188741
1452520962822316037
1452523039569047555