1451700559900205058
1451700568351657984
1451700867715919875
1451701695977693192
1451702227362406402
1451702732952199169
1451703211723657216
1451704462125404164
1451704823217156098
1451705950809702403
1451706916330094594
1451707315975905285
1451707449472344064
1451707981817532417
1451709460028661760
1451709731618258946
1451710865166651394
1451711285121273856
1451711913537130498
1451712053094219777
1451712202948243457
1451712516518596609
1451712588459364354
1451713115649757188
1451713825690951691
1451713997145710594
1451714102187872258
1451714465100013571
1451715050255704066
1451715485301542914
1451715790017753092
1451715990631305221
1451716099397996550
1451716218885345283
1451716544594018305
1451716807224528899
1451717065992069122
1451717412525465600
1451717993570856960
1451718164203532289
1451718306625318912
1451718717935472643
1451719177689919492
1451719640397193218
1451719841434378246
1451720694450900995
1451720970394165249
1451721308874575877
1451721421688692736
1451721602215780357
1451722101740670980
1451722356003532800
1451723229517672449
1451723240011808772
1451723374971949061
1451723385889648642
1451724174242705412
1451724622420856832
1451724759448764420
1451725469175349249
1451725935078621188
1451726049079808003
1451726096332779521
1451726819044954114
1451726904034136065
1451727134272024578
1451727352422043650
1451728479242764292
1451728749758750725
1451729029824868352
1451729238176894983
1451729681292488705
1451729718382714883
1451730002437828614
1451730161167126530
1451730248479936515
1451730664122994689
1451731376969961473
1451731895612362761
1451733451002941449
1451733489783427076
1451733612089446411
1451734181545844736
1451734492205314053
1451734681095790593
1451734704189698049
1451735004040421380
1451735691826647044
1451736092172959747
1451736472155996162
1451736664091414529
1451736961476018179
1451737118204592129
1451737150160920581
1451737333619834882
1451737656539320329
1451737660406521866
1451737660599377930
1451737658737119241
1451737664063868932
1451737771316432904
1451737783299547143
1451739250261520386
1451739381048434694
1451739613026947078
1451739635869044736
1451740188464451585
1451740415497932808
1451740890062462978
1451741716357079041
1451741740788961292
1451741757561978881
1451742262480687105
1451742936975118337
1451744360270155776
1451744528579264512
1451745114523455498
1451745142826618880
1451745332325281792
1451745880315293702
1451745978399133704
1451746187921420290
1451746480222507009
1451746851141545988
1451747304961019904
1451747919770447876
1451748076335501319
1451748823470989314
1451748919893917703
1451748965595103243
1451749486338850819
1451750500445999111
1451750830978191368
1451751021928083456
1451751446047649797
1451751727439380484
1451751739627958272
1451752159087714308
1451752366823264262
1451752548994453508
1451752828125417474
1451753147496468484
1451753767397838848
1451753921811124229
1451754633525751814
1451754790833123332
1451754993426448385
1451755902227255297
1451756050953113602
1451756390612041728
1451756416587337729
1451756434547306499
1451756830636478470
1451757092465885190
1451757503419584517
1451758151145910275
1451758242682470402
1451758524996878342
1451759908156633091
1451760342132944903
1451760349661700096
1451760398554648576
1451760772602753028
1451760791766503425
1451761113180164101
1451762554997391366
1451762560428957700
1451762730797465600
1451762829531303937
1451762892609495042
1451763464213450753
1451763617930510338
1451764843346731015
1451764884509630469
1451764929875169285
1451764979867152387
1451765080228446208
1451765217646370823
1451765454142197762
1451765606919798788
1451765833248632833
1451765871345483779
1451766071489220614
1451766389409083395
1451767158938107917
1451767507761524745
1451767604939423748
1451767714767269890
1451768021085679625
1451769167590297612
1451769736467865602
1451770025640005635
1451770798255923203
1451770883471597569
1451770883429650434
1451771099100823558
1451771314339860480
1451771412805390340
1451772252597280774
1451772788067352576
1451772887170306056
1451773794826084356
1451774277561192454
1451774441654919169
1451774539688394752
1451774907864387587
1451775217450115073
1451776949810991107
1451776965313134594
1451776965006925835
1451777037752954884
1451777104224272385
1451777384437354500
1451777914589097985
1451778313358217216
1451779491534041089
1451780046482378756
1451780201046691841
1451780497034547201
1451780628710526979
1451780641352085512
1451780882503585798
1451780977223614465
1451781048367341568
1451781134317068289
1451781439008083968
1451781654511501319
1451781706264952839
1451781963333849092
1451781969063206914
1451783060848971778
1451783505004797954
1451783556087304194
1451783566841434118
1451785186421747713
1451785238401540105
1451785268768301058
1451785978171953153
1451786054546046982
1451786731938717700
1451786953230151684
1451787175326937094
1451787329698349060
1451787505414537222
1451787674939891714
1451787972659929093
1451788042369265670
1451788394523086851
1451789397305790464
1451790690933886976
1451791546466988039
1451792236576837633
1451793260859428868
1451793402207424512
1451794071500951563
1451794813683003392
1451795143183376386
1451795154172399620
1451795715127058435
1451796290967248896
1451796829843038211
1451796835035598850
1451796893059608579
1451797164280016904
1451797442706370562
1451797465196208130
1451797613917839370
1451797736139866123
1451797886874755073
1451797984895668226
1451798498924371970
1451798808711471108
1451799315194675200
1451799507771924483
1451800133801107457
1451800501549363202
1451800511666171904
1451800513427623938
1451801093432774659
1451801184230989834
1451801225045811201
1451801307514241034
1451802009296723969
1451802455889506314
1451802613788262400
1451802788300738560
1451802907326631938
1451803130186788864
1451803424622743553
1451803637806612483
1451803887975895042
1451803972973461510
1451804185595240455
1451804619152125956
1451804943552184331
1451805286050631680
1451806729822343169
1451806782284656641
1451806867777335304
1451807106731061248
1451807126159040515
1451807130684727297
1451807149592621056
1451807322997551113
1451808089104175110
1451808296655101955
1451808306218078212
1451808747748151298
1451808880338485249
1451809980114366464
1451810522807087104
1451810920523448322
1451811066875351041
1451811401530425348
1451811425442140162
1451811951160426496
1451812244761702400
1451812525192794112
1451812732920123392
1451812783532564484
1451813651787096077
1451813774508244992
1451814213605679105
1451815330930565122
1451815722087116806
1451816979199774726
1451817270947115010
1451817673306738690
1451817760862834688
1451817855008133124
1451819202222833664
1451819297932595203
1451819667706703876
1451819666570022912
1451819877015035905
1451820341085437953
1451820845278453761
1451820921170186244
1451821303564935170
1451821494544207876
1451821499996770309
1451821774304202755
1451821895561609221
1451822188768628736
1451822289146679296
1451822337704161283
1451822600821248012
1451822797647319040
1451822829742166020
1451823287227535361
1451823512188899333
1451824774523490306
1451824779200122888
1451824796568752128
1451825596795744262
1451825817491705856
1451825980096475140
1451826223944929287
1451826888897220616
1451827238446374913
1451827531905044486
1451827900647284737
1451827976731987973
1451828184807215104
1451828470787362821
1451828496334946316
1451828665877254150
1451829327515971587
1451829604486828036
1451829962743246849
1451830639200665601
1451830949851774980
1451831186427240452
1451831351720644614
1451832231731752961
1451833232090013696
1451833287639396354
1451834208934981637
1451834339960885248
1451834407950565388
1451834415097606147
1451834880061427715
1451835166263967745
1451835294177656839
1451835932290662402
1451836099802767366
1451836102680068101
1451836223492804617
1451836360185180161
1451836417408000006
1451836574908313602
1451836905641766914
1451837627724820484
1451837913256251399
1451837955442561026
1451838177149325314
1451838447291801605
1451838965435101184
1451839041956028422
1451839142548021253
1451839497147084800
1451839562406416388
1451839889008312324
1451841095189479427
1451841779943153664
1451842002799120384
1451843062112546820
1451843339163258881
1451843914143453189
1451844163821993984
1451844886374719489
1451845474873266184
1451845482372759558
1451845492187435009
1451845489620439047
1451845823432511497
1451847123905826823
1451847418505351168
1451847629973848069
1451847947004440579
1451848358075645952
1451848409770459137
1451848766273691652
1451849776559898628
1451849919589871622
1451850743141466114
1451850857926983692
1451850891615621125
1451851519054151685
1451851693885255683
1451851717692198914
1451852156886306819
1451852420875579397
1451853026507952133
1451853753334722560
1451853966703136778
1451853965642010624
1451853976614236167
1451855458264764421
1451855794165608449
1451856244038373379
1451856385533038594
1451856531767447560
1451856996370554884
1451857167410106370
1451857204768751616
1451857292211617793
1451857613973381120
1451858008019902464
1451858405077893120
1451858700327526408
1451858806707683328
1451860629694738433
1451860949938307078
1451861659534848010
1451861929249558532
1451863083220037633
1451863117995012102
1451863149120929795
1451863347373039617
1451863979047809024
1451865156535816197
1451865892623503362
1451865996885585928
1451866158441713673
1451866315510063109
1451866371906674690
1451866765437259778
1451866788514254857
1451867030689251341
1451867272868352004
1451867535784099840
1451867549767929860
1451867947786334208
1451868576197926913
1451868936752951298
1451869535229775873
1451869768797995013
1451870550385577986
1451870719197868033
1451870790261960708
1451871009674461187
1451871609174650882
1451871788930002954
1451871950926606339
1451872392729411585
1451873052258549765
1451873882885943298
1451874240798490625
1451874737374707717
1451874908477083656
1451875219522535429
1451875255530627080
1451875692157673486
1451876091291865096
1451876524370501632
1451877219253440518
1451877902979452935
1451878822630940679
1451878838569480192
1451878893875384320
1451879328552161291
1451879497238601729
1451879613831925765
1451879842744397828
1451880139172683780
1451880437031194632
1451880948987875334
1451881216693571584
1451881383966564354
1451881477168193539
1451881596533964803
1451882349294063620
1451882453472215048
1451882687149469697
1451882756472926212
1451883249458765825
1451883313535225868
1451883468309209092
1451883520591233030
1451883928441135113
1451884194028609542
1451885302209859586
1451885498658480138
1451885943355428872
1451886081704480783
1451886085894639631
1451886282209067018
1451886361775017995
1451886532009218048
1451886742273880065
1451886776704901120
1451886774909734915
1451886773001342976
1451886780253282317
1451886778491695104
1451886781993930762
1451886985769996288
1451887372577038338
1451887909255073792
1451888233436962821
1451888317809627139
1451888672207355908
1451888791375941633
1451888887295459329
1451889031432704006
1451889197099323392
1451889308852371460
1451889305983410181
1451889631885021189
1451890047410532358
1451890133494427654
1451890626593656835
1451890699448684551
1451891212525334529
1451891845898723333
1451891989192974354
1451892369347907584
1451892543126343680
1451893096979959812
1451893866328588293
1451893954367012871
1451894294613094411
1451894465904332804
1451894669797822466
1451894859590090754
1451895238163775494
1451896220910166025
1451896327483244549
1451896333690818564
1451896615183077379
1451897011406446598
1451897064850223106
1451897197117599751
1451898076302512130
1451898338903674893
1451898592747155458
1451898646224523272
1451899087729532930
1451899101302255621
1451899171686912010
1451899538923343875
1451899557936189446
1451900061089030154
1451900675856551938
1451901130338816006
1451901194213814279
1451901227093086208
1451901370039033865
1451902240881459202
1451902246539587587
1451902274045767683
1451902529424527360
1451902593962332160
1451903240858058755
1451904016753967105
1451904096110137353
1451904532733038598
1451904838715916299
1451904938221572101
1451904981930373122
1451905203712638982
1451905207718141967
1451905472575913989
1451905715434442755
1451905745222463491
1451907169318674435
1451907307424546821
1451907399363661833
1451907495996248067
1451907507920654340
1451907530322427910
1451907586702249992
1451907835894239235
1451907838616358913
1451909445324210185
1451909549896581131
1451909663319068687
1451909958413340672
1451910083235831812
1451910535717421057
1451910709369921543
1451910784364150791
1451910959623147525
1451911940876341248
1451911958186237959
1451911963039068170
1451912064302141447
1451912096162017281
1451912718642933762
1451913014911766528
1451913757869809666
1451914027966205959
1451914247126982657
1451914490472062984
1451914585254944771
1451914593538772998
1451914831112523781
1451915615749349382
1451917351629180930
1451919376051884035
1451919800565784586
1451922039149785093
1451922599441625096
1451923248493445121
1451923381725454346
1451923591843385350
1451923691122552851
1451924289620353029
1451925699376259073
1451925799490113540
1451925801494986753
1451925876023513089
1451925987587854339
1451926505672429571
1451927234617303045
1451927657432629257
1451928300264169473
1451929313821876225
1451929429823815681
1451929835383656450
1451931171907006467
1451931462169620482
1451931565538230276
1451931581640183809
1451931992870699009
1451932104405635079
1451932443460521984
1451932487945375746
1451934117335945224
1451934296608894980
1451935041110433793
1451935259335954437
1451935967200231425
1451936135391821834
1451936796539977732
1451937132780478464
1451938243868459010
1451938382993498118
1451938555463274502
1451938647104651267
1451939172705464324
1451939356382400516
1451939619352702985
1451940117644414981
1451940366958039047
1451940494196412420
1451940551603879941
1451940739831644162
1451940961450283011
1451941119818801152
1451941414955151362
1451942517742526471
1451942880323330056
1451942957859307521
1451943366279581709
1451943573536927745
1451944093970419712
1451944429850284041
1451944667105296391
1451945336532992004
1451945357911359489
1451946846947930113
1451947575536324612
1451947667408392203
1451948406771892225
1451949369167544324
1451950062808883203
1451951375701590018
1451951523492106242
1451951750034776065
1451952634483515392
1451953757575516162
1451954230391029764
1451954876255064072
1451955216706793474
1451955663559528450
1451955935874744321
1451956774995595266
1451956772420218882
1451957102226784260
1451957356422520840
1451958343463931906
1451958452259983362
1451958769009655813
1451959238624833538
1451959532280692736
1451960170389463043
1451960308004577286
1451960421573804037
1451960647076364289
1451960735660077060
1451960818556301315
1451961053982593027
1451961366621741057
1451961675637088261
1451962924746952705
1451963368579887104
1451964071415205891
1451964938491097089
1451965768250265603
1451966203145043971
1451966318551330816
1451966890960584710
1451967067628867585
1451968052820541440
1451968508107976706
1451970107387777029
1451970710809681928
1451971122488963082
1451971353616142339
1451971865015046152
1451972283401072641
1451972884218331140
1451975114661056513
1451975213357305857
1451975746566512640
1451976815036100610
1451979187477041153
1451982092703870979
1451982112219811840
1451983878910976002
1451984993148751872
1451985126200528898
1451985661020409861
1451986117914292225
1451986152383082500
1451986290472222720
1451986524996653066
1451986592315240448
1451986595725275137
1451986599454015495
1451986852500496385
1451987307372814337
1451987382283083781
1451987873742274561
1451988178340958209
1451988780429156353
1451991794820943875
1451995793892671489
1451996558392651779
1451997206341242880
1451998548661194757
1451998765896794114
1452000054521122818
1452007181260402689
1452007627513204738
1452008980373327872
1452013472330534920
1452023048932974593
1452032702585004032
1452041878015078400
1452043760066449415
1452045433543352329
1452045979436281856
1452047703727173632
1452048097865916420
1452048774268788738
1452049960300539904
1452051152787345412
1452051243149393920
1452051681638633472
1452052036069982208
1452052880878456832
1452052969667514368
1452054386901880837
1452054434846953472
1452054685771186176
1452055199934152706
1452055635638427648
1452055819927764993
1452055898038300674
1452056237504274441
1452056269112496128
1452057915800506371
1452058013238398977
1452058958034731012
1452059264940273668
1452062215343800320