1445901972293390336
1445902206058647556
1445902545256255490
1445903569266216961
1445903801026691075
1445904924819165184
1445905348607442945
1445905356748587014
1445905777768554496
1445905991321538570
1445906191217950724
1445906321061023747
1445906753057550338
1445907025255301123
1445907306655277056
1445907391237615617
1445907749972312068
1445908731204562947
1445908893549301762
1445909224639188992
1445909662189035522
1445909900480057346
1445910055660949509
1445910120848707587
1445910664938024971
1445911492058963973
1445911814370328577
1445911953600172034
1445911962353737731
1445911983186800646
1445912606640730113
1445912640136515586
1445912702535098373
1445912934308139010
1445913136532377605
1445913839984254978
1445913889510551553
1445914065272934403
1445914224761344000
1445914735858229249
1445914815600291840
1445914936975126531
1445915026099822592
1445915898070462464
1445916021005504515
1445916130523037705
1445916267425058818
1445917386792599560
1445917489540448256
1445917545576361985
1445918666525052928
1445918752797696007
1445919106314604549
1445919615184355331
1445920274277298177
1445920273111285763
1445920425427435521
1445920630063317011
1445920731108233221
1445920748615331840
1445920767128965125
1445920807838912512
1445921114044055552
1445921288048898058
1445921981149315074
1445922457513123841
1445922484704866307
1445922556012163078
1445922580259504129
1445922778415124486
1445922894391906309
1445922925077352454
1445923154489004033
1445923411109187586
1445923581372755970
1445923588708597765
1445923661244813313
1445923675576832003
1445924020642222080
1445924421701541888
1445924490265780226
1445924627251793920
1445924998372216835
1445925084514848771
1445925106308378625
1445925171987025922
1445925346671431680
1445925618835607552
1445925665472012292
1445925748133400576
1445926257993007106
1445926260534759426
1445926442391326721
1445926540408098819
1445927069427265538
1445927825198878722
1445928168075014148
1445928482156924928
1445928713091047430
1445929159629230083
1445929359638872064
1445929494318096386
1445930027309219847
1445930373754413058
1445931089860567041
1445931399966388225
1445931824371302406
1445932435531702280
1445932654390484993
1445932697361084420
1445932773320003584
1445933214808170496
1445933261557882889
1445933295942860811
1445933301328347138
1445933530937131009
1445934042759630850
1445934220526833666
1445934302173089797
1445934334414712836
1445934524601286657
1445934616406228998
1445934680008626181
1445935504143224842
1445935770020188172
1445936176301445120
1445936899982381056
1445937451919233026
1445937529883009025
1445937880375824384
1445938353522692097
1445938604891525122
1445938665318797312
1445938947612315650
1445939111894810631
1445939406494339074
1445939433866338304
1445939431895023617
1445939541601177607
1445939817947099136
1445940021932953602
1445940094746042369
1445940194612445184
1445940386812203011
1445940429296336899
1445940710092378112
1445940711426199554
1445940800194441220
1445941078742339585
1445941240470507521
1445941585246441475
1445941656293838849
1445941727328550914
1445942389793701889
1445942426376359937
1445942855952785411
1445943105308413956
1445943134752583683
1445943240171999232
1445943267506360323
1445943621539151880
1445943664534908933
1445943779660222466
1445944211799359489
1445944725341556738
1445945137041866753
1445945301399834625
1445945346807386112
1445945526130593793
1445945535232237569
1445945658058280964
1445945985851559937
1445946350873448449
1445946446725844996
1445946532285480962
1445946677945257986
1445946777736077313
1445946899714830336
1445947113720872962
1445947731738910724
1445947942376935424
1445948032084705281
1445948218735423494
1445948505772544004
1445948631035510786
1445949001560297477
1445949130568699904
1445949679083003908
1445949747286589446
1445949855247986689
1445950084449931270
1445950152523632647
1445950301098369026
1445950490395611138
1445950514865131522
1445950597094465536
1445950899399004161
1445950954298228740
1445951332637032458
1445951395811631106
1445951677878521865
1445951706890526724
1445952140606783488
1445952260027023370
1445952383024971786
1445952390729912321
1445952741918924803
1445952758411001865
1445953062682513410
1445953109197418498
1445953222741356544
1445953604645392394
1445953629014265857
1445953676158267392
1445953720416718850
1445954005440425984
1445954181118922752
1445954492474683396
1445954551232614408
1445955041253203970
1445956686838001669
1445956909605928963
1445957938510663682
1445957939215273985
1445958552397369350
1445958632181403648
1445958730114166784
1445958970657574914
1445958987384438786
1445959014685106177
1445959016748781574
1445959014404136965
1445959046163427328
1445959439459094531
1445959581662793733
1445959878724317186
1445960059406602245
1445960163278704640
1445960182161231878
1445960801286647813
1445960804373655555
1445960859902038016
1445961206213197826
1445961557255409666
1445961713853992965
1445961888064368649
1445961932570193924
1445962073431691268
1445962085439971339
1445962453313994752
1445962772731219975
1445963280669806592
1445963426337984523
1445963427046825985
1445963511008423937
1445963587839684609
1445963660661125125
1445963681515261955
1445963961669619712
1445963964697907203
1445964570523176969
1445964629843210240
1445964828913201156
1445964945556869125
1445965016612573191
1445965288696991744
1445965305482604547
1445965362722263041
1445965412802301953
1445966007047053312
1445966504990699520
1445966661551419400
1445967418421956608
1445967492338237450
1445968850483236869
1445968874810138625
1445969008063246340
1445969017483653130
1445969085431377923
1445969089608880128
1445969426797498370
1445969440135340032
1445969453192126469
1445969612898717703
1445970337171009538
1445970391562817539
1445970627400114185
1445970806022946818
1445971107442565123
1445971200849498112
1445971569696645130
1445971784113659905
1445972029241393167
1445972296364027908
1445972521216462852
1445973035668815873
1445973131907059713
1445973174672187400
1445973591472816132
1445974044701040648
1445974063197790209
1445974106151657472
1445974294421327872
1445976840653266944
1445977304723714048
1445977350982668294
1445977425381187588
1445977678163574784
1445978513635381250
1445978516147736576
1445978586956005389
1445978813234499584
1445978931153170438
1445979000061378563
1445980063053201414
1445980350220406784
1445980482701717504
1445980573084774400
1445980977562415104
1445981717408321536
1445981786874339329
1445982835190362113
1445983067869491203
1445983195183259650
1445983258022346762
1445983665742254085
1445983998669295617
1445984009478029312
1445984603664105473
1445984660492673024
1445984733435994114
1445985079767883781
1445985129625759751
1445985230817431563
1445985429933625344
1445985487630471168
1445985503459774468
1445985557234868224
1445985804388483074
1445986226159316993
1445986549661777925
1445987141775806465
1445987767033290753
1445987827963949060
1445988372594319360
1445988429083275264
1445988562004967429
1445989535096074243
1445989594651004928
1445989597997981698
1445989660061093890
1445990194092535808
1445990199352201222
1445991301275471872
1445991437326172160
1445991705463832577
1445992141314953218
1445992157983117312
1445992159593709568
1445992754534752259
1445992847556038663
1445993234182803462
1445993259688366082
1445993315027980290
1445993535308582918
1445994124595777541
1445994228610322434
1445994426556321797
1445994720388288512
1445995012555083776
1445995288775172098
1445995529352085504
1445995646968684544
1445995860668547074
1445995923033640960
1445996208514756610
1445996399686930432
1445996620252733448
1445996729329860612
1445996981457879048
1445997443640745985
1445998543257309190
1445998788447928328
1445998821486456832
1445998948322201606
1445999222931656708
1445999650796830724
1445999756690399233
1446001950156152844
1446002054330159106
1446002224077889536
1446002518274686976
1446002790686281730
1446002917060734977
1446002983242649603
1446003089605992451
1446003108446806023
1446003528250494982
1446003623796695045
1446003861081059329
1446004257941905408
1446004627741175810
1446004802417160197
1446004877247885312
1446005473925238789
1446005600379228162
1446005808030838790
1446005970828595201
1446006168720007171
1446006211531272192
1446006241788981250
1446006306112880641
1446006438455746560
1446006461218263047
1446007005051703296
1446007152561180684
1446007158139604994
1446007211239489538
1446007319242805250
1446007837574918146
1446008262709547011
1446008446726201346
1446008784359460866
1446008800004169729
1446008818920480769
1446008845042597893
1446008842157019141
1446008881969205253
1446009501597847555
1446009930599731201
1446010235143950336
1446010327238266886
1446010510801997827
1446010578821025793
1446010635058237441
1446011280238673920
1446011498858483714
1446011722687336449
1446011815532515328
1446011817281556484
1446011820565688321
1446011838550794240
1446011983862530051
1446012084932595720
1446012099365261317
1446012813344866306
1446012844240035840
1446012892914995210
1446013179587223553
1446013226764812289
1446014065185148932
1446014464525012993
1446014933842472965
1446015155507056644
1446015252198420480
1446015395140235264
1446015588443197440
1446015643317202947
1446015881239097344
1446016233007030274
1446016560460488708
1446017159054839808
1446017422880768003
1446017640565075970
1446017756747292676
1446018309791510530
1446018395573395458
1446018524103667715
1446018693381558273
1446018978220892160
1446019436977135619
1446019735536033792
1446019806423969792
1446020546651590656
1446020787396235267
1446021307557056513
1446021776236945411
1446022472642404358
1446022482939588609
1446022635385614337
1446022798296584193
1446022957034131461
1446022980862033921
1446023115973136387
1446023633118187520
1446023730417713162
1446023816681951243
1446024042020933633
1446024222472429568
1446024471081488384
1446024613922701315
1446024912041172992
1446025027741126660
1446025247078031362
1446025457879576581
1446025667531849738
1446025885077762053
1446025930103656453
1446025949993226246
1446026530849624069
1446026936208150534
1446027063161405441
1446027306296692739
1446027356166967296
1446028924786393092
1446029132786143237
1446030033257177088
1446030176211456005
1446031652811993095
1446031710106398722
1446032292925755392
1446032587453988864
1446032871114768385
1446033191253381120
1446033546041122818
1446033831526469632
1446033905916669952
1446034024145698820
1446034092735172612
1446034530553327625
1446034534256898050
1446034535288754179
1446034607153967109
1446034678264127489
1446034757981138948
1446034915594629121
1446035100727078912
1446035262304260101
1446035642807324673
1446035754849759235
1446035944402915329
1446036027378835457
1446036336121548803
1446036717501251587
1446037002038628352
1446037534652329990
1446037678298828800
1446037725962850306
1446037731750989829
1446038626597421058
1446038828947415041
1446040475358556160
1446040586914435074
1446041089027100676
1446041243239137282
1446041259710189575
1446041458448891904
1446041909353336833
1446042402347573248
1446042481389305860
1446042580358107143
1446042625207791618
1446042642547036163
1446042911800397825
1446042980620509184
1446043386062905353
1446043578988253194
1446043605802504194
1446043899022110720
1446044406159589384
1446044525604995074
1446044685709971462
1446044892216561671
1446045508338810880
1446045519957032962
1446045580107472896
1446046114851942402
1446046246657871874
1446046417722609666
1446046595309621248
1446046792617902083
1446047008012210178
1446047703419404297
1446048340953612292
1446048428006395907
1446049103436079105
1446049259669753856
1446050015139401734
1446050162049048577
1446051129733779460
1446051216669089793
1446051463663210497
1446051615736094722
1446051835270230020
1446051857260900361
1446052683727577097
1446052795505786885
1446052821313339393
1446053023680110592
1446053196892229636
1446053604754817029
1446053683389632512
1446053785722257411
1446053874616373251
1446053928752201734
1446054103654666244
1446054449131126787
1446054532136402947
1446054545038008327
1446055013621530633
1446055084681433089
1446055406422269957
1446055430690525186
1446055563935170565
1446055660035002371
1446055733590732801
1446055859054809088
1446056156615479299
1446056468352946183
1446056995509788682
1446057760362090496
1446058662665986050
1446058991373545477
1446059001595121668
1446059271859306499
1446060187853287425
1446061102106701829
1446061275990081537
1446061563857670148
1446061762449600513
1446061797950177282
1446062111981854724
1446062470766940162
1446062663398617094
1446062686093987840
1446063371816603651
1446063599496040450
1446063702378106882
1446064082277208065
1446064123972702211
1446065137144664070
1446065254480314372
1446065538359201795
1446065583758340100
1446065995035004930
1446066249272754179
1446066586607964165
1446066754417926144
1446067047452995586
1446067252642549762
1446067523057639428
1446067760014913536
1446067772304228352
1446067913270566913
1446067930962141189
1446068570975129600
1446068601165807618
1446069140712661000
1446069589192806404
1446070356465254403
1446070687341301764
1446070856661102600
1446071585513689089
1446071598398664711
1446071606774669318
1446071756284825610
1446072002725376007
1446072035663253513
1446072110263115778
1446073321703968782
1446073389815197700
1446073906813538309
1446073996286386181
1446074005161590784
1446074045565263877
1446074272489771008
1446074276528865283
1446074274754621441
1446074278332354563
1446074331314876417
1446074903317278723
1446074927195455488
1446075212953387008
1446075393530683399
1446075416289021954
1446075605330497539
1446075848847622146
1446075862378418178
1446076053974229006
1446076264519921665
1446076303518490627
1446076518673698822
1446077932368056323
1446077984083886080
1446079192550952964
1446079568507375617
1446079799257034761
1446079813177917445
1446080837049454602
1446081997458206722
1446082311812890629
1446082568906948614
1446082708350767107
1446083293129043972
1446083351182340096
1446083564374683663
1446083618825117697
1446083736072691712
1446083853588701191
1446083983511486469
1446084336189513730
1446084434780848128
1446084697721753600
1446084976177340416
1446085116959203334
1446085827524657159
1446086096438267907
1446086192148062209
1446086420104241153
1446086950398562311
1446087166120001542
1446087263759134722
1446087893827534848
1446088264037715974
1446088299630628870
1446088320895700998
1446088382476537865
1446088477246824459
1446088476152111104
1446089260348559363
1446089330028470274
1446089418763235330
1446089739816165381
1446089753565163521
1446090005407952896
1446090286820511749
1446090288938639368
1446090367590227969
1446090655831265287
1446090749901107203
1446090753579446277
1446090768959954945
1446091159160299534
1446091190219145223
1446091854726852616
1446092615204569088
1446092980213846021
1446093016226156544
1446093527272673287
1446093567923920904
1446094785756864516
1446094887179341825
1446095231041036301
1446095477531836423
1446095667802230784
1446097388960059393
1446098073797545986
1446098487234289664
1446098515403309062
1446098794249031683
1446098809868587010
1446099559881400322
1446099906104492040
1446100077806686209
1446100339459907594
1446101508018225156
1446101963007877125
1446102379430961154
1446103056559403009
1446103225799565323
1446103685935689728
1446103766470520841
1446103992040235008
1446104025800187905
1446104105164763137
1446104125276508162
1446104591091650564
1446105038900715526
1446105223471063043
1446105777475710988
1446106167374073856
1446106627401138185
1446106669226680326
1446106786306551831
1446107179790962693
1446107544208896010
1446108262064001026
1446108418213699591
1446108437293592592
1446108754693406737
1446108908775305221
1446108910100779008
1446109542111068173
1446109850853724168
1446109901697138696
1446109904201084933
1446110442724610050
1446110498366230534
1446111399134973961
1446111451198881796
1446112191103467539
1446112302390906896
1446112588262088707
1446112639671685151
1446113246071513097
1446113434454540288
1446113566390554644
1446113845907394567
1446114007073509383
1446114092360482831
1446114192281407493
1446114406534844416
1446114684881358862
1446115072498040833
1446115077250117633
1446115204337582092
1446117277246517255
1446117292178165767
1446117312566738944
1446117417768259601
1446118392528703511
1446118488980946952
1446119043950284805
1446119056671526916
1446119134379458571
1446119141832675347
1446119317729267718
1446119348418998277
1446119824950579203
1446120889288851460
1446121540437741574
1446121742246707203
1446121767500533773
1446121971469619215
1446122311669534724
1446122317659049994
1446122367437078534
1446122585201135618
1446122825681543174
1446122847902973961
1446122855742070799
1446122996775538691
1446123000768598018
1446123095383674881
1446123106670501901
1446123750617796622
1446124012405334017
1446124230005833755
1446124456024285197
1446124575826137099
1446124804461903894
1446127532001021952
1446129120425902083
1446129480217464833
1446129869738311685
1446130192762621955
1446130771727507460
1446130903919464458
1446131203560534022
1446131211907174402
1446131704985382912
1446132301063024645
1446132613438001158
1446134019578499081
1446134272230789123
1446134489122426887
1446135036483301378
1446135107060842505
1446137802660331523
1446137863171571716
1446137996797825027
1446138352739127299
1446138455457554436
1446138479465811975
1446138720546017292
1446139743238909953
1446140340642017282
1446140389493129221
1446140594045083651
1446140797716291588
1446140929375551489
1446141879771299846
1446142862299525121
1446142945866878979
1446143282342350850
1446143745544495104
1446145835507458052
1446145867723862020
1446145968269762564
1446146226819244040
1446146327700590594
1446146822838255618
1446146893554225155
1446147290507350024
1446147387060207617
1446147392487636994
1446147406588825601
1446148327234433025
1446149721014226944
1446149963944062979
1446150559539421187
1446150953195823110
1446151393895587857
1446151844238008329
1446153021411368966
1446153398697402373
1446154057094103040
1446155065811632130
1446155672316375041
1446155832995946497
1446156253688852484
1446160145583513626
1446160679224807424
1446162956698357761
1446163663644073989
1446164258375409665
1446165725589037057
1446166971939102729
1446167210439811085
1446168349113655325
1446168353811275800
1446169043497459725
1446171108978270219
1446171255472726019
1446171520028450818
1446173141047250951
1446173589460291597
1446173592828346368
1446173596355727370
1446173599086219273
1446174246296702977
1446175801460723722
1446183795812618246
1446188506166947841
1446190617868963859
1446190615327215617
1446190619534102576
1446194591171072003
1446194829067644929
1446196301360553985
1446197429091590149
1446212472600473601
1446215376405086216
1446220061723664384
1446222421753675803
1446236141879918592
1446242291329298452
1446243676057837570
1446246706165678080
1446247430542950400
1446247518249971723
1446248232351195136
1446248474010218505
1446248818723287058
1446249026081288233
1446250644591898631
1446251148101316609
1446251257371324421
1446251369157914646
1446251686532509707
1446252125130879011
1446252712052420608
1446252936221192197
1446253332205432862
1446254525027848204
1446256510930018308
1446256666245173256
1446257253510643713
1446257801777479682
1446257832014221323
1446258614327332867
1446259499757551618
1446259653440983041
1446259811142803457
1446260381064724483
1446260555744899073
1446260921504911360
1446261435110019072
1446261799142117377
1446262113794625564
1446262425397784577
1446263296433164292
1446263378666659840
1446263380545716227
1446263557163606016
1446263707349118976
1446263815297929220