1451030070416396302
1451072398606823427
1451074950790455296
1451092206706511874
1451093430747107328
1451093656522276867
1451094312779796480
1451094334657335299
1451094673318035459
1451094876435587072
1451094977887436802
1451095372084830211
1451095740013449220
1451096166209261568
1451096953106808832
1451097124590874629
1451097234720755715
1451098180817354761
1451098997498646528
1451099109654368260
1451100526943244288
1451100819210706946
1451101406694305795
1451102537210204163
1451103613292478465
1451103748139352067
1451103796206071815
1451104854693253122
1451105488020541444
1451105956822065156
1451106511430762500
1451107021860655111
1451107818610716677
1451108025582768141
1451109008387952647
1451110643868700672
1451111496683978757
1451112445536346112
1451112452620357635
1451112527337701377
1451113214100471810
1451113313111199748
1451113520863461378
1451113529054957575
1451113564727513091
1451114538892365829
1451115845103480834
1451115871057825795
1451116003589378051
1451116637961129986
1451116891506765827
1451116971454464000
1451117730447298567
1451119451626106884
1451119519779344392
1451119615602401281
1451120327291932674
1451120670838984706
1451121088449036295
1451121271207456771
1451122184169000964
1451123662371709129
1451124231308136449
1451124356155797504
1451124410853646337
1451124439454605312
1451124476775567360
1451124559978008581
1451124589245833221
1451124594555842561
1451125126414561287
1451125170609934336
1451125382569095168
1451125705501122560
1451125801714262022
1451125813424705537
1451125889538813959
1451126389478813697
1451126785232367621
1451127105194889220
1451127522456866816
1451127571857371142
1451127800937713664
1451127814711767040
1451127817219964929
1451127873977344000
1451128446998835201
1451129077469876224
1451129799842222084
1451130454547963913
1451130724229156864
1451131083756425218
1451131237762883586
1451131317500866563
1451131545448632321
1451131929713995780
1451132114036920322
1451132510121779202
1451132760341368832
1451132982484291585
1451133122351812613
1451133135165427713
1451133929373638656
1451134289555324929
1451135214931963911
1451135765438631936
1451136499999645707
1451137526958198791
1451138013069647889
1451138092513972232
1451138627686191106
1451138868590243845
1451138939293618177
1451139819451531270
1451139875265081351
1451139999110348809
1451140429592743939
1451140633381392391
1451140646601838592
1451140691120123907
1451140831075651584
1451140926210859013
1451141234030891011
1451141313726844941
1451141713754423302
1451142022320963590
1451142179825479680
1451142322402443270
1451142335882878979
1451142527155785728
1451142648874483722
1451142785680113670
1451142888436367365
1451143002416553986
1451143114702217221
1451143142955094018
1451143445087617026
1451143742342111233
1451144029584822277
1451144261110403072
1451144687947968512
1451144714216824845
1451145113602715650
1451145451856711683
1451145487189372934
1451145629950873603
1451145863640739844
1451146784517107717
1451146791013941258
1451147275535740931
1451148097648689156
1451149458406658048
1451149514757185549
1451149646177263617
1451149923273957383
1451150103599747077
1451150323205083136
1451150383301238787
1451151799637794819
1451151853375295491
1451152520965857287
1451152580072001538
1451153074358087683
1451153452944408582
1451153568547815426
1451153876602671111
1451154227380686853
1451154313019936769
1451154359488684039
1451154444708573195
1451154501029613569
1451154688166875136
1451154709151027201
1451154714523885576
1451154826214084611
1451155945539596291
1451156590208323593
1451156832517459969
1451157463261085698
1451157471368605698
1451157626666950658
1451157776269381632
1451157779129913347
1451157789280116738
1451157892468396035
1451158044088287233
1451158553176129540
1451158595387592706
1451158846576021504
1451159062423429121
1451159554016755716
1451159607120826372
1451159673155903492
1451160306328109061
1451160900451246097
1451161563784613900
1451161562274668549
1451162238409056261
1451162716119339020
1451162845249359874
1451163037918892040
1451163100544049155
1451163716561485827
1451163735750426625
1451163804046221312
1451163848803700748
1451163929883791366
1451163931582427142
1451164626683527170
1451164725153206276
1451165169854271489
1451165227844726790
1451165455561814026
1451166320838336529
1451166480519745542
1451166597133996041
1451167175113248772
1451167514323406856
1451167793169133569
1451168095767183361
1451168126855385088
1451168225060818956
1451168441046425606
1451168838117064705
1451168842869137414
1451168846199476228
1451168987836944388
1451169020162441217
1451169156632481800
1451169362807705605
1451169897652707332
1451170029819424773
1451170112543674369
1451170592275660803
1451171495951044614
1451171499675508737
1451171512694624258
1451171542469992450
1451171677224595459
1451171825577127940
1451171863103557636
1451172768444149769
1451172943380111361
1451172994869460992
1451173228412424202
1451173609502773249
1451173886163259402
1451173938927521792
1451173952005435400
1451174107773501444
1451174150979014658
1451174512670625796
1451174783702364163
1451175185567019013
1451175194010132481
1451175217389203456
1451175307730292738
1451175663327604743
1451175784769486849
1451175894303739904
1451176220444426252
1451177046697136137
1451179310677585928
1451179452814168090
1451179844109148165
1451180095255678993
1451180208443199495
1451180431026515972
1451180965628243986
1451180990936670217
1451180993587470350
1451181499772903425
1451182065475469320
1451183282398191621
1451183491471724545
1451183515949682692
1451183881458118674
1451184002698670085
1451184178196729874
1451184270911807493
1451184528018399239
1451184896022487047
1451184997881184263
1451185092911460364
1451185248205606926
1451185787127566339
1451186433243312143
1451187149512929291
1451187528661299211
1451188367845068812
1451188392704675840
1451189142495248392
1451189175202430990
1451189816473763848
1451189859565981703
1451189938163048457
1451190526963683339
1451190633784176661
1451190752361418762
1451191510595108869
1451191758281347074
1451191843325026304
1451192139698753549
1451192344082935810
1451192343336341516
1451192393491877897
1451192925468049418
1451193723501498379
1451194007883710467
1451194295319339015
1451194538341531660
1451194814431588358
1451194853165912070
1451195631423217664
1451196122572091404
1451196173868355597
1451196417121259521
1451198152862621705
1451198460103823365
1451198749171085319
1451199270363693056
1451199810598432774
1451200168167047189
1451200879781040142
1451202183353962497
1451202339126218756
1451202408520962050
1451202470756061202
1451202851934408710
1451202924982390788
1451203073435521030
1451203161549459456
1451203599493599242
1451203985818460164
1451204302463135754
1451205192301481984
1451205614168776713
1451205777318809604
1451205793831809031
1451205888870477825
1451206806382866433
1451208359445553161
1451209044446769155
1451209060833841158
1451209070392889349
1451209505362964487
1451209671646146572
1451210515871518720
1451210822064160777
1451210895158222848
1451210951206715397
1451212122721951750
1451212252120371210
1451212260974600198
1451212384429744130
1451212573345402885
1451212738605117443
1451212887536459789
1451213130944573451
1451213322187988997
1451213499498045441
1451213693962780681
1451214028445937672
1451214106661322755
1451214126248710147
1451214134389854211
1451214979890233353
1451215131254431749
1451216057587298304
1451216402602356739
1451216402249961475
1451216709784719362
1451217070851387394
1451217307691208705
1451218178667913224
1451218514144948230
1451218735541329922
1451219965021868036
1451219970512146435
1451220348725186560
1451221307153010690
1451221305466896385
1451223142764990471
1451223355844005888
1451224703935287297
1451225064737628164
1451225342765461504
1451225969600040966
1451227375300087811
1451228089598431240
1451230616024862727
1451230849110708227
1451233067280973828
1451233350849482755
1451233416699998211
1451234354273861640
1451236320949379072
1451236633123168270
1451238026701525031
1451238253894389764
1451243527837347845
1451243731995136004
1451244787483299842
1451246529788796930
1451246745384456194
1451247266769997832
1451248074521645063
1451248359918821379
1451248783069642756
1451249675944665090
1451250516466405393
1451251847008702464
1451254623839260698
1451267948061069322
1451271359095508995
1451286141613846532
1451295670321618944
1451306239502139416
1451307385784451106
1451309332809728024
1451309821186097167
1451313219188887552
1451313859290021893
1451316074553622573
1451317301454651405
1451320343553970178
1451323537038319618
1451324934471311366
1451324959901446149
1451325557287710730
1451326448308875269
1451327749172260864
1451328726176702467
1451329040921423878
1451329815064113176
1451330139715895296
1451330753300602881
1451331395930845196
1451331927542157312
1451334380220076032
1451335223329787908
1451335727782920193
1451335952807301121
1451335960197623810
1451336816120926217
1451336931191623680
1451336945821372417
1451337190756085760
1450975128406405120
1450975171624390658
1450975406371196931
1450975785515368451
1450976115875454981
1450976385003106304
1450976524375494659
1450976961782632450
1450977447822778371
1450978107045801985
1450978532457279488
1450978952390987776
1450979116107190272
1450979488133632003
1450979561869492224
1450980077429161985
1450980632138379265
1450980911835541505
1450980972044845063
1450981018605785089
1450981548958752770
1450981917709402113
1450982200053170176
1450982618678239232
1450983248876621827
1450983288059817992
1450983326643150848
1450983414102953991
1450983491772895234
1450983541504831493
1450983595653226496
1450983786523488256
1450984058905784323
1450984338498076672
1450984387852464131
1450984913688170502
1450984982588141576
1450985209592119301
1450985645086687237
1450985835759685632
1450986007591993345
1450986226316562433
1450986314237571072
1450986468529229825
1450986972839755777
1450987195498598407
1450987260636188673
1450987309654888452
1450987844713861124
1450988121248571397
1450988441647271937
1450988566515892230
1450988709277356035
1450988921056227332
1450989138350534658
1450989631575523331
1450989775305936899
1450989803948822529
1450989921389342723
1450990099064311810
1450990125035311105
1450990215753916418
1450990230132068352
1450990284104368128
1450990494796828673
1450990872036659206
1450990925795127301
1450991159820439554
1450991479770419200
1450991484421820416
1450991797048516616
1450991843424890880
1450992005706772480
1450992060358541314
1450992115849125888
1450992257474064386
1450992301098995714
1450992611322327042
1450992647540068352
1450992703269859332
1450992811872980996
1450992824883703808
1450993936021917696
1450993990703198208
1450994027625467904
1450994520229703682
1450994663352004613
1450994676228448259
1450994752623505408
1450994767697891328
1450995303247581184
1450995327675162626
1450995430565683203
1450995516989337601
1450995561755136000
1450995749236318212
1450995752960888835
1450996032343400450
1450996188325441543
1450996617612386307
1450996891789848579
1450996888304455682
1450996903802327041
1450996974027632647
1450997033007943684
1450997470528356354
1450997729811783681
1450997931025203200
1450997943855554563
1450998102987395078
1450998189415288832
1450998287922647042
1450998356398927876
1450998467057225730
1450998544622501894
1450998591246512129
1450998612276568065
1450999932387688453
1451000034477023232
1451000674464845826
1451000869315436551
1451000906770640896
1451001657723023360
1451001929354547201
1451002309870297091
1451002695083384832
1451003109598060546
1451003385298120708
1451003429095018497
1451003566986907648
1451003655985971204
1451003733546921986
1451003745454596098
1451003768137420802
1451003941584465925
1451003947083198468
1451004170631147523
1451004226155401216
1451004353301471238
1451004791958638595
1451005010418884608
1451005278426595330
1451005297330311168
1451005352590262275
1451005379417190400
1451005703863209985
1451006194944929793
1451006345822420995
1451006403791912971
1451006417805004805
1451006438910750721
1451006802770882560
1451006891249729539
1451007086289059841
1451007483854528517
1451007612913217539
1451007806941765634
1451007908628471812
1451008006372540418
1451008013779701767
1451008381745983490
1451008565695582213
1451008593419927560
1451008636780638214
1451008858189484038
1451009090218434560
1451009261899685892
1451009497825120259
1451010004878692355
1451010416759296002
1451010658489667586
1451010861716312070
1451010891386740741
1451011593131544580
1451011591671930887
1451011651923152897
1451011716779634688
1451011909893771271
1451012547105095680
1451012774855778310
1451012820691140610
1451012892740886529
1451013032721616896
1451013053596594178
1451013106461655042
1451013122605469698
1451013172001918976
1451013380668416005
1451013438432374790
1451013533018120200
1451013632435777541
1451013859800539147
1451013873675476992
1451013871615950848
1451014079057858561
1451014093343641603
1451014828177297410
1451014838969200641
1451014861488418819
1451015031856926721
1451015361579552768
1451015384111501313
1451015573949743106
1451016213316788224
1451016223618048010
1451016643132284928
1451016928626053122
1451016932207984645
1451016949815644166
1451017111443152897
1451017268293369857
1451017412036284421
1451017667062628361
1451017678215204869
1451017681734234114
1451017928405491715
1451018175022129155
1451018235336269833
1451018233503358976
1451018361974837250
1451018363547766785
1451018490152841221
1451018724274671618
1451018771133452289
1451018815706320896
1451019050444738568
1451019100356964353
1451019120158277632
1451019295907987456
1451019391303225347
1451019430536744961
1451019608094232578
1451019790156324867
1451019853762940935
1451019932745961479
1451020079936663554
1451020354525093892
1451020403053195267
1451020433877307392
1451020440298655744
1451020536411160578
1451020664249462790
1451020841790029826
1451020942562324489
1451021303394168833
1451021654910328838
1451021867528056841
1451021898192601091
1451021946762653700
1451022084449071106
1451022184898449416
1451022258307141633
1451022506966454280
1451023085780430850
1451023157230555136
1451023158832685056
1451023163572187138
1451023173852434438
1451023181838389248
1451023377808838659
1451023408553070598
1451023545505501185
1451023548592517123
1451023812003196929
1451023868311728130
1451024189750534148
1451024208083898371
1451024220553572354
1451024440775438344
1451024642961936389
1451024658719854594
1451024836650618887
1451024843986509824
1451024863905255424
1451025104649875458
1451025206219194368
1451025426948575242
1451025665709395972
1451026089275363329
1451026396176736256
1451026412119363585
1451026487193128964
1451026674439503876
1451026934628970505
1451026952085671940
1451027022973575168
1451027103692955659
1451027237524754433
1451027235054383113
1451027732838567939
1451027874434064386
1451027964565417988
1451028080080740357
1451028304274726917
1451028347287334919
1451028354308608004
1451028450542702592
1451028457740066817
1451028674359091204
1451028695297130500
1451029227059367937
1451029359033126916
1451029363386818564
1451029361851699201
1451029711669252096
1451029788504719364
1451030059775676417
1451030213605793795
1451030227749064707
1451030264805662724
1451030308019585029
1451030332896006149
1451030427896999941
1451030447106891784
1451030588979224578
1451030618540675076
1451030686559662082
1451030703664091138
1451031214765133830
1451031374618451973
1451031446429192192
1451031501156413443
1451032273030029315
1451032921448468480
1451033120031981573
1451033162398666758
1451033338676875266
1451033542897528838
1451033563155992585
1451033877372301312
1451033906073853959
1451033995194486786
1451034221623926796
1451034279882870787
1451034713473179653
1451034990981095425
1451035137316065286
1451035222556831746
1451035516640583680
1451035541911203843
1451035585167060995
1451035591378755587
1451035613654777863
1451035658013667340
1451035710065020929
1451035707837849601
1451035711868583941
1451035753413152772
1451035836619788289
1451035853640253447
1451036001720168448
1451036101137735687
1451036145031073796
1451036156129267716
1451036321154158595
1451036560959311872
1451036601757409281
1451036671714025476
1451036692517769216
1451036865226706947
1451037529981927427
1451037742909968385
1451038108628176910
1451038118535208965
1451038173052563460
1451038340749271043
1451038729942929408
1451038732430176259
1451038750352437255
1451038791070728195
1451038817884930050
1451039015151362049
1451039121401466882
1451039152086994956
1451039502508576769
1451039506681851906
1451039565003644928
1451039691948511233
1451039996043935749
1451040439469887488
1451040647897509895
1451040732228165638
1451041029226782724
1451041271917662215
1451041278007799813
1451041343459848193
1451041607671631874
1451041679935295488
1451041798042701832
1451041805861011456
1451042091958607876
1451042136338493442
1451042310725070852
1451042380367286272
1451042431625875461
1451042651579420673
1451042763550515206
1451042888205291522
1451043127855235076
1451043461386305540
1451043816589250568
1451043838336770049
1451043960797925380
1451044019564285952
1451044210929401858
1451044760966221824
1451045149849522181
1451045186071523328
1451045202643193862
1451045202307678213
1451045314673057793
1451045518444957699
1451045595989217281
1451045833944682496
1451045832627671041
1451046032234598400
1451046130339303432
1451046240720809992
1451046703553908740
1451046848370708480
1451046893761359873
1451047244669485057
1451047285995945985
1451047352769277960
1451047625961000961
1451047647444299776
1451047654599782401
1451047815766020096
1451047858824568833
1451048087711977475
1451048103969165312
1451048195170004996
1451048201985814528
1451048490377748481
1451048662407139330
1451048658854559744
1451048946629939203
1451049000828739592
1451049457399721994
1451049570679484418
1451049702703599621
1451049736169934850
1451049959281758208
1451050071856873474
1451050411293429764
1451050475118215169
1451050803196747782
1451051138757787651
1451051206827143169
1451051523618705408
1451051564160806912
1451051721283694593
1451051880319172611
1451052280602497029
1451052375846780929
1451052670408478720
1451052743120986119
1451052818404495360
1451052848909733891
1451052988689108993
1451054338726522885
1451054347177975811
1451054460671696898
1451054527713476609
1451054539151339529
1451055187561312257
1451055380470001667
1451055552222543874
1451055814458822659
1451055864622686216
1451056039676182543
1451056103731564544
1451056399136395268
1451056462910820354
1451056563821576193
1451056750761676803
1451056756025532417
1451056753676673033
1451056841736085504
1451056965715591175
1451056963459055621
1451057567992463360
1451057621939601411
1451057679024091136
1451057764931829765
1451057915452792834
1451058081505243138
1451058164254711818
1451058175227088896
1451058953316536326
1451058964825731078
1451059011835494403
1451059148955611142
1451059370498744322
1451059481975001092
1451059608068366339
1451059676263731201
1451059966563926023
1451060096855732230
1451060327659884544
1451060374640357382
1451060565607018505
1451060583659278337
1451060842099732492
1451060870625120263
1451061013105688576
1451061168873762823
1451061185017618435
1451061206307930117
1451061444208848898
1451061537364328448
1451061555710230528
1451061653861109766
1451061705610465287
1451062027254857728
1451062127762886662
1451062130367623174
1451062561764352000
1451062617590550537
1451062911430914048
1451063220035198981
1451063413744955395
1451063900078678020
1451063916889456642
1451063991975874564
1451064765053382663
1451064886708948996
1451065078250278914
1451065090896109580
1451065178192179204
1451065273977425925
1451065299847892993
1451065348434710529
1451065356508807168
1451066000502190081
1451066428711444480
1451066613097111555
1451066855079038976
1451066879938682891
1451066883294171137
1451066927778914306
1451066932564664320
1451066981336027136
1451067130808467458
1451067136172912640
1451067244084006917
1451067276338163713
1451067329467469828
1451067412846055427
1451067416406986759
1451067644187004930
1451067665762582529
1451067667964579843
1451067770242695168
1451067931622666242
1451068257511768067
1451068576207544324
1451068616359612417
1451068632444727297
1451068825298866178
1451069036398141443
1451069276744339457
1451069308767850499
1451069471569838080
1451069515140194309
1451069542336122881
1451069782472552452
1451070007698329603
1451070145342832644
1451070518224896002
1451070759460225025
1451070807535325185
1451071089044455426
1451071140634394624
1451071239473172483
1451071621486157833
1451071813413339139
1451071866592841732
1451072019949244422
1451072596422717440
1451072717914996739
1451072839256211456
1451073236440027136
1451073240890150915
1451073278882324481
1451073388781314052
1451073416153337857
1451073446134255626
1451073514262470660
1451073658399518722
1451073718512328707
1451073854919479298
1451074053737877506
1451074217340899330
1451074496543137793
1451074792224821249
1451075847826272257
1451076250848555013
1451076511386116096
1451076693519581189
1451076899841605632
1451077031135825923
1451077068775591940
1451077344299393032
1451077748588351489
1451078077082075142
1451078286180687873
1451078473536081924
1451078558776913926
1451078614229737475
1451078737202585602
1451078838230781953
1451079008444051460
1451079041780379648
1451079311331524611
1451079373512056833
1451079429069754372
1451079891433050118
1451080156588638210
1451080172992487440
1451080354975010820
1451080450965868548
1451080949802749955
1451081000054714368
1451081007264776197
1451081141574770691
1451081162688974856
1451081208939507720
1451081302610833412
1451081350170103814
1451081429320802310
1451081451814879233
1451081641678413824
1451081664277344259
1451081690575634433
1451081734791974921
1451081761882996737
1451081949594877952
1451082003655245826
1451082005173530624
1451082076535459842
1451082232639070208
1451082314147106819
1451082318307905542
1451082322019713027
1451082342248980481
1451082421332373506
1451082448964448257
1451082683757432833
1451082730653896718
1451082881749585925
1451082885935484928
1451082977811701764
1451083160851128324
1451083322528960514
1451083412194742274
1451083664226328576
1451083814327894016
1451083929528635399
1451083969957548033
1451083974495727616
1451084284270239748
1451084383486545924
1451084570237882371
1451084720897355776
1451084807836815368
1451084872496279555
1451084910559645696
1451085128957005824
1451085209747660800
1451085269776547840
1451085436579844099
1451085477872738314
1451085480846508034
1451085574970871812
1451085619237572613
1451085741484752897
1451085809826746369
1451085880337178625
1451085925455335424
1451086184789073925
1451086213415247874
1451086322634932225
1451086602495676417
1451086625971195904
1451086988874960896
1451087027974270980
1451087252675653638
1451087353309589506
1451087460641882113
1451087623590584325
1451087894190432259
1451087899806547970
1451087949450211329
1451088121186033664
1451088448559869956
1451088592336470018
1451088679280136192
1451088789921845249
1451088804220080128
1451089169665515520
1451089257758539778
1451089257515290625
1451089289782067202
1451089772051517445
1451089808768393221
1451090067594756098
1451090319382958081
1451090529488232449
1451090591786287107
1451090744660299777
1451090887149191170
1451090892295577604
1451090904282906627
1451091573978984453
1451092237769592837
1451092276499791878
1451092282292142080
1451092513792540687
1451092564786835458
1451092581404659714
1451093052412477441
1451094026807955461
1451094909797109760
1451095912303009798
1451095953688055816
1451097449511079937
1451102549721825280
1451103064954376195
