1452787454931451906
1452788849109659648
1452789448169582595
1452789504796880900
1452789673181384705
1452789800927260672
1452789869361582082
1452789991080292353
1452790307536343040
1452790415753572358
1452790576600940548
1452790703419920386
1452791472395198469
1452791514812194818
1452791622370951168
1452791962369626113
1452792269589803009
1452792758209372163
1452793391436099587
1452795359407656962
1452796290882961408
1452796941226557442
1452797192779931648
1452798009465393153
1452798235936911363
1452798581157416960
1452799393455689730
1452800069220978690
1452800169498406916
1452800730637619204
1452802005353697280
1452802119770116098
1452802157061623808
1452802174451269636
1452802203404550148
1452802400499032070
1452804152724123648
1452804884051333120
1452804912610381824
1452805005056958464
1452805835214626817
1452806743898017794
1452806823740772356
1452807711419076609
1452808092802904068
1452808541337575426
1452808792429633544
1452808880451297280
1452809787909890055
1452810460261064707
1452810950709420034
1452811011447136257
1452811137850904579
1452811137397911552
1452811364297154567
1452811856049963008
1452812026036703237
1452812069569400832
1452812098904358912
1452812168773062656
1452812493445734400
1452812504443150348
1452812550161137669
1452812638153363456
1452812670730604548
1452813627279347712
1452813671441190914
1452813821039366145
1452814312574128129
1452814503368749057
1452814969427279874
1452815076654682116
1452815571645440006
1452815959912161283
1452816017147633665
1452816034138767365
1452816429699330049
1452817258854690828
1452817684375109632
1452818380281434112
1452818961100247046
1452819049964924928
1452819119640776705
1452819138393436162
1452819151311888385
1452819507622207488
1452819626891505667
1452819631979184132
1452819747683274752
1452819821012271104
1452820176001323012
1452820841335427075
1452821628660846595
1452821630611169284
1452821672780726275
1452821983343697921
1452822030894518273
1452822429622022145
1452822733968969729
1452822884833841152
1452824729916620804
1452825331568549898
1452825422677168134
1452825490490679297
1452825727905112064
1452826348574085121
1452826881976242178
1452827207018057729
1452827704567369729
1452828105723158530
1452828327908192265
1452829076209774596
1452829329218441216
1452829681527439365
1452830792913088513
1452831026896539648
1452831375342538757
1452831508578766850
1452831566921707524
1452831621032267778
1452831662426005517
1452831713382395913
1452832496949731329
1452832964774010881
1452832991642677255
1452833077458206722
1452833082977886209
1452833550173048840
1452833619299344388
1452833807652974593
1452833849742749698
1452834399385391105
1452834507724234753
1452834996809449475
1452835700861112322
1452835897167081476
1452836882744705029
1452837123535491078
1452837463810981892
1452838502849134593
1452838616787390466
1452839232133746688
1452839508521586693
1452840464084656130
1452840723015880711
1452841496382640129
1452841587550023680
1452841771692482570
1452841802914938884
1452842538360999936
1452842647924604934
1452842679713206276
1452843101244977152
1452843246040731651
1452844034221907970
1452844254875643910
1452844596573052929
1452844638440603649
1452845827932573697
1452845930772779010
1452846265994072066
1452846608400338949
1452846702323376132
1452846798163230724
1452846852965994496
1452847200417947660
1452847265668689924
1452847401413144581
1452847463715332100
1452847491422961669
1452847610469834754
1452847620846604288
1452847682746130438
1452847786257383428
1452847830448545795
1452847975860826127
1452848058060918792
1452848060334182405
1452848093699850240
1452848110850347008
1452848262126342144
1452848459560591360
1452848773089021952
1452849822709415944
1452849979270172678
1452850409429606401
1452850976860246023
1452851288849272838
1452851678542106624
1452851778618200065
1452851807735058440
1452852372602966019
1452852502240522241
1452852556246380544
1452852775130333185
1452853087488466944
1452853297061117953
1452854097208434692
1452854493524070403
1452854510599081985
1452854624956796930
1452854677121351680
1452854817055903749
1452855009305980934
1452855686656770049
1452856099980251142
1452856360660455429
1452856756569194497
1452857292504719364
1452858119499890690
1452858478775586817
1452860886633238528
1452861673870487554
1452861739247095810
1452862049235595264
1452862554519191554
1452862782978736131
1452862819494350850
1452863018333716488
1452863892787372033
1452864197864275969
1452864517063335937
1452865039430393863
1452865457342476289
1452865552309886985
1452865584853446657
1452865729833816065
1452865857378570241
1452865865037193219
1452866374821244928
1452867057268101121
1452867655434522625
1452868749812383745
1452868821732102152
1452869639210364931
1452870310592593921
1452870310244413452
1452870357002694663
1452870554344513540
1452870578768003074
1452871871863480325
1452871886283493376
1452871892222627844
1452871899793346561
1452871897687814145
1452871903249534986
1452871906198052865
1452872265578602504
1452874326831616003
1452874512798674948
1452874554632654851
1452875084574511104
1452875234537738247
1452875583935811588
1452875677682651138
1452875799283994638
1452875851389804547
1452876280177725440
1452876296506134530
1452876485727952899
1452876936045162506
1452877074570432519
1452877091775471616
1452877260202020873
1452877656660357121
1452877675475865604
1452877695197450242
1452878026169995265
1452878155786579968
1452878722160160769
1452879272788434946
1452879287619502085
1452879306217046016
1452879399074762752
1452879585444450305
1452879596479647753
1452879715048386560
1452879807117553671
1452879916651876355
1452880235024633856
1452881311979368454
1452882591825072129
1452883563360055298
1452884951913750528
1452885467406340096
1452885711565119489
1452885743454457856
1452885966385913859
1452885974690582530
1452886864982020096
1452887545902100480
1452887991874031617
1452888134392299521
1452888213803061251
1452888336217956363
1452889255332646913
1452889888160841728
1452890331167399936
1452890337999929345
1452890870278094850
1452891001421328387
1452891295467196418
1452891387993595909
1452891630562775043
1452892154859196416
1452892244596256772
1452892411424743424
1452892595303051267
1452892672536940545
1452892733677314057
1452892816078639107
1452893131758714882
1452893376013955083
1452894201935446016
1452894491027800065
1452895160124141568
1452896127737499655
1452897106113425412
1452897478999638020
1452897618820882433
1452897869199863813
1452898704659083272
1452898722099068928
1452899572800311298
1452899981552140294
1452900612337651712
1452900640607256576
1452900885663662081
1452901539241086977
1452901818594332673
1452902275173662724
1452902354953519108
1452902452122972164
1452903260478599173
1452904827088818179
1452905488572575750
1452905670026563586
1452905867632734208
1452905940311674880
1452906257895944200
1452906296135467009
1452906977290440706
1452907223328301056
1452907373119426564
1452907390978953219
1452907653429071875
1452908470848552961
1452909229421969412
1452909296052625413
1452909558469259269
1452910030643097604
1452910482478682114
1452910691971522564
1452910902341083137
1452911284949688323
1452911947360321538
1452912256795115522
1452913054690287616
1452913108079370241
1452913441551704070
1452913526603878404
1452914012342026242
1452914236162641922
1452915447838371845
1452916157107769347
1452916571840466947
1452917197840420864
1452917299053096970
1452917296813330437
1452917407157194752
1452917544247988226
1452918204989263875
1452919011201601536
1452919158891503619
1452919324394487811
1452919532159340547
1452920719218655235
1452920733257003011
1452921020361412611
1452921392719032321
1452921398041583622
1452922568860602372
1452922958012305413
1452923007295385605
1452923100102737920
1452923197465055235
1452923199268679683
1452923200942215171
1452923498330877954
1452923629360988165
1452923783363371010
1452923832491118593
1452924567463206912
1452924805104103426
1452925071538884617
1452925153533251586
1452925226866466830
1452925534615212032
1452926367528472579
1452926472050544641
1452926926260039681
1452927100113997826
1452927212210966530
1452927243064254465
1452927850781106190
1452927984994701317
1452928125608738819
1452929101631606784
1452929386508783620
1452929945764646913
1452930211050188801
1452930418798301186
1452930502667669507
1452930826492989443
1452931160649072642
1452931342828593153
1452932259619606531
1452933043811803138
1452933087180984326
1452933655316230145
1452933680880517120
1452933785733894149
1452934739673825287
1452934802642927618
1452935149373431812
1452935477170892803
1452935725041602567
1452936941595283460
1452936950885728268
1452937340339384322
1452937687233544194
1452938060300120070
1452938739550851073
1452938999299862532
1452939267664056329
1452939388141273092
1452939435180392450
1452939894641213442
1452940238284750851
1452940621686063104
1452940796961771522
1452941158221451271
1452941798918144001
1452941839586131971
1452942037506920452
1452942395343925253
1452942635958620179
1452942658289102851
1452943149978963969
1452943454175072258
1452943461296971784
1452943471388463105
1452943690016514054
1452944735266500611
1452944747308462081
1452944844892950536
1452945020068139008
1452945525024559115
1452945694981976065
1452946542092898305
1452946570828083205
1452947103295016962
1452947644028833803
1452947751063355393
1452947820378423299
1452947990092533763
1452948885257609235
1452949731815002112
1452950189107417093
1452950774044979201
1452950857218080768
1452950957059280897
1452951030874837012
1452951207702532101
1452951546119946241
1452952375572922370
1452953212097425410
1452953339059077120
1452953864546758664
1452954205304410113
1452954355473305600
1452954566979248139
1452954758394703883
1452954818343882752
1452954945150337026
1452954989052108804
1452955515852525568
1452955520101322752
1452955524526264322
1452955568549728256
1452955778453700608
1452955806375165955
1452956487010062337
1452956758641557505
1452956944621137924
1452957149110358024
1452957300604301316
1452957563511705602
1452957748136583170
1452958201737973772
1452958488934563843
1452958764663902209
1452958957308297226
1452959022890450945
1452959346166431754
1452959458338897928
1452959866566316040
1452960011974365191
1452960061307834373
1452960128903245833
1452960959949987841
1452960976723066886
1452961126900133892
1452961245657661442
1452961255417790466
1452961297612431365
1452961342135046151
1452961479309680645
1452962111278104579
1452962393428934659
1452962400769126404
1452963222630268929
1452963716673073153
1452964156852867081
1452965082829189124
1452965195219800071
1452965408491724806
1452965734078767104
1452965783592570881
1452966192361054208
1452966314297880582
1452966313047904263
1452966901819207683
1452966953589510145
1452967030819213313
1452967377151221772
1452967425364824065
1452967743171358723
1452967903976853508
1452968010902241289
1452968196210761738
1452968442332475392
1452968689532223489
1452968737712209924
1452969059792736264
1452969732705906695
1452969911756607496
1452970298014269441
1452970524850540550
1452971132433227777
1452971486520688647
1452971586764505091
1452971973953212420
1452972025106997254
1452972700423503873
1452972784523493377
1452973110399963136
1452973332119232516
1452973441343057923
1452973445768114176
1452973497706180610
1452973593290231820
1452973886006448131
1452973990129979397
1452974092760453122
1452974663458451462
1452975132075454467
1452975533092835336
1452975895027748869
1452975947129315335
1452976045016195078
1452976216110030859
1452976656667213830
1452976761071751168
1452976965036613650
1452978322229637128
1452978339950456835
1452979196028854276
1452979461666660354
1452979955692834817
1452979965654286342
1452979993215070218
1452980294433136644
1452980565615923201
1452980797011423234
1452980908735168516
1452980954713051144
1452980989488107523
1452981182191206400
1452981232816431120
1452981387200372739
1452981570789281797
1452982419846352903
1452982418122543106
1452982919396409347
1452982990171041797
1452982992373108736
1452983638979584004
1452984173401022465
1452984459481870341
1452984764416233475
1452985012890968065
1452985306790064131
1452985401304489985
1452985420736724992
1452985597778296837
1452986548463357953
1452986597008306176
1452986711764463617
1452987125348057089
1452987242952019978
1452987898123337733
1452988376588587013
1452989526540959750
1452989547634069505
1452989759119310860
1452989921463992322
1452990012522315777
1452990271692677125
1452990324842934278
1452990574924075014
1452990811717574661
1452990950645460992
1452991862898413574
1452991904614862850
1452991983065042945
1452992207540064261
1452992339077705740
1452992537266896911
1452992558632681474
1452992796990877717
1452993589764628484
1452993724154269698
1452994115579392004
1452994774278021129
1452994950963007489
1452995240353320976
1452995968585113600
1452996984390967307
1452997176125177866
1452997228310769667
1452997591914983435
1452997637800661006
1452997674559492106
1453000271127326737
1453000424345247765
1453000554565808130
1453001023312867329
1453001538037768198
1453001762449809427
1453002030138728462
1453002947609124878
1453003173451472914
1453003287209390090
1453003511613038603
1453004248766164993
1453004429339287553
1453004861944041485
1453005497917919234
1453005605199810568
1453005692734955569
1453005765522907144
1453006020834480136
1453006057689714701
1453006733861867530
1453006769089880075
1453008227441029134
1453008527585316869
1453008647060135940
1453009308434812930
1453009591407628306
1453009631555604486
1453010692995436565
1453010900324126720
1453011053206507536
1453011198811725847
1453011411920097287
1453011433575395335
1453011680787636228
1453011819086426132
1453011904172023808
1453012684920786945
1453012841619931150
1453012963082768385
1453012998440853512
1453013078946295825
1453013206809694213
1453013613350998025
1453013886739881993
1453014139845152770
1453014274750754826
1453015524422471680
1453015617930358785
1453016815160815623
1453017258549137409
1453017269378764806
1453017336315715591
1453018150803476482
1453018869908398080
1453019724426539011
1453021772308094985
1453021784651960321
1453021798090493955
1453022412476334082
1453022749845188614
1453023078733156355
1453023085175533570
1453023328617127943
1453023670889168899
1453023933842608142
1453024563168563206
1453024753392910336
1453024887916744707
1453025236006305799
1453025390465671173
1453025897129263111
1453026199358218241
1453026225891397635
1453026863643693056
1453027483180171267
1453028212330487815
1453028761100689408
1453029017225891846
1453029033520758785
1453029228778192896
1453029629262852099
1453029809487974403
1453030415082557443
1453030490366099461
1453031652117020675
1453032124886380547
1453032827469979651
1453032977194094593
1453033153795268609
1453034126152405001
1453034124701147137
1453036361657688066
1453036546282561544
1453036645284937731
1453036731490394113
1453037009249861636
1453037466298978308
1453037754422423555
1453038257306890245
1453038776956035083
1453039097514127364
1453039528969576450
1453039973142196224
1453040297831661575
1453041047995514883
1453042731022884870
1453042949114138626
1453043253138182144
1453043529530236930
1453043604042125313
1453044114010697731
1453045252994920457
1453049859544530945
1453050361741123588
1453051709081604098
1453051966175649797
1453052940134928389
1453056099788017666
1453056257917554689
1453056570225479690
1453057423552368647
1453057584458575872
1453057637319278597
1453057822497775623
1453058611886755840
1453058912920375299
1453059836116025347
1453059840813584387
1453061060907261955
1453061192893624323
1453061420262858756
1453061505230917633
1453061586361405445
1453062160385380352
1453063397000450048
1453065324002041858
1453069947312033794
1453072426649079810
1453085541927309314
1453086320180531210
1453086461985710081
1453096851209474053
1453104111277150214
1453104139911630848
1453105737983533060
1453109185143525382
1453119581925478401
1453123730545135620
1453127547147804674
1453127696981057539
1453127843207008263
1453130569219391498
1453131496299061249
1453131546282577921
1453132563116027904
1453133566171250688
1453133743510548482
1453134352305561600
1453134458584924160
1453134521281531907
1453134858444627970
1453135090226061317
1453136783240151052
1453137330013757441
1453137722671976453
1453138196691251206
1453138531740618758
1453138728671531012
1453140117959299077
1453140408372850693
1453140619174375425
1453141607859953664
1453141948290633732
1453144271050084355
1453144802959114241
1453144805261725699
1453145391675764740
1453145718869291008
1453147307436773378
1453148854916829184
1453149010823290883