1450507411983269888
1450292300601446401
1450292944234156032
1450294183349026816
1450295640429260805
1450295935829827586
1450296086082441217
1450298563796160519
1450299437830471685
1450299435506802695
1450299758183006215
1450300199574798338
1450300613145726976
1450303190763769856
1450303605425070080
1450304851993239554
1450304938274267137
1450305080280825862
1450306591383687168
1450306602632822790
1450306754139414533
1450307620892336134
1450307799628476426
1450308382393466884
1450308752708489222
1450309058339110915
1450309289742987265
1450309338099191818
1450309878564548608
1450310176716701699
1450310414143688707
1450310524252549127
1450310661129453572
1450310845812989958
1450311054714568710
1450311543950696452
1450311856720162823
1450312209670696961
1450312893359017984
1450312928234672131
1450313418989129734
1450313556927205376
1450315156395683841
1450315225589157894
1450316283791089670
1450316629523398665
1450318240727531527
1450318247065112578
1450318638095880197
1450318719763161089
1450319554685583364
1450319992126271489
1450320788578390019
1450320793590632451
1450321279232344072
1450321405485060102
1450321489912283138
1450321492353368064
1450322601855774721
1450323136851836933
1450323376984113157
1450324111608143875
1450324570121015297
1450325150906269703
1450325838772064257
1450325923090219011
1450326156268371972
1450326720708448260
1450326760529170432
1450328036973314064
1450328101737484289
1450328875594964998
1450329394216529924
1450329492203859970
1450329525045260298
1450329620331393024
1450329832437403648
1450330200101646336
1450330322701225984
1450330543401287681
1450330736829997058
1450330821303234566
1450330828806918147
1450331883980480512
1450332079258882052
1450332657028534278
1450333356709662721
1450333399051161600
1450333529741479940
1450333534971854851
1450333562897502210
1450333592333078529
1450333817789566980
1450334060153163779
1450334152876716040
1450334528333959173
1450334647179563008
1450334648492433408
1450334860199923712
1450335204074311683
1450335251352276994
1450335363587731463
1450335488347312132
1450335585982316545
1450335714554441731
1450335717222092805
1450335814659940357
1450336074513879045
1450336468744892418
1450337582160793601
1450337691329986563
1450338056737751041
1450338171061899266
1450338266150965249
1450338428923432960
1450338690903904258
1450338780741713927
1450338944575361025
1450339030239834115
1450339139329540100
1450339467361804293
1450339521321586690
1450339558260830210
1450339779048996865
1450340155944955905
1450340223032827907
1450340431921770510
1450340433918246917
1450340547697147906
1450340552835100677
1450340556064784388
1450340712659120131
1450340995871088640
1450341777118924800
1450341931284779010
1450342044241522693
1450342240878927883
1450342466578575362
1450342759382990850
1450343088187076612
1450343669303627780
1450343804846804996
1450343889068445701
1450344880962629639
1450345314720763907
1450345332466880516
1450345910949400577
1450345991836631040
1450346336553816065
1450346447681982467
1450346652959588356
1450346715094007812
1450347123904421896
1450348837881597955
1450349040139325446
1450349142945927169
1450349167721664512
1450349211182977027
1450349244854976513
1450349518432526342
1450349715158024193
1450350127915302914
1450350700043460611
1450350940578467844
1450351374852521984
1450351641589260289
1450351785013481473
1450351884389126148
1450352157308305409
1450352245891993606
1450352339034918916
1450352664957505542
1450353131661889536
1450354127175761921
1450354645033836544
1450354738629730305
1450355530011082753
1450355966352846849
1450356255785054212
1450356312521383941
1450356332440088581
1450357528450138113
1450357544011149314
1450358211937062920
1450358830114623494
1450358835810500610
1450358996259381257
1450359172579553281
1450359346118881285
1450359512100073476
1450359692065054724
1450359827528441856
1450359941907161088
1450360014770565122
1450360074673668098
1450360254407974912
1450360523401281537
1450360560583802880
1450360583384023045
1450360738086674437
1450360873113948162
1450361035068567552
1450361069734547457
1450361254485192706
1450361393614520324
1450361393660661761
1450361794799669252
1450362389514178566
1450363037706178562
1450363097848422401
1450363120908750851
1450363286415806464
1450363309224443904
1450363340086145024
1450363473842487311
1450364315450560512
1450364529754341378
1450364601736974337
1450365071591305221
1450365364328488960
1450365512555266048
1450366002655490050
1450366501261701122
1450366856447938560
1450366977503948810
1450367235466293252
1450367551259635716
1450367918420553730
1450368181013413888
1450368611080544258
1450368788784771075
1450368983706705927
1450369381779718144
1450369761649463296
1450370142945177601
1450371558501871616
1450371635437924357
1450371964804087808
1450372268954054662
1450372387963170819
1450372565197672448
1450372602866778114
1450372962645790724
1450373085513666564
1450373099094876160
1450373539601682434
1450373935313260549
1450374021103570945
1450374021493624837
1450374196140265474
1450374275496439810
1450374367737573380
1450374431205851147
1450374721577521160
1450374891652354052
1450375119310766080
1450375160800837632
1450375330544250880
1450375478934528000
1450375510077296645
1450375606156214276
1450375644273991681
1450375695507464194
1450375791582199808
1450375964043612168
1450376261470019585
1450376286287720450
1450376360472416256
1450376531889385474
1450376734977626117
1450376844675403780
1450377099034841091
1450377716369264642
1450378312581201924
1450378387923611651
1450378700847943680
1450378722067075075
1450379035419156482
1450379500991115264
1450379936678567939
1450379948963688452
1450379952965234693
1450380610539687942
1450380663798919172
1450381097359925250
1450381294265790466
1450381412603871232
1450382299149656075
1450382493710884867
1450382624233377798
1450382826017210369
1450383440138813440
1450383775959904256
1450384113244917762
1450384581421518853
1450384813332914180
1450384830655389696
1450384969868529666
1450385019747254281
1450385271086747648
1450385568471269379
1450385869559386118
1450386088166506501
1450386314214342659
1450386431579353093
1450386963379359747
1450387066517291008
1450387295853416448
1450387772980617218
1450387971589296131
1450387978451243011
1450388520393007108
1450389734878965760
1450390014383116288
1450390513090117635
1450390718837444609
1450390953768882176
1450390956155363334
1450390958269288448
1450391016486309893
1450391311534620677
1450391910611243014
1450393102871527428
1450393151017914371
1450393609023340550
1450393749972942853
1450394172398080000
1450394504675028993
1450394608920190981
1450394767628640256
1450394869608837122
1450394890932666371
1450395092691288068
1450395482413436930
1450396100100333569
1450396419970387970
1450396586371076099
1450396591047602188
1450396792449683464
1450398243079086086
1450398412927430663
1450398447748542468
1450398520414978048
1450399125061570563
1450399283962810371
1450399598162284544
1450400000890990597
1450400979526946829
1450401421916925953
1450401426891550725
1450401763484332039
1450401911782264833
1450401990949761026
1450402178032549888
1450402540353318918
1450402982521040901
1450402994344718336
1450402999956688897
1450404409263878151
1450404486329995265
1450404788454055940
1450405451183497216
1450405552526270468
1450406729720610817
1450406831218561027
1450407034550030341
1450407827156070403
1450408691132338178
1450409082901315590
1450409636536864770
1450409874416750602
1450409991127502849
1450410078465507329
1450410182521995266
1450410357336330241
1450411170809016322
1450411433250865157
1450411518328127494
1450411805738561541
1450412183066611712
1450412369104936964
1450413068886839303
1450413192362876932
1450414227399737349
1450414956977868800
1450415082974810118
1450415701143928837
1450415989355651073
1450416443187728387
1450416581117235204
1450417350780411912
1450418535436414977
1450419549128429572
1450420090113908740
1450420237514403841
1450420275317653505
1450420969990807556
1450421009266331654
1450421102434390023
1450421214715920385
1450421283192074242
1450421677603520522
1450421977211015169
1450422037890039810
1450422376173223936
1450422725273522182
1450423121517842446
1450424065764827151
1450424701025611776
1450424783628226569
1450424952973234181
1450425418792652800
1450425437084020739
1450425441655803908
1450426729336492037
1450427147017863175
1450428607050891267
1450428757689311236
1450428916926070789
1450429359106363392
1450429365649502208
1450429891107721223
1450430159912271877
1450430234457636865
1450430909350494209
1450432014406930436
1450432081226436613
1450433515921633284
1450433666757185537
1450434569371414528
1450434646584352772
1450434836863217667
1450435476419072002
1450435545792872448
1450435863381352450
1450436333445414917
1450436509996257282
1450437082208358409
1450437241801637890
1450437250093752327
1450437254611038208
1450437294276571137
1450437416196530178
1450437816639315982
1450437848574803973
1450438125763788802
1450439336831250432
1450439381756481539
1450439711693017103
1450439853917683718
1450440094821715977
1450440119815598088
1450441919155240964
1450441958569103370
1450442017813643271
1450442233220501510
1450442239621033984
1450442367492759561
1450442394046926851
1450443040510799873
1450443600781660162
1450444190626709507
1450444310231482369
1450445036357701632
1450445091668054019
1450445185398104064
1450445310191226888
1450445782742495238
1450446969457938433
1450446989691277321
1450447417195646977
1450447943404822534
1450447951604551684
1450448073642020868
1450448106731065348
1450448266231906304
1450448759637176331
1450448871830605824
1450449170754457602
1450449185807867905
1450449371716218880
1450449468596178953
1450449514519678982
1450449684300910592
1450449696346951684
1450449700654514179
1450449850722504708
1450450246404698119
1450450248162103298
1450450399379410947
1450450652610449410
1450451406750629889
1450451911535173632
1450452350456537098
1450452373617348611
1450452651590578178
1450452653276762116
1450452842125344769
1450453729468207108
1450453825895211016
1450454353660293122
1450454555951517703
1450454996080812038
1450455776049471495
1450457275982884870
1450457411928657933
1450457435358076934
1450457518413647874
1450457677830578177
1450458196821348354
1450458737228095491
1450458828990996483
1450458985455366149
1450459246856974350
1450459476406980608
1450459652693626881
1450459821162049546
1450460881368780808
1450461675761643523
1450462167623426049
1450462813621719043
1450463516108988422
1450463713312579592
1450463811530633228
1450464514189692946
1450464693936590854
1450465169243623432
1450465330321559562
1450466268541243395
1450466956746821646
1450467050393153542
1450467144911704071
1450467352768823299
1450467708492029953
1450468329760641036
1450469028917620738
1450469808806539272
1450470099585011717
1450470413989990406
1450470472529989639
1450471120533086221
1450471642333863946
1450472043925938182
1450472051853103107
1450472367499747341
1450472864457666573
1450473577967497216
1450474460709068802
1450475484442206220
1450476490215329797
1450476562311229441
1450476775952224261
1450477453957165060
1450478005541736455
1450478613053128705
1450479246183333888
1450480112718127108
1450480221556117507
1450480244310228994
1450480716735664135
1450481605177331717
1450481939006177280
1450482541161435142
1450483029701365762
1450484139874938884
1450485288845803529
1450485354062966806
1450485435919003656
1450486733536051210
1450487002965495813
1450487804203450370
1450488046554550272
1450488551326420995
1450489096829239302
1450489136859680772
1450489287904948230
1450491068714086403
1450492114836459522
1450494289503342596
1450494296994586631
1450494683184971783
1450494847337447425
1450494863217070080
1450495254239453185
1450495666472378387
1450495984954339331
1450496061915549697
1450496815749484545
1450496848066596866
1450496858057416708
1450497099959730180
1450497598939271179
1450500136740614148
1450503566808915969
1450503729338142720
1450504130091368458
1450507795942367237
1450507869766385665
1450508529832316932
1450510420339564551
1450511591519047686
1450512943917850625
1450514515330621444
1450515354782814213
1450515577164865538
1450518287314395139
1450518829918941184
1450519339459702790
1450519527008063488
1450520966623215616
1450521274111782918
1450522857604145155
1450530246403313665
1450530245799342081
1450531155598450693
1450531374331424771
1450532002969522177
1450532848696315907
1450533005022285825
1450534825409011715
1450534864512421889
1450535676517105669
1450535815264698371
1450537957425762311
1450538672420315137
1450540111863627776
1450542794087469056
1450543369285881856
1450544846591062042
1450547741298348033
1450549545478369290
1450549904011456514
1450550061226725380
1450553751933231117
1450554160470904833
1450563044120178704
1450563128660430848
1450563167604576265
1450563348307668993
1450567144337338370
1450572877191811074
1450573488792559617
1450591714998046721
1450592798105763841
1450592972429533187
1450593032261210112
1450593821373321222
1450598165862780929
1450598395085688834
1450598521342619649
1450599067440988166
1450599160588111875
1450599833555726337
1450601293978816513
1450602799109050369
1450603060263206918
1450603736494006272
1450604098814767105
1450604107799187458
1450604765017108482
1450604857866403846
1450605031548456967
1450605239749398530
1450605943901732865
1450606229093433346
1450606409435869187
1450606569993818115
1450607544758460420
1450607708189573120
1450610283118927872
1450611115281444864
1450611305153392642
1450611576478724099
1450612194689703937
1450612524651483137
1450250479536001027
1450250690744389632
1450250897032835074
1450251262218289156
1450251428593762308
1450251452715188224
1450251643044315137
1450251994006900742
1450252489677160448
1450252846897659911
1450252850345304066
1450253134924709892
1450253379700092931
1450253678498107392
1450254193936138247
1450254543602601994
1450255188460068874
1450255251588616197
1450255386661900289
1450255913135312901
1450256423678406659
1450256545619406854
1450257203403780100
1450257589548175362
1450257654819921920
1450257855651532804
1450257890896449536
1450258037063651329
1450258054654562304
1450258178248101888
1450258615923724291
1450258759641485318
1450258953233829888
1450259173871165445
1450259353924108295
1450259387382001671
1450260031400673286
1450260153425481729
1450260304277827584
1450260348385128452
1450260421982621697
1450261360592388096
1450261551395446790
1450261697881534464
1450261823777751042
1450261867201396737
1450262587711508481
1450262681013743619
1450263837576294407
1450264275369357313
1450264542227750913
1450264832251363333
1450265129036120066
1450265338688327683
1450265356942155779
1450265442942128134
1450265445726969856
1450265476894953476
1450265587909754888
1450265597128757248
1450265610487664642
1450266062256148484
1450266437625417728
1450266692295168001
1450266709609299969
1450266823006425089
1450266985665679367
1450266992666034181
1450267124560130049
1450267154641686531
1450267217128407042
1450267343938994176
1450267458623852544
1450267663670734849
1450267690103279622
1450267930080415744
1450267993687019522
1450268026478096384
1450268048523419649
1450268379323846657
1450268403218878468
1450268849404661760
1450268935455051780
1450268964475523077
1450269991555657732
1450269996022599684
1450270117770584065
1450270269541552129
1450270427595436034
1450270692692271108
1450271423029669889
1450271491933704194
1450271499575721985
1450271724797263873
1450271840593580034
1450272984778694657
1450273522270367744
1450274045862154241
1450274607487873029
1450275064872529920
1450275329096830979
1450275396042121217
1450275535464980488
1450275890290593794
1450275979281059843
1450276295087034369
1450276353740132356
1450276487299432448
1450276563023400960
1450276600159686665
1450276714978807813
1450276830284419081
1450276840560414721
1450276854623965187
1450277424793473027
1450277422541144064
1450277428522205185
1450277921441005573
1450277939946262529
1450278287167537158
1450278287247233027
1450278448958623746
1450278456978116611
1450278590969352194
1450278725656842241
1450278842820542467
1450278939880873988
1450279126032531457
1450279282643652612
1450279385529913347
1450279496486035461
1450279652321157121
1450279711892930563
1450279760114769926
1450279770831278081
1450279964218036231
1450280253532741632
1450280270930714626
1450280495833509888
1450280510022848513
1450280541702524928
1450280541287174145
1450280638079070210
1450280819403067400
1450280847823630339
1450281029445455876
1450281133258665985
1450281144037957632
1450281342365691907
1450281345800835077
1450281854557245449
1450282506469605378
1450282958829412352
1450283220545671170
1450283341534531584
1450283431129018373
1450284028267876355
1450284077701951493
1450284148246024192
1450284177123807233
1450284181158699011
1450284314709700615
1450284356769968135
1450284388898410496
1450285266292281346
1450285987133747202
1450286009308958720
1450286445516648450
1450286724999909379
1450287094505508864
1450287412425334787
1450287565114802177
1450287780966195200
1450287797969981441
1450288048105656320
1450288106272268288
1450288226543931394
1450288243224850433
1450288286249865218
1450288360258371585
1450288607441289216
1450288841911201795
1450289259076722691
1450289666037403652
1450290015213289473
1450290213402537984
1450291790582403073
1450295332240171009
1450295949184561152
1450296879472852992
1450296890319245319
1450296965988634624
1450297477450514437
1450298304382717958
1450298366743646211
1450298531785449473
1450299291193331713