1451337511167430664
1451337943910551567
1451338153080414214
1451338257132785669
1451338535131172864
1451338548599091204
1451339072992022529
1451339323127652357
1451339392300171267
1451339428694147073
1451339548789653507
1451339980521951232
1451340621545762818
1451340679817281536
1451340891625459731
1451340973980618765
1451341090246705153
1451341676547477506
1451342024339197963
1451342144149491724
1451342343433453570
1451342350911868934
1451342895403864074
1451343086437634057
1451343298996555778
1451343993376153603
1451344336990343178
1451344729648500736
1451344875245420548
1451345011560255505
1451345013368000512
1451345900006117378
1451346102096125955
1451346586039042048
1451347028668149763
1451347198738796545
1451349934813319179
1451350079202234398
1451350141999333376
1451350438410817541
1451350724659474433
1451352154816466944
1451352562142122002
1451352793986469914
1451352796314279937
1451352896872747018
1451353099386306561
1451353187013771272
1451353606251188226
1451353975207333891
1451354376933576775
1451355406735872013
1451355410603020309
1451356143943516160
1451356804290547720
1451357516533698567
1451357628622204929
1451358175056203778
1451358350621380647
1451358384435826688
1451358737768222731
1451359021177315328
1451359155218911260
1451359176869908508
1451359986966171653
1451360025855758370
1451360212321931269
1451360796651393066
1451361661848154112
1451362373944573952
1451363079577432066
1451363151891496967
1451363272997830656
1451364011623129094
1451364143018037248
1451364794032799744
1451365006855917574
1451365333806108679
1451365341158797315
1451365580888444930
1451365858136129539
1451366324223950851
1451367021267062786
1451368465789423616
1451368581132742659
1451368718051667973
1451368747160145923
1451369042468474885
1451369093466968066
1451369249616764929
1451369308148224003
1451369579968532483
1451369955564220419
1451370407894786055
1451370801240829958
1451371427236507650
1451371944557760515
1451372149084618756
1451372320577130501
1451372528656551936
1451372526387425289
1451372616871124997
1451372873789022209
1451373108439379970
1451373380305768449
1451373706106703873
1451373989901873158
1451373989952061441
1451374453225496576
1451374534200684550
1451374715147194373
1451374790980222979
1451375334574608390
1451375463977287682
1451376521541681155
1451377153157656583
1451377565143236611
1451377696059973634
1451378498673602561
1451378580047368193
1451378688419790849
1451378869592752134
1451378914610212865
1451379474969235458
1451379805069316097
1451380645091897344
1451381120847597578
1451381911390081025
1451382108002258945
1451382168559652868
1451382185076748288
1451382307240120327
1451382460516737025
1451382602540019712
1451383169966477321
1451383593222098951
1451383971149860868
1451384484700381184
1451384953397145600
1451385375390257155
1451385610699042828
1451385863397539843
1451385945895280644
1451386014367318024
1451386057325367300
1451386581273645065
1451386867958444039
1451387387783770117
1451387652251348992
1451388256524779532
1451388349676097547
1451388404042637317
1451388600231231491
1451389413305372678
1451389643157479427
1451389747914362883
1451390234411745283
1451390592441716738
1451390974958075904
1451391349039644673
1451391381113475075
1451393170311241729
1451393213680349191
1451393541268197379
1451394016847675392
1451394549956313088
1451395069169135618
1451395553217036294
1451396237656137731
1451396743677898763
1451397591942434827
1451398205569044480
1451400166758514695
1451400351794429954
1451400623711129600
1451400689393958920
1451401177506058243
1451401290362200070
1451401658664042498
1451401950533017604
1451402019453816834
1451402303055876096
1451402420995510277
1451402433356206081
1451402765029154816
1451403196564324354
1451403291716247552
1451403418229108738
1451403716859346944
1451404337356312580
1451405461031247872
1451406533078634499
1451406632861138945
1451406983597150209
1451407368567148544
1451407399852515328
1451407423520919553
1451407841911197701
1451408719292497925
1451408766696443904
1451409012121956355
1451409366192513034
1451409674905948162
1451410015424708608
1451410219200696321
1451410741785944064
1451410780243464197
1451410956844605441
1451410965400993792
1451411056228593670
1451411201062105092
1451411373271891972
1451411403361898516
1451411409133207555
1451411445288038403
1451411581967814660
1451411877137764355
1451412073364164611
1451412829207101442
1451412882705371137
1451412937982103561
1451413379789119492
1451413746853707784
1451414543523987458
1451414998392082437
1451415173395222536
1451415454837141504
1451416447926759424
1451416485667217408
1451416612335013889
1451416723601518594
1451417327338082306
1451417695396581380
1451418425029365760
1451418523608047624
1451418564515098632
1451418683713019910
1451419157447077893
1451419262979952644
1451419443167330309
1451419785359675434
1451419803680337925
1451419916083490819
1451421201075605505
1451421617947512833
1451421790345957378
1451424656678785024
1451424729970069510
1451424785620029444
1451425202521337856
1451426334379368449
1451426399886131202
1451426551514361859
1451426745068834819
1451427621271711809
1451427675919175684
1451428206624473092
1451428665237991427
1451428679322521602
1451428946549960713
1451430035923955718
1451430401293967362
1451431822244544513
1451432085655199747
1451432090226937859
1451432091443335170
1451432839560392707
1451433320416428034
1451433563220373504
1451434119649320960
1451434405629595649
1451435141100802051
1451435224328331264
1451435306528305153
1451435964296015883
1451436276301791235
1451436563104079873
1451436607496613892
1451437265796829185
1451437443383631879
1451437552628469760
1451437612258906116
1451437832476766239
1451437968237883397
1451438866129297408
1451439209483362309
1451439562572525568
1451440231840952344
1451440263415545860
1451440617540571139
1451440727477534721
1451440917378842626
1451441094818811904
1451442194942996482
1451442380612128777
1451443202557423651
1451443263504666628
1451443407507783680
1451443592166195200
1451443685690785792
1451443685300719616
1451443922434101250
1451443976901468160
1451444074460762118
1451444599994658841
1451444604121853962
1451444607657652240
1451444617627512842
1451444620609663051
1451444637076447232
1451444641367273489
1451445444526022659
1451445835472916488
1451445929538695187
1451445938120241175
1451446485636116483
1451447355308453917
1451447352510853143
1451447577740644354
1451448145070546949
1451448642921897984
1451448662635126786
1451449164785602560
1451449292200181762
1451449447641083905
1451449475986182151
1451449788818358276
1451449831956774915
1451449939024703494
1451450300531945493
1451450507109699584
1451451007485952004
1451451140957110277
1451451265179922506
1451451436072529921
1451451607938330629
1451451840122425346
1451452234814812160
1451452468194205699
1451452469217693703
1451453608742952960
1451454376350945280
1451454889775693824
1451455486310563850
1451456066990972934
1451456183781388291
1451456277154971659
1451456501990641666
1451456923581046786
1451457686877261830
1451458069968220170
1451458214457851910
1451458307730784262
1451458788494483456
1451458942274396162
1451458955142578178
1451459899896975360
1451459959221198849
1451460338226909194
1451461573961138178
1451461590352494593
1451462544648851460
1451462570984947712
1451462573765771265
1451463019884519424
1451463335572959241
1451463370092150787
1451463595397505038
1451463713630797827
1451463739878739970
1451464657055600642
1451465029136502784
1451465428878905347
1451465732156362752
1451465992350011392
1451466051602956292
1451466197300432899
1451466232989818883
1451466374014914565
1451466661358309382
1451466796205182977
1451466911309389826
1451467092369104897
1451467354467041284
1451467582351896578
1451468579040231427
1451468799966801920
1451468922704695296
1451469103672315926
1451469270043357190
1451469620561399809
1451470657217204224
1451471163041861632
1451471348878827525
1451471724592041985
1451471753516142598
1451471899066716165
1451472031082373120
1451472245126320137
1451472802800803840
1451472885239869444
1451473282318827526
1451473586456195072
1451474421441388546
1451474438159929347
1451474761276530689
1451475061915803654
1451475526468571136
1451475693154357261
1451475939842408452
1451475982720782340
1451476277110525958
1451476963164504065
1451477710623043589
1451477836808658948
1451478201230708740
1451478220390354956
1451478641305546752
1451478829181063169
1451478914069512194
1451479030394355716
1451479474004914180
1451479531169083400
1451479563628806148
1451479698450485253
1451479756386422786
1451480074671169540
1451480539165249538
1451480666479071247
1451480712339595267
1451480821076955143
1451481148014481412
1451481797724831754
1451481890658013195
1451481898551705606
1451482277473447937
1451482291222376451
1451482317092900864
1451482340547461123
1451482369320374276
1451482521443520516
1451482574103011328
1451482752885219338
1451482866055987206
1451482877187690504
1451482949115731971
1451482951212961807
1451483122659303427
1451483237918777344
1451483414461247494
1451483742795534337
1451484371937075205
1451484383429332999
1451484419852701700
1451484428748738563
1451485187909439488
1451485497809780746
1451485541464096770
1451485827427549188
1451486011108716550
1451487016005165060
1451487081956446211
1451487246280839174
1451487555602378758
1451487632593022982
1451487634396643342
1451487636334342155
1451487736691499019
1451488448942989314
1451488553951641603
1451488554396184585
1451488829970386950
1451488844654661637
1451489161072963592
1451489629962571779
1451490919945887744
1451490930230325248
1451490933598420992
1451491150724939778
1451491537070661639
1451491568330833926
1451492952497291269
1451494156828774402
1451494410986803209
1451494717007355912
1451494858279952388
1451495261952364545
1451495651699683332
1451495875683893251
1451495930000072705
1451495962518581253
1451496024644599812
1451496102914494475
1451496206018830337
1451496232388423680
1451496405877460998
1451496457350025250
1451496528590213123
1451496878806233090
1451497532635320324
1451497590579597317
1451497676520914946
1451497913096421380
1451498244542910466
1451498277367517184
1451498450663534596
1451498498533199874
1451498703089389568
1451499064806105091
1451499692622184449
1451499725765562371
1451499786692009988
1451500337932607493
1451502316570361861
1451502618463780867
1451502686063325185
1451502774730981379
1451503154231578625
1451503676887953411
1451503706906583041
1451504014978289669
1451504501572046853
1451505092587253764
1451506189699747843
1451507074861441030
1451507615217819658
1451507827948675078
1451507892268404743
1451508375687024645
1451509346899091464
1451509459390373893
1451510130520985601
1451510230165061640
1451510391528247301
1451510685020536844
1451510819917684739
1451511222998765571
1451511607310229506
1451511638922645509
1451512964889022469
1451513001853390854
1451513222863880202
1451513465722474499
1451514073024139264
1451514491552743428
1451515155007688712
1451515443714220032
1451515718508302339
1451515998461255684
1451516181177765893
1451517069242023936
1451517138460545029
1451517603684356097
1451517730511736833
1451517735515484164
1451518471527813121
1451518711802830852
1451518965667155978
1451519527129260032
1451520058321039362
1451520350894772225
1451520813710995464
1451521595512524800
1451522388487598082
1451522463553126410
1451522744827330564
1451522788976594948
1451522860086816768
1451524157787697157
1451524505747087374
1451525059391094789
1451525085471203344
1451525973573181442
1451526376113131520
1451526607407968262
1451527109558505473
1451527358242983937
1451527496441098241
1451528129047007234
1451528719630168064
1451528959418527747
1451528973691752452
1451529791442538500
1451531590379589639
1451531771347017734
1451531973608939521
1451532184469213191
1451533599019126785
1451533633529864192
1451533887536992264
1451533960522067973
1451533984656101382
1451533997234798598
1451536468497731584
1451536867438907394
1451536878130237446
1451537459045564429
1451537563055919111
1451537604571066372
1451538338796621825
1451538458078367759
1451538711401820169
1451538981510729731
1451540325390962693
1451540904339116034
1451541721007878147
1451542017985572870
1451542180938465286
1451542761740455938
1451543019161722880
1451543123436343301
1451543189031043076
1451543364436856836
1451543553025265673
1451543741034946560
1451544271769653249
1451544489198194690
1451544658937401344
1451544898482495498
1451545279254073348
1451546019930390533
1451546604628942858
1451546675487465472
1451546711084601350
1451546889074065408
1451546923286994952
1451547508044288007
1451547534950756357
1451548172115791873
1451548458452664333
1451548482506919942
1451548532351987722
1451548682021527560
1451548742310449152
1451549423171883015
1451549585449488388
1451550108210778119
1451550304483241987
1451550538475053057
1451551141305585666
1451551739216232448
1451552520677908481
1451552643726278658
1451553546285969414
1451554020661686273
1451554502318833665
1451554819269808131
1451555082047164417
1451555834069090310
1451555937655742470
1451556000075448320
1451556068979445767
1451556331010199552
1451556856787193860
1451556969077096448
1451557145082687488
1451557497437782023
1451557510783987713
1451557700903452675
1451558017745424386
1451558894489116674
1451559539799691264
1451559759761448963
1451560068164452353
1451560292916228099
1451560414093791232
1451560442048892937
1451561152169721857
1451561562041245704
1451562728548487174
1451563491374997504
1451563535486517249
1451564128699502594
1451564585983483905
1451564590899154946
1451564675728961538
1451564936480493573
1451564958005612545
1451565527755739140
1451565878655422467
1451566043491495946
1451566117785276416
1451566215030194180
1451566786994847749
1451566797862301697
1451566997867614209
1451567305603706882
1451567470863519744
1451568170574049284
1451568731629371392
1451568780765634569
1451569008113815560
1451569208907632647
1451571417078657032
1451571807987720196
1451572433190731776
1451572454053265415
1451572869247352833
1451573181760770053
1451574111965114375
1451574820995432454
1451575197337677827
1451575303059345410
1451575676385959942
1451575922692263937
1451576535148728328
1451576671207710725
1451577006122881029
1451577557225115655
1451580721311617031
1451581041555099650
1451581442408935430
1451582370046304257
1451583173859500033
1451583368563363846
1451585592890851333
1451585942079172615
1451585963734429696
1451586025885630467
1451586195356405761
1451586328911507459
1451586341951533060
1451587405958418432
1451588279078297601
1451588649074585601
1451589314429739014
1451595707719118851
1451604042010882058
1451605495072968708
1451605533195178009
1451605844575932418
1451607018930798595
1451609884852506631
1451609912077783040
1451612115664441345
1451612427800367105
1451614240825962498
1451614379657482240
1451614511161495552
1451615105792163841
1451619393717243905
1451619576953794560
1451621585807237121
1451621585660432384
1451621584276389895
1451623960601190401
1451624051873517570
1451624675683946496
1451624816897757188
1451624959147601920
1451626474289582081
1451626648407666689
1451626871532052482
1451627486245056520
1451627640360603650
1451631251475951621
1451631564031332352
1451632445548216323
1451632795332202496
1451648016738361347
1451651762616627200
1451655282191257601
1451657679206715392
1451660699843895298
1451665795826651138
1451672975409762309
1451673460774629381
1451673555293278208
1451673607269064708
1451673671165046786
1451674103933440004
1451674320359493632
1451674322649554951
1451674324885131266
1451675387151278080
1451675815372996613
1451676066439786502
1451678502965547008
1451679460839727106
1451679827564503040
1451680945006804994
1451681933352599554
1451683007950049282
1451685957971820549
1451688557333172225
1451689077560938499
1451689261967687680
1451689731314515968
1451691445421629440
1451691532411490309
1451691756282548230
1451692427266252803
1451692483184717827
1451692665641205772
1451694979198251009
1451695128129589248
1451695533467131905
1451696330292613124
1451697616887054342
1451698982665670660
1451699063494119425