1445634484435443714
1445783316095852548
1445786158173069312
1445786190016249879
1445786375056334852
1445787367835537409
1445788534359539723
1445788910391422988
1445790026445426693
1445790031700905989
1445790901054312457
1445791024358379520
1445791357239398403
1445791485358534663
1445791732478590984
1445792667909062664
1445793875239526401
1445794588556288016
1445795100399849472
1445795551413301250
1445796115668889606
1445797271572914186
1445798963135729668
1445799539433086981
1445799764373557252
1445800220499931139
1445800359973113858
1445800697388093444
1445800823368282114
1445801731015643142
1445802570518130697
1445803832634527744
1445804239805054982
1445804289385852933
1445805379951071238
1445805682859544576
1445805894965481474
1445806077509918726
1445806524572397568
1445806546735218688
1445806772367724554
1445808069049417730
1445809629959647234
1445811528570007554
1445811778869293057
1445811869810188293
1445812257384910851
1445812454215204881
1445812558124904452
1445812561392275459
1445812650856771590
1445812911159476234
1445813005980033025
1445813008932884489
1445813106454630407
1445813801660547077
1445814038995214346
1445814393279705095
1445814883610595330
1445817243355344897
1445817623636103172
1445819908776861702
1445821606870147080
1445822698521718789
1445825050876137479
1445830609780178951
1445832653555453952
1445833726521274374
1445835517434613766
1445841036505333772
1445844150599880706
1445848899944542214
1445851016038060032
1445851144031387650
1445864092443426820
1445865197483094022
1445865584638316548
1445868047495954433
1445869560423272449
1445873192505987080
1445874869736853515
1445876397432467457
1445877555060371460
1445877816566824961
1445878184277274628
1445880268774989824
1445880277213978625
1445880274911326213
1445880281563467778
1445880279608877056
1445883429443096578
1445883739448373252
1445883794129502208
1445883941693517830
1445884127413084166
1445886896068960263
1445886912623824903
1445887743209345032
1445888921703911428
1445889281289973762
1445889781615894535
1445893361852764169
1445894335325609986
1445894696438353929
1445896264164392966
1445896728373174279
1445896962088202242
1445897339193860102
1445899997816360961
1445539670700429317
1445539723548631042
1445540030127083523
1445540341168304135
1445541912321007621
1445542055015370754
1445542224545017856
1445544341045346307
1445544590115684354
1445544707275190274
1445545542260387843
1445545697458065409
1445546029734981632
1445546331049586698
1445546646054453251
1445547049139638274
1445547113979342854
1445547268665274377
1445547276651270149
1445547867561627650
1445547898997907459
1445548075343220745
1445548552134922240
1445548657613295622
1445548825427394563
1445549167531548677
1445549401527623688
1445549498726445059
1445549642737807362
1445549649817833477
1445550177163485195
1445550911699361799
1445551291841724417
1445551400818147335
1445551926469292038
1445552166253387780
1445552575902670853
1445552713706598405
1445552757922926592
1445552803473080326
1445553493612269571
1445553504852971525
1445553618657026050
1445554148712144908
1445554358033129473
1445554399099555844
1445554620688859147
1445554664347369476
1445555175964377089
1445555293543231503
1445555342717247488
1445555451467239424
1445555550163406853
1445555573068472330
1445555625719517198
1445555673303896064
1445556190339948548
1445556280588861447
1445556685389459461
1445556720244121611
1445557234780409859
1445557251373105155
1445557283748941827
1445557608119558147
1445557751296364552
1445557759437463554
1445558422116569100
1445558949147643915
1445559062708375553
1445559286587789313
1445559356976603145
1445559688121044995
1445559721843326980
1445559798586478593
1445560242402562063
1445560297599561735
1445560343686639626
1445560593880997898
1445560744326488067
1445560790686179328
1445560955870466050
1445561180102135812
1445561184858480649
1445561373509910528
1445561397325156352
1445561663319465990
1445561839052460038
1445562051829518348
1445562125682831362
1445562225897271301
1445562834574721029
1445563045040689175
1445563078188285971
1445563192378204172
1445563352655089670
1445563513737334790
1445564525642539008
1445564623453704195
1445564712146509825
1445565058549903365
1445565200875200524
1445565235935387649
1445565397424431119
1445565436414750729
1445565561975439370
1445565740900225034
1445566015924961280
1445566321077354500
1445566431802712071
1445567037347020800
1445567035212124169
1445567076723134479
1445567096725770241
1445567115356872705
1445567306776518661
1445567340171563010
1445567384375361538
1445567389878272008
1445567591750070286
1445567802098683904
1445567946160435215
1445568118978273281
1445568276214398979
1445568668457336834
1445568708647084041
1445568714670166025
1445569498191433729
1445569680899403781
1445569976794959875
1445570028460380170
1445570037260034051
1445570104285036544
1445570275555246081
1445570340986318853
1445571007687761922
1445571014725804034
1445571101162029057
1445571568684318722
1445571652243243013
1445571763555897370
1445571970888728578
1445572131538956289
1445572229433942022
1445572369167183882
1445572597148631043
1445573009905909763
1445573201589800963
1445573250289848332
1445573376630669317
1445573435472564227
1445573488144650243
1445573597540454409
1445573936914206721
1445574024562561025
1445574051515166722
1445574126358327298
1445574431334539266
1445574482349879297
1445574552726106119
1445574900555476992
1445575137198108679
1445575205053612034
1445575525527740422
1445575603042721799
1445575707602534403
1445575856227688451
1445576292833763332
1445576317643091981
1445576456982052867
1445576499084480524
1445576561768296450
1445576616239763460
1445576643066490881
1445576683482845192
1445576711274254340
1445577048957734922
1445577227698012161
1445577462784540679
1445577508028510211
1445577600592580609
1445578037945253896
1445578099295285251
1445578312458276866
1445578486630936586
1445578659977306120
1445578728470310926
1445578740327596037
1445578881545560071
1445579186475716620
1445579571332583425
1445579642023280642
1445579753985957895
1445579808297996294
1445579829303148558
1445579846994644999
1445579916708175872
1445580098472591361
1445580652112273411
1445580752918233095
1445580909525098498
1445581761606414345
1445581998005710849
1445582328563056644
1445582433735229447
1445582498365251591
1445582586110038028
1445582775021498373
1445582916994568196
1445583054592823308
1445583223531053060
1445583402049048579
1445583742467072007
1445584312795996161
1445584455075196939
1445584712454475783
1445584798009860098
1445584927718662146
1445585164285853707
1445585348013133831
1445585548492500997
1445585575021404164
1445585611558047748
1445585868916330497
1445586103247900672
1445586180297297920
1445586451727405061
1445586515573104643
1445586560708083719
1445587045208846349
1445587136242016259
1445587208497352714
1445587506699780098
1445587579504525320
1445587703450324994
1445587715861319692
1445588192149721089
1445588303521091595
1445588431174729731
1445588604378443778
1445588892489424901
1445589300372901896
1445589316286115850
1445589430748672008
1445589608801058817
1445589798563966984
1445589866528395268
1445589943695278083
1445589948921307136
1445590018500673536
1445590306842284033
1445590595368484867
1445590679833374725
1445591087507132419
1445591347335819273
1445591468765184003
1445591522372513801
1445591565443874830
1445591666786648071
1445592089341825045
1445592145625182208
1445592388303396865
1445592542007889925
1445592652372611079
1445592702804848662
1445593004631154692
1445593037501911047
1445593415396192274
1445593430478843914
1445593673886883842
1445593756552421379
1445594039953231873
1445594212574003214
1445594596663197705
1445594754796769284
1445595060511199236
1445595253507981319
1445595428758511623
1445595512825020419
1445595560828805126
1445595661940846602
1445596034709606401
1445596056654270470
1445596092549058565
1445596295599558658
1445596301366677505
1445596680330506253
1445597053761978379
1445597171928035338
1445597286248030219
1445598329258217484
1445598374791577608
1445598752547299333
1445599204806520844
1445599263778508812
1445599456842305546
1445599958346780672
1445600421423173635
1445601033137229827
1445601324528136199
1445601376344494081
1445601579093032962
1445601584516268037
1445601863047397388
1445601890255794179
1445601928797249548
1445602803884253185
1445602922700500999
1445603330974093322
1445603397873274893
1445603491041333253
1445603583945179140
1445603874023231491
1445603879068913666
1445604042734858245
1445604070035640326
1445604336768208902
1445604454904958976
1445604482230865923
1445604695599247366
1445604742688768003
1445605445939335173
1445605663653072898
1445606068793470991
1445606125034823683
1445606156559216644
1445606207314534404
1445606804725981188
1445607094321762304
1445607166929371141
1445607204975898625
1445607259162046469
1445607290090909704
1445607343945764877
1445607368625033222
1445607528813846534
1445607565857988612
1445607689640300557
1445608021267083276
1445608075759521798
1445608133775134736
1445608251081441281
1445608384066064385
1445608410238439426
1445608483236110342
1445608594762715144
1445608846714568709
1445608856550133761
1445608949290467330
1445609391479164928
1445610954687860736
1445611151383924737
1445611559082815500
1445611935093825546
1445611950939926529
1445612195786604551
1445612449625894912
1445612478658793479
1445613129367371776
1445613175055929351
1445613785515839490
1445613824095051778
1445614051535441925
1445614409103990788
1445614615811923969
1445614724813520904
1445614796657680385
1445614910587621377
1445615286372102151
1445615394215976982
1445615514861010958
1445615573006577664
1445615596968706054
1445616317084565507
1445616374710104067
1445616405517201417
1445616421929558019
1445616664494497800
1445617004753276932
1445617284429479938
1445617410547990536
1445617433436311553
1445617525182459913
1445617550000156679
1445617778958897158
1445618151337578505
1445618843401949190
1445619107546624003
1445619600758956043
1445620128700198915
1445620451271577602
1445620656469467147
1445620857489870856
1445620893762285570
1445621483112321026
1445622345645785095
1445622858978193415
1445622945053741057
1445623292946120705
1445623541919936517
1445624181572325377
1445624204066377732
1445624321204834307
1445624688911126529
1445624712826998789
1445624886785830912
1445624922240212998
1445625364680638477
1445625473057247237
1445625483056480257
1445625592494256137
1445626258973360129
1445626546476093443
1445626700415471617
1445627000224292866
1445627180323520512
1445627229552013324
1445627354072576005
1445627474277068805
1445627508221628423
1445627833384988675
1445627895787884548
1445627938515263497
1445628085517238276
1445628416024199183
1445628460173459456
1445628762628902919
1445628946502995977
1445628959249428481
1445629101058842633
1445629155203182592
1445629630577213449
1445629666799144968
1445630504229695508
1445630526707044352
1445630577239941124
1445630884455976965
1445631049371815937
1445631345493831680
1445631944532762625
1445632675063074822
1445632684579909634
1445632800506318848
1445633478138101762
1445633673496203264
1445633912068186120
1445633969114943493
1445634022403547140
1445634102737080321
1445634270412689415
1445634325504880647
1445634441825570822
1445635169721880584
1445635554658291719
1445635602364317696
1445635656697352201
1445636108369285122
1445636209904996359
1445636264980402177
1445636845967085575
1445637176780214277
1445637438374748161
1445637480401629189
1445637539419746311
1445637569929117697
1445637915451682827
1445637961660338180
1445638014311428103
1445638662805331982
1445638718212112385
1445638774948462596
1445638782548463625
1445638911510781952
1445639331868151808
1445639519206666246
1445639632486486018
1445639964364922883
1445640230858473472
1445640755796590594
1445640753586196494
1445640766236225551
1445640817939398663
1445640899774451724
1445641044146540545
1445641095308660740
1445641436490203144
1445641624118169609
1445641813277089798
1445641877231857668
1445641927274102792
1445641993435049987
1445642006298984449
1445642076641628170
1445642182363287557
1445642704814174211
1445642835877793798
1445643066946195460
1445643100030791683
1445643109455466502
1445643385885237261
1445643572275863561
1445643599073329152
1445643780028174339
1445643795484213251
1445643994789134336
1445644096324788232
1445644906869919746
1445644960666030085
1445645142954676225
1445645380293574656
1445645477219688456
1445645543426834434
1445645601874452481
1445645634074071044
1445645750591840259
1445646759783370752
1445646826955108355
1445646893069922306
1445647201925959693
1445647495896317961
1445647597171982340
1445647733411356686
1445647943361433600
1445648266624860160
1445648403501780998
1445648413408698379
1445648585882669065
1445648593369513985
1445648774576041992
1445648874345959428
1445649185433260032
1445649586450690053
1445649674166169608
1445649709486379009
1445650180523499525
1445650525710548996
1445650905445986308
1445651332963049477
1445651346762256392
1445651606431694863
1445651958237253635
1445652247430381568
1445652276320768001
1445652404502859782
1445652446080950272
1445652501525528584
1445652609897930761
1445652936730636297
1445653452273512451
1445653637586292742
1445653655793778688
1445653895447941125
1445653974263074823
1445654082245386250
1445654525465956356
1445654585465401346
1445654620726956035
1445654845734588416
1445655106666463233
1445655128741068801
1445655196672032778
1445655202346901507
1445655316490686465
1445655666517966856
1445655691293708294
1445656258703360008
1445656327351533572
1445656410272849927
1445656728578584583
1445656734010204161
1445656825907474436
1445656850750324744
1445656874997608448
1445656990504538118
1445657369728348176
1445657396211159044
1445657742786510857
1445658250255290382
1445658341384998914
1445658600391602178
1445659085026725895
1445660098026774528
1445660180478263314
1445660381104377861
1445660387668467723
1445660597413048321
1445660740791144455
1445661243176456193
1445661530624643081
1445662329144705027
1445662538377486336
1445662780086898690
1445662830296924160
1445663008718422016
1445663130869121024
1445663275593523204
1445663482506989575
1445663800313532424
1445664117486854144
1445664122268307459
1445664126919839752
1445664368239079425
1445664459322638340
1445664994461319182
1445665091202936833
1445665443528654852
1445665744474181636
1445666043993604102
1445666057176317955
1445666148557606912
1445666151942410241
1445666340161810434
1445666502431031302
1445667286648426499
1445667431125450757
1445667443137859585
1445667867064635393
1445668038485757956
1445668122644467715
1445668468712304641
1445669042908401670
1445669852048285700
1445670372360146953
1445670493567082499
1445670499539820552
1445670514031153156
1445670932039618561
1445672122299260930
1445672868990226441
1445672887231209475
1445673112482185217
1445673329566760964
1445673527781167106
1445673939527561220
1445674084977700875
1445674269057249282
1445674434904289280
1445674609106305034
1445675143167045634
1445675586899222533
1445676000772182016
1445676065825820683
1445676458379075592
1445676747798708231
1445676921145098244
1445677184593514499
1445677618221617152
1445677835092299776
1445677930156150794
1445678098427437068
1445678135307948040
1445678552871948293
1445678845743419401
1445678982934904843
1445679000966160384
1445679449710546950
1445679793500876804
1445680226285985800
1445680264621932558
1445680587239354382
1445681245376024580
1445681380709392394
1445681504902733837
1445681510187556864
1445681803973386242
1445681863939424259
1445681952346963977
1445682003542609923
1445682036505645059
1445682155003138051
1445682524873625610
1445682569597448201
1445682925752635398
1445683310525444097
1445683369967112192
1445683813531602956
1445683953495515146
1445684197159424007
1445684483420659712
1445685195751919625
1445685309543354368
1445685441999503368
1445685556109733890
1445685556545916929
1445685820875104258
1445685882766303238
1445686056754417665
1445686135427010566
1445686163021336580
1445686319556882440
1445686475878666250
1445686576751673350
1445686587652644869
1445686600759857157
1445686632833712136
1445686686306877457
1445686827784949769
1445687429357137922
1445687766516305929
1445687861492076547
1445687873223618567
1445687981788987394
1445688565665468425
1445689123717595144
1445689145452482566
1445689236645036034
1445689805455589385
1445689862737186825
1445689929074315269
1445690271006527493
1445690513147842567
1445690704005500929
1445690731255918604
1445691115907141642
1445691194143506436
1445691200862781440
1445691274544103425
1445691302868242433
1445691668326350852
1445691821762375695
1445692232267231239
1445693164887556100
1445693317518290953
1445693420618481666
1445693793194295308
1445694068462346240
1445694298956066820
1445694494641307657
1445694583707373571
1445695028433600517
1445695357011124231
1445695398706778115
1445695485998616585
1445695524821106697
1445695778287013903
1445695843072299013
1445695940061392897
1445696099465924613
1445696725851594757
1445696890121584640
1445697005930483726
1445697328740929539
1445697843671539712
1445697861362995206
1445698092519460866
1445698958819401729
1445699036959281155
1445699689928527880
1445699726372847619
1445699849408552966
1445699907583504384
1445700130531725312
1445700176341987333
1445700539484815374
1445700780208504840
1445700908730380303
1445701120710512651
1445701348889034759
1445701606779981833
1445701849093345293
1445702181559037952
1445702286940901377
1445702479648231443
1445702592017813512
1445702753594970117
1445702775556370444
1445702998882197504
1445703038019072010
1445703164720676868
1445703595874140165
1445703924527206406
1445704016395063302
1445704144472342535
1445704267503865857
1445705092921843714
1445705096549920778
1445705145023545358
1445705314599260167
1445705745417179147
1445705897376825352
1445706093053677568
1445707047937331206
1445707052714643457
1445707123321544709
1445707666773331970
1445707704748498945
1445707720670126081
1445708010559401988
1445708029488291849
1445708217468682249
1445708253074116613
1445708377665859589
1445708637989531650
1445708673527943170
1445709000876515338
1445709085907644421
1445709085123354628
1445709088285859847
1445709706358497284
1445709928388182023
1445710102279847945
1445710269749940225
1445710589985132552
1445710926863208463
1445711031431352326
1445711078411755526
1445711383694249986
1445711411540201481
1445711869365260292
1445712399919550474
1445712873682923525
1445713119557292045
1445713360515784715
1445714179327881226
1445714205785554944
1445714918628474890
1445715118424215553
1445715270572470284
1445715932584689665
1445716536702820352
1445716536585437190
1445716580466257922
1445716590499041280
1445716651534544898
1445716699618054149
1445716921186349062
1445717520002871299
1445717767068422157
1445717932466573320
1445718577638559758
1445718641262022656
1445718977343152130
1445719018036285440
1445719180553031689
1445719199960027140
1445719800588554247
1445720115756945416
1445720669690347528
1445720746186010628
1445720896929292288
1445721015129042949
1445721317068607496
1445721424891547657
1445721498191233030
1445721508110745613
1445721668882616322
1445721828266176520
1445722840771096577
1445722917036167172
1445723052835282947
1445723194850099212
1445723397904691211
1445723774142218243
1445724036802093076
1445724260060712964
1445724333410684942
1445724625959194633
1445724668992765960
1445724762416631810
1445725056307400713
1445725129820889097
1445725216022282251
1445725553265287170
1445726087246323714
1445726291680845827
1445726588180463619
1445726675732369415
1445726716068913161
1445726756304945153
1445726757605183493
1445726846218166282
1445726978540113920
1445727064372310018
1445727324159152136
1445727825156194307
1445727834719195149
1445728243990994955
1445728423683362828
1445728614960427009
1445728741477388294
1445728827485786116
1445729160358350860
1445729176078589964
1445729200271286293
1445729466777440270
1445729999072337925
1445730050561568769
1445730454041083919
1445730600619425801
1445730602456522758
1445730844878913544
1445731520434475011
1445731520811966474
1445731541087186948
1445731655696650241
1445731821711355911
1445732061059301384
1445732118550626305
1445732173839962115
1445732267607748622
1445732403016732672
1445732582616829953
1445732632768045067
1445732842047115276
1445732855640825870
1445732938386079747
1445733092166041602
1445733381145128967
1445733634556661760
1445733712788746247
1445733894259503113
1445734371705561098
1445734495164928010
1445734693932961792
1445734795581935624
1445735108552511488
1445735231156211718
1445735431912312856
1445735563848400911
1445735568088842246
1445736089390436359
1445736125964828679
1445736159858946050
1445736286451421188
1445736412783910912
1445736496741302273
1445737189518630918
1445737890961448978
1445738457364525058
1445738549022576650
1445738654714851338
1445739033221484549
1445739257704771598
1445739285009682435
1445739949538484247
1445740121949499398
1445740261225627655
1445740317357920258
1445740528469827604
1445740620731936774
1445740989277085701
1445741154792706062
1445741247289708553
1445741254172504069
1445741464592392207
1445741820353277963
1445741860606013450
1445741895221530633
1445741958215856143
1445742150080077831
1445742196372606979
1445742213552504833
1445742312844247050
1445742334402908172
1445742425738137608
1445742427952742420
1445742627702259724
1445742897702195217
1445742911526621184
1445742967126257676
1445743134634176512
1445743640794468357
1445744155175514114
1445744163312394262
1445744237216026631
1445744518507077642
1445744562425630729
1445744651038642193
1445744971164774403
1445745023388061701
1445745384123289614
1445745485092843529
1445745543087476754
1445745632304513035
1445745771437907978
1445745936437710854
1445745940321603589
1445746164779814917
1445746390773030915
1445746482896797707
1445746501049675779
1445746509652250626
1445746704569954322
1445746711305994243
1445746772987445252
1445746811428216832
1445746831887986704
1445747120368017414
1445747122981113857
1445747294502936600
1445747295266299912
1445747584291643406
1445747684309024786
1445747729615839245
1445747756060995586
1445747754618159107
1445747805935394827
1445747882187845640
1445747891415371787
1445747926727151623
1445748120541827087
1445748370979446791
1445748571291095045
1445748667168612359
1445748798584606724
1445748800564334606
1445748979388485632
1445749090675945472
1445749096636039174
1445749157856043018
1445749224495194125
1445749248826347538
1445749444595437571
1445749456146558988
1445749491135483906
1445749505417048071
1445749521644883970
1445749585876439048
1445749873517555713
1445749875728007182
1445749966228447249
1445749969151954946
1445750082658193412
1445750168041578497
1445750332345053203
1445750415077769224
1445750522154127363
1445750679226650630
1445750752190758913
1445750782788136967
1445750871040552966
1445751002653548547
1445751043355119628
1445751063559086091
1445751108102541318
1445751106802388998
1445751223701835788
1445751355042197510
1445751438664081410
1445751437867171845
1445751567420772358
1445751631715311616
1445751803438514191
1445751844504961032
1445751959235948548
1445752009919909888
1445752033869369347
1445752078559694851
1445752155449663488
1445752305299591178
1445752371590561800
1445752460534976521
1445752467111628807
1445752550204928002
1445752563135959040
1445752573944684553
1445752635294765057
1445752860029820939
1445752884952403977
1445752896117559299
1445752927046418438
1445753044168163330
1445753328932065291
1445753487753576452
1445753499803742227
1445753520372604933
1445753546977120268
1445753549770543117
1445753590597910536
1445753818260525070
1445753824333819914
1445753842625175568
1445753919129354244
1445753994354126850
1445754010661572616
1445754106799292416
1445754109064220685
1445754120816652296
1445754210696372228
1445754226412425216
1445754243881734149
1445754248596115471
1445754314727714818
1445754470915133458
1445754547071111174
1445754612602925059
1445754699030818823
1445754719670980611
1445754927704264713
1445755019819507739
1445755065000607752
1445755121137176583
1445755331900891147
1445755340969021454
1445755365878992905
1445755370245218312
1445755427442937860
1445755449869959170
1445755534196424710
1445755553163071491
1445755740778479622
1445755793651875857
1445755800408838146
1445755857564618769
1445755893543419907
1445755948673294340
1445756022421819395
1445756080533897218
1445756092370223107
1445756197999562765
1445756295412285456
1445756455429165063
1445756523695595522
1445756782681354245
1445756830500622354
1445756995965898753
1445757169052229637
1445757282805944321
1445757375902670852
1445757764928630785
1445757811787370512
1445757810243825677
1445757847820648451
1445757974551531540
1445757980176105477
1445758008395374605
1445758108639236101
1445758242982928384
1445758249949556747
1445758283797524483
1445758361589321736
1445758470330880000
1445758616061968397
1445758680566153218
1445758764355706885
1445759034234081292
1445759115918077952
1445759286169128980
1445759296831057932
1445759293865672706
1445759311217512473
1445759416301547528
1445759469040779269
1445759493531267080
1445759496484057095
1445759550938746886
1445759592495861761
1445759615858143239
1445759651912372228
1445759673378873354
1445759679867416578
1445759716404056070
1445759743973212161
1445759753569767428
1445759771114500105
1445759863775129606
1445759878211850247
1445759900865351690
1445759942099554308
1445759982805213196
1445760012706467859
1445760107195744264
1445760114120486912
1445760121221443586
1445760127143874563
1445760151009390598
1445760160845074454
1445760163453931536
1445760185683693580
1445760207116664842
1445760228255932427
1445760239312064526
1445760238917849091
1445760405989593088
1445760435068702727
1445760448092012566
1445760472083435527
1445760526349332481
1445760564219691018
1445760652065181715
1445760668422918152
1445760666917224463
1445760673997221895
1445760740321742854
1445760813797572609
1445760820235755527
1445760847062601737
1445760979137019917
1445760992277712904
1445761071579496450
1445761117041561606
1445761146057674766
1445761150646317060
1445761265960316949
1445761267113742342
1445761304426287122
1445761315356569619
1445761333723500545
1445761347766001671
1445761379399438339
1445761399515348995
1445761405483847689
1445761430389551120
1445761434151907328
1445761436815290381
1445761453022007308
1445761457837076485
1445761461716807697
1445761468977217544
1445761478187896832
1445761478628241409
1445761486840745994
1445761488543617033
1445761501604634634
1445761510093910023
1445761517845041161
1445761517941522440
1445761521556934658
1445761520873271299
1445761531761729541
1445761528557301763
1445761535188496395
1445761536157360143
1445761547003842562
1445761546403999751
1445761553861537797
1445761557976084481
1445761558567477259
1445761563026096137
1445761563240001547
1445761563458097158
1445761564854784017
1445761574153506819
1445761589357940742
1445761606328094723
1445761612804067340
1445761622350331905
1445761637336580096
1445761637793734662
1445761655145598991
1445761658832310290
1445761672136650752
1445761675345289220
1445761686296612865
1445761691942150152
1445761696832704512
1445761709264703494
1445761716868976645
1445761725400117252
1445761728172625939
1445761746161979404
1445761748892479504
1445761754332499971
1445761752902234132
1445761758820323328
1445761762767167506
1445761759424303105
1445761770501525507
1445761809672118285
1445761817326678033
1445761845134979080
1445761850042241030
1445761866500767754
1445761868748886028
1445761906334048267
1445761918866579466
1445761956149743621
1445761998080200712
1445762003352502281
1445762023510331401
1445762028979716096
1445762052811722753
1445762069920243715
1445762189613096986
1445762203810820103
1445762217429790730
1445762247582568457
1445762306663600135
1445762314666315779
1445762349483257860
1445762373684379653
1445762430714347534
1445762433990029319
1445762437462953986
1445762443083333644
1445762496174833669
1445762533399220240
1445762552084905986
1445762583022080011
1445762593503596552
1445762640144334849
1445762649438908426
1445762666551656453
1445762701150461970
1445762698726154244
1445762733895401487
1445762733211729924
1445762823393398789
1445762867106496512
1445762887952134148
1445762898366586887
1445762934194393094
1445762971909586950
1445762987948580871
1445763049550348302
1445763079095021576
1445763090499309577
1445763139937521671
1445763193335214080
1445763295827226634
1445763379415506945
1445763399804088321
1445763440115519489
1445763443110256650
1445763466086649869
1445763500538695702
1445763639680462848
1445763652355649548
1445763656378032135
1445763680256229388
1445763688590307328
1445763724636090372
1445763757741785090
1445763810178912260
1445763831469252620
1445763844123422740
1445763869574451206
1445764017054576646
1445764078614446089
1445764127255785482
1445764242511073281
1445764246847963151
1445764306268610571
1445764328607477768
1445764362031927297
1445764402490200067
1445764403404496908
1445764404901937163
1445764429937664016
1445764427198779410
1445764431191760898
1445764460656795652
1445764475571752969
1445764484488843266
1445764559239745550
1445764577392611343
1445764603191848962
1445764612670980097
1445764652881756173
1445764696330571784
1445764717713059856
1445764728349868033
1445764747517841413
1445764751296921601
1445764787607007242
1445764811183177736
1445764817311043595
1445764835812134923
1445764859719610380
1445764864249450511
1445764984865103876
1445765023469477891
1445765136468234249
1445765199366012932
1445765327921451015
1445765331281006605
1445765330026991618
1445765369331781647
1445765381721706514
1445765422897262598
1445765453347844098
1445765464387244033
1445765472926900245
1445765475619667980
1445765530955042821
1445765543999389707
1445765575481827330
1445765573917306880
1445765575393767432
1445765576417165324
1445765580821176320
1445765602593816586
1445765618972577804
1445765686760853514
1445765693274689542
1445765761490833422
1445765777345245191
1445765823126069262
1445765880529371144
1445765939782291457
1445765949458550789
1445765960422473735
1445766019964805129
1445766167537205257
1445766176366206979
1445766239763136512
1445766260751421444
1445766312421052424
1445766336597008394
1445766376790978579
1445766476388978696
1445766504469782544
1445766522945749012
1445766636833673220
1445766646761623554
1445766692781445136
1445766699681148936
1445766707226677251
1445766704663969800
1445766722082926600
1445766744971178004
1445766764441194497
1445766782145339394
1445766793448996874
1445766896045879298
1445766947342217222
1445767002333671431
1445767069174165510
1445767090003009536
1445767139583881217
1445767168675627018
1445767174052663297
1445767199109443585
1445767236539404290
1445767238770835469
1445767249369784332
1445767306898935812
1445767355347320838
1445767481956569092
1445767488508088326
1445767686013669391
1445767707123585029
1445767714476216338
1445767815550496775
1445767856377843716
1445767895678545932
1445767999558848518
1445768007372787712
1445768023869063182
1445768147752022030
1445768155142385671
1445768195990704136
1445768245084966913
1445768341369483267
1445768361065910277
1445768551109857287
1445768751677206541
1445768800498974728
1445768823185960970
1445768841364054020
1445768878399770624
1445768961094680584
1445769024927780871
1445769065859993602
1445769141076455428
1445769162844827653
1445769266964221954
1445769317920882688
1445769364678926339
1445769379224842246
1445769508749074435
1445769589455945740
1445769657890136067
1445769675317518340
1445769705206136845
1445769837658054661
1445769847661420550
1445769864115736589
1445769995703578631
1445770008353644545
1445770093556682763
1445770306384134154
1445770521623203851
1445770662832848908
1445770675575160832
1445770763324125190
1445770806978514956
1445770910749761539
1445770916240113673
1445771018463633411
1445771031163990023
1445771035702292491
1445771180825202704
1445771193957564416
1445771270906253321
1445771273821323277
1445771272068034564
1445771377605165067
1445771477169491974
1445771804195246092
1445771863066435585
1445771874164633602
1445771976568545287
1445772103190417408
1445772191115603973
1445772198266871814
1445772195796422664
1445772250058088457
1445772267326087172
1445772330320351238
1445772349505097728
1445772388990271495
1445772402969833483
1445772561028026370
1445772681236795393
1445772700895494144
1445772719245512716
1445772756964954123
1445772787423932430
1445772951329001478
1445773002587607049
1445773140957675522
1445773253994184706
1445773352711327748
1445773374056132610
1445773578117410820
1445773601626464264
1445773728046981120
1445773840131391501
1445773847186198528
1445773884809105409
1445773986969702406
1445774019018428427
1445774241870147591
1445774293971861512
1445774340872544257
1445774355892301835
1445774402063257602
1445774420069412864
1445774501581508613
1445774556275240967
1445774562042388494
1445774579545227266
1445774590622388231
1445774614752161792
1445774680460193798
1445774728069746692
1445774762563702803
1445775055477035010
1445775115736682499
1445775142466973706
1445775462026780672
1445775547389206540
1445775743326195728
1445775763391741957
1445775779011256335
1445775995047268355
1445776218993815561
1445776230834323475
1445776263759548416
1445776273700114433
1445776301894209544
1445776495675260928
1445776621097553924
1445776643771883526
1445776654001790988
1445777083347582979
1445777152213880852
1445777182911971342
1445777298964172807
1445777306929164288
1445777519785828354
1445777530800119819
1445777739961626629
1445777916290236424
1445778012348174353
1445778062868578319
1445778067876573187
1445778083336769542
1445778122058584073
1445778339298304013
1445778466121535491
1445778526964105226
1445778926471581700
1445778933551546372
1445778939482296337
1445779070239707145
1445779082499690505
1445779228205584395
1445779231804309518
1445779500969517056
1445779647870889996
1445779773947404298
1445779915010240523
1445779968865148931
1445780224956776453
1445780284696190977
1445780343819173908
1445780972557914124
1445781115915026443
1445781120595890194
1445781173758611460
1445781332257239061
1445781473303302149
1445782403620884487
1445782511364104194
1445782657615286288
1445782780575584261
1445782903414132739
1445783221887660033
1445783472803500035
1445784721670115331
1445785007054671876
1445785224655245322
1445785254770327554
1445785322135035905
1445785647571107850
1445785989490765830
1445786062601658371
1445786083581517838
1445786109254914057
1445786173717106697
1445786195393351686
1445786256814657554
1445786338062602248
1445786412687577096
1445786549027676173
1445786623044567044
1445786623749152769
1445786653247750167
1445786725247188998
1445786816905285633
1445786819631542279
1445786902246744074
1445787017757937665
1445787432985628677
1445787465214672900
1445787534336749568
1445787692478828553
1445788415283253249
1445788427224449027
1445788706149781510
1445788965768818696
1445788975994605578
1445789729769738246
1445789795943211015
1445790296696975380
1445790706304380931
1445790814194438147
1445790946411433994
1445791009737113601
1445791109007937537
1445791723272105984
1445792135861583873
1445792964555411458
1445792966623199233
1445793225411727371
1445794540636426249
1445794538321182726
1445794542557429760
1445794695200718851
1445795801783955461
1445796107905212424