1447713646683963399
1447714853372641280
1447714887891779586
1447714954035957761
1447716189728219138
1447716196770533378
1447717096096370689
1447717798159917058
1447718544129490948
1447721077447168004
1447721339368796162
1447721601147961346
1447722334098366466
1447722402868121600
1447722886588878848
1447723228168736771
1447723637641859072
1447724188886659073
1447724273813053442
1447725311957688325
1447725921264275461
1447726255298678788
1447727358333505539
1447727610595725315
1447728013257232385
1447728575650488323
1447728746165727233
1447728884162580485
1447729057634811904
1447730131707981825
1447730482284691460
1447731937003511808
1447733016441208833
1447733194766229506
1447733199665197056
1447733858015735811
1447734837549285376
1447735416778416129
1447735744882118656
1447737208589283331
1447737249441873922
1447737752372461569
1447737903820402691
1447738447544864773
1447738726537302019
1447738819785027585
1447738936713904128
1447739541406711810
1447739664148746243
1447739796667854849
1447740128856711169
1447740212273037314
1447740434998906883
1447740458268905477
1447740530062880770
1447740591278747649
1447740983332913158
1447741176690348032
1447741351043362817
1447741877315203077
1447742210649169921
1447743115398291458
1447743181798338567
1447743434106683398
1447743801137647616
1447744209725759494
1447744482900791296
1447744754901417993
1447744890905907201
1447745110100168707
1447745302006435840
1447745631217336321
1447745862034079748
1447746128749871105
1447746265777803271
1447746688202928134
1447747548588888066
1447747599620968457
1447747798841970694
1447748152254091264
1447748782926401544
1447749381638164480
1447750020648763395
1447750278413832192
1447750394919092229
1447750518781087744
1447750642039017475
1447751162090848259
1447752389394501637
1447752687328514049
1447753135829635076
1447753407918272514
1447753636163907588
1447755029474168838
1447755220306448387
1447755553560674311
1447755745827635201
1447757565597716480
1447757755368968192
1447758125390434304
1447758220374646790
1447758341225074692
1447758409940418566
1447759075517743106
1447759160334905356
1447760308890603520
1447760333745971207
1447760446442795011
1447760858944135170
1447760977781350406
1447761655111184388
1447762872151339012
1447763474570825729
1447764009105510403
1447764208804790274
1447764486715105289
1447764618625966081
1447765081681379330
1447766079959306246
1447766153778982913
1447766571447775233
1447767220658999303
1447767299277025284
1447767627552608257
1447767642110976003
1447767674742738944
1447767743357276161
1447768311010193411
1447768617215356929
1447769359997288449
1447769780656558082
1447770168164184065
1447770237781241856
1447770454660243456
1447770479679344641
1447770630674288641
1447770757367414787
1447771154437992459
1447771171248697344
1447771526904758272
1447772161779716099
1447772173842595840
1447772217522016258
1447772337072345089
1447772514847911937
1447772693479051272
1447772702391947264
1447773388676624399
1447774052211322882
1447774141008908292
1447774339701432327
1447774613237161987
1447775068432465920
1447775157330739200
1447776104735854597
1447776427663781893
1447776444990382080
1447776467656470530
1447777120009080838
1447777153718779907
1447777564680867842
1447777715147313152
1447777778305101824
1447778483640233988
1447778493169745923
1447778539940442113
1447778659398418442
1447779326632423424
1447779343799783430
1447779803789086725
1447779902787182593
1447780020563296258
1447780509283590146
1447780938872725508
1447781730123874306
1447782211793555456
1447782373223849993
1447783023798198273
1447783055683309574
1447783497351847939
1447783532672155650
1447784628211748865
1447784821892153351
1447785414513680393
1447785433786568707
1447786382106136577
1447786639284051969
1447786851268366345
1447789024135901184
1447789240608190466
1447789375064973315
1447789399882625029
1447789404831973376
1447789627931172868
1447789714057023489
1447789885176238080
1447790043586711552
1447790061693538304
1447790124285104132
1447790949111721986
1447790953410879489
1447790955122200576
1447791421570703363
1447792339959758848
1447792639265230850
1447793356092944391
1447793374551949313
1447793776689246211
1447793911368323074
1447794219645423616
1447794337404751876
1447794603696934915
1447795172536774656
1447795236231516162
1447795405979226115
1447795478213513217
1447795732841316354
1447795759856766980
1447795804396134406
1447795820229582852
1447796116133597185
1447796307423158275
1447796321411158018
1447796651427450882
1447796672814190595
1447796699087269890
1447796784110075908
1447797055242395649
1447797086611640323
1447797135169130497
1447797180668985345
1447797480045748225
1447799133083820033
1447800491845447681
1447800853520285700
1447801471345459200
1447801909092311040
1447802560899784705
1447804149408546818
1447804846187290627
1447805295082704896
1447805477413261318
1447805579158646786
1447806988558110720
1447807181596729344
1447807813049192449
1447808640308502531
1447808751637909507
1447808997252210688
1447809439298297857
1447809885635166209
1447812560992935937
1447812850446000130
1447813364277673991
1447813800397193218
1447813907964334085
1447814041708072962
1447814518386561027
1447816833457741828
1447816837253636096
1447817041411391489
1447817493616029697
1447818007225372679
1447818744454004738
1447818935684845569
1447819124403433473
1447819162441555971
1447819415274151938
1447819602210082818
1447820184484397060
1447820764963475457
1447820812841623552
1447820810241122305
1447821224969596929
1447821292942417921
1447821500535369736
1447821740143374337
1447821771449585666
1447822099679039489
1447822213961289729
1447822406563684360
1447822595240333316
1447823759964925955
1447823896871383042
1447824154435014664
1447824605310173193
1447824857282928642
1447824977374244864
1447825022131707904
1447826412941942789
1447827245867802629
1447827723083153409
1447827933683351555
1447827971016855557
1447828068538601472
1447828628549476352
1447828650858987520
1447828935056650242
1447828960960675842
1447829252930375683
1447830033687449608
1447830883256266760
1447831061375770627
1447831463001423878
1447831671479291907
1447831720678473731
1447832805979791360
1447833333937815552
1447834253085974529
1447835077551943686
1447836128988438530
1447836351043448832
1447836500549275648
1447836516063989760
1447837194731859972
1447837556297453575
1447837580326629377
1447838196377788418
1447838317836312576
1447838568458584066
1447838634820861957
1447838904078385159
1447839120395419648
1447839283075686400
1447839382040244225
1447840985917001730
1447841044758872070
1447841227555016705
1447841335998758915
1447841384283525122
1447842139199578113
1447845073933066243
1447845506432995328
1447845602344067076
1447845777766699011
1447846046021812229
1447846121984835589
1447846282551197696
1447846937537904649
1447847304107479045
1447847775048114179
1447847929008443400
1447848805399863297
1447849612769824772
1447849850247081987
1447850588855623682
1447851239308365827
1447851450910982144
1447851573082685442
1447852171840479234
1447852392297365508
1447852837287776258
1447853142176002049
1447853899277242368
1447853951617953798
1447854657464721411
1447854710254309382
1447854766676078605
1447855150727512069
1447855423122337794
1447855831865716742
1447856635641319432
1447856651868913665
1447857072926724100
1447857720283959297
1447857816870420485
1447858846848798723
1447860016308908043
1447860745698361348
1447861143062515712
1447861710790922242
1447862282344493056
1447863013214613506
1447863419181277185
1447864160872591372
1447864627220688898
1447864841734004738
1447867750752219136
1447869513370771456
1447869750978105347
1447870067572559878
1447872559739899906
1447872827898564610
1447873027329253383
1447873080718598144
1447873490426626048
1447873562153340928
1447873692164182020
1447874094154743819
1447874808285327360
1447874827973320705
1447875169695911936
1447876377391165447
1447877048005844992
1447877087235219461
1447877208551276544
1447878716353220609
1447879134613581830
1447879796931719169
1447879830696079363
1447880422457630728
1447882025952849921
1447882632478425088
1447883603782746113
1447885339649994757
1447885494973394946
1447886057043738624
1447886780942864389
1447886822374141954
1447887009884753920
1447887297999896580
1447887322758803464
1447887319990603778
1447888018241511431
1447888768652902404
1447888824105779211
1447889086463627265
1447889314524790791
1447889423027167234
1447889762879148032
1447891044117323777
1447891300171223045
1447891318043131908
1447891587594293250
1447892574975369225
1447892617807613953
1447892684887117831
1447892729246015493
1447892728554016770
1447892726280720385
1447892758115459075
1447892936654409735
1447893738726903813
1447894194987552774
1447894320342732806
1447895055071539200
1447895145542656005
1447895301746950148
1447895795894677506
1447896066167296014
1447896319645782027
1447896331943436291
1447896467897679872
1447897475050717184
1447897835324596229
1447899220002881538
1447899354451177482
1447899414056431618
1447900102345912324
1447900107974742020
1447900221883629571
1447900332529422342
1447900541653184512
1447900626680041473
1447900750349312006
1447900832087744512
1447901599959969798
1447901645325541376
1447902802139746310
1447903074979237893
1447903605231521803
1447904092756480000
1447904672564453376
1447905036747481088
1447906264051159048
1447906319495622657
1447906459384123400
1447909590327181314
1447909808661696518
1447910440575533060
1447911007670603779
1447911767883931650
1447912074315636739
1447913341481979911
1447913565613019137
1447913688896180228
1447913863840628741
1447914317123239938
1447914457414340609
1447915764028100610
1447916002528821249
1447916136042049548
1447916428217262094
1447916590482137090
1447916897715081217
1447917141890641926
1447917162673418247
1447917503787700230
1447917943090733057
1447918132195205123
1447918305881251844
1447918370083516423
1447918409090584603
1447918809382367233
1447918895386480642
1447919073971609602
1447919235762556929
1447919338745475085
1447919506362339339
1447921528700551185
1447921571218272257
1447921698364342284
1447921754895261698
1447921993987330051
1447922270677127176
1447922453498454028
1447923192404889606
1447923857512349709
1447924001653788678
1447924109229367312
1447925185005375492
1447925762984644612
1447925945227255810
1447926428826222596
1447926585881939968
1447926674184708104
1447926726596648975
1447926910240034823
1447926931995910149
1447927300410982407
1447927396116619265
1447927487808385047
1447927680398155782
1447927828587163649
1447927993381294089
1447928889511137282
1447929079366303752
1447930530620657677
1447930623012839442
1447931193681448967
1447931959510982660
1447932381952888846
1447932441713336329
1447932447736352776
1447933800688885767
1447935101095096338
1447936111419039755
1447936239030657038
1447936933984886795
1447938657470590984
1447938874882334722
1447939072723402770
1447939792612777984
1447940227406999560
1447940274894905351
1447941161864335369
1447941426319446022
1447941480295944200
1447941690392600578
1447941778821292035
1447943144289431552
1447944357399515142
1447945839129743360
1447945883627130880
1447947693796388868
1447947725446672386
1447947782581469184
1447947801510416387
1447948283624574979
1447948325433405441
1447949277930663937
1447950034473918469
1447950076114915330
1447950752131940362
1447951891934052352
1447952285653356550
1447953445403586562
1447953658612641800
1447953809079037955
1447954298705301508
1447954688905674752
1447956062976446465
1447957264602525697
1447957310362435585
1447958300671180806
1447959033894227975
1447959449990172679
1447959610455781377
1447961337657651203
1447961356888522752
1447961468503134208
1447961850398732295
1447962173196537856
1447962350053572608
1447962945808306181
1447964089280393216
1447964157525905409
1447964401315696642
1447965186724282376
1447966762721431553
1447966808070246402
1447967448699850758
1447969227348922368
1447970035352236037
1447971036197232646
1447973632622223361
1447975584932368384
1447975904873881601
1447978374475837442
1447979346531020803
1447997769377927168
1448004194909270029
1448009412308832256
1448009855785226254
1448018072577531907
1448019333582516226
1448024964670627842
1448031868142505987
1448034733741379590
1448034994962583553
1448035410609770499
1448037611067494401
1448039651995004936
1448055408183046145
1448057597311868928
1448057784818278404
1448058027605561348
1448059486422241286
1448061850210299909
1448063506469711879
1448065330597662723
1448066081306906629
1448066377797955585
1448066379224059908
1448068525688492052
1448068560916463618
1448069049607499777
1448069520120336388
1448070045893120009
1448070221642665984
1448071720686997515
1448072618268057603
1448074670478172160
1448074891123576832
1448075152055537668