1443743763302522882
1443727501369360395
1443727520197591057
1443727996859269159
1443728621487603723
1443728632350904328
1443729001873227790
1443730068459569185
1443730928161808385
1443731594569662471
1443732639211405331
1443732914139656192
1443733019773202433
1443733156230676491
1443733378734309397
1443733512662630403
1443733555033489414
1443733689028919313
1443733783329456145
1443733799569788929
1443733845354823683
1443734063076950036
1443734365125558301
1443734505781542945
1443735819492081686
1443735822524563465
1443736220102639642
1443736469235908619
1443736555563073561
1443737099044196352
1443737649844350987
1443737676180385796
1443737839745703937
1443738023967932416
1443738316268924934
1443738640606064648
1443738932877795329
1443738969087168512
1443739303805259779
1443739463209816064
1443739809415974914
1443740016904052739
1443740578315792393
1443740991031164931
1443741099055411215
1443741376265392130
1443741886884184072
1443741930370727938
1443742465853431808
1443742646652981249
1443742726365728772
1443742755751006208
1443742957601910785
1443742990233530368
1443742999721086977
1443743510859956225
1443743702245986306
1443743761511510016
1443743777475031044
1443743877353984001
1443743995822166017
1443744241461522432
1443744512946311168
1443744833865093120
1443744864852594689
1443745108591931412
1443745359197392897
1443745978247532545
1443747069697544192
1443747468244504577
1443748341439873024
1443748597321797632
1443749130455511058
1443749189855244293
1443749400015040530
1443750008432390157
1443750263387348993
1443750860178219009
1443750952595607553
1443751054772871168
1443751133709627406
1443751564800192544
1443751586371497986
1443751916031209480
1443751949728247825
1443752060256600066
1443752315681325057
1443752321310027778
1443752752954241024
1443752974375743508
1443753079812329473
1443753648715026432
1443753828050825234
1443754078366945281
1443754227377926151
1443754449701203996
1443755845825622024
1443756294729396242
1443756374886740003
1443756530940088321
1443756723152437248
1443756799685849120
1443756827624153088
1443757347269013511
1443757496561070106
1443757633249243146
1443758530381508610
1443758811223715893
1443758982556839938
1443759270797799483
1443759941160824844
1443761197610795008
1443761224852725761
1443761450594430979
1443761684418469892
1443761900500643840
1443762085054189568
1443762145351536646
1443762148279160836
1443762547971166214
1443762776334168065
1443762925936660483
1443763077560737796
1443763235962822658
1443763447796158464
1443763563693182976
1443763571184205834
1443763638762758146
1443764637015556100
1443765037676466176
1443765381923962885
1443765381714251796
1443765407924457477
1443765772845682691
1443765994879520776
1443766442747252740
1443766921833299968
1443766960626438150
1443767168441618451
1443767195117363204
1443767439813087239
1443767750770368515
1443767799751450625
1443768142870708227
1443768517682032644
1443768616067895309
1443768851963858947
1443768981475655683
1443769110198849577
1443769204360957952
1443769638995726366
1443769913051516932
1443770000330743811
1443770064423976964
1443770125123928064
1443770285765775363
1443770319991279619
1443770501516574724
1443770587713708032
1443771131291324421
1443771139700838401
1443771319707791360
1443771603196661761
1443771674206244872
1443771801163628545
1443771945166589953
1443772572445786114
1443772659318378503
1443772698576916522
1443772695464710150
1443772707376533505
1443772743313358850
1443772773709484057
1443772934246453254
1443772954941165577
1443772985429557254
1443773366993702914
1443773599958011921
1443773610204696593
1443773692782153729
1443774110337667076
1443774130008911872
1443774833305653248
1443775055175979021
1443775102693216261
1443775262127239169
1443775578742558742
1443775635562721281
1443775642818859013
1443775720094793730
1443775767125528579
1443775970645725187
1443776033472217095
1443776156415660049
1443776307653791747
1443776481226756115
1443776919632326657
1443777019037118464
1443777046090453005
1443777283760611330
1443777437435777028
1443777572509159452
1443777613311348757
1443777634618331142
1443777638238097421
1443777657645142035
1443777927296913410
1443778064207413251
1443778094855176197
1443778339320127490
1443778347188686853
1443778381036679169
1443778424804315137
1443778554127216641
1443778594384187397
1443778748893908992
1443778787087302657
1443778803038244868
1443778854422679595
1443778852434579484
1443778980864274432
1443779064909631490
1443779232304230402
1443779295713792023
1443779358733209618
1443779522780827671
1443779559636172802
1443779570793017346
1443779624714997773
1443779795251204110
1443779849726824467
1443779931096322048
1443779984078770192
1443780079436271656
1443780427190210579
1443780799313027072
1443780812395085826
1443781264230682643
1443781388201709570
1443781488491700229
1443781892843606022
1443782132812320782
1443782381836537869
1443782614339391522
1443782676079464450
1443783355749732370
1443783383318892567
1443783461395841025
1443783732033323009
1443783850585329683
1443783884072787969
1443783972794765315
1443784187803176985
1443784294711762944
1443784471862415362
1443784481043746867
1443784501583253652
1443784559619817474
1443784825547079683
1443785085627502596
1443785136055619644
1443785139243286528
1443785168657870848
1443785442030018560
1443785550679347201
1443785756498038806
1443785892720644125
1443785930410655744
1443786012199587887
1443786140478181383
1443786174057779237
1443786274867875884
1443786284422500377
1443787818371674113
1443787876076949504
1443788041928151044
1443788139466690564
1443788444598108162
1443788582955585537
1443788641927532544
1443788892964982784
1443788922580914177
1443789244183449601
1443789522878152710
1443789803229573120
1443789811894996995
1443789860955832325
1443789933005606916
1443790024403652609
1443790384371421192
1443790384400764929
1443790467213135876
1443790535299256325
1443790554161057796
1443790554534322178
1443790996190289920
1443791056223436802
1443791433618497541
1443791451087781891
1443791447707119616
1443791881188511745
1443791896690581508
1443792050575396870
1443792810121957376
1443793331503259649
1443793438915260417
1443793859629232129
1443794003959316497
1443794219768770569
1443794429010010120
1443794571570270214
1443794943122628612
1443794961279770633
1443795108197908480
1443795129127477255
1443795396023635969
1443795519646539785
1443795541712723972
1443795953480126474
1443796048531447817
1443796061395447813
1443796296922398724
1443797037791678466
1443797563178557443
1443797901612703746
1443798280421486593
1443798351334445056
1443798578137161729
1443798625880973312
1443798658646896642
1443799093201956866
1443799091327102980
1443799175691325440
1443799869634744324
1443800205132906496
1443800257729425413
1443800294110887937
1443800951131832323
1443801004080730119
1443801014402895872
1443801398768902146
1443801665996410881
1443801768178032641
1443801823765151752
1443801893323431938
1443802053948497930
1443802348753547266
1443802365270712324
1443802410795749376
1443802530069168131
1443802857946370049
1443802916976947202
1443802937000529926
1443803068416466945
1443803337707589632
1443803571108024325
1443803806274232320
1443803839702786049
1443803878017822722
1443804111141421057
1443804145194979334
1443804347754692616
1443804397000003593
1443804606039879688
1443804726470995969
1443804771224211458
1443804908721827843
1443805022916014083
1443805063533645827
1443805069770559494
1443805116436410369
1443805156475162630
1443805184539328516
1443805207717036037
1443805291129098241
1443805540249833475
1443805581328797698
1443805686345863169
1443805965199966213
1443806216220815389
1443806315357237250
1443806484043747329
1443806553522331649
1443806714109726721
1443806710372593668
1443806722674475013
1443806807139311616
1443807047951130626
1443807045816250370
1443807123360468995
1443807146198458369
1443807156126445576
1443807257750163458
1443807392433532929
1443807497165230081
1443807531873148929
1443807601393758208
1443807645291270146
1443807936032043008
1443807941346291712
1443807945297260545
1443807980885921796
1443808094715203585
1443808146388967428
1443808254954328067
1443808296951947267
1443808623335907331
1443808770727899141
1443809081324711949
1443809634947526656
1443810018738905090
1443810042277285898
1443810047033847830
1443810420976865283
1443810538916483076
1443810794731294720
1443810994891812866
1443811052924203020
1443811157454704640
1443811205051678725
1443811284063961095
1443811342599667714
1443812176649617408
1443812524776849408
1443812593798246403
1443812718025199617
1443812754037489667
1443812915241369602
1443813056992079872
1443813119009034245
1443814408359079940
1443814744633208840
1443814780066689027
1443814929694298112
1443815459975938055
1443815987506139136
1443816563648253954
1443816649488879619
1443816848584105987
1443816914090803209
1443816941467041797
1443816980423712778
1443817160699121666
1443817191313342465
1443817745871638530
1443817825957662724
1443817959194075139
1443817986868064264
1443818062096990215
1443818483171545090
1443818585059594244
1443818877507362817
1443818880153972739
1443819156470579205
1443819236120412164
1443819376122077184
1443819373207031811
1443819410171383809
1443819485153017856
1443819652258271237
1443820210432077825
1443820315931381764
1443820367273873416
1443820928454983684
1443820959845154821
1443821009090461700
1443821449534337027
1443821500641861632
1443821537857978368
1443821672453136384
1443821957934317572
1443822249186713602
1443822412290662405
1443822445324996608
1443822486609555459
1443822754868842501
1443823070674767876
1443823144528011264
1443823590307090433
1443823754530885632
1443823820368875520
1443824535069859844
1443824554111954948
1443824641697464320
1443824838632558592
1443824926465478658
1443824940122214400
1443824959894142979
1443824970216325125
1443825160012779525
1443825254548213763
1443825254611095553
1443825368587128832
1443825506063839237
1443825818627493891
1443826026463694849
1443826079890771972
1443826088103137281
1443826139768635402
1443826324095705092
1443827415646498818
1443827622824140800
1443828121690525698
1443828184307273730
1443828357456490499
1443828371243159557
1443828382685274114
1443828388217569280
1443828486397853706
1443828630585430017
1443828754350936066
1443828814195224578
1443828915055710215
1443829134166085636
1443829258506227712
1443829506137985028
1443829608206401538
1443829661453066243
1443829840998658053
1443829850230296577
1443829936880427017
1443830179525132290
1443830414062219267
1443830678596947974
1443830797803286528
1443831143413927938
1443831155757780995
1443831185512144900
1443831235411804163
1443831403733405697
1443831587519356937
1443831629005213696
1443831978764103681
1443832175590195201
1443832305626222594
1443832409779105793
1443832601374969856
1443832741934497794
1443832893910880261
1443832935807799296
1443833058742861826
1443833097355612162
1443833099742171137
1443833193472282628
1443833225068097543
1443833369440047106
1443833387647709195
1443833555063242755
1443833622897696770
1443833671547424784
1443833809011494917
1443834059440865286
1443834468876365856
1443834473007751168
1443834477361381376
1443834488832864307
1443834497426878466
1443834504456593408
1443834501751320586
1443834518968938515
1443834527802142725
1443834892639358979
1443834919306866694
1443834972230488067
1443835059174187012
1443835103034048514
1443835237625053184
1443835504835710977
1443835632703451163
1443835671815147529
1443835703054389253
1443835825775472642
1443835876551757824
1443835906108968961
1443836060329410564
1443836317285027842
1443836431370129411
1443836442677891077
1443836473673805825
1443836593903587331
1443836671745662978
1443836731741016068
1443836980534517766
1443837094183514128
1443837102492430356
1443837241973899267
1443837320164118530
1443837431665487873
1443837533062791171
1443837573453942790
1443837638205591556
1443837636490104832
1443837745663643651
1443837772754677762
1443837943550939138
1443838055324913664
1443838131959042055
1443838335747702791
1443838425556086786
1443838441658089475
1443839131109396482
1443839150667427843
1443839254182858756
1443839328912769027
1443839485318336514
1443839487130292226
1443839748523495425
1443839941734125569
1443839963464826880
1443839967227105286
1443840041478803458
1443840059493343235
1443840149721255938
1443840172202729473
1443840388402335749
1443840581273210889
1443840724739387392
1443840723430879266
1443840760143433728
1443840768280436740
1443840795191042050
1443841247857184770
1443841283399634944
1443841439331323904
1443841658458492928
1443841688720470021
1443841794056146944
1443842178141196291
1443842319719960578
1443842322899349525
1443842388670115841
1443842413609373703
1443842512477589508
1443842541904752642
1443842686109192193
1443842706225053702
1443842741604024328
1443843148128522241
1443843260909178884
1443843434247176198
1443843566405513218
1443843977636028418
1443844097404379139
1443844762654576645
1443844822775697410
1443844952140574723
1443845004707786752
1443845007039815683
1443845063511928832
1443845253430079490
1443845291292037120
1443845299038875652
1443845305175212037
1443845312741740546
1443845354114281472
1443845381930946561
1443845406924836868
1443845602450706436
1443845655269494787
1443845705609596930
1443845744767619076
1443846335967289346
1443846393894891524
1443846493526388737
1443846542146740224
1443846550191362050
1443846595519283200
1443846825979432960
1443846912579231747
1443846914013732866
1443847020532412447
1443847277295009795
1443847461877923840
1443847582380224513
1443847906277027846
1443847978158985224
1443848061180997632
1443848673637453824
1443849256045928455
1443849255676825604
1443849521868406787
1443849967735431168
1443849998181957638
1443850176003653634
1443850281444204545
1443850546385801216
1443850583530639365
1443850763407478794
1443850833699823617
1443850908517818370
1443851118170165251
1443851123060723713
1443851290082041860
1443851432524861440
1443851441693618178
1443851511327387651
1443851618546425859
1443851805419393028
1443851930598461440
1443851959673372673
1443852169535385605
1443852904390029316
1443852923956436998
1443853194585690118
1443853279562067970
1443853299510235140
1443853398277701632
1443853605480513536
1443853883076345864
1443853963556634633
1443854037749620738
1443854115046674443
1443854351051546630
1443854597785669632
1443855002590593027
1443855006499622922
1443855280022851590
1443855476265914374
1443855520201265160
1443855626434592769
1443855759394041860
1443855912796504070
1443856107206705154
1443856352607031299
1443856363717738503
1443856721240158213
1443856753658142722
1443856950286958597
1443857107942473730
1443857287513214983
1443857702787043329
1443857885847375874
1443857931254964224
1443858007842902022
1443858435574050821
1443858699437494280
1443858740759838721
1443858753208520705
1443858767695675395
1443859229941460995
1443859434493693966
1443859938393034752
1443860184942530562
1443860710082056206
1443861315122974722
1443861621743308800
1443861744795803651
1443861883744763906
1443861897246232577
1443862336591130624
1443862583358812161
1443862596558344195
1443862695766216707
1443862797285093377
1443863260231618595
1443863308793114625
1443863372919816198
1443863725769822212
1443863798054486019
1443863840429510661
1443863888211046401
1443864195733221376
1443864339304251395
1443864337165086726
1443864442492514309
1443865396432412675
1443865543371485184
1443865620819288065
1443865681368260610
1443865785567379461
1443865950688669699
1443866037330452484
1443866445843030017
1443866776236793858
1443867015765131275
1443867221290217473
1443867238767857668
1443867447421931520
1443867521174495232
1443867602862829575
1443867961840734212
1443868019764068358
1443868356449226753
1443868413907005442
1443868832305586183
1443868988002340865
1443869286536122375
1443870489810649092
1443870563294801925
1443870792094076930
1443870804882575360
1443871064124112896
1443871081358495746
1443871291090432001
1443871333222273029
1443871412821757956
1443871464751448067
1443871664941326343
1443872074670370819
1443872198087692292
1443872696564006914
1443872790029877248
1443873110319517697
1443873169400422401
1443873347125665795
1443873481163034626
1443873855102091269
1443874026024144902
1443874250809479170
1443874322951462912
1443874445588717577
1443874713747427334
1443874745817071621
1443874884396847106
1443875016391622658
1443875020510359554
1443875032208265216
1443875081134886913
1443875263025082370
1443875369489035266
1443875453048033288
1443875552863997958
1443875856842067971
1443875999783931904
1443876348087324672
1443876483177480193
1443876776032157700
1443876787264671746
1443876855682002949
1443876926276263941
1443877002038054918
1443877161027268615
1443877313196683268
1443877513919225857
1443877912734699520
1443877918849978369
1443878222513332228
1443878230730043401
1443878245414236160
1443878415853973505
1443878436699885585
1443878455926398981
1443878969816748034
1443879427956371456
1443879539118014464
1443880237637373952
1443880634624057344
1443880930121113604
1443881349215973377
1443881495064576000
1443881878293868550
1443881937769095168
1443882128949841921
1443882187569336321
1443882301159395329
1443882648477179906
1443882740361793536
1443882772624330752
1443882849132691459
1443883050102788098
1443883132193628164
1443883338238885889
1443883376813826048
1443883375702384643
1443883458414059531
1443883526240149505
1443883551280152583
1443883721673691137
1443883903522009093
1443884169835077632
1443885098684727299
1443885146206134273
1443885451530489858
1443885769488101376
1443885835586203649
1443885895162097670
1443886165468143620
1443886176666931200
1443886407341129728
1443886459102978049
1443886471912378376
1443886970556465157
1443887006723936263
1443887413890142208
1443887466113486849
1443887777158815746
1443887806699376643
1443887846507442177
1443888428551000079
1443888753915928580
1443888807246319622
1443888916226981893
1443888966445375488
1443889096011628545
1443889339042123780
1443889405161136130
1443889756396425224
1443889786259849222
1443889907810770944
1443890090120396800
1443890102954987521
1443890182051217408
1443890334870560769
1443891154349477894
1443891407018606592
1443891539499892743
1443891875270705161
1443892100416761856
1443892180095889409
1443892180980928514
1443892963206066176
1443893119674552323
1443893236443934724
1443894013279436806
1443894087237595136
1443894252887363585
1443894329894866953
1443894435423535108
1443895084261404672
1443895117962637317
1443895165282762756
1443895515167420420
1443895656767111169
1443896702688104448
1443896950965760001
1443897116892413958
1443897441946767365
1443897522183753738
1443897838211985412
1443897957632262145
1443898097549991936
1443898417852289031
1443898778054901768
1443898797013159940
1443898896862760962
1443899205475454977
1443899256872472582
1443899318943899648
1443899983296483333
1443900678036938753
1443901103565783052
1443901431044448260
1443901504369221636
1443901913393602569
1443902276838445057
1443902481700835330
1443902787000016903
1443902798303617029
1443902891945648130
1443903027836960769
1443903223044063237
1443903250231533569
1443903347350671371
1443903455815299074
1443903554960322560
1443903848351813632
1443904178737188865
1443904466978181126
1443904523685150720
1443904679465795588
1443904737573675018
1443904815017324549
1443904993254264840
1443905218001784833
1443905260028710915
1443905335366881281
1443905367939764227
1443905397719404558
1443905580268089344
1443905812435386370
1443905921860526080
1443906904065855490
1443907043128066050
1443907178344038400
1443907315707432968
1443907411027234816
1443907466312491015
1443907496909828110
1443908577438015492
1443908677891620875
1443908910256033794
1443909291283419137
1443909539435212801
1443909850782568452
1443910143725301765
1443910536463142919
1443910814562504707
1443910849261752322
1443911208424202247
1443911966674731008
1443911969963081729
1443912255926521856
1443912529806299136
1443912901769584644
1443913057353142277
1443913083437543433
1443913437403176961
1443913615241728005
1443913927906062343
1443914209360629770
1443914390739189765
1443914615767781382
1443914827781443590
1443914992403697664
1443915136566128640
1443915541752598529
1443915582873616391
1443915687567581195
1443915996796837893
1443916015616757766
1443916428902494216
1443916931153608711
1443916985901879300
1443917379713462279
1443917523280281600
1443917989942726657
1443918444299096070
1443918644983914501
1443918738521145344
1443918751905112067
1443918769978437638
1443918806582063104
1443919068625440768
1443919211655352320
1443919235957334019
1443919367305973761
1443919756310966275
1443919967674535940
1443920037580992517
1443920345702883343
1443920885962797057
1443921232517160971
1443922977129570309
1443923089599782915
1443923209053605889
1443923684473794561
1443923865470521344
1443924192701734913
1443924736493248520
1443924796790558721
1443924826633261058
1443925099988467719
1443925298110558219
1443925570073481223
1443925599156797441
1443925716731502597
1443925963323023360
1443926836396756997
1443927041418481664
1443927071516860416
1443927367118852100
1443927366930026500
1443927526145871873
1443927556290318344
1443927583653957639
1443928098395676679
1443928109397331970
1443928156717477891
1443928175810015234
1443928197259620357
1443928323508170758
1443928353782714377
1443928354231513092
1443928491553017856
1443928577553022977
1443928844532998149
1443928933372551168
1443929026335174658
1443929176633864197
1443929487998062599
1443929543354376202
1443929548450512908
1443929584630579204
1443929867947368455
1443930033525903366
1443930069638922240
1443930082121183236
1443930258269376518
1443930521336107014
1443930653582520327
1443930766593781760
1443931008647139333
1443931387141050371
1443931970904334341
1443932093562507268
1443932513253007371
1443932573218983936
1443933160572551170
1443933306328784900
1443933460830117902
1443933480983961603
1443933486629277696
1443933554132459521
1443933585006731272
1443933729441808387
1443934121017806850
1443934353680048129
1443934689761234960
1443934845504147464
1443935080116797458
1443935103730651137
1443935135439589379
1443935534728900613
1443936022530723843
1443936071536967685
1443936204362190850
1443936232162017285
1443936736980049921
1443936741275029506
1443936911706316800
1443936950138724357
1443937058578337796
1443937084473937923
1443937168980729856
1443937195300061189
1443937477845151745
1443937608262774786
1443937972231888897
1443938067241267202
1443938581957910542
1443938779673214980
1443938939027398659
1443939182204710912
1443939246725758979
1443939643007782916
1443939650100363264
1443939739740954624
1443939779834363907
1443940045753176070
1443940047539949582
1443940291145199616
1443940320589193218
1443940918051016710
1443941343017897990
1443941582885908486
1443941599952527363
1443941704659189763
1443941758627319809
1443942075204968451
1443942085128720384
1443942222290817026
1443942303366672384
1443942340347916291
1443942566336995331
1443942862115065866
1443943590934188041
1443943601730293765
1443943686560116737
1443944292087578629
1443944577178636292
1443944596589846531
1443944955005714435
1443945235764023301
1443945672147755009
1443945936913199108
1443946136545284100
1443946156552175618
1443946599919534113
1443946693506912257
1443946789766262786
1443947510519664640
1443947577519476738
1443947900174618624
1443948128642617345
1443948234867568648
1443948673507880966
1443948864227078151
1443949039356026887
1443949478084448263
1443949991395880973
1443950216495833090
1443950478706896905
1443950744025976832
1443951658539503622
1443951693230526467
1443951771039137803
1443951809236668424
1443951826970157056
1443951952383995911
1443951996508114948
1443952211424268290
1443952493562527747
1443952493231104003
1443952858047471617
1443953060041015307
1443953756173832198
1443953804290842632
1443954188703047687
1443954494597828612
1443954648948232192
1443954674416029700
1443954733975105540
1443954748219015169
1443954790292090881
1443954948522139661
1443954956650762246
1443954967383982083
1443955765266419713
1443956057076731908
1443956141835231232
1443956144649617415
1443956201771843595
1443956297104191495
1443956751020146692
1443957072119275529
1443957265141166082
1443957321428733954
1443957374834790402
1443957587779604481
1443957687788576770
1443958026612789255
1443958189213425666
1443958337347809281
1443958615669284866
1443958632362622978
1443959579629424641
1443959654480945152
1443959830696259591
1443960184661966855
1443960236931387398
1443960251192016900
1443960612753588226
1443960849496870921
1443961060680110080
1443961423340527620
1443962024183013380
1443962201438494721
1443963952283619333
1443964446200631301
1443964799826595847
1443964829371232262
1443964916398891017
1443965007406845956
1443965236432625669
1443965317839945732
1443965422030626818
1443965642281873408
1443965831235342337
1443966793383432195
1443966976515141632
1443967180408717317
1443967476664975360
1443967865573363715
1443967934242508806
1443968302842187780
1443968376175357956
1443968444945235968
1443968979324735492
1443969005035819012
1443969043224924161
1443970023345713156
1443970114500501508
1443970186810310659
1443970376485072903
1443970543875543040
1443970566231191552
1443970669394292743
1443970973116424194
1443971543785082881
1443971599011512320
1443971843640102913
1443972278643875840
1443972613475225606
1443972663949414402
1443972694052007938
1443972696946003972
1443972763882983428
1443972888114044930
1443973254285123585
1443973569629679620
1443973914342813698
1443974335400607746
1443974848200339458
1443975241127006209
1443975296575737859
1443975674172035080
1443976507731300356
1443977157177274368
1443977588003594241
1443977830581161990
1443977935480713219
1443977955516973056
1443978201638719488
1443978374100123652
1443978455020802048
1443979113253851136
1443979291176308737
1443979959689617410
1443980015499055105
1443980466839687172
1443980524238696450
1443982048322940932
1443982832641052673
1443983119510429701
1443983879778422786
1443984265918627842
1443984407325380609
1443984718177837056
1443985009644240897
1443985038450704384
1443985448997560327
1443986330464096261
1443986381710053377
1443986605149089794
1443987666073055234
1443987701330444289
1443987791122092032
1443988522537402368
1443988591873380353
1443988744818737152
1443989040500396044
1443989292947181568
1443990546259726339
1443994016450707461
1443994950803197952
1443995039667875842
1443995684542111747
1443997522523922432
1443997623405330434
1443998649948594177
1443999180930879508
1443999482866290694
1443999580773761024
1444000280173899779
1444001005222256644
1444001209522606081
1444001286081286146
1444001430726066181
1444002332887318528
1444003626930761730
1444003936105418754
1444004403753615362
1444004854213476353
1444004955090685956
1444007006264721410
1444008061148991496
1444011480173592578
1444012405407682560
1444012956337856512
1444013257988075524
1444013794657640448
1444013995137003527
1444015660397326346
1444015728663924749
1444017802755592192
1444018918662627331
1444019573817106432
1444020004807065601
1444021780591493121
1444023750085730313
1444025461470744577
1444026223969984512
1444027484530302978
1444028949017751555
1444029943629766656
1444031837848813568
1444032013896335360
1444037201994473474
1444040413820690438
1444042355472957443
1444044490554023943
1444047132952973313
1444047325983248385
1444049280088428547
1444050784451108864
1444050810363527168
1444052367448494081
1444052949919879168
1444053077053509632
1444054944978391042
1444055687735115777
1444056296118915073
1444056589376241667
1444057246103744519
1444057487246860300
1444058920910086148
1444061466450018309
1444061827457978370
1444062076452757509
1444064338600366080
1444065612699865089
1444065972730490880
1444066077525233664
1444066773033099265
1444067364597686276
1444067797760237569
1444068902946803713
1444070369392881668
1444072231223529472
1444073541641519104
1444074689668653060
1444075113087860739
1444075921422487557
1444076746362343427
1444076968857587712
1444077080115744769
1444077689632006147
1444077991340830723
1444079252458983426
1444079305529573378
1444079314555654146
1444079718903341057
1444079820418129926
1444080036018065413
1444080236899934210
1444080289832046592
1444080726400401412
1444080887964991491
1444081273010487297
1444083007904616450
1444083769493704706
1444083816570626055
1444084149044740101
1444084278086668289
1444084367282761734
1444084425994563587
1444085028019793922
1444085090053619712
1444085431407202312
1444085818386096129
1444085945238577153
1444086864076435461
1444087509734998017
1444087848781500416
1444088517437526016
1444088577218863104
1444088682810523650
1444088772879024130
1444089001070116867
1444089021076934656
1444089193270022148
1444089650935517186