1444122321921314818
1444434917987782657
1444150324718043139
1444179289579016192
1444180781325111296
1444180966692380673
1444184923041005573
1444186001421725703
1444186239154855938
1444186426959007747
1444186460832235524
1444186876642926592
1444187406870061056
1444189289047216130
1444190087269388291
1444190183478349824
1444190528015253508
1444190741387902976
1444190900289097728
1444191112021774337
1444191170452541441
1444191278636306434
1444191473029632007
1444191601232805890
1444191802890731521
1444191811472289797
1444192174749335560
1444192435425275905
1444193559846866946
1444194780116779010
1444195385950412804
1444195592138231814
1444196192691232772
1444196678534270976
1444196931610320898
1444196935850766338
1444196939818573827
1444196941076832258
1444197474113974272
1444197994203533314
1444198037245489153
1444198530327871488
1444198934704840705
1444199188661616644
1444199860891049992
1444200357714808840
1444201255249735681
1444201448158363657
1444201690924601344
1444202559560896512
1444203051972059140
1444203638218317828
1444203711895531521
1444203748348207107
1444205132116226053
1444205452749770755
1444205559167655938
1444206266369261568
1444206455280705537
1444206580807847937
1444206630057349128
1444207424747933704
1444208110504087554
1444208527162044418
1444208633982504963
1444208662784794633
1444208722142642180
1444209049147363333
1444209404564307972
1444209920291655684
1444210325453033476
1444210406038245377
1444211090632503298
1444211180646526978
1444211554988163075
1444212344331014144
1444212365403115526
1444212401742569475
1444212792785965060
1444212814789312512
1444213248929062913
1444213542681395203
1444214198305574918
1444214397044342784
1444214648736157699
1444215043319492614
1444215319883501575
1444216116356603905
1444216516342280198
1444216800720216068
1444216894697795586
1444217855071776775
1444217890505310218
1444218068561891329
1444218097389293568
1444218537216667655
1444220742946541574
1444220782226276356
1444221263317143554
1444221314886103042
1444221371928571905
1444221669401247744
1444221849970176006
1444221919738269703
1444222038688755717
1444222127926747149
1444222641250856970
1444222956167520259
1444223293641277447
1444223375375691782
1444223382015275012
1444223614581030920
1444223687217991688
1444223906303279105
1444224153096052738
1444224320201367556
1444224419581206533
1444224617560756228
1444224990170140678
1444225673053171717
1444225676576378890
1444225748408025093
1444225953492713477
1444226190777065482
1444226424986955778
1444226922955771904
1444227106703958018
1444227114207645700
1444227590617591811
1444227697513664518
1444227713900761088
1444227834864549890
1444228244337692672
1444228481060012037
1444228499556814850
1444228545320927236
1444228980530298884
1444229530936246275
1444229586099662851
1444230140083335176
1444230348884246533
1444231681527848963
1444232045895426049
1444233576132714505
1444234146373455879
1444234373822238723
1444234508031516681
1444235178595942403
1444235374146977795
1444235808643305472
1444236016542380034
1444236062000254978
1444236104161366023
1444236535197409280
1444236799845429259
1444237264964390918
1444237276695777280
1444238105507074054
1444238253381488644
1444238298528960515
1444238499989766149
1444238582403665922
1444239030879617033
1444239585018449924
1444239643533201410
1444239699854311424
1444239788589027340
1444240020236161026
1444240964613144581
1444241395334582273
1444241539845091331
1444241619037814785
1444241974853206017
1444242689306755077
1444243358981902340
1444243976605863936
1444244308589113344
1444244680594558976
1444245117775192070
1444246396782006274
1444246405896294401
1444246550314586116
1444246629406494724
1444246707043069959
1444246834830983177
1444246917404319745
1444246941215297538
1444247115228598279
1444247471807348745
1444247505319780354
1444247508876623876
1444247866910728201
1444249870068371465
1444250122909454341
1444250134657654792
1444250184930656258
1444250217180659716
1444250327285321733
1444250519355027458
1444250842689798144
1444251261113548808
1444251532925407232
1444252255385886725
1444252402517827588
1444252757431517186
1444253036663033862
1444253430537547776
1444254047947485189
1444254438370148356
1444254481877639172
1444255575374635015
1444256241996337159
1444256782193336323
1444256874132557825
1444257863602348034
1444257880933167104
1444259692696399872
1444259989506322435
1444260146993983490
1444260860629639170
1444261209306382338
1444262637378805766
1444263166616039430
1444263400951861255
1444263528660013056
1444265534279667712
1444266302198009860
1444266628967911430
1444266729102663684
1444266980312158217
1444267563018428419
1444267924336697359
1444268234140569603
1444268649548685312
1444269020992061441
1444269234415030274
1444269473716785155
1444269744392081418
1444269965008257036
1444271670579978240
1444272341601558533
1444272344571072512
1444272462330355713
1444272503187144705
1444272573320101893
1444272587215831047
1444273744155844616
1444273963677347845
1444274055998103559
1444274200957521923
1444275175789248514
1444275198644166656
1444275682041757703
1444276512304222209
1444276795734302725
1444277266381299717
1444277863486672896
1444278259949064198
1444278343688331267
1444278574702231558
1444279164392009731
1444279354733649925
1444279359334850560
1444279938861862915
1444280375082057732
1444280408158339072
1444280713105211394
1444281242917085184
1444282529536643074
1444282747896270854
1444282875575091209
1444284167701757955
1444285006210162688
1444285031434780672
1444285170807279622
1444285167573471233
1444285352751992832
1444285432502448137
1444285487905001472
1444285671636553734
1444285899211034637
1444286066534453254
1444286393052663810
1444286815519731716
1444287227157106689
1444289262489272324
1444289658985205760
1444290077832540160
1444290224142516224
1444290251065757700
1444290289074520068
1444290595007057935
1444291185388843024
1444291249708490757
1444291847921156101
1444292451913457664
1444292669581127682
1444292792956559361
1444292965774462977
1444293540213772288
1444293540654182408
1444293786524209158
1444293857647099912
1444294074895253510
1444294437438251014
1444294927223910401
1444295000141938692
1444295144430206977
1444295663504658432
1444295893805514756
1444296089025220609
1444296885913600010
1444297059662585860
1444297248628641795
1444298377210986505
1444299923621498881
1444300284008697857
1444300599701344258
1444301768658243585
1444302078772269060
1444302834892034049
1444302977544589316
1444303133442654218
1444303366700494849
1444303583260774401
1444304017597681669
1444304062971740168
1444304149181386765
1444304156768964611
1444304530854670338
1444304636291137544
1444304989476720645
1444305108162924552
1444306137789054982
1444306176460480515
1444306533332885510
1444306760592814089
1444307027040169987
1444307028244004866
1444307441483587594
1444307828605210624
1444308157119930369
1444309893813465099
1444310828446978053
1444311421714505729
1444311454165790729
1444311882110701569
1444311965313089544
1444312035580284932
1444312278912753673
1444312699295330305
1444313301081464834
1444313864653340682
1444314372231155717
1444314560232505355
1444315432282849282
1444315848223563781
1444316090801164290
1444317005524332549
1444318294765301760
1444318603654811649
1444319271060860929
1444319799056629770
1444320547886694407
1444320787284955138
1444321225287766016
1444321631229284361
1444321983882149894
1444322546887761923
1444322845908094976
1444322998547218437
1444323115975073794
1444323638421852167
1444325275643248645
1444325517511966724
1444330552929099776
1444331020350750720
1444331420013326342
1444332475489001475
1444332868319293450
1444333731821490180
1444335213329281030
1444335212809240582
1444335214445039616
1444335262390099969
1444335811965583366
1444335837265612807
1444336886999248903
1444337218953248769
1444338245869850624
1444339093534507008
1444339592123977729
1444339827999080452
1444340469832380416
1444340940404002825
1444341915927728128
1444341916640825346
1444342751621881856
1444343358210510851
1444343731348402182
1444344227047956480
1444344711691395073
1444344832139284489
1444345640230666240
1444346515321856005
1444346899146838016
1444348627917307912
1444351372103536641
1444351600231731204
1444352606743138305
1444353355044716546
1444354754994335751
1444357627060781057
1444358571097870336
1444361057976340480
1444363431109283841
1444364194736836608
1444365838652350467
1444377971066748931
1444389968843980802
1444398172147650561
1444400938660376579
1444404290001408005
1444411279725105152
1444415750765174791
1444418686413070340
1444420850019549189
1444421075270463488
1444422378583252994
1444425418287767552
1444432791911821312
1444433287208833025
1444434522699829248
1444434642493263876
1444435322100609025
1444436451450523648
1444436487546703873
1444436916137431040
1444437399208030210
1444439966134652931
1444440398533836801
1444441310522339329
1444442336000233475
1444443557431971841
1444445413860204547
1444446250372198400
1444446829496569863
1444448816254521345
1444450975125630976
1444089809916633096
1444090010643283969
1444090096425181189
1444090185046585345
1444090246350577666
1444090368836837380
1444090917577637893
1444090996623507457
1444091617116184578
1444092142536708098
1444092307817467904
1444092330894508036
1444092361861046274
1444092413828472833
1444092901730832384
1444093092278145025
1444093664045592576
1444093798292676610
1444094193530388481
1444094203995164679
1444094575534960640
1444094800618131457
1444094991018520578
1444095189656608771
1444095301531226118
1444095386088468482
1444095393696940035
1444095475095724035
1444095646529589250
1444096117898022915
1444096139007987713
1444096155558637570
1444096321980297217
1444096563593109506
1444096568513097729
1444097606611660801
1444097636751998979
1444097657740226562
1444097800887681031
1444097823281016837
1444098346012983297
1444098423934701570
1444098435141935104
1444098579291901954
1444098635713503232
1444098693297180673
1444098711047475200
1444098720019070977
1444098952777793537
1444099002551570433
1444099503817064456
1444099564718329856
1444099572284878848
1444099915999682563
1444099958152466437
1444100219327500292
1444100257650860034
1444100413628641282
1444100567899389955
1444100729145229312
1444101212576489473
1444101610443972609
1444101772532801537
1444101795815432193
1444101841864646663
1444102038510456833
1444102161923657733
1444102176851193856
1444102877845196800
1444102985026441218
1444103012494888960
1444103030501044226
1444103775589847040
1444103867004686343
1444104652505583618
1444104846764744711
1444104862007013377
1444104868680003590
1444104942822645763
1444104969410412551
1444105037584601089
1444105100398497792
1444105186738257923
1444105346612543489
1444105430133661696
1444106227705778177
1444106747061448707
1444107135873286146
1444107215619510280
1444107730319384579
1444107742285762560
1444107749646684162
1444107820002021381
1444107828579291142
1444107946221133826
1444108019629903874
1444108131466821632
1444108288409276418
1444108304838320130
1444108410488639493
1444108581880483843
1444108603158196227
1444108621315391491
1444108638814044164
1444108755684106240
1444108881332883457
1444108883153149955
1444108905085165568
1444109570905804805
1444109684395241472
1444109803869990913
1444109824803762176
1444110147752656896
1444110198918967302
1444110587235995652
1444110755553431552
1444111015008878600
1444111011196276737
1444111194860646405
1444111201571467272
1444111368446099457
1444111449643651076
1444111451275231233
1444111528911773706
1444111782415536130
1444111882218921995
1444112020647735302
1444112247916089345
1444112274239541252
1444112491550699523
1444112587684147205
1444112680210419712
1444112684539002880
1444113129273581568
1444113317363011587
1444113421016842244
1444113548213293056
1444113726072786944
1444113937448902656
1444113973389844483
1444114497124274177
1444114871977533443
1444115015355678723
1444115286450339844
1444115427106308098
1444115676159901700
1444115849145565185
1444116117417443331
1444116238565740548
1444116427741401093
1444116517268832259
1444116971503513604
1444117290719408132
1444117489235881987
1444117933878222850
1444118007416967173
1444118213202046978
1444118248077676546
1444118503812845576
1444118564911271940
1444118977173590017
1444118996228325377
1444119077375537152
1444119882333765640
1444119949388042243
1444120023266566145
1444120037317439491
1444120050357583876
1444120221707489282
1444120256763465733
1444120426561503233
1444120502130253832
1444120576788860928
1444120668841201668
1444120892800319492
1444121098400845828
1444121126880169985
1444121273445937156
1444121345797738497
1444121478979407872
1444121682608754691
1444121964436602880
1444122162441248771
1444122189163216898
1444122232217739265
1444122322802135043
1444122458433355776
1444122637991514115
1444122669020897281
1444122750285533184
1444122892191481863
1444123701180465158
1444123703571206150
1444123720843501571
1444123800476418048
1444123894642708482
1444123960040321024
1444123999986876421
1444124050414919680
1444124116856967170
1444124190777352199
1444124420029566981
1444124656240250881
1444124731301515264
1444124778890072068
1444124858422464514
1444124959538696195
1444125055378550788
1444125151247757314
1444125394802593795
1444125655512215555
1444125847959392257
1444125960693948417
1444125999008927761
1444126037323902977
1444126139090227203
1444126179540103168
1444126432016285697
1444126754709204992
1444126845289385987
1444127155177230341
1444127163796504576
1444127336450834433
1444127410077585412
1444127615413997570
1444127622561079304
1444127637115260931
1444127638742650882
1444127642622386178
1444127700508033030
1444127812869255177
1444127847157698561
1444127909782769664
1444128021078687748
1444128097507299331
1444128170815352839
1444128351283675140
1444128381071544322
1444128395189571586
1444128407587995648
1444128448230748169
1444128617093423107
1444128615440863238
1444128670147248128
1444128683610947586
1444128775462002696
1444128849260728324
1444128890067120133
1444128976490811395
1444129106220634112
1444129136939728902
1444129258201247749
1444129593493884933
1444129757931577347
1444129985694867456
1444130122072682500
1444130252876255234
1444130301265858568
1444130656502497282
1444130748668125184
1444131086829711360
1444131519388270595
1444131521393147908
1444131540695277572
1444131587348525060
1444131604599689225
1444131883852337152
1444132022897627140
1444132105055735811
1444132333376790529
1444132400334663682
1444132535907209219
1444132537261981697
1444132618371428356
1444132856356225027
1444133624203202563
1444133915434700802
1444133959823028225
1444134041834323974
1444134053620248576
1444134203344437253
1444134417539108875
1444134459729592321
1444134728861323271
1444135056914665475
1444135262276182017
1444135268441726983
1444135371810476032
1444135513481355266
1444135726933680129
1444135796848533511
1444135807820845061
1444135843942207491
1444135916138745856
1444135921251536898
1444136200449642500
1444136253008482305
1444136398882164736
1444136420172468225
1444136573625270275
1444136727543627776
1444137130104479748
1444137200912781315
1444137221490044929
1444137256193703941
1444137333574406145
1444137468211580933
1444137708612304902
1444137863046569987
1444137893987905536
1444138139258212354
1444138169956405249
1444138552091045891
1444138707062198274
1444138820362981377
1444138844400406530
1444138865401352195
1444139277709811716
1444139489165598726
1444139726349373444
1444139921099276291
1444140154516488194
1444140217200349189
1444140267762696192
1444140344170348544
1444140549846364164
1444140965774565379
1444141048603688961
1444141104933138437
1444141127452348422
1444141253147299845
1444141340472737792
1444141374136221702
1444141459981025280
1444141507355680772
1444141528239071233
1444141546635362308
1444141628776615941
1444141718903787528
1444141724964581385
1444141851284439045
1444141910164066310
1444141964664967170
1444142197318701058
1444142209939296256
1444142353661317128
1444142511501430784
1444142586344587265
1444142647770185728
1444143274566897670
1444143278077595649
1444143348814549004
1444143385023971329
1444143393584541699
1444143618126614530
1444143869399117824
1444143911610433537
1444143938118447110
1444144056796286978
1444144066426408964
1444144160949223424
1444144341467865088
1444144385910722563
1444144415988064257
1444144434937884673
1444144572796342272
1444144594258522116
1444144860118740993
1444144860974305282
1444144879462858757
1444144953643307008
1444144957908926464
1444144962665209857
1444144975273357312
1444144986065276929
1444144994160300036
1444145037659414528
1444145125286764547
1444145177141002240
1444145185659654147
1444145324138790912
1444145380707373062
1444145560374579200
1444145818726924288
1444145828604514305
1444145918467457033
1444145963312893956
1444146033483681792
1444146066408951809
1444146142149709829
1444146263486709764
1444146267139895296
1444146274505138176
1444146318738219008
1444146525488115713
1444146624196870144
1444146978850422785
1444147061092278273
1444147444237824003
1444147557190578182
1444147706956419077
1444147879887527939
1444147999966302212
1444148026977652741
1444148368448507906
1444148382168227841
1444148418746617861
1444148491693948933
1444148613794316293
1444148759017914372
1444148771726585861
1444148799719370752
1444148979353092097
1444149002862096395
1444149044683575297
1444149121644855304
1444149357071110144
1444149414491148293
1444149519365464065
1444149548545298433
1444149813633642501
1444150073357582339
1444150105045491712
1444150106475749377
1444150118307930117
1444150128185536513
1444150259110662145
1444150396742770694
1444150426304016386
1444150811685113863
1444150826948198401
1444150911190790144
1444151003436044290
1444151191349256198
1444151407225892871
1444151594237317123
1444151658506711047
1444152080575332353
1444152499271704578
1444152548382834693
1444152718134702081
1444152786220765184
1444152803857817600
1444153114819383296
1444153904376156165
1444153934067625988
1444153987222020097
1444154187369963520
1444154718775758851
1444154867983867907
1444155149664935936
1444155204362911749
1444155591090339847
1444155695482343427
1444156508934078465
1444157007888408576
1444157204811059203
1444157398239698947
1444157484017405959
1444157553944850434
1444157747511980034
1444157800800653317
1444157914839543808
1444158027637018629
1444158132742066181
1444158182918537223
1444158321817120769
1444158343522648066
1444158444232011786
1444158646733004801
1444158843051724802
1444158861758263298
1444158976581537796
1444158984831832065
1444159171067215880
1444159183750713345
1444159187932487681
1444159261345337346
1444159498604531719
1444159590984142850
1444159700749074432
1444159791799046144
1444159824535506951
1444160077389123589
1444160085861679106
1444160209245523969
1444160238228164608
1444160382730313730
1444160454352257025
1444160475269238785
1444160696585908224
1444160736943505409
1444160741280346112
1444160796393553927
1444160953596067843
1444161205782790145
1444161291606638592
1444161460309946371
1444161568640421893
1444161688320700419
1444161784898670597
1444161868789018631
1444162076574765058
1444162102608883719
1444162231420157956
1444162422902702086
1444162701463212032
1444162731423059973
1444162797139488778
1444162929381687298
1444162956753735681
1444163004782678019
1444163184617672712
1444163229299535885
1444163311742849026
1444163538230996994
1444164034480070661
1444164038196293640
1444164267024867328
1444164285031018502
1444164368325697537
1444164454820683777
1444164740746383373
1444164851551461386
1444165054840987654
1444165403576389632
1444165539694215174
1444165554722410498
1444165571575115776
1444165590994751489
1444165700591882241
1444165736990052353
1444165836567052292
1444166067715072003
1444166119967768581
1444166137000849409
1444166239274749958
1444166341607317504
1444166365393272834
1444166513028702210
1444166574189907970
1444166597178916864
1444166856953106436
1444166877601689602
1444167191981531138
1444167207286501378
1444167488934010884
1444167506181046278
1444167755968573445
1444167792916271112
1444167932410417152
1444167985057263617
1444168025649811457
1444168284597678080
1444168326884651010
1444168532502085638
1444168846537940994
1444168942763737097
1444168943044730889
1444169068580245506
1444169124167368707
1444169156224421891
1444169168492765187
1444169281847975938
1444169530696110080
1444169854458630148
1444169910439985152
1444170032360017920
1444170294155902980
1444170693306814472
1444170700999168000
1444170782981046276
1444170786856574985
1444170824076836864
1444171189841108993
1444171202235297794
1444171210527428611
1444171238021074955
1444171545182539776
1444171865220468738
1444172148528934914
1444172299897344003
1444172482378821638
1444172700201545729
1444172797194891273
1444173084760498176
1444173090896822277
1444173348183838722
1444173380962316293
1444173622126415878
1444173974959640577
1444174063774150659
1444174129993637888
1444174204560031746
1444174206757859329
1444174339025211393
1444174425671155712
1444174550548185089
1444174555354861568
1444174962277847041
1444175072239910917
1444175084596305922
1444175100199116800
1444175208496070657
1444175374561120266
1444175646465269760
1444175749028585472
1444176032513159171
1444176073797746690
1444176182132412417
1444176211681284103
1444176521346752520
1444176518029012993
1444176555513503744
1444176718407745539
1444176787831808000
1444177190438903809
1444177242058158083
1444177299054620674
1444177615271567360
1444177757760409602
1444177878388674560
1444178202474151942
1444178207704449027
1444178217040973824
1444178287538753541
1444178394816516098
1444178471987548164
1444178916479062017
1444179348244688901
1444180023112462336
1444180091219578888
1444180202691518464
1444180365619261449
1444180548058947589
1444181062486134790
1444181556168249345
1444181648870760449
1444182259712417793
1444182995447914496
1444183215137116161
1444183665412489216
1444183808530468872
1444184917277962252
1444185969909923841
1444185983876943872
1444186377738866695
1444186960453505028
1444187334937694211
1444188011936161793
1444188267012706307
1444188652087562242
1444188783117680642
1444189569868390401
1444189573987266568
1444189578324152322
1444189583860662276
1444189724025835531
1444189729520373762
1444189736428453888
1444190065995890689
1444194655789207553
1444195087601188865