1446264576232902659
1446265029209120768
1446265452645158930
1446266143262478351
1446266217967226882
1446266884656013313
1446267309442568198
1446267334994268178
1446268333494394880
1446269063643107342
1446269409228591128
1446269826230489101
1446270179139149826
1446270610858934273
1446271287270150149
1446272128492343308
1446272156929724451
1446274214298750985
1446274607527251969
1446275959322148864
1446276014825357313
1446276034484080648
1446276120534421540
1446276936607567934
1446277857714475026
1446278427422593039
1446278607140130832
1446279178211368960
1446279677262270506
1446279729976283185
1446280298476408832
1446280402964865026
1446280475660537856
1446281040125837314
1446281095431933956
1446281454544060416
1446281754889711622
1446282220260315139
1446282405719863299
1446282655230611461
1446282830879723528
1446282848386707456
1446283072362586115
1446283725650599936
1446283824988442624
1446283955708170240
1446284089334525955
1446284228769972226
1446284419736608768
1446284678617436163
1446285041777057796
1446285315715440644
1446285529562038288
1446285692066164746
1446286242233012230
1446286650112282628
1446287330499649538
1446287737431072772
1446288321328529416
1446288570432438277
1446289432554790913
1446289476972474370
1446290364667629572
1446291391470993410
1446292592413470721
1446292716598358023
1446292917794967554
1446292994080972802
1446293352664555523
1446293405089157123
1446293414157295617
1446293414702510082
1446293463054503937
1446293669007355906
1446293689257447424
1446294449001140229
1446295198414241793
1446295525809000448
1446295872254271490
1446295882891022341
1446296136042434563
1446296469468704771
1446296685659897858
1446297111042035712
1446297215299842049
1446297809779494912
1446298047969841160
1446298167473967106
1446298174692356098
1446298224898101250
1446298252974854145
1446298787727626241
1446298851078406144
1446299215815008257
1446299390834970629
1446299698248097792
1446299734805602306
1446300248339476486
1446300354765672454
1446300467164684289
1446300593841061891
1446300774930157569
1446300948779859970
1446301488649687047
1446302169922097159
1446303165129789442
1446303255068168193
1446303358021627907
1446303479685738499
1446303555007262721
1446303599244439553
1446303707885236225
1446303846054039552
1446304026941816836
1446304075213991936
1446304347395006464
1446304356056199171
1446304438109442059
1446304475551961098
1446304815592529922
1446304975374618625
1446304984245551105
1446305202496106502
1446305258720825345
1446305415831035904
1446305486500884482
1446305599608680453
1446305661604679688
1446305705485422592
1446305973107257350
1446306147741278211
1446306195325607940
1446306211570225156
1446306214787174411
1446306385608593411
1446306710189064196
1446307140516278273
1446307225119584264
1446307245281714176
1446307385270620162
1446307483048243202
1446307493139791872
1446307982766051338
1446308582241169411
1446308592047460360
1446308754807349251
1446309118348722176
1446309322988802049
1446309388470439936
1446309491021025282
1446310278384128001
1446310656093802504
1446311086412632070
1446311437459095555
1446311441544400902
1446311451182833667
1446311624348864512
1446311951311642625
1446312216672694273
1446312257172881412
1446312288193941506
1446312433576861703
1446313072352641024
1446313350778875909
1446313362963320834
1446313600117731332
1446313622485946370
1446313730665369612
1446314092789059589
1446314266420658179
1446314263987961856
1446314698077454337
1446315321103568896
1446315429186588672
1446315744661172224
1446315820481593344
1446315969417125892
1446316126766452740
1446316217405427727
1446316428924051457
1446316642837827590
1446316920697884676
1446316929099055105
1446317009923297293
1446317933550989316
1446318421449187329
1446318507721846791
1446318570225344512
1446318756821553160
1446318949650640900
1446319027480006656
1446319406406008832
1446320011522412546
1446320364116578305
1446320394625900548
1446320850186108931
1446321051814621184
1446321207247192073
1446321226557788160
1446321279405985793
1446321490886946821
1446321972548358166
1446322577790570496
1446323025788424193
1446323151265153029
1446323153018314755
1446323381939310593
1446323449480159239
1446323468979425281
1446323676467523589
1446323755169443841
1446323978486751236
1446324075148816389
1446324391759912967
1446324570072309766
1446324699189760007
1446324781138071558
1446324782870392836
1446324833369804805
1446325233477111842
1446325422627581954
1446325505972600832
1446326021163130880
1446326784845254658
1446327054689992707
1446327157504937988
1446327388783013889
1446327755868499968
1446327975016755205
1446328247260696587
1446328306257719300
1446328416114860036
1446328933033472011
1446328997927788549
1446329011647303685
1446329080555601922
1446329231630241794
1446329259065151499
1446329428208853001
1446329425717432321
1446329435888619520
1446329744845201412
1446329951687430157
1446330101650522113
1446330217732009984
1446330233162854401
1446330284589268993
1446330394056421377
1446330394215735299
1446330580354756610
1446330734977843202
1446331013756452867
1446331108849635335
1446331143645634568
1446331155725230084
1446331443077021706
1446331635843043332
1446331757381316609
1446331851375722498
1446331858573164544
1446331946980679680
1446332360601980931
1446332358534197248
1446332626181054471
1446332715268120587
1446332833790713865
1446332835946586114
1446333416497049604
1446333613516095495
1446333828776091650
1446333864633241601
1446334037795037184
1446334061249654784
1446334083353616387
1446334178987892739
1446334560418025488
1446334874143444999
1446335158534033410
1446335555889893379
1446335561157931009
1446335992638496769
1446336105817673731
1446336215922270209
1446336216983478273
1446336267805888512
1446336438795063296
1446336710195908613
1446336842744221696
1446336995169497090
1446337124618280966
1446337192578613252
1446337639146213384
1446337643655090176
1446337652999872518
1446337995431309315
1446338419202740228
1446338595179040768
1446338717505916928
1446338890852225025
1446339328225931265
1446339336937504768
1446339428260007940
1446339572787466258
1446340205032579072
1446340445232001024
1446340638711025665
1446340721322061826
1446340764452077569
1446340835813969924
1446340840889073664
1446340838015991815
1446340845225996298
1446340843422371842
1446340942143713286
1446341246037872642
1446341562057650178
1446341950064381952
1446342118989963266
1446342336871469059
1446342348611338247
1446342404571729920
1446342488201986051
1446342554325159937
1446343331294769157
1446343600216829953
1446343669859168260
1446343674451742723
1446344419293028353
1446344615607496707
1446344646464999432
1446344936048132103
1446345266169139201
1446345349635870727
1446345834442883073
1446346632786755586
1446347057187332099
1446347121804906496
1446347380257820673
1446347379662151680
1446347583635349506
1446347641168678912
1446348454855254016
1446348694270332933
1446348839862947841
1446348979357184000
1446349179874267137
1446349401241186306
1446349503187935239
1446349736466739207
1446349755886424065
1446349900661227520
1446349927072690176
1446349943111774213
1446350195394973707
1446350363154542592
1446350547074764803
1446350698489122822
1446350819951972352
1446350912075833344
1446351282772475912
1446351903818797062
1446352545610285062
1446352776800337920
1446352846887268390
1446352852339863552
1446352994212007939
1446353382839513096
1446353449314971649
1446353666034712580
1446354006461140992
1446354016414445570
1446354291543863304
1446354466043617286
1446354736026841094
1446354813596274695
1446354939651891205
1446354971574734848
1446355418796625926
1446355509422919683
1446355651320446978
1446356359033720837
1446356532858277890
1446356752820162561
1446356878401826819
1446357434394562563
1446358048675667969
1446358373696376842
1446358975851622401
1446359091517947905
1446359105300434949
1446359471047938052
1446359612400160771
1446359654880071682
1446360402414084099
1446360517187031040
1446360752537833480
1446361105270394884
1446361272287580162
1446361311273574401
1446361355078963202
1446361419864100864
1446361443016658950
1446361556439031810
1446361818306285568
1446361894500003847
1446361946442194944
1446361958471532550
1446361974405693442
1446362132396658694
1446362171831558147
1446362295097954310
1446362367424561152
1446362472198275072
1446362512706863107
1446362845508083713
1446362863262568459
1446362998017200128
1446363349734739968
1446363760076025857
1446364259806420994
1446364360725524480
1446364601956782085
1446364811294490626
1446365025967357952
1446365043994419206
1446365222575304707
1446365583910453249
1446365697068523522
1446365853176434688
1446365919064707074
1446366036421267468
1446366141169893379
1446366244152635394
1446366470888308742
1446366796085280768
1446366845376733184
1446367270058414090
1446367316136980480
1446367401134542848
1446367401067483144
1446367410399821825
1446367525101391875
1446367791884296196
1446367811446579207
1446368304596201486
1446368563061690368
1446368957137506306
1446369020924420097
1446369064465539074
1446369160993271812
1446369353977384964
1446369640104357891
1446369849010122754
1446369884187754497
1446370003939332102
1446370035434287107
1446370039150493699
1446370077750616065
1446370211880333315
1446370235766882316
1446370307250397186
1446370459080007680
1446370687715721223
1446370717826576391
1446370764014252034
1446370940363821062
1446371223466754051
1446371228202250256
1446371233638068254
1446371239338127391
1446371269981650944
1446371457001353216
1446371582536863746
1446371999484239872
1446372008191660034
1446372056275193856
1446372377613328386
1446372442448957443
1446372650578706433
1446372698217598978
1446372727825174538
1446372774944124929
1446373061276540928
1446373245200994307
1446373412465639425
1446373607660134411
1446373703177015296
1446373862627692548
1446373867954470916
1446373874254426135
1446373953421778949
1446374041393123330
1446374245915774977
1446374358780289026
1446374603085926404
1446374667309117440
1446374833890086912
1446375586948022273
1446375744871931911
1446375753730314241
1446375768943067136
1446375922475560961
1446375977211207680
1446376354937597954
1446376687134855170
1446376831624499200
1446376830911590402
1446376866143744035
1446376868224118804
1446376938981904390
1446377001879674880
1446377014424838146
1446377217185902595
1446377839037599744
1446378377900814337
1446378437690617857
1446378567412031488
1446378586319974405
1446378859763363843
1446379126152044544
1446379671499599875
1446380220659822592
1446380263638855680
1446380518228959237
1446380750408847362
1446380897947824142
1446381116982579210
1446381408222531586
1446381706534002696
1446381704801710084
1446381708593414150
1446381732261818376
1446382340695941125
1446382768515010567
1446382828531294209
1446383203283968003
1446383377859239940
1446384876165292033
1446384928480919552
1446385067517878278
1446385090213277696
1446385144927981571
1446385288977158147
1446385318899318784
1446385387073540100
1446385538068590622
1446385623833530369
1446385870781640704
1446386114504261640
1446386373447933955
1446386387184341005
1446386633285128192
1446386998126645262
1446387039113383937
1446387462884921350
1446387495461998597
1446387705558962176
1446387911608340485
1446387976917815300
1446388229813379073
1446388610001883140
1446388712107958279
1446388923953913861
1446389014190170115
1446389377039409153
1446389633726615555
1446389652689080322
1446389711761596422
1446389963914821634
1446390190751109124
1446390330090131458
1446390440274452484
1446390531647549440
1446390568934805509
1446390638769934343
1446390703223836677
1446390798161907725
1446390944798941185
1446390996070125569
1446391055000092674
1446391225150414849
1446391925574037508
1446392067773452291
1446392181422362624
1446392285504016386
1446392564525854723
1446392580820783107
1446393129540587525
1446393367361843202
1446393486517800965
1446393716525056005
1446394053088604160
1446394419612041224
1446394528785567748
1446394581864513540
1446395068873535499
1446395127866408961
1446395345294954498
1446395779455750147
1446396018690457602
1446396411013107713
1446396562607783938
1446398192728219651
1446398317726875650
1446398676822159364
1446398998730838016
1446399296966774791
1446399500025675783
1446399797301157889
1446399951152504856
1446399982018256899
1446400203947331587
1446400357479845889
1446400570068123657
1446400631774666752
1446401291450679300
1446401366562279424
1446401416197591040
1446401490793291778
1446401748185194504
1446402592079110147
1446402672467357696
1446402777501028352
1446403251176230913
1446403547780710410
1446403646061629442
1446403744803868674
1446404212049334273
1446404849541648386
1446405069352624130
1446405614284906502
1446406348950818819
1446406399345377283
1446406661929783296
1446407156396277765
1446407344959541248
1446407521439125506
1446407579228196869
1446407602473033731
1446407837039562761
1446408038110224386
1446408327848624131
1446408770389643266
1446408842829434886
1446408957455581184
1446409085268545541
1446409378718834699
1446409813932396544
1446410293848907777
1446410294431936513
1446410499256553476
1446410571075620866
1446410675333447680
1446410954560851973
1446410971933675520
1446411187671818240
1446411773913882649
1446411832684474369
1446413052400730114
1446413437509140480
1446413472237973507
1446413796877078528
1446413958919831554
1446414173118730244
1446415016693940233
1446415090564038660
1446415332222980098
1446415534375849991
1446416147704737794
1446416515788521473
1446416715563233281
1446416757418192899
1446416896648105988
1446416903363182594
1446416978432827393
1446417004244598788
1446417676838920193
1446417802823307270
1446417908079362050
1446417959417643012
1446417985992736771
1446418689390043139
1446419694286610433
1446420080032563209
1446420084675600384
1446420092091187207
1446420096058998789
1446420094041559041
1446420520077914114
1446421013084786690
1446421342023139331
1446421378475773952
1446421908975616002
1446422023643693059
1446422494638841858
1446422581096042498
1446422904669761546
1446422981287108608
1446423535656726533
1446423707287621632
1446424616998563846
1446424842643730433
1446424882552524803
1446425221079076867
1446425626756321287
1446425635056799750
1446425836689637377
1446426153762230274
1446426261144760321
1446426342623309824
1446426849744076809
1446426865191690247
1446427155777277955
1446427170235043842
1446427753150967814
1446427956520304643
1446428008705769476
1446428709657800707
1446428772928946177
1446429570568048643
1446429777825464321
1446429819466518529
1446429916346478594
1446429967064076289
1446429997917368325
1446430084814884866
1446430354676408322
1446430357000110083
1446430360082911236
1446430361722900485
1446430408187338761
1446430639293534210
1446430663536644096
1446430667848368133
1446430821913489409
1446430832059502594
1446431048057847811
1446431118375276546
1446431434655236104
1446431596970610690
1446431837723582468
1446432021291548679
1446432379665403905
1446432648885260291
1446433235840299016
1446433391461613573
1446433465071640578
1446433583799980044
1446433909382598663
1446434022050070539
1446434194788212749
1446435325677502464
1446435413090914306
1446435446515404809
1446436557263568900
1446436592025931780
1446436688595619840
1446437034629861385
1446437328042356742
1446437405272076291
1446437573191258115
1446437622029578242
1446437668229844994
1446437771766235137
1446438397397008385
1446439188820160517
1446439672717008901
1446439847049134088
1446440845356384264
1446441462720131076
1446441478973050880
1446441487256883204
1446441503929221125
1446441511973900296
1446441519389372419
1446441817164038148
1446441979814940675
1446442813550313475
1446442853555589124
1446443032929202177
1446443091934724098
1446443382369177601
1446443398638882820
1446443512770170880
1446443671482626055
1446443848536760321
1446443859412541443
1446443939175669761
1446443963167113223
1446444222274408449
1446444559391604737
1446444940679004162
1446445549457186816
1446445623134195716
1446445976604987394
1446446285955878912
1446446492378562568
1446446652059881475
1446447042650247168
1446447094428880900
1446447358095486984
1446447388713832449
1446447444619771907
1446447454182776832
1446447570528530437
1446447607681675268
1446447940218724352
1446448235170582534
1446448545687433221
1446448590327476227
1446448939662602248
1446449132453842949
1446449328034172931
1446449339941851136
1446449553859760132
1446449584750751752
1446449643416535040
1446449661661749255
1446450600472834053
1446450713366654976
1446451194000384000
1446451215475175427
1446451509969915905
1446451575925272577
1446451623203532800
1446451744100081664
1446451815269109778
1446451886538641415
1446452206173966336
1446452407404163079
1446452440295829505
1446452568834461699
1446452743682490374
1446452745993555974
1446453158897602567
1446453332860563473
1446453464427491328
1446453860235558912
1446453964761755653
1446454067283124226
1446454090691534850
1446454090830024704
1446454261282271241
1446454346560978947
1446454466983522310
1446454639281410051
1446454787902369801
1446454874166595584
1446454955418607617
1446455312140042241
1446455537281875973
1446455581070422021
1446455616776458241
1446456845476917249
1446457267742642176
1446457308649644036
1446458022486700034
1446458082762977281
1446458187549315074
1446458447948500993
1446458502449283077
1446458865206251522
1446459444439646211
1446459846467915780
1446459910548439040
1446460155520978946
1446460923049218052
1446460989038153734
1446460995627409413
1446461053143973891
1446461118084308993
1446461594431475722
1446462438501588996
1446462608689664005
1446462670866042887
1446463128049315851
1446463192872275975
1446463243006799875
1446463410799988742
1446463777180848133
1446463835846549508
1446464136410398721
1446464243335839747
1446464337241985033
1446464362508521474
1446464496600436736
1446464606046588933
1446465238111490060
1446465575501189120
1446465636268339202
1446465828350611459
1446466168349286405
1446466284774821888
1446466293163433993
1446466297903022084
1446466345676075017
1446466487284236289
1446466855749652484
1446466925479923717
1446467294087958532
1446467467530752001
1446468160396283909
1446468503322595329
1446468750136406018
1446469131197288454
1446469839594213378
1446470138950131715
1446470286686130179
1446470364716879872
1446470618036125708
1446470634335182857
1446470698378022912
1446470983536103426
1446471168999911437
1446471245097103371
1446471398277345287
1446471497468448768
1446471797482745859
1446471806936772609
1446471843020361740
1446472106590433283
1446472331006668807
1446472801397854213
1446472810570866689
1446472931530317832
1446473029337354241
1446473208148885515
1446473251736080391
1446473523971563521
1446473833561481216
1446474000540966916
1446474139829559303
1446474327809921030
1446474659986169858
1446474696606633991
1446474771777003521
1446475165697658880
1446475557244260355
1446475947037786116
1446475979983970308
1446476666084073475
1446476843108823042
1446477066375860227
1446477558459953158
1446477608997191680
1446477669856464897
1446477709845008385
1446478577185148936
1446478654406463499
1446479127318450183
1446479301151449094
1446479533532594181
1446479695357177857
1446479738910830593
1446480300150714371
1446480422792167425
1446480643068596230
1446480752007278595
1446480850401431554
1446481326597574657
1446481597868363786
1446481643674300416
1446482387920031752
1446483205838688259
1446483281403285512
1446483414337540102
1446483587084161027
1446483710635745284
1446483886339334145
1446484047769726985
1446484060398755844
1446484451727327232
1446485392719417353
1446485610072449030
1446485618096148481
1446485791350263813
1446486470533869570
1446486713304453121
1446486719910404098
1446486876118941704
1446487263001518086
1446487638425292805
1446487731249442820
1446487954789048328
1446488014612418569
1446488382121541632
1446488552854867972
1446488560907866115
1446488665849434116
1446488933508915206
1446489000399695880
1446489177021825029
1446490102989950982
1446490416749023236
1446490765199216645
1446491069273624576
1446491312933388297
1446491472421736454
1446492144475074562
1446492142776438795
1446492816163569670
1446493529564348416
1446493540427579393
1446493839431069709
1446494590123528199
1446494766510657540
1446495178965979137
1446495567757004805
1446495751886893063
1446495790071906317
1446496442487488512
1446496450293026821
1446496596091293698
1446496836487843847
1446498066626797568
1446498197564653585
1446498281282883586
1446498657872728065
1446499962536169484
1446500119315058688
1446500626834149376
1446501443469340673
1446502617207623688
1446502781657878528
1446502850188627971
1446503162181869570
1446503215424438281
1446503811489566724
1446503861288538116
1446504226096508929
1446504467663241219
1446504501494517763
1446504730750976003
1446505912366092291
1446505935988428803
1446506003827068941
1446506127596736519
1446506243686682629
1446506701927194629
1446507008425807883
1446507294267564032
1446507566222086151
1446507804097802243
1446508498137739264
1446508708234600454
1446508716963028994
1446509382724820994
1446509444460789767
1446509643220459527
1446509972339105793
1446510324857802764
1446510412254486540
1446510827050205189
1446511636609597442
1446512245681258496
1446513174748938241
1446513646444625924
1446513658079498242
1446513670498885632
1446513805588979712
1446514186884767749
1446514525469954052
1446515137691611139
1446515196839694344
1446515663145619459
1446516570847465473
1446516896195493897
1446517540428025858
1446517601568387081
1446518086207557639
1446518458020106245
1446518808382881795
1446519435976577030
1446520411332562951
1446521397862232074
1446521785109737475
1446522298672898049
1446522892401868802
1446523248187899907
1446523331973238785
1446523511804096514
1446524112134807557
1446524141692022785
1446525477217189891
1446525513011400707
1446526113467879427
1446526375855157249
1446527250942205959
1446528560861040642
1446528593190739976
1446528817313431552
1446529094426849288
1446529246319439875
1446530526399975425
1446530690875412482
1446530690271485952
1446530796102193152
1446531641183072259
1446532187222806532
1446533335153459202
1446533399380848644
1446534610515419140
1446535347219820547
1446535350575194113
1446535348901724162
1446535352483602433
1446535519970611201
1446535524970164226
1446536187619934208
1446536886474870791
1446538454595260417
1446538588447916033
1446540253360164865
1446541158079946756
1446541644682211329
1446546951898468354
1446550114550509571
1446550865288986625
1446550988127604736
1446551221100187651
1446551648831037440
1446551698726555652
1446553561773445121
1446557400299831297
1446559959571783681
1446561409337159680
1446561804839055361
1446562098553651203
1446563133833703430
1446565670603288576
1446565952489877504
1446566278110404614
1446566732332740619
1446584561698107394
1446585459438669825
1446591205765263364
1446596440633974787
1446596442966020097
1446597615605338113
1446599366857265158
1446601541478014977
1446604107909722113
1446604333953343491
1446607036590870530
1446607044216197127
1446607043490562049
1446607043071074306
1446609447430750211
1446609994925760517
1446611909365534720
1446612227096678403
1446612245539028995
1446612512825245697
1446612717372985348
1446613633308364803
1446613788678000643
1446614938147901441
1446615003843334148
1446615202070286337
1446615305124409345
1446616879825494020
1446617825804644360
1446618453721300994
1446618763105738752
1446618768432504832
1446618766696071173
1446618764791857153
1446618770135412741
1446619977553887235
1446620043752529927
1446620969037012992
1446622520258424832
1446623350306979840
1446623488110825473
1446623549444132865
1446623734639382529
1446623968299945991
1446623991200817152
1446624168682819589
1446624937024765952
1446625037067309057
1446625689210261508
1446626360223363074