1454295615492395010
1454294472292851712
1454291912433692677
1454290538866249731
1454290283030474753
1454282271347912710
1454280490286944256
1454279358856630275
1454278015827918854
1454276426291499010
1454275795380162560
1454275346992406531
1454271496461840386
1454270916884533251
1454270177973968902
1454264143783948297
1454263086337060872
1454260819189895173
1454259675206017025
1454259398138740747
1454257955092647937
1454254904130764803
1454251599820435457
1454246842691031040
1454246695030571010
1454244406496661506
1454242016217362432
1454238443957981184
1454237182093250566
1454218064875044869
1454200662753906689
1454183093598769153
1454164686904123392
1454160217986396162
1454155847836241921
1454146548623765507
1454146314107703301
1454123822601293825
1454114684001390604
1454112765619044355
1454108543083114505
1454107931843055621
1454106935456788481
1454102972749680646
1454102917519052800
1454099394886656001
1454097617093160964
1454097548256288771
1454095717895602178
1454090872333557762
1454089934499827723
1454089361918619656
1454089220390199297
1454088612518129669
1454086940660146184
1454086704164323335
1454083431868948489
1454080613162504202
1454078621736337421
1454074863329505287
1454071219066585088
1454069715156889611
1454069437565308943
1454069145427800069
1454066447148220419
1454066053571440640
1454065800579411968
1454061600478953479
1454060245169233921
1454060143650525187
1454059728397422593
1454059576244928525
1454059525309227014
1454059513586221060
1454058781524959235
1454058160466006019
1454057282837176338
1454054195804327945
1454051710515564548
1454049541007704068
1454048287267307527
1454048211291631617
1454047646994210823
1454039160449220608
1454036163216306179
1454035932634509318
1454033045074300935
1454029460018110467
1454028506841505793
1454025598234365952
1454025126790369284
1454024592805142538
1454024133805678601
1454023176304750592
1454021092150890502
1454019622810832903
1454018080149946376
1454017526942167045
1454013771693756418
1454010006949416962
1454009367913590787
1454008809446199300
1454008630966034438
1454006695445745673
1454006438259425284
1454004894227066890
1454004815478939648
1454004720666697731
1454001101636714496
1454000817317371908
1453998334960562180
1453987906507341828
1453986014532231169
1453985815026016258
1453985620963958787
1453984087379611653
1453980577384656897
1453979958418706438
1453978169631854597
1453973215999451147
1453972610094485505
1453970275842748420
1453969963924918278
1453964279724462084
1453962140256071687
1453958949200285700
1453955423141183493
1453953512925110275
1453953148670726150
1453951220477923328
1453949155877945353
1453948416736653312
1453948183545987078
1453947020855545863
1453943823323709442
1453943669749284874
1453942141571387393
1453941962822672391
1454292420313575428
1454289927579975683
1454286504977698816
1454284223402192900
1454284021773467651
1454277220080488448
1454272511118434307
1454265785438728192
1454259178088849413
1454255803242729477
1454251344974409732
1454251166775144452
1454249565050179585
1454241438678466561
1454240822174515201
1454230870970146817
1454226288387010562
1454172346583949313
1454145240424534018
1454138640532066308
1454131851509972992
1454123381251448833
1454109404991660034
1454108854581530630
1454096066467467272
1454095699843293184
1454094643113578496
1454093911345926150
1454093319865208837
1454085590404665344
1454084220763066376
1454083829090557960
1454080892582858754
1454077849787252752
1454064457668182025
1454064206060212227
1454058185078165508
1454053756106985483
1454051530001170440
1454050904739483654
1454050903153987592
1454050900847124480
1454046010930438156
1454043963904589828
1454039016903348227
1454029840781250560
1454028765470752768
1454028193556430850
1454028005823574016
1454027989461573635
1454027521905676294
1454024731875700736
1454021649808838658
1454020077687169031
1454016272014856192
1454015569292763139
1454014530334310410
1454014511447363589
1454012479952936960
1454011010663157766
1453998675147902978
1453995384863219715
1453995381436477445
1453995369499533314
1453991130622689286
1453986800238678018
1453979079644835840
1453978704028135426
1453978479825850372
1453974257982054402
1453972603190734852
1453971973785088002
1453971899797540876
1453967866886119426
1453966903408414736
1453952758214582277
1453951932960178187
1453950130764144644
1453947204385665028
1453942650843791369
1453936836091338754
1453936504510705676
1454291810398838787
1454091810150629377
1453988111428603905
1453982614541459458
1453962135516549126
1453936151174156295
1454288217620975620
1454287599523139585
1454281919173103619
1454274498060963854
1454266838838177799
1454259126221950984
1454255321333960710
1454254290441146372
1454223155493441541
1454215036197507073
1454159567655370754
1454097735800418309
1454086589433274379
1454084762553905153
1454072360575782913
1454021429322653697
1454017579987587075
1453998830832140293
1453995323336974339
1453991520550391809
1453989974194339857
1453989349230473220
1453987087552704512
1453961891928162305
1453960928345526273
1453958199501987840
1453947420748828674
1453944195043905552
1453939575680692232
1453937677493948423
1453937608505978881
1454287354856837123
1454268622000431108
1454266653139619843
1454009354202402819
1453964945855447050
1453964419986178055
1453950932912205835
1454294440999194631
1454292696231673863
1454281981051609092
1454259537066614795
1454085226917863429
1454076790079516673
1454074425196744708
1454067744987496449
1454065756828622849
1454051678332751879
1454029919688613889
1454018672826015745
1454015533213368329
1454010768525905921
1454010059927678981
1454009119262711813
1454009113835307014
1454007718226763785
1454006714945064962
1454006688495726594
1454005686115856386
1454005120174149634
1454004524159430664
1454004352037765123
1454004286472392704
1454004031026647045
1454002460914110468
1454001731143016449
1454001286299328515
1454001039074488320
1453998962772361228
1453996995006263297
1453995801986809856
1453992336149540867
1453984645633085444
1453983947646386182
1453979255835029511
1453976140851392512
1453958523201613833
1453956358600986628
1453952612303212547
1453952474503548940
1453948772564619271
1453947022868836364
1453945106449326081
1453942040954224646
1454297019024121862
1454290481664303109
1454289102044422149
1454281979092819970
1454269202756366341
1454265875826020356
1454265722570297347
1454259548701609986
1454258052333334534
1454257991503417349
1454256223491002368
1454249211084427269
1454248030475993089
1454242145808699396
1454236994221973513
1454226213963132931
1454222610514923521
1454220965089476608
1454210936013672449
1454209188188487680
1454207321517613056
1454182701339004932
1454138696651792396
1454128187940564992
1454125141449789442
1454115107835768834
1454111555549732868
1454101099741270019
1454100039882575876
1454095704364920832
1454094419007721486
1454084788390793222
1454074133302550531
1454065827423002626
1454061704787103744
1454058802995769344
1454054209322512391
1454052259155693568
1454050759369117706
1454050149148160006
1454049926392942594
1454043008047857665
1454037950937763840
1454034502125162497
1454026989761744897
1454025696158781441
1454025280578785284
1454020517812264961
1454013238182481923
1454011075070939142
1454010771910770695
1454008564062691333
1454007596084465667
1454007474445438984
1454006678936977408
1454005672341766148
1454005157960638470
1454005124746006537
1454005123223461895
1454004982764564481
1454004601208782852
1454004487832543237
1454004209691414534
1454003724775428096
1454000326286077952
1453999420609990658
1453998943755329538
1453998793523818503
1453998662254612481
1453998546135379976
1453995909751009284
1453995063470592001
1453992488184676352
1453992012487688195
1453989998215245824
1453988320766140426
1453986871231483908
1453986829204525068
1453985464180887553
1453977345803444228
1453976326793097219
1453975500477526016
1453975127104782342
1453974179103928320
1453971971478147080
1453970354469163011
1453964527825948672
1453959868348465155
1453958162852106240
1453955748409397251
1453954438268289026
1453952874086494211
1453952629520756738
1453949763313750026
1453949739209134097
1453949720280420352
1453947751721357318
1453946479727374338
1453944737153515524
1453942513950068738
1453941545585954824
1454106649619144717
1454083994983694344
1454080314095988739
1454070531364319236
1454055037026459658
1454037373428256772
1454033968920076290
1454016607081021441
1454015891444625415
1454008935313117187
1454003708828663814
1454001735446323200
1453981771863711745
1453978273411522562
1453955432452554756
1453937193483845645
1454284249893277702
1454276758425964548
1454270256780742658
1454262360697303046
1454249466295242752
1454148786196938753
1454138822694821894
1454128830679896067
1454105210872205314
1454096481539948548
1454086359530946560
1454077604042973197
1454073207737126915
1454069124804476929
1454059104540889093
1454045649867984904
1454040543877500937
1454032185720139776
1454022737442209795
1454017873429491713
1454015648447680516
1454013084947730433
1454011962661097475
1454009966428246018
1454009478811058177
1454008782489481221
1454000987018911745
1453993330455367683
1453992214258880515
1453979179163152388
1453972315360751627
1453969823944216578
1453963926186573830
1453961993124081677
1453954384333705230
1453945636286394381
1453945633979523078
1453944186852438032
1453942085690662915
1453938129497255939
1454297057720553474
1454296673891487749
1454295488849596419
1454293811039924228
1454287617965498375
1454286688054910977
1454286136755384325
1454280844831461387
1454275343603228678
1454275043651842050
1454274213846519810
1454271508029739008
1454271017283567617
1454270581076078594
1454269752377950209
1454269362852950016
1454267924198289408
1454266836761997315
1454266807368306692
1454266378471444482
1454266053828038659
1454262793608126465
1454261980663988226
1454261156873342981
1454261031149072385
1454259014808735747
1454258816522985484
1454258374699208704
1454256885960306693
1454255744883195908
1454254357352833028
1454251958617976834
1454251948606038019
1454248391454511109
1454244504014233604
1454242548679991303
1454242093392560128
1454241276874813442
1454234415089930247
1454228827148722176
1454227769353654276
1454227301160259586
1454226806400114688
1454224902207115269
1454223170588721153
1454222079968956418
1454214011122245635
1454198128140247046
1454159872514093059
1454153582295404544
1454147211101540353
1454134309556682755
1454133325925208066
1454121257385926665
1454119945382416386
1454114393092882440
1454113379694612493
1454113221535690760
1454111670234537991
1454109531156402176
1454108275679453186
1454107187500904453
1454106417808424966
1454104898509828098
1454101168322273280
1454098998462091271
1454098918472486920
1454098492482220036
1454097898531028994
1454096322454179845
1454095820295376896
1454093387192156162
1454093244296355850
1454093175199453191
1454093127401177091
1454086255679983620
1454086138407243777
1454085622503813124
1454085467209560065
1454084174202109960
1454083362105139202
1454083005539041285
1454082121765687307
1454081221907009539
1454081025450127362
1454079673940332546
1454077562741690379
1454077426376470532
1454077120934649867
1454077091540979719
1454076860753608716
1454076411535261699
1454075952900632581
1454075858507866130
1454074946230104073
1454074791560822787
1454073823528116228
1454073654371778566
1454073649326006275
1454072815972347908
1454072243315621895
1454071322783272966
1454070918498578435
1454070517128994816
1454068979132080141
1454066289362620425
1454063965764419590
1454062346632978439
1454060445719879682
1454060241230778370
1454060153473359882
1454059967397253123
1454059939127697412
1454058387704999940
1454055777782562820
1454055575709315081
1454055087026761734
1454052618427244546
1454052563611906050
1454048007536607235
1454047463971590150
1454046270964658182
1454045613998235658
1454045599909629952
1454044187108671501
1454044131592863753
1454295740176494593
1454295521930010630
1454290881322778632
1454287724542763019
1454285334900981765
1454284009169567748
1454281897354227712
1454278359538569217
1454277317178523648
1454277204787957763
1454276630415769608
1454273858983268361
1454272463462756358
1454270297050267652
1454264518628941827
1454264102881165312
1454263073213083652
1454262831843475456
1454262749588979715
1454260992506941443
1454259385119608837
1454257434797559811
1454255745826918405
1454255248030064649
1454254214201298944
1454253674595639300
1454246007751864325
1454242493176844290
1454237277278900227
1454232107321073668
1454221366111059971
1454160768119685127
1454138144790433793
1454119352488267776
1454116763772149760
1454116125302616064
1454113332684746759
1454113205198864389
1454099202795970562
1454098110385324033
1454097738702807054
1454093951036657664
1454093072464105472
1454092046117990404
1454091409447784449
1454088218337447942
1454081983076712451
1454070511948890115
1454068356407971842
1454067813098786819
1454055716633776137
1454050287530905602
1454049014790311944
1454045933864308738
1454043859348979715
1454041408508071937
1454038631711080456
1454036586979414018
1454034419824553985
1454033558469808132
1454031673218113541
1454029789539364869
1454029271001800706
1454027632069074950
1454025602453803009
1454025447713374208
1454019521241513986
1454017173458804741
1454010005309440009
1454009867035766791
1454007308808118273
1454006588881047559
1454006179789787138
1454003350412816392
1453996115158700039
1453995477968429062
1453993746010238977
1453989222231121922
1453985374934429697
1453981764406312965
1453980490432585731
1453977353344806928
1453977070292201479
1453976000002281472
1453972165926141958
1453971166624817152
1453970300995969031
1453969676812181513
1453969283197792265
1453965391307309058
1453963406596132869
1453962324516093955
1453962291695677441
1453961684339474436
1453956075179311110
1453947643206397960
1453947556992487431
1453947165538013191
1453946527387295745
1453946144678047752
1453945935386476553
1453943266458566663
1453942017310920713
1454282592388214785
1454264220598472707
1454237132688551939
1454116432627699714
1454102324423446529
1454102322066313222
1454102318941499395
1454086530360745986
1454086439570841604
1454078030465290252
1454077734146109444
1454054936178610176
1454054875373789188
1454047919779115019
1454045258019328003
1454041031301754884
1454029832203898886
1454017891293020167
1454014738472443905
1454010540477632515
1454006194100584451
1454006145450852355
1454002036173774856
1453998995613700096
1453975387248025607
1453970220314284037
1453959240284983296
1453953132161994752
1453948228198535170
1453947168092405767
1453942486527664137
1453000763500793872
1454003670832476161
1453976329158737923
1453942167538319365
1454028984312733700
1453962393202036743
1453945186929635338
1453940420065460230
1453940366835523595
1453967189745160206
1453950985101922311
1454276606394961923
1454013478641958922
1454040874606727170
1453958317026332680
1454280276880752642
1454077964325294093
1454013392293826562
1454013230934753283
1454111572125634560
1454050148913270785
1454277437500506118
1454230282542858246
1454227485944471555
1454108425848197120
1454087819912040452
1454031861290704899
1454008994205364225
1454007675818180609
1454289868029403138
1454278695716278274
1454273106483167234
1454214279817666560
1454118606350872587
1454102419105726465
1454072843633717254
1454069296020086789
1453972582848335881
1453966000416641031
1453942437743771658
1454278317855502341
1453998369647382528
1454261180394995716
1454250824603889664
1454010120610803724
1453961516101693444
1454136058401026053
1454078771909120012
1454283559464697861
1454269991251972103
1454131731137585154
1454071782466416649
1454055465344651270
1454018206138396672
1454277547487678464
1454267819261005824
1454229409880150028
1454129408776687616
1454010657410482178
1454272222533603330
1454152821566103558
1454264031909351431
1454212218526965760
1454086667585736705
1454084828568059905
1454115971761774593
1454111873842876416
1454099344651472900
1454079643770785801
1454048436915879938
1454036101794975745
1454019973676867587
1454251620351430658
1454013841042378753
1454256351589199874
1454019416467795974
1454013335091900417
1454099422351028227
1454099142255337477
1454044515396775942
1454033976004268032
1454017943784755203
1454124144551874565
1454050489893490694
1454013224353812483
1453977930007134210
1454296571101646856
1454292588475731973
1454278523166728195
1454274565270507521
1454237532120489989
1454139182578761741
1454060288009912326
1454052966885851141
1453951612100116488
1454121112380395526
1454097388407189507
1454034403609300995
1453968845853511693
1454155040986316801
1454118643856408576
1454101013267320836
1454100103883477001
1453989937158627331
1454106110814613506
1454087918591438848
1454007824715943942
1454286793927323652
1454257876298469376
1454119097088708622
1454097892969353218
1454062987422044160
1454052646784884738
1454050020592812037
1454050011923116043
1454050006780944390
1454040418182516742
1454037560137711628
1454026488513122306
1453951932834275339
1454300622245687302
1453981966366232585
1454293464015794182
1454289300598628356
1454237503494320131
1454212933408362498
1454080826975477764
1454056644220841985
1454055751748501514
1454055043179503620
1454018686113566729
1453973071426048000
1453954256843657222
1454025221984317451
1454224245815320578
1454002565775970304
1454129510085844993
1454060024955768836
1453989906015932419
1454090542074109954
1454083019992563723
1454078280957509641
1454076701504278542
1454052445391245322
1454030261348278275
1454028554962751488
1454010782643986445
1453983601171714048
1453983036375109636
1453972365981806597
1453966353002471428
1453964817090453504
1454286422370750473
1454241752303292416
1454040227027116032
1454007457206865925
1454064877354446850
1454043307688927234
1454254804406980609
1454250414442889218
1454245770941534210
1454089429304299521
1454063794653523968
1454035850078027785
1454035479993614346
1453993698195238917
1453988866478596096
1453985500688052225
1453949624281034753
1454084783244382209
1454068994625863688
1454058542885789703
1454005146434686976
1453981517248614402
1453984142773923846
1453955196552302593
1453981483601858560
1454268554753163264
1454045542707650569
1453965423662145541
1454220936027144195
1454234872155762691
1454057867917492230
1454030555289243650
1453981520474087429
1453981512039378944
1454290467412008962
1454129760435511299
1454103318435823620
1453984616054865935
1453946298365669384
1454286351898058757
1454091750201442304
1454077535604543489
1453959133095337993
1453956436128505857
1454215868552867840
1454272072083861508
1454124771734536198
1454271673167908869
1454247437598527488
1454216597078360070
1454214833906143234
1454214833272877056
1454214561481904131
1454213915680776196
1454073686093295618
1454303126878502912
1454302202676187139
1454289824177926146
1454282796063604738
1454281961866883074
1454265687665360899
1454252025751826438
1454092327685812227
1454070602659033088
1454010550782812163
1453999647437979653
1453998452434620427
1453980616257536006
1453963677468545031
1453949870499262466
1454184551161401347
1454127617351634944
1454056052865994767
1454034957806882818
1454015080463364099
1454010115523170306
1454004491544453121
1453980393959399426
1453964850816643079
1453950808987291652
1454270828703404036
1454032059727376385
1454267362165682179
1454083312226504713
1454250597964677121
1454096775065735168
1454086248792875011
1454081165996949507
1454077412774342662
1454065425487052804
1454027690130903047
1453999101134004224
1453984458118295552
1453974135214804993
1453964818491351040
1453962629823688715
1453974211593076745
1454089031092826118
1454286904472576002
1454186442884780038
1454083384695615492
1454064758819201029
1454064527478165508
1454059123956346885
1454032038420312066
1454001484996046849
1453984067603419136
1454253319174574080
1454039680672960516
1454025896105418754
1454223032482811907
1454222426485575680
1454059709682442242
1454248812172570633
1454120696800370695
1454104471684849667
1454061392210759680
1454042015319027712
1454027924701466627
1453961325269295114
1454252041719541763
1454033343951949828
1454069827312631813
1454052750824591362
1454051420324302848
1454291367262228485
1454283966714765315
1454272456970039298
1454006987583221760
1454071619903574016
1454059930160230409
1454092821648924682
1454064621199843332
1454295648149274625
1454292310561214464
1454292121641361415
1454289724974108686
1454286169198317569
1454263908865216517
1454218851537752073
1454212670777749507
1454186302987898881
1454123243401404417
1454052731052691459
1454011241492463617
1453978076270845953
1453976475598606336
1453949471524462601
1454258276967665664
1454108708720418826
1454098942115811328
1454074717187428356
1453962948645244937
1453977062155317252
1454255255621832705
1454050776326676483
1454304206899142662
1454251443762860036
1454240366459187201
1454076908929384453
1454057197873217537
1454045892596551681
1454020067125968898
1453975848776724491
1454290732919914497
1454222984650973189
1454055730202300422
1453976300587077642
1454303342952284162
1454301881417682950
1454291218871971846
1454081041539371010
1454067349217157121
1454062190151954433
1454030279601901569
1454020904384536577
1454013171052646403
1453984286332182534
1454290853883617289
1454267774860070915
1454053646275006471
1454017833365434377
1454002616879419394
1454058306750664704
1454292362172108800
1454284691863785479
1454284241890512896
1454280621446995972
1454275726450987008
1454271489268596739
1454236923204026370
1454226482025222145
1454119266182074379
1454107625088421892
1454096536766320645
1454096154006679553
1454094862769266691
1454093786183655430
1454092433298317325
1454081891879899144
1454077368537018371
1454068410665488391
1454058891545776131
1454044582845435908
1454026940973674497
1453996666399301635
1453950289979969538
1453948938797535239
1454300052189368323
1454272610234032131
1454266242718523393
1454207079871352833
1454077731042312196
1454071355301720065
1454068095681654786
1454030051368833031
1453999963512311808
1453966903504826372
1453955097214349319
1454037929488261124
1454019048342048768
1454017990446366730
1454298653623869448
1454021581030703105
1453987027352002564
1454292429431996416
1454283008949710849
1454233738062151680
1454221322666479616
1454125780787736586
1454104279535345671
1454094298404687874
1454082492248494083
1454042350506766342
1454035069731946497
1454011949784596483
1453998579048017930
1453994140962856961
1453992839755407372
1453957394061357058
1453956491543658499
1453955739240701959
1453954756636921866
1454253154204147726
1454283874662375427
1454092250464415755
1454060961149505549
1454005283148087296
1453987030422233088
1453983522712997892
1454295408528613381
1454277865327845382
1454267045671944195
1454262058900353028
1454252785101246468
1454224754404052994
1454201261142646788
1454181818379476993
1454156853668204552
1454116508234227714
1454113116459986945
1454100172162539535
1454097153651982336
1454080816120680456
1454072516226412544
1454068231166062602
1454068029902364674
1454051341299589133
1454043697176211456
1454041534907629576
1454039713866604544
1454034220767010824
1454033921809608706
1454031293805522947
1454009338830462976
1454004491204763648
1454003154731868160
1454001916183146496
1454001476200591361
1453993030424436736
1453987009656246274
1453972973812006918
1453971796252708866
1454303301999104004
1454302919931555845
1454293064936148992
1454292683418079234
1454288421057273869
1454273301275045895
1454267467971194885
1454266222611025920
1454223074811727873
1454155806887137280
1454124562010947586
1454117186616762374
1454110002617065474
1454087902841819141
1454087398497734662
1454066806981758982
1454061425366749203
1454061193136467972
1454051681352642561
1454020101284401159
1453992993040453632
1453989274601328641
1453986188847509506
1453985877093351427
1453985444287242243
1454296675007172609
1454247411417686020
1454146455648673793
1454146192640602113
1454066055995740163
1454060738369056780
1453989321799729154
1453972098586537984
1453962938318946305
1454222656660656136
1453958613332946950
1454277380353056771
1454024342505811970
1453960823034941442
1454300250080829441
1454280792436211720
1454280790762610695
1454051929688997888
1454269768601534468
1454290159369818118
1454266154499727360
1454057004046028803
