1452136626981773314
1452310195720396812
1452419516319748099
1452062279806160902
1452062280716259328
1452062372068167680
1452063476352831488
1452063620452339722
1452063624755912717
1452063681802502145
1452063874832764937
1452065933632020483
1452067997753905153
1452068191987929089
1452068593768624133
1452069724951498757
1452069978220339209
1452072419791806464
1452072973536428033
1452073169045504001
1452073591906783237
1452074570454732802
1452074711001677829
1452074865578561541
1452074947161956352
1452075800136617986
1452075821753982979
1452076362919923714
1452076691778523141
1452076748628107267
1452077373550116870
1452077381242474505
1452077883870961664
1452078413032792068
1452079405279297537
1452079460090449925
1452079775154012160
1452081045889634308
1452082050723287043
1452082082629373954
1452082128871510017
1452082301572026371
1452082383230935047
1452082593852104704
1452082623140958214
1452082662227656708
1452082863390609414
1452083528032608267
1452083771973332998
1452083977917898757
1452084072298135564
1452084200178274307
1452084381753888769
1452085450403840000
1452085474483343362
1452085932564180995
1452086160927256582
1452086218087288836
1452086238169628672
1452086419262828548
1452086621214441477
1452086643381342208
1452086664352829446
1452087325010251777
1452087356647874569
1452087731576737805
1452087829505327107
1452087887713898506
1452088144451411973
1452088448186150917
1452088548383809538
1452088756043862028
1452088764734398466
1452089018456293382
1452089018062020617
1452090057850900485
1452090178466549761
1452090836259328003
1452091196365434887
1452091376846327808
1452091642777784324
1452091756653187072
1452091841516474371
1452091907685765122
1452092122123816961
1452092149281878016
1452092151458762758
1452092242747813888
1452092483551182850
1452092745904836610
1452092825097543683
1452092917384826886
1452093079939211268
1452093138772762625
1452093209572634627
1452093343333175298
1452093587391270913
1452093684321689601
1452093793474207748
1452094642950860807
1452094875541774337
1452094907850452996
1452095331408105472
1452095427050807297
1452095554482151436
1452096016019120136
1452096355816542211
1452096588730421249
1452096762622009347
1452097004645990407
1452097174116855811
1452098321753853952
1452098340955443202
1452099221893500929
1452099358707503105
1452100410110447617
1452100416859111434
1452100849925181444
1452100927490441216
1452100962458341382
1452101066653270020
1452101481440546824
1452101702639763456
1452101878351679488
1452103072818229251
1452103226635931650
1452103435625533443
1452103793575792642
1452103892775305218
1452104065425440830
1452104617244774402
1452105214094311430
1452105803305938944
1452106111591456772
1452106331674984452
1452106333394669569
1452107028076249089
1452107912512516096
1452107912646586370
1452108254138417152
1452108857401135108
1452109230438174724
1452109463737946116
1452109577030291456
1452109597527789568
1452109613311016960
1452109654327054336
1452109812322340871
1452109949866168321
1452110345376440321
1452110471499112452
1452110863595294720
1452110901310418947
1452111145188265984
1452111257847222279
1452112688239185920
1452113254482956300
1452113298376179713
1452114145994702858
1452114226118463489
1452114992220696583
1452115189772423170
1452115277236224012
1452115501266583555
1452115643860279301
1452116555253227521
1452116560672292869
1452118424591630338
1452119481472323585
1452119504452927489
1452119567178686477
1452119586040475649
1452120361068158981
1452120495516651526
1452120892046151682
1452120972773920768
1452121692243853315
1452121726561636360
1452121937019240454
1452122093848444934
1452122295942533132
1452122452440408070
1452122690857406464
1452122860848254982
1452123368245714946
1452123652942491649
1452123660915863552
1452123961886576645
1452124276161613832
1452124588209426433
1452124956746153989
1452125795451686912
1452126857910837254
1452127212853870596
1452127234282516480
1452127301492101122
1452127721816006670
1452127876719939590
1452128439280930818
1452128533354979338
1452128671712514050
1452129630685577217
1452130004796526593
1452130050287943686
1452130125013684231
1452130479390355458
1452130590472359937
1452131287695716357
1452131368511545351
1452132645714808837
1452133006299189251
1452133461687296001
1452133483468361728
1452134366751035405
1452134543092162566
1452135168920092680
1452135974281039874
1452136079155347458
1452136322722766848
1452136386958561291
1452136895262060544
1452137457567162368
1452137457147789320
1452137454425624580
1452137799100948486
1452138032677539845
1452138034086834177
1452138065087008768
1452138335531536384
1452138340103311362
1452138371048820746
1452138469342339081
1452138909614313474
1452139248052625409
1452140084237516801
1452140138796961793
1452140220019666946
1452140408721477635
1452140552904867846
1452140640846827528
1452140944183025665
1452141548225773582
1452141568907825156
1452141968163696644
1452142061918961670
1452143056396845059
1452143188852895746
1452143221228797958
1452143387113504775
1452143788353212417
1452144084399779846
1452144351149101058
1452144886262632451
1452145293198184454
1452145739614732294
1452146068779462662
1452147248909881350
1452147412298964994
1452147882375614465
1452148209657147399
1452148240636203014
1452148347406458887
1452148376749760521
1452148380679868417
1452148436057223173
1452148493821222919
1452148772931194887
1452150039262892038
1452150273523077120
1452150283555930113
1452150881172951042
1452151864531709959
1452152543505633288
1452153423529275398
1452153432853204997
1452153944734670849
1452153958659547141
1452154250478317569
1452154314869248005
1452154883671425026
1452154998008082437
1452155255173443586
1452156519672266753
1452156758328107008
1452157048980791296
1452157125010997252
1452158464361263107
1452158929744633858
1452159462513385474
1452159671788265472
1452159702461149190
1452160127583207428
1452160382236196866
1452161196979671041
1452161387476643858
1452161966718423040
1452162487239856129
1452162596287614982
1452163195985031178
1452163262590509065
1452163335378530305
1452163333126115334
1452163337685331973
1452163353200062464
1452163350079557638
1452163384443428864
1452163604002717697
1452164344674861062
1452164854920269826
1452165155274432513
1452165160966111234
1452165188430405633
1452165400511213573
1452165602693419014
1452165924488843270
1452166100007936000
1452166134875049986
1452166202365595654
1452166538010660870
1452167166086680582
1452167336572567558
1452167424065867781
1452167550989602817
1452167651988443136
1452168013264957444
1452168221138685954
1452168487133011970
1452168600488275971
1452168883872227337
1452168910673825801
1452168974993477639
1452169072242618369
1452169320688017410
1452169357614669824
1452169933786271747
1452170117542866955
1452170261231374336
1452170764044566528
1452171042915438592
1452171125471920134
1452172023057113091
1452172150371065860
1452172187360587776
1452172994705453060
1452173009578569738
1452173429554089988
1452173457471410183
1452175273252769794
1452175440437669893
1452175513586372611
1452176175116156935
1452176276299595776
1452176850289975300
1452177506895687681
1452177605235335175
1452178610224185344
1452178646651715584
1452178679946219526
1452178731368259588
1452179425697533955
1452180160854122498
1452180433941065734
1452180717895516164
1452180752402038789
1452180886342930435
1452180954194325513
1452181185749143557
1452181630689296386
1452181701988257795
1452182320849506307
1452183271358431233
1452183304246005765
1452183809055723523
1452183888445411333
1452183950986776576
1452184258001489926
1452184510951473154
1452184612839505920
1452185593690136580
1452185654645907466
1452187135596023812
1452187578334072837
1452187866789040128
1452188476129038337
1452188739783077897
1452188897379864576
1452189224946610187
1452189461069053955
1452189485257707522
1452189520904982531
1452190131658571779
1452190183575666697
1452190235559972868
1452191144272617472
1452191216150499334
1452191239667863554
1452191482748837890
1452191861301522432
1452192369684750343
1452192421463351302
1452192572089176068
1452192832513626119
1452193056778858504
1452193160017465349
1452193259518775298
1452193282205888513
1452193328221536258
1452193332038340609
1452193513744048131
1452193580110520327
1452194052242280448
1452194168567107592
1452194399602024450
1452194485866217475
1452194635011526659
1452195023412465665
1452195765477154820
1452196115479158784
1452196337806626822
1452196541096243200
1452196812169912322
1452197495149371393
1452197780034838532
1452198155500589065
1452198619134713861
1452198639376519173
1452199010614325248
1452199133478068226
1452199201551654915
1452199285676781578
1452199642431643650
1452200185568759810
1452200404872318982
1452200549835804678
1452200898390790149
1452201279791501312
1452201721086758914
1452201950221586436
1452202451747082244
1452202617208201224
1452202892048453632
1452203041923403776
1452203183758004231
1452203470883368964
1452203894973636608
1452204488488534022
1452204619418021893
1452205166153900044
1452205466361155590
1452205774156009475
1452206207565959174
1452206343629201411
1452206432716304389
1452206547073896449
1452207010741727235
1452207068295929858
1452207125166395395
1452207645335568387
1452207949330489345
1452208865609719817
1452209160326688776
1452209355307298819
1452209834858795013
1452209860456628231
1452210337722294275
1452210620020006917
1452210799569772549
1452210874677174285
1452211243066986502
1452211624870387712
1452211816659132417
1452212099560706051
1452212547625570304
1452213083745755140
1452213696210558977
1452213809632927748
1452213807896539136
1452214088696729602
1452214544076525576
1452215381670629384
1452215729172975617
1452215752581386244
1452215949164167169
1452216181977452549
1452216420868186121
1452216890869288964
1452217050269503492
1452217326191972358
1452218154399113217
1452218372842786824
1452218839073177604
1452218864431943683
1452219083492048896
1452219108775370764
1452219405933457410
1452220025042051077
1452220200342855681
1452220360338939913
1452220462692540416
1452220914406408211
1452221278421766144
1452221339687919617
1452221366854459396
1452221448861401091
1452221504431824901
1452221555375808514
1452221739191181316
1452221940752687107
1452221988706164736
1452222105139957761
1452222138522406915
1452222195808210945
1452222522334879756
1452222586427936773
1452224435990274058
1452224970210295812
1452225210388787209
1452225521400619015
1452225857758580743
1452226053334880264
1452226155919126529
1452227221570179075
1452227755886747654
1452227755563704323
1452227778951196688
1452228064339972100
1452228375637118977
1452228568445038594
1452228814172459012
1452228849274695683
1452229166875746314
1452229190082772997
1452229362036707335
1452229654811656192
1452229886261743619
1452230240131031041
1452230305436286986
1452230635947450370
1452230716113178631
1452230961257668611
1452231324769652739
1452231469011718144
1452231858750730253
1452231879671885824
1452232222438670339
1452232607048085509
1452233220980940804
1452233650364366848
1452233956548648970
1452234162350481420
1452234180084084738
1452234474108952578
1452234968294379520
1452235133587705858
1452235322436333576
1452235919432601610
1452236255119486982
1452236787833790472
1452237084413075464
1452238079851368457
1452238272097366018
1452238565199519750
1452238865524273167
1452239272334053376
1452239611388907527
1452239959537164293
1452240476715761674
1452240499268595722
1452241232395214848
1452241435168845829
1452241451358752773
1452241578479734785
1452241706963853322
1452241799758688266
1452242104751644678
1452242164134531075
1452242648526360587
1452242713194205186
1452242759952257024
1452243860680318982
1452243861103853568
1452243862152523777
1452246012299563009
1452246112606228491
1452246144222904323
1452246293460488193
1452246417771221004
1452247740965179400
1452248279727677440
1452248516995256323
1452248525115478028
1452249408758849538
1452249460629811205
1452249811806216192
1452249907386015751
1452249964927668228
1452250949787992071
1452251360762728454
1452251386360516613
1452251417708843011
1452251596327374850
1452252187590004740
1452252505241423875
1452252507753828358
1452252639685758987
1452252927574388743
1452253150140932099
1452253453204459525
1452253752312926210
1452254023403323397
1452254491538042885
1452254955671363595
1452255384366768136
1452255915957174281
1452256110547804161
1452256380757348352
1452256540258406406
1452257223804076037
1452258080297787407
1452258578731978754
1452258774014697488
1452259009784913925
1452259290232856589
1452259332620308485
1452259457698877443
1452260034927370249
1452260082952155138
1452260291492945920
1452260859443613707
1452260902808522764
1452261077228609537
1452261293914837006
1452261671167266825
1452262031508246537
1452262182134108162
1452262274975031305
1452262294759657472
1452262543666212868
1452263331981582339
1452263763760107528
1452263869456523265
1452264059395616768
1452264143969525773
1452264806531088385
1452264810326994945
1452264915494965249
1452265416949108744
1452265749414825992
1452265767903367170
1452265769002278919
1452265781799145478
1452265819598168068
1452265953413238791
1452265968944754688
1452266161618423816
1452266740721897472
1452266836830179345
1452266854060380160
1452267121816264704
1452267179097853954
1452268175685529607
1452268455164477440
1452268890487148545
1452269352611237891
1452269497226772498
1452270101860794374
1452270464760487946
1452270554849886212
1452270611787489282
1452270929870934016
1452271014675718146
1452271350631084047
1452271695885123586
1452271827116597250
1452271839359684621
1452271901645197314
1452271943852429317
1452272108965449734
1452272682909716498
1452273012892475402
1452273556096700419
1452273580767596549
1452273734178459648
1452273960016547847
1452274040241115148
1452274229366468609
1452274676470779906
1452274694023962637
1452274837511196672
1452274935993405445
1452274955345924100
1452275055828799493
1452276136319373312
1452276401898278920
1452276788080562192
1452277257695899657
1452277275920044035
1452277422590767114
1452278003157934095
1452279084403265542
1452279089902063619
1452279121719951360
1452279302016352267
1452279420807524364
1452279714312331284
1452280636086104065
1452280652448075781
1452281052920229890
1452281674847424524
1452281916309360647
1452282138376785926
1452282163030892556
1452282213245067266
1452282587330850822
1452282766117253130
1452283745810239490
1452283997502021640
1452285261287677958
1452285525763792910
1452286239017771015
1452286652416733186
1452286722893619216
1452287452807372802
1452289084597145602
1452289344631345153
1452289698550931458
1452289737197330443
1452290068853542915
1452290468314767382
1452291696721551365
1452291814476718091
1452291953467473931
1452292209471107087
1452292299392704512
1452292374604943372
1452292542930763781
1452293812429201433
1452293809254055956
1452294255335063560
1452295485620985860
1452295727732989981
1452296601729372167
1452296825482928134
1452298078921261056
1452298093270077441
1452298140745441280
1452298316818038789
1452298355858620427
1452298480312061959
1452298848358047751
1452299025907081231
1452300059995951111
1452301514010210306
1452301553352814596
1452301691580305412
1452301888989372430
1452302405710790656
1452302428221677572
1452302433238065157
1452302460316495872
1452302693406593032
1452303048219447317
1452303240545058836
1452303241245597700
1452303375240941578
1452304387909562376
1452304634056527872
1452306110833119237
1452306255817711642
1452306440182505486
1452306505294913539
1452306566166818827
1452307478591442950
1452309164676558853
1452309253037989890
1452310526692892689
1452310743886479361
1452310889642737664
1452311086842195986
1452311195071963153
1452311632739282950
1452312027620388875
1452312218612154376
1452312676042936325
1452312750785445901
1452313045225689090
1452313179443314691
1452313185793585162
1452313340924018693
1452313645166342153
1452315240624967685
1452315462856056837
1452315515607715851
1452315640233173003
1452315767865810954
1452316055322472456
1452316468331388929
1452316469551935499
1452316629417742342
1452316728101322756
1452316839325929472
1452317043181735937
1452317298027548674
1452317606728318978
1452317878846468097
1452317945498046470
1452317982965710849
1452318260184162310
1452318551973498897
1452318959915651075
1452319362078085127
1452319494257446922
1452320404916391949
1452322691034370074
1452322782881198088
1452323667782905861
1452324131257692164
1452324667541315589
1452324710184898567
1452325103832899587
1452326105449435139
1452326148722110465
1452326566336385041
1452326759995740174
1452327714283790345
1452327794516635651
1452328620744134659
1452328709885726729
1452328827502354444
1452329214162649099
1452329675200602121
1452330221634531330
1452330495879098381
1452330668839555082
1452331057840263169
1452331349239533570
1452331903810420738
1452332070416498688
1452332563540873229
1452334751185051649
1452335307945283587
1452335954945998848
1452336137754775557
1452337754872991749
1452339545836437504
1452340055700242432
1452342793351806976
1452346541050511360
1452346816771493888
1452347827527434241
1452348367275642885
1452350577405353987
1452351928768208896
1452353486918602755
1452354334725791744
1452355591658041345
1452357472824356864
1452362712432918532
1452367964510965764
1452368382230032384
1452369539593691136
1452375880718761991
1452383917198045184
1452387348449140739
1452388084704636928
1452396742838665218
1452396953929539589
1452397342590603264
1452398199314935812
1452399584278298625
1452400279660359680
1452403114921771009
1452403180357095427
1452403246132170758
1452403609329561600
1452404541853372417
1452404910922686464
1452404969001431040
1452404987812790274
1452405578324582400
1452405812714823684
1452405955648385024
1452406735235268608
1452407146444836864
1452407281069424642
1452407321766752257
1452408508620541955
1452409714826899456
1452409903725748226
1452410300280438788
1452410391678443532
1452410435135688704
1452410713788465158
1452410718683222020
1452410868721860608
1452411071675858944
1452411271479922693
1452411306649153539
1452411403399168001
1452411412681158660
1452411592985907201
1452411662510682113
1452413019858763777
1452413449938604034
1452413670537850880
1452413721490247682
1452414307015151617
1452414984550424581
1452415478396121089
1452415606288883719
1452416364040261632
1452417335260696576
1452417579075604481
1452417629587525633
1452418313372372997
1452418431068737538
1452418475406741507
1452418472525250561
1452418770266247170
1452421019986137101
1452421102395813889
1452421181101854722
1452421647571374082
1452421877171830785
1452422022038884354
1452422682213974020
1452423479114883072
1452423755351744514
1452424433575006220