1450802455160098825
1450612759050088451
1450614253501648897
1450614578505678849
1450615103661895684
1450615183726968833
1450615455245168644
1450615624527335425
1450617271836053507
1450617793410265089
1450617820992004096
1450617940378718210
1450619360993689601
1450619446653960193
1450619653072379904
1450621819279470598
1450622265922506753
1450623061070254081
1450624053069365249
1450625016404475904
1450625289411706886
1450625417929314307
1450625942968147968
1450626968198680588
1450627042928590849
1450627070279630849
1450627083139309568
1450627380377120768
1450627897115303936
1450627989935300608
1450629225988300805
1450629268099125249
1450629885551005698
1450629995433324550
1450630091118051328
1450630282713853954
1450630673228656642
1450631260007591937
1450631879732854785
1450631960661880832
1450632334080765953
1450632697882157057
1450632939339796480
1450633180365537284
1450633430064979969
1450633685955330048
1450635124777766919
1450635192163467266
1450636162607955969
1450636419186130944
1450638507567841281
1450639159740145669
1450640084944838657
1450640357419483137
1450640365455757312
1450641350395777024
1450641475931238400
1450641953477955585
1450641983937024000
1450642322631188484
1450642514449293321
1450642840887836673
1450643227997097994
1450643341654192132
1450643434822246400
1450643905548984324
1450643967318523906
1450643993541308419
1450644214774001666
1450644802739916801
1450645215534993410
1450645447966478337
1450645749172097030
1450645838305234950
1450645875437359104
1450645987949568003
1450646075803537408
1450646213490003972
1450646331358253058
1450646481929523203
1450646669268119558
1450647293288325128
1450647688668540932
1450647799905673221
1450647993883922437
1450648115078258692
1450648225296179200
1450648404325920769
1450648593925292037
1450648765094719491
1450649019395416064
1450649587119624193
1450649857945833473
1450650025776713734
1450650274436038659
1450650903569068035
1450650939329695745
1450651087510204424
1450651127192514561
1450651174806294534
1450651346403688448
1450651624423051267
1450652108693274624
1450652599493935107
1450652657220141056
1450652658310598659
1450652904365252608
1450652935487062022
1450653184003739649
1450653275137576966
1450653275619934208
1450653840630423552
1450654093794447360
1450654476172472323
1450654939534041095
1450655138524262401
1450655462416805889
1450655584672366599
1450655851941818378
1450655860254855173
1450656267626704899
1450656376091336707
1450656554559184900
1450656821840998401
1450656915835342851
1450656921585807363
1450657035205316612
1450657124132945922
1450657150003343362
1450657250729623552
1450657552593678339
1450658354070577152
1450659846177497089
1450659864930230282
1450659906915233801
1450659942394851333
1450659961336328198
1450660293969805325
1450660810435411969
1450660814042451969
1450660949979926528
1450661318755688455
1450661368244281347
1450661485663830020
1450662814113091595
1450663084889022465
1450663097299963905
1450663101687164930
1450663358164717570
1450663585185628169
1450664189031116801
1450664361769406465
1450664402118590470
1450664604644691971
1450665298042908672
1450665847828074497
1450666256894365702
1450666295716835334
1450666509848567818
1450666568086536192
1450666581466304515
1450666737737748482
1450667076071268354
1450667093205028869
1450667325141618692
1450667437821595648
1450667521573490694
1450668050449977348
1450668234340847629
1450668465442856965
1450668574603763714
1450668620313362435
1450669247634362379
1450669899991240704
1450670020137140226
1450670297158279170
1450670386165608449
1450670413118279683
1450670613215866894
1450670781701132296
1450671178792669185
1450671265333788674
1450671268274057216
1450671796169052162
1450672317642670088
1450672741779001352
1450672761139986432
1450673099095953412
1450673139847811072
1450673906189172739
1450674213686239232
1450674274688126981
1450674435992682497
1450674574199119878
1450674713735299074
1450675434010537987
1450677122322685952
1450677246507634689
1450677478448451589
1450677755230654471
1450679568616988675
1450680676337004549
1450680721048100869
1450680907107422214
1450681277779120129
1450681552027799556
1450682093185351685
1450682094607163395
1450682119559081990
1450682259598557190
1450683228025614338
1450683234866511873
1450683243754188801
1450683343599587336
1450684436392017920
1450684539735404547
1450684804609892358
1450684815787888644
1450684859123261446
1450685183070334980
1450685294223638530
1450685476780711940
1450685693496229891
1450685897213575171
1450686075484004353
1450686144669048834
1450686218870558724
1450686317675925510
1450686320590925824
1450686333542752256
1450686578611736589
1450686901535444998
1450687248454676480
1450687659454582788
1450687672893067265
1450688140331474946
1450688616468934661
1450688668985749505
1450688845373005828
1450689185975730186
1450689194477584385
1450689389873414152
1450690831740858373
1450690955422560257
1450691513390796804
1450691512627392523
1450691642084638720
1450691901238091779
1450691977624702982
1450692258840207367
1450692517125492736
1450692839818498054
1450693015106830336
1450693509690712066
1450693522600853510
1450693611306115073
1450693916202725378
1450693949874585603
1450693971479449602
1450694111183339520
1450694247523373065
1450694401370427401
1450694513505177604
1450695173415923715
1450696024842932228
1450696949175242758
1450696958826270723
1450697082365378561
1450697176040890369
1450697235222589441
1450697237751689217
1450697466559356933
1450697543080316933
1450697796357558274
1450697863642554368
1450698538552205317
1450698542062837760
1450698629040250880
1450698791099662341
1450699027175985154
1450699538977595392
1450699707311812609
1450699951978139650
1450700145897578496
1450700265108037639
1450701267693555716
1450701314359369728
1450701649740124161
1450701749417754628
1450702585636159492
1450702695052943360
1450702776363720709
1450703016831512579
1450703329638686723
1450703471305396224
1450703533896921091
1450703710481383432
1450703821726883842
1450703868908621824
1450703927704309762
1450704166628704256
1450705613520982018
1450705764088119301
1450705787492265992
1450705857805623296
1450706047723876352
1450706252963606531
1450706498603081728
1450706933485228033
1450707541860651011
1450708044715679746
1450709045480812550
1450709090385027082
1450709287517425672
1450709355842588677
1450709352864620548
1450709806944165888
1450709818461888518
1450710095524818946
1450710722342686721
1450710777896206336
1450710864361836549
1450711000882106373
1450711063079518212
1450711461446098944
1450711629990174726
1450712195457748998
1450712551860277255
1450712667090341889
1450712918421491713
1450713190241869827
1450713235477319680
1450713523323998216
1450714367142420488
1450714509044109312
1450714616191864832
1450714851706241030
1450714956358324225
1450715686196678656
1450715946671169537
1450716437618724872
1450716491855253511
1450716528769318914
1450716819069685760
1450716886312710144
1450716902855045123
1450717610434121733
1450717623235215361
1450718215286366213
1450718248916246531
1450718449420824585
1450718734474104835
1450718909942820869
1450719024619266052
1450719205922263041
1450719269352656897
1450719347916214274
1450719697356296194
1450719862754463757
1450719950218219520
1450719962755211264
1450720000193531909
1450720003473346562
1450720011702595588
1450720065091899392
1450720461441028099
1450720483805065216
1450720939348426753
1450721278403375108
1450721464898899968
1450721730452865027
1450721766544977923
1450721900364189699
1450722176663838724
1450722454528086018
1450722647382183936
1450723220856786944
1450723395948089345
1450723591482265604
1450723686869204993
1450723732247523329
1450723882474749956
1450724550077870081
1450724894438608899
1450724966132031488
1450725220113813511
1450725315106336769
1450725389123219460
1450725993430327298
1450726134534979587
1450726168290906116
1450726870463524865
1450727228145233924
1450727306704478209
1450727903856054272
1450728140565725186
1450728497429696512
1450728806566612992
1450728897100746756
1450729086431625216
1450729133755883524
1450729452053221381
1450729635759726593
1450730419813425155
1450731367118123012
1450731766860419073
1450732179990867977
1450732254271922182
1450732403828224005
1450732969203699713
1450732971351179272
1450733553973489666
1450733910028029955
1450735411676921860
1450735650622169089
1450735755886665732
1450735930583572488
1450736289477808131
1450736396059217920
1450736398332403721
1450736680420347910
1450736686984482819
1450737118486032387
1450737187792642057
1450737308093779968
1450737641159217157
1450737745056305155
1450738279163183106
1450738513566212099
1450738523171012611
1450738961832312833
1450739824692977667
1450740246241447944
1450740696147652609
1450740734609395712
1450741123501072385
1450741309535260672
1450742164229554178
1450742332135862275
1450742624290107392
1450742641402867713
1450742651129516039
1450743089149087744
1450744073552216064
1450744697966661633
1450745760899690506
1450747313891196931
1450748062733770752
1450748591312494593
1450748831872610312
1450748885404585989
1450749011548205061
1450749056842539009
1450749160349528071
1450749349638508546
1450749650894352388
1450749753101225987
1450749794834468866
1450749805412556808
1450750075106304002
1450750094287024131
1450750292488687630
1450750343239716865
1450750363896717321
1450751289936138241
1450751295342596097
1450751533155450882
1450751640558993420
1450751740752457737
1450751744959397888
1450752232090062853
1450752245016907783
1450752479830822915
1450752603097219081
1450752620352524295
1450753061350113287
1450753074629210116
1450753273426636811
1450753448392028168
1450754150342402051
1450754154108833792
1450754152456343554
1450754203446435848
1450754757342023680
1450754850451427331
1450754916792913921
1450755655489314816
1450756054229209090
1450756298975289346
1450756415702781954
1450756653305892870
1450756732301438983
1450757164063096834
1450757855053709317
1450758241525198854
1450758712751112198
1450759856315502592
1450760006966546434
1450760380817444874
1450760541094383619
1450760600070463488
1450760820434956300
1450761213877518340
1450761227701940224
1450761645689487362
1450761804380999690
1450762448147914757
1450762549637517315
1450762636170174464
1450762759348449286
1450763033349746689
1450763271502401537
1450763361075879936
1450763371016380417
1450763727683395586
1450763772658921473
1450763879106035714
1450764308791508999
1450764423832825862
1450764507790209032
1450764706235355139
1450764936779423748
1450765293265965059
1450765679125151746
1450765685160701955
1450766100363309056
1450767015002599424
1450768007878168579
1450768526382223361
1450768858445320194
1450768955585413130
1450769242626748424
1450769551600197632
1450770100655513609
1450770534782832644
1450770947007414280
1450771155841740807
1450771556397772801
1450771561720340484
1450771570633306113
1450772525202350080
1450772918909104134
1450773463090618368
1450774109361639427
1450774430745989123
1450774496575590407
1450774743456514051
1450774817309794317
1450775160613597184
1450775461164818443
1450777078270361606
1450777665531645957
1450778357470142464
1450778450835378177
1450778477230055430
1450778761490681864
1450778901706248193
1450778995797073950
1450779681494429699
1450780044112977932
1450780246404308993
1450780316470181888
1450780379435069444
1450780429712166925
1450780621970685954
1450780716300603401
1450780882210488326
1450780959473766403
1450781258913513473
1450781549809520664
1450781573050036227
1450781586606026752
1450781609884413954
1450781616549236741
1450781636333694980
1450781834099396608
1450781844664832002
1450781910175649808
1450782048554086401
1450782132251488262
1450782147669729282
1450782337197756424
1450782460896104449
1450782978758479874
1450783000464027653
1450783072970960900
1450783611712462848
1450783732596678658
1450783800951140355
1450784050545709060
1450784527756902404
1450784541723926532
1450784898126475270
1450785214490296329
1450785256764686338
1450785381482262529
1450785411219935233
1450785612320022529
1450785627255939076
1450785746541940743
1450785799318818821
1450785889454465027
1450786039195267078
1450786055674687501
1450786190483812354
1450786200151678980
1450786268204265475
1450786543782834176
1450786741019824128
1450786886520238088
1450786988756398087
1450787129194254339
1450787516064305152
1450787894034006021
1450787913856286726
1450787987558580227
1450788011935879171
1450788221265137670
1450788284783738882
1450788350776909832
1450788514497503235
1450789018455527426
1450789046221885444
1450789197736861700
1450789471234842626
1450789896956698625
1450790158870073348
1450790161738973189
1450790212372602888
1450790359542349826
1450791087170150401
1450791119617282056
1450791180292132871
1450791320830681095
1450791455081910272
1450791466909900812
1450792177538240515
1450792422959501326
1450792677880975362
1450793013827964931
1450793075677167617
1450793785802117123
1450793889778991109
1450793932644704269
1450793988445941766
1450794276313460737
1450794337244123137
1450794594963103746
1450795014682918914
1450795278978539526
1450795572617613314
1450796320952782850
1450796649039609860
1450796656052490247
1450796654202736645
1450797276293525506
1450797363916783617
1450797626991935495
1450797810798891008
1450798052835348485
1450798181059489802
1450798222876704768
1450798255780950017
1450798271878754313
1450798991734542338
1450799212489154561
1450799523786223616
1450799525405224964
1450799529725362181
1450799625053503493
1450799875205976067
1450800373283778562
1450800396885106698
1450800435036446725
1450801108402638851
1450801287142928397
1450801746326917128
1450802234103517184
1450802250977316865
1450802398356779023
1450802496104927246
1450802721733312518
1450802796408688650
1450802798749093888
1450802944916398084
1450803495666262019
1450803598007287810
1450803691909386247
1450803844682641408
1450803910726205445
1450804242441138176
1450804307775737869
1450804414193700864
1450804522889007104
1450805216886988808
1450805275301060611
1450805298298429445
1450805308654112777
1450805327662759942
1450805344402219008
1450805437738016777
1450805517874450437
1450805771902414857
1450805803158425603
1450806146537713669
1450806278037512204
1450806591352041478
1450806818595295238
1450806868796837888
1450807154206658561
1450807186813165576
1450807360704815111
1450807420377202692
1450807468653625356
1450807505274093568
1450807696811184129
1450807736040517642
1450807768009478150
1450807956761550865
1450807959265574913
1450808321271681027
1450808322546802689
1450808400661532676
1450808875725123586
1450809086413447183
1450809174879707144
1450809283898064898
1450809323823636480
1450809337920647172
1450809448780369930
1450809580296937474
1450809592036745226
1450809608776212481
1450809642355884037
1450809719250042894
1450809725101088775
1450809752481452033
1450809953480949762
1450809970698579971
1450809999362461705
1450810269035229184
1450810469678153731
1450810824948207622
1450811292495667200
1450811643898830848
1450811711393394689
1450811746277486596
1450811863743164418
1450812121613156358
1450812310268772357
1450812392229593097
1450812512639717377
1450812641841082373
1450812935396233222
1450812972377378824
1450813083492896768
1450813574905950215
1450813787930460166
1450813848307392514
1450814752343527429
1450815235720302598
1450815453144649732
1450815817952620548
1450815943131627521
1450816133016162304
1450816466190671876
1450816537120575491
1450816660470833157
1450816721862815746
1450816965384163333
1450817210360815624
1450817305076666375
1450817473909981190
1450817537134903311
1450817600045256717
1450817796120612878
1450817839309344776
1450817892061089798
1450818024450060292
1450818304159846400
1450818329623416842
1450818475128066048
1450818545143615489
1450818566735810560
1450818604371378181
1450818825901916161
1450818827319603202
1450819002733789188
1450819038444064777
1450819865879597064
1450819886721110018
1450820113020559368
1450820507436126208
1450820824009609222
1450820848449773580
1450820879361851398
1450821165274984455
1450821518104023040
1450822029003804679
1450822649945329674
1450822669658558465
1450822833584566276
1450823094856077317
1450823129387847683
1450823383084453892
1450823391779295244
1450823401149374476
1450823403766644741
1450823424796889094
1450823497719025670
1450823583089889280
1450823671593857024
1450823688819855367
1450823764766121990
1450823892335935488
1450823956500344832
1450824267663241224
1450824478561226757
1450824498593157131
1450825114648342542
1450825195824898056
1450825339240804354
1450825487979216902
1450825523781779460
1450825589225443333
1450825724458274819
1450825787167297537
1450826084031688707
1450826201535107072
1450826291549138948
1450826549314211843
1450826571627970571
1450826738519265282
1450826849639088147
1450826930035564547
1450827070695559177
1450827096897454085
1450827256146759688
1450827298375180290
1450827322379042818
1450827476570042370
1450827704832442370
1450827799523037189
1450827807517392901
1450827815079661574
1450827953055535108
1450828022513164291
1450828266231582726
1450828374276853768
1450828522402955274
1450828766985396225
1450828902679547910
1450829102806560771
1450829588506951691
1450829858104233991
1450829874478735371
1450830887793221636
1450831816798076930
1450832473517015050
1450833482855305226
1450833648135991300
1450833796266225665
1450833898259156998
1450834388061589509
1450834585336442883
1450834715510915085
1450834902027407360
1450835575951425541
1450835596667097088
1450836010447749122
1450836789233549317
1450836897622683653
1450836921194672134
1450837334585331713
1450837402897944579
1450837538948616199
1450838287136923649
1450838652490170370
1450838904878157837
1450839469347672069
1450840022534406145
1450840906274258944
1450841532492255233
1450841592596623363
1450842011221716993
1450842034118352898
1450842301786247170
1450842334296301576
1450842474755153925
1450842759946903565
1450843193633693700
1450843196758507523
1450843851455827979
1450844057391943683
1450844915659784195
1450845061369925636
1450845411229384706
1450845896648790018
1450846559164256259
1450846565606649860
1450847148942118919
1450847172434427912
1450847635078668292
1450847719291953155
1450848453286785028
1450850647356555273
1450850801576865792
1450851211767336964
1450851305015037958
1450851945812430849
1450852424323723271
1450852571535405056
1450852847940038657
1450853971069865984
1450853977063522309
1450854491763331075
1450856612948631558
1450858049573244930
1450858784499372034
1450859617337024516
1450860076789637125
1450860259879182342
1450861320610332672
1450861691583938563
1450861784814874626
1450862044220063748
1450862099190542340
1450862356477612043
1450863435487404042
1450863636273008644
1450864551960801282
1450864832240967683
1450865324199333888
1450866220576636930
1450866374209724417
1450866439162720259
1450867572925034499
1450868215656058880
1450869195713875971
1450869282057834499
1450869630277283847
1450869735172755466
1450869907797676037
1450870088089825285
1450870126039891969
1450870282424516609
1450871169544974336
1450871714728976392
1450871874448084993
1450872073325215746
1450872095374598144
1450872741167390722
1450873397445992451
1450874562304827398
1450874869025951745
1450874876378574852
1450875765919129601
1450875786609582087
1450875988263329804
1450876565982564356
1450877599580708867
1450878102863679494
1450878585246412809
1450879185954631685
1450879316741353477
1450879714906705920
1450881775853400065
1450882469608124416
1450882989039050760
1450883102650241026
1450884913746509827
1450890017828605954
1450890684651692043
1450891952438714375
1450893007759179778
1450894353631641601
1450895050242732033
1450899761758801922
1450900325163012106
1450901452793139202
1450902738968084480
1450903862378852354
1450904641282052098
1450907385011261445
1450908209057701893
1450910218783625219
1450910987628933127
1450911227685789706
1450918170114494464
1450918957087485958
1450922379539009542
1450924103012130821
1450926313733193730
1450940773185118211
1450941162508873728
1450941484178370560
1450943987783639040
1450944445050986503
1450949202557632513
1450950439734710272
1450950564435533825
1450951135813115906
1450951851113807874
1450951855257706496
1450951966062899206
1450952425616019462
1450952577441431555
1450952801169723393
1450953624394207234
1450953860093149186
1450954193666146304
1450954659976282112
1450954940998983683
1450954980123242499
1450955912370429953
1450955935007051782
1450956316902518784
1450957146141691908
1450957272822128642
1450957276689297410
1450957276093710337
1450957425985527812
1450958311411499010
1450958587832897540
1450958954272489474
1450961144332505089
1450961343129870337
1450961998582140933
1450962722162577408
1450963088501456900
1450963309780369410
1450965597282390022
1450966311081807877
1450966352282329093
1450967262555377669
1450967327525064706
1450967659583979522
1450967842631737349
1450968022370324483
1450968057275293703
1450968080662683654
1450968181120532480
1450968228214108162
1450968421126926339
1450968832772919298
1450968950615859201
1450969208880173059
1450969351125823491
1450969625269702657
1450969832220880897
1450969848687644673
1450969955634057218
1450970566475743234
1450971863740399618
1450972245573062659
1450972689590489091
1450972738877751296
1450973574714429447
1450974573575299074