1453149640946184193
1453149697380474882
1453149709447557126
1453149989639581697
1453150055146217472
1453150126529077249
1453150949388685318
1453151183095402497
1453151214791643136
1453151247372935171
1453151758830772232
1453152002293239810
1453152907390455810
1453153287495045120
1453153651136950275
1453153858503397378
1453153881966346241
1453153975616761862
1453154053999902724
1453154151249051649
1453154343062884358
1453154469735133184
1453154467482767361
1453154589528653824
1453154636102131715
1453155206594662406
1453155437830815745
1453155481648697349
1453155923829018627
1453156000551243776
1453156392131387395
1453156523228549120
1453156788598018054
1453157013081391107
1453157053770264577
1453157122418438147
1453157364320768000
1453157541953761281
1453157664523911174
1453157666688102405
1453157734640078852
1453158081433509892
1453158706238033923
1453159810501799942
1453159841615147010
1453160020690882564
1453160287935164416
1453161208828157952
1453161850607001603
1453162515140022275
1453162601488138241
1453162703170588673
1453162891754958850
1453163231397044226
1453163776631459843
1453163830700220420
1453163916142415873
1453164001735557122
1453164546198212609
1453164594541834246
1453164625575362562
1453164801065033731
1453165028824080385
1453165058100322305
1453165187163312130
1453165228867219459
1453165502629511168
1453165593490690051
1453165844842770435
1453166220664991744
1453167529434648577
1453168191736147968
1453168317951270917
1453168754985111559
1453168825797537799
1453169053179125765
1453169632408309765
1453169765116092423
1453169848364773384
1453169892429950983
1453169931701272581
1453170506773905408
1453170815554387976
1453171404640174080
1453171977091379207
1453172093001125889
1453173249236471813
1453173740699676673
1453173772421271556
1453173956429504515
1453174578411294721
1453175867882958856
1453175908941000715
1453176072397156354
1453176536467607553
1453176732618424328
1453177163901923332
1453177300296499201
1453177328310259712
1453177337072078852
1453177644397199361
1453178191711932419
1453178530817134595
1453179201721307136
1453180037683834880
1453180138611298306
1453180165656231949
1453180410309996544
1453180502249127939
1453180724094197761
1453181004651261952
1453181866710757381
1453182381909688326
1453183095025242114
1453183935400218627
1453184479573336067
1453184782590906376
1453184865944301573
1453185154445238280
1453185242714435584
1453185330438238213
1453185467063554048
1453185482469240838
1453185666792050695
1453185770068451330
1453185864092119047
1453186151490023431
1453186729230278661
1453186763296428032
1453186832754085889
1453186939302158337
1453186967852642306
1453187120219131904
1453187245096116234
1453187245372895234
1453187321369481220
1453187401363329029
1453187726249893888
1453188387565805575
1453188790617477121
1453188933563478023
1453189167748300805
1453189251063955457
1453189300917469186
1453189859443560448
1453190010207756290
1453190509682315266
1453190665005797377
1453190932149391363
1453190938377928704
1453191896973512710
1453191931626807298
1453192176838397959
1453192524164526085
1453192586709983241
1453192863722864649
1453193055205396480
1453193063459741696
1453193214907674626
1453193384324046852
1453193543317483523
1453193785563758596
1453193789384790018
1453193839619895296
1453193872700547075
1453194278729969669
1453194696994394116
1453194742812987395
1453194748504641538
1453194751595909126
1453194863051149317
1453195294493929475
1453195773630320642
1453195927703810050
1453196016354615296
1453196110655197194
1453196169409040394
1453196200354598917
1453196278041509893
1453196339802640387
1453196364817465355
1453196387953250309
1453196414427664389
1453196436934332421
1453196689175502849
1453196770352136195
1453197173546389505
1453197234518970373
1453197688514613253
1453197791686135813
1453198071924330497
1453198300748812294
1453199053563383809
1453199224342925317
1453199740925976580
1453200220389478407
1453200394029436944
1453200793784442885
1453200829393956868
1453200865272107012
1453201241706676230
1453201747527155716
1453201930012876807
1453202408297746437
1453202530758844421
1453202823118655496
1453202881083961348
1453203007034724355
1453203010759237633
1453203071002152960
1453203568488378378
1453203854074396674
1453204247105859586
1453204250721337352
1453204342132019201
1453204856836083716
1453204886112256000
1453205434781736962
1453205692882448388
1453206493734469634
1453206697267269636
1453206704150048771
1453207215720988679
1453207245479579662
1453207266090311682
1453207313611771905
1453207777799639041
1453207847613841409
1453208274262650887
1453208730703577093
1453209171029987336
1453209533182976002
1453209841455992835
1453210066769694722
1453210795928608777
1453210822717566988
1453211169330696200
1453211227404980227
1453211282451034114
1453211316164841476
1453211322242457603
1453211397848895488
1453211708068139008
1453211985374371845
1453212006396350468
1453212526213308416
1453212596039946241
1453212778202796033
1453212955647135752
1453213344064839686
1453213453250875400
1453213666967425029
1453213689952223239
1453213925017784321
1453214048082825216
1453214099022630913
1453214412010147848
1453214451751075850
1453214488816062464
1453214511352197124
1453214522211241985
1453214713488154624
1453214748649132037
1453214870086750211
1453215064123662338
1453215185599086597
1453215650319585288
1453215870650572808
1453215920944414722
1453217291743731717
1453217379421413378
1453217580513120256
1453217627338264576
1453217743927488529
1453218288398389249
1453218464940896262
1453218770848256006
1453219490179682304
1453219602142539782
1453219727564701703
1453219844254355457
1453220037993566210
1453220408690307073
1453221235865833477
1453221331407974401
1453221759549853699
1453221781007917057
1453222342176346112
1453222491548225545
1453222495167918088
1453222900354326529
1453222946990874626
1453223433383432194
1453223673058504711
1453223683053563907
1453223777341480971
1453223899462840320
1453224419623571456
1453224598674317313
1453224640822849541
1453224767469891584
1453224906980790278
1453225039696957450
1453225049562009605
1453225209201401861
1453225533001641996
1453225657807347712
1453225868852178961
1453226026796994568
1453226179754876935
1453226185756971019
1453226184028917766
1453226198067257354
1453226240530321414
1453226366636339204
1453226430796554249
1453226502150033409
1453226543807963141
1453226625697525765
1453226628969115649
1453226768287031299
1453226964500815886
1453227346559967250
1453227447051296771
1453227573148803077
1453227607101743113
1453227747518656522
1453227983653773319
1453227985583099919
1453228150398328837
1453228376249061376
1453228451587051530
1453228544285450247
1453228809130549262
1453228936675090434
1453228994938159116
1453229036398907396
1453229137846575104
1453229280947802121
1453229424246247436
1453229652999348227
1453229818682675207
1453230027408031745
1453230151811076100
1453230607136432131
1453230690313588738
1453230688413622277
1453231029397897223
1453231062121844737
1453231077972234242
1453231350392176646
1453231737786544148
1453231973250609162
1453232098236583945
1453232226645258242
1453232333562204167
1453232462943997954
1453232464172916738
1453232568007024641
1453232721275273216
1453232965635485709
1453233017686798347
1453233069356462083
1453233335489138688
1453233590427398152
1453233683930943494
1453233685935833098
1453234167739736067
1453234949017018372
1453234986983768067
1453235077748596736
1453235294510227456
1453235416367341572
1453235456842375171
1453235594558165002
1453235709196881923
1453235925698453509
1453236100454027264
1453236119642980359
1453236132125229059
1453236214757269511
1453236543573876738
1453236659173089292
1453236791893495811
1453236874336784389
1453236906918125571
1453237265229094919
1453237482871574539
1453237616309112841
1453238009483120648
1453238031864012809
1453238498962595847
1453238712763101194
1453238740164431877
1453238792412962820
1453238841398239236
1453238910167965708
1453239058700902400
1453239137688035332
1453239368236339207
1453239904381591557
1453240195390771200
1453240290341490695
1453240380993032192
1453240520722063360
1453240521430872066
1453240530914131975
1453240558659506176
1453240708366733313
1453240966446469124
1453241058805092361
1453241063146147840
1453241162450546695
1453241192498536449
1453241198055985162
1453241516638474246
1453241641096159238
1453242235852623873
1453242489159274499
1453242627160219652
1453242661230493700
1453242756999098369
1453242769577844740
1453242785272840196
1453242863412781061
1453242900872146947
1453242932950142981
1453242964608749569
1453243056212303873
1453243064097681413
1453243084817510407
1453243151414611973
1453243200446074886
1453243340607086594
1453243500577927177
1453243531712245765
1453243550120906752
1453243569616130048
1453243579858575367
1453243653019815946
1453243732057333763
1453243817163960323
1453243845387358224
1453244066049761286
1453244070101458953
1453244303870992385
1453244400230965253
1453244427883974660
1453244523568635910
1453244545173540869
1453244598319464449
1453244928763514882
1453245202190245894
1453245490204712963
1453245771067842560
1453246077579284488
1453246092007649282
1453246342235574280
1453246623941865478
1453247184191819777
1453247297542885380
1453247509430775815
1453247621309603840
1453247748560588809
1453247790977626113
1453247806777528325
1453247860192038916
1453247907386339328
1453248016484388871
1453248115805499393
1453248328691486731
1453248373436321805
1453248405841584138
1453248718447259650
1453249098732158988
1453249250058461186
1453249434641444869
1453249504430407682
1453249584826834948
1453249604540055552
1453249869137784832
1453249871885045764
1453249886728736772
1453249915702988801
1453250257748467714
1453250624204779526
1453250639954423808
1453250706543161350
1453251014476369925
1453251061045673985
1453251326536781825
1453251409420369929
1453251406660620290
1453251412142563334
1453251420346585101
1453251578312466432
1453251626773491712
1453251942482911240
1453252054294614029
1453252083575136263
1453252089157718018
1453252086737551366
1453252091703668751
1453252149970968576
1453252204090073099
1453252484068253701
1453252616197181446
1453252753447428100
1453252776490844172
1453253016291774464
1453253018154151941
1453253020767199234
1453253039947718659
1453253369854824464
1453253511748231174
1453253788790362116
1453253996534276098
1453254072560193538
1453254614384582662
1453254755652972546
1453254930110758916
1453255224546795520
1453255229596700674
1453255359926312970
1453255378800627715
1453255477199056900
1453255620761636866
1453255718841241607
1453256048282947593
1453256063378132997
1453256163907313667
1453256286037057546
1453256405415309313
1453256609820446720
1453256623040909317
1453256624836067330
1453256639608410113
1453256693475860489
1453256819179200527
1453256822773755906
1453256863605272576
1453256887022010372
1453257021034205194
1453257332918525958
1453257708367384576
1453257708560322562
1453257846766936067
1453257961221001221
1453258246081363973
1453259091984388104
1453259148670365696
1453259299476672521
1453259380602949640
1453259455370514438
1453260064635211786
1453260228842098695
1453260527518556162
1453260593662730244
1453260647014309896
1453260665314021378
1453260776320512007
1453260904246693891
1453261247407865859
1453261551608213509
1453261804617060354
1453261866344538119
1453261977174921226
1453262157148262405
1453262213242839043
1453262282062974978
1453262491803344903
1453262544215453697
1453262626721603592
1453262636301312007
1453262712407044100
1453262836449353730
1453263345126187022
1453263835960315912
1453264086188314628
1453264390006972418
1453264640192958470
1453264644274073614
1453264719276609536
1453264763862102025
1453264880203612163
1453264882552524800
1453265196743643142
1453265281720242180
1453265569613025284
1453265828649054217
1453265907938209803
1453265925138944011
1453265939059945472
1453266046673199104
1453266214785007623
1453266506150825988
1453266608042938377
1453266624665038856
1453266733192650756
1453266966010109953
1453267072033640460
1453267125834035205
1453267164836794375
1453267201096654853
1453267298278682631
1453267470127714306
1453267571873140736
1453267890803728388
1453268141568663555
1453268182018441217
1453268316693438466
1453268369004765186
1453268866017239044
1453269100927520777
1453269239029243904
1453269282465492997
1453269396386951178
1453269556953243651
1453269646132531206
1453269850894356485
1453270091731197953
1453270240637370377
1453270324691283969
1453270457453629440
1453270582603173899
1453271023411941376
1453271110938767366
1453271138428194829
1453271376241086473
1453271559502770190
1453271936239378437
1453271954908135425
1453271987846107139
1453272051586904070
1453272063028891652
1453272117072613378
1453272149536485382
1453272379552108550
1453272703075500044
1453272867081228297
1453272947913854991
1453273011352752130
1453273105422487556
1453273165782716425
1453273231268487170
1453273250344095746
1453273331445141513
1453273613822578692
1453273729514020864
1453274413114200069
1453274552356704260
1453274613790748673
1453275759745945602
1453275840284868611
1453275892101353479
1453276215343829000
1453276248709472261
1453276477684846597
1453276534857474055
1453276738948059138
1453276809689190412
1453276962307383300
1453277142247149572
1453277444081917955
1453277504299540484
1453277675477512193
1453277685564719111
1453277698613256202
1453277723380551688
1453277930805735424
1453277933242568714
1453277973025546242
1453278017183272966
1453278359438438414
1453278450119168000
1453278602762625024
1453278655321362438
1453278737282240520
1453279130208907273
1453279603007569924
1453279815403024385
1453280179619516420
1453280223852695556
1453280299949961221
1453280314080571393
1453280444947050499
1453280462802231307
1453280749763899394
1453280858505424901
1453280889484595204
1453281129637756938
1453281277768048651
1453281324505178113
1453281347573886980
1453281382608814088
1453282081761546254
1453282196274532359
1453282224804147204
1453282454433931267
1453282545374740488
1453282867551916036
1453282940788613136
1453283133269463050
1453283316296192008
1453283568407486472
1453283818861912068
1453283948747018240
1453284179307761664
1453284186576523265
1453284340889276418
1453284526000648193
1453284846479056899
1453285148942872580
1453285664007639050
1453285814583054336
1453286025913159703
1453286083979063301
1453286207618797568
1453286211049644032
1453286370760343566
1453286520085954560
1453286672968425472
1453286678194446343
1453286684527927305
1453287436994367495
1453287918819233815
1453287931549032449
1453288027548160009
1453288147102674945
1453288179407142917
1453288286030548999
1453288330016313351
1453288401508225026
1453288416376934405
1453288510081884164
1453288516276957185
1453288628990398471
1453288640180850697
1453288852580356102
1453288859354247174
1453288968787841024
1453289039277219854
1453289196379115522
1453289221163192324
1453289658171990022
1453289871406141443
1453289996459315212
1453290054877601797
1453290648753393682
1453290724733095939
1453290794589335560
1453290981210664967
1453291214564904974
1453291229677031424
1453291260274429962
1453291618874892289
1453291659983310853
1453292162335100934
1453292297869664256
1453292439402393606
1453292652980494337
1453292890189443082
1453293162500345863
1453293273112588297
1453293885376155648
1453294067966779405
1453294074979553282
1453294082495758339
1453294084957917185
1453294106717863942
1453294423073230850
1453295130060918788
1453295236411764745
1453295558483972102
1453295584740261888
1453295702986088458
1453295935446929408
1453296193233166340
1453296219648897041
1453296307544723458
1453296433990357000
1453296515015905283
1453296553066745863
1453296724588564495
1453296935218171916
1453297551575330827
1453297835382824966
1453297965477638152
1453298721135988740
1453299019157999633
1453299656318914576
1453299692616486926
1453299734660190210
1453299903329968143
1453300434811203607
1453300566076137478
1453300938383499267
1453301087222513675
1453301154440531974
1453301281687318535
1453301559329165313
1453301631584460806
1453301796974350349
1453302590935117826
1453303162920648711
1453303829546549251
1453304213463764996
1453304310251638787
1453304773374001162
1453305063284350985
1453305123602632714
1453305165692514311
1453305234013499392
1453305547067908105
1453305712646541323
1453305722498916352
1453305877847580687
1453305936869838860
1453305967609847818
1453306133423267845
1453306243410448395
1453306769833345034
1453306771334909967
1453306828897542156
1453306866868662280
1453307152253300743
1453307394881097737
1453307540725538826
1453307666953080847
1453307770518704128
1453307844422520845
1453308038354505730
1453308129379241988
1453308263320064003
1453308564022251520
1453308571156815872
1453308584817745927
1453309107977392130
1453309300391170052
1453309307232075779
1453309315561902085
1453309414396420101
1453309481601880065
1453309752356728834
1453310174119088130
1453310280323137536
1453310423021752322
1453310706909016064
1453310950174457856
1453311196778598401
1453311256979402752
1453311743900323844
1453311847747108870
1453312189683490830
1453312204732710914
1453312359208914944
1453312706102976519
1453312890337783811
1453313107376230404
1453313404303728646
1453313656364548096
1453313784613728256
1453313812145192960
1453313876364124162
1453313899315425281
1453314032832708611
1453314117402447873
1453314249732722698
1453314285422055425
1453314586770165764
1453314781998317575
1453315086471340033
1453315189118418948
1453315375471292416
1453315929153019907
1453316097650741248
1453316154466967552
1453316863912341506
1453316902693056513
1453317810243833856
1453317879122698246
1453318046970380291
1453318213157081094
1453318241296662532
1453318538769276930
1453318549271760896
1453318585288253443
1453318674685710339
1453318944870187008
1453318995688321024
1453319357400977412
1453319465987231751
1453319507997388801
1453319891407101954
1453319952165867526
1453320009095155721
1453320133493989381
1453320142130085897
1453320300288884747
1453320373244555275
1453320493008711681
1453320794285621253
1453321047722369025
1453321233538289664
1453321244665729031
1453321293936279554
1453321562099122181
1453321605501784067
1453321725182021647
1453321859328479232
1453322100291170305
1453322184378568704
1453322457327099906
1453322459529179145
1453322860164890627
1453322867198742535
1453322954859679756
1453322979702566912
1453323110808113160
1453323202575298560
1453323262184755206
1453323358028718090
1453324124827303946
1453324219400343555
1453324230095818752
1453324347557486593
1453324403433873415
1453324422337548302
1453324431489581063
1453324446819778569
1453324559831093252
1453324750411878400
1453325307281227779
1453325317318213640
1453325367800778753
1453325799692455936
1453325973605126146
1453326279990595584
1453326339478470659
1453326420906688516
1453326543325839360
1453326554629488640
1453326597541359618
1453326898692456452
1453326897702588420
1453327173683585025
1453327378780880906
1453327428617584644
1453327433453604867
1453327505952100359
1453327976653737988
1453328030705741824
1453328926411923466
1453329285033254920
1453329317522407428
1453329588239560710
1453329712474845190
1453329809283502085
1453329912476016650
1453330402488176643
1453330591881986057
1453330963786698755
1453331484408901638
1453331527446663178
1453332137596227584
1453332145628352517
1453332410590896139
1453332431621083144
1453332528429895680
1453332921746538503
1453332976314421255
1453333564913700872
1453333791116722177
1453333907428937734
1453333945802641428
1453334104594812929
1453334163617198083
1453334317623480327
1453334467481718795
1453334617742712843
1453334984500989952
1453334998652633089
1453335244719882242
1453335358834282496
1453335425423069186
1453335430317834244
1453335497649000453
1453335718521040902
1453336059480207364
1453336173204500487
1453336572342898692
1453336944381861897
1453337805761875978
1453337816394436608
1453337910372040704
1453338045638348810
1453338209296031747
1453338301415378951
1453338563739742209
1453339247390257155
1453339537392893960
1453339959088189445
1453340255080247297
1453340323103469577
1453340403210485764
1453340495233499142
1453340623050772481
1453340710774530051
1453340713056292870
1453340849861914636
1453340890810884107
1453341947477725194
1453342182203482121
1453342201103060995
1453342210867433473
1453342213027491845
1453342345303261185
1453342529617678339
1453342570910609421
1453342628418707467
1453343138567704586
1453343414754287633
1453343454860247040
1453343914597883910
1453344945591357450
1453345005058150407
1453345293735317509
1453345344138321922
1453345655443787782
1453345843415683076
1453346522553225218
1453346579348279303
1453346694678994944
1453346749465038849
1453346947163586567
1453347225984069638
1453347397183041544
1453347420167757836
1453347691405086721
1453348046167687176
1453349868693442561
1453350209040183300
1453350208037785606
1453352016076369921
1453352603178319875
1453352891234672641
1453353275781103618
1453355914128359429
1453355964686475268
1453356193678647298