1453527047511347208
1453524956621389824
1453524271381184512
1453520059784044550
1453519235817164805
1453514652848037889
1453512417703464962
1453508399463731203
1453505067991007232
1453501420557066240
1453483569892843526
1453467824718897158
1453439887806447616
1453416053820715009
1453415676270448640
1453411329826426883
1453407416809254914
1453406248968196096
1453402504075509761
1453398618023424005
1453393812764512265
1453391227819155473
1453390272092536841
1453389453490147338
1453388288572547082
1453387886691160071
1453386295082766337
1453383413931536386
1453382982492774401
1453381082015961093
1453381075552456714
1453379412087357447
1453378432625086477
1453376447028948992
1453374975692267536
1453372500834799616
1453371695931162627
1453367915286130696
1453367530911768578
1453366011080577031
1453361119393824783
1453358067433705476
1453356718407118855
1453353182596239371
1453349545425866759
1453347393261346831
1453346461857443849
1453346436007948296
1453346128422858757
1453345856799711239
1453345774184456192
1453344574072508419
1453343007688642563
1453342704516034561
1453525203552669700
1453521389676158984
1453520944912158729
1453512788446310402
1453510601087406080
1453510252653998084
1453504806539067395
1453492375704281088
1453492354770513923
1453429754644729861
1453408944940990466
1453400420022325250
1453391811167199234
1453391192960364559
1453388047014240257
1453382404459012100
1453382207762952201
1453379158394818562
1453373103954821128
1453369730291539979
1453367163595608072
1453361239246053377
1453361152067399684
1453356576861921284
1453351648839946250
1453343113569701895
1453514274022649856
1453478244074672129
1453373923744092166
1453369061157441538
1453349262671024134
1453517863176708097
1453513787135303684
1453409868157632519
1453373144413081600
1453527510495293442
1453526706082312199
1453521240577118211
1453505549799145475
1453502074855968770
1453501276587642886
1453449751198724099
1453439516404944897
1453421789388816388
1453420115987288067
1453417110747574273
1453386830544445450
1453376584862224385
1453374322614030340
1453371111727460360
1453366567140425732
1453357387759247371
1453357384534007811
1453348659987243020
1453348165340459015
1453347536480006145
1453526664726540290
1453513509992493064
1453478611491561473
1453391139503939588
1453387802687651845
1453378356787826692
1453374641351757832
1453367558413848580
1453349512940904457
1453345309518557188
1453526050806263809
1453523485288927237
1453520648626585601
1453518204563701762
1453511945273839618
1453429625585954816
1453402185601937408
1453397253784145925
1453385311225065483
1453366149677129729
1453356606259798031
1453353573761183748
1453351646642126849
1453347297660588034
1453344952105066499
1453344191971397633
1453525766214348813
1453524649770315780
1453522369343995904
1453521147320946693
1453520037768151041
1453519785132576772
1453518555236896768
1453513663285891073
1453511766646788100
1453511526954856450
1453511525021347841
1453511521959485444
1453498729252618243
1453498670205202437
1453498012957696005
1453497945060298754
1453492506188939270
1453490014122221568
1453485829750341638
1453444867242151941
1453429470732308480
1453426334936436737
1453425723239137281
1453416460424912900
1453413209747062787
1453412017075744769
1453411002893012993
1453409032580964362
1453401900519329795
1453396881862651906
1453396271977226250
1453395709470724098
1453388260114243585
1453385687000969222
1453384550973800448
1453384532242010123
1453383681465221120
1453383519800111120
1453381949586763783
1453381789431468032
1453380744458375178
1453380613734424577
1453377908651687942
1453374325189320708
1453373755334422539
1453373753585405957
1453373462198689800
1453373122967584774
1453372923972968455
1453370481147449352
1453369779809492993
1453369034519375873
1453368637054545924
1453361897042968581
1453361795888910339
1453361321584435207
1453359919286009856
1453359397606936577
1453357887103901698
1453357763837378562
1453357595759046656
1453357440443899917
1453357147996110850
1453355442902429702
1453354566729154566
1453354374520918019
1453353566651891712
1453349525553393670
1453349141312987140
1453348804447522821
1453348146650574859
1453347969940422656
1453346458640388101
1453346302691926021
1453519108947931138
1453517845006995456
1453508708957179910
1453508634353176576
1453496146429575173
1453491579117654023
1453490962219470857
1453489376768389120
1453482476244922371
1453477528660676611
1453462424888266758
1453461844253810688
1453452966174683141
1453445929294467081
1453435259719094274
1453420442346090502
1453418692650303493
1453418178499923968
1453416968216727554
1453414851322077184
1453408885377617926
1453401131875377153
1453398946622017540
1453396629856260101
1453396528077307906
1453390342821224459
1453388692404334592
1453383535339864069
1453382389288239111
1453381989797535748
1453379957195894785
1453376771093504003
1453375286976790536
1453374065180221440
1453373912306241549
1453372428772515840
1453367852400975876
1453366749445820423
1453366650091175945
1453365678665191428
1453364985518645260
1453364940576735234
1453353020226355205
1453349802717040645
1453349503440850954
1453349446960353280
1453347445165813760
1453346225713934346
1453478025492774912
1453403675997523968
1453349854697050113
1453469529582051330
1453485494969401347
1453382790502772738
1453480270041022468
1453396460230250496
1453501228306993159
1453501111596302338
1453500682539995136
1453392003983556608
1453390098460860419
1453367076580589572
1453392794270068736
1453398761682522114
1453351291917242371
1453507791495200776
1453403152791719938
1453392107217948672
1453384012114763776
1453376685621985284
1453374435914706945
1453389955074383873
1453363691802431494
1453347493786259463
1453376122737938435
1453522512390733824
1453380527004676101
1453407210856333313
1453358675637129226
1453479450088140803
1453451880420413440
1453404232120344578
1453367564336128014
1453366004503904257
1453474201076072451
1453469796025069568
1453466991302377477
1453371715157856268
1453362228766248960
1453358598084448257
1453514534820347906
1453500438561517570
1453507972886241282
1453420865203228675
1453388444634284032
1453396190809128962
1453391815642529792
1453380306115858440
1453524837138243585
1453512431829880832
1453503016414466055
1453484190612135944
1453352801279496197
1453521757264961544
1453519552499777542
1453366867251265546
1453517119925075972
1453380756995129344
1453366943465967622
1453358282052042753
1453351348695552006
1453398818955751429
1453397157873012739
1453430508000460803
1453428715703078922
1453404609360195590
1453364510899642384
1453354781838217216
1453523960994287622
1453514119814922247
1453493287709405190
1453412797757280256
1453373189212360704
1453522022303031297
1453404817368358912
1453379838220193796
1453351976909955073
1453529119359004672
1453532144794423299
1453520896346378243
1453535025324912640
1453501674799128579
1453493563212271621
1453351260757708808
1453527044466221060
1453508247411781634
1453504330955296769
1453503288167448581
1453498931665510400
1453494722048057353
1453491494124277768
1453419197199892481
1453399908338200577
1453375832668323843
1453375507886526469
1453535958087843845
1453535246893215749
1453521827221827584
1453513882950012928
1453370360045338626
1453369589383921666
1453369536690810886
1453538022868193284
1453435319475396614
1453436891664060416
1453355048591790080
1453354929314091009
1453461046312775683
1453407141759361024
1453397455760887814
1453397058329538565
1453396540282736644
1453382820974391297
1453374899477630982
1453537784405258240
1453523500338069504
1453522438038306821
1453505967065223171
1453371264161042433
1453382000195223561
1453399769246666753
1453366767938506753
1453530492301500422
1453512270588223488
1453370230906900484
1453366157570756614
1453361314286354438
1453534869305368580
1453371245752250377
1453370214452641794
1453534680616112131
1453479094511759364
1453452110545047552
1453515962888507394
1453502254045011971
1453517166662197248
1453456522525085697
1453399422323154944
1453374607596023808
1453370212506488833
1453355640940752900
1453355626411614212
1453515634541686787
1453371962290368525
1453356195616419846
1453384337651486723
1453531260865810433
1453531259041320962
1453531256390438918
1453524970533834754
1453521498832977924
1453514236341022722
1453500270093090817
1453499221269643266
1453498592283398148
1453469845807255553
1453466688406503428
1453451236930244610
1453430140680093698
1453393945270964224
1453382550777327628
1453374760843239431
1453374271829340162
1453361560609378317
1453490396437237768
1453368675726020611
1453363250771349509
1453383154610417666
1453366325154238464
1453492162130104328
1453473583213137926
1453369683042705411
1453366321308073991
1453514169500635147
1453513516950847488
1453404991377461248
1453404408302030849
1453517913009258504
1453437589894086659
1453419314539814920
1453391019152605187
1453358881942474752
1453542449171689472
1453537788222066693
1453536445927280644
1453533830728478722
1453531262782619657
1453528690063654917
1453517317220962304
1453503892235296770
1453475304610013192
1453415932085166086
1453391489447333891
1453381510606700547
1453367113322618891
1453364236835381254
1453360420585050119
1453378453944766478
1453403367917621251
1453523678629543937