1447038679143251968
1447038918105309186
1447040524435660806
1447042132527644673
1447042516256116747
1447044406989623309
1447047731273297926
1447048270778298368
1447048550982897669
1447048815832289281
1447050097020182528
1447050364440571905
1447050383122001921
1447052569155538945
1447053420922163208
1447054309711962115
1447054976237203456
1447055460683501572
1447056634744688640
1447058759491092481
1447059089742188550
1447060474260905986
1447060813081034759
1447062265581039617
1447062466223951873
1447063607179563009
1447065580809306117
1447065691316576256
1447067526756651008
1447068386836373514
1447069119862370304
1447070027929190404
1447070233156481032
1447070675382902784
1447071011493400576
1447076151310962691
1447076257817006085
1447078407725015041
1447080158343544837
1447080822486417408
1447081113088757760
1447081191400624128
1447081589423296512
1447081788791136263
1447082148213641216
1447082289821720583
1447083486251159557
1447083973406965764
1447086342416973826
1447086370099318787
1447086957155086336
1447087062247559172
1447087751547981824
1447088262900637702
1447089695804981251
1447090679734145026
1447090947381071876
1447091911785779202
1447092137904926722
1447092639363334144
1447092757240057860
1447093305091629056
1447093369985929217
1447093464907194368
1447093809062428672
1447093846051938304
1447094121047347200
1447094569372422146
1447094617170612226
1447095305296506881
1447095607940636678
1447095644343078912
1447095700076912645
1447095724848545798
1447095895313453057
1447096135810650112
1447096158287904768
1447096168475869187
1447096284368805889
1447096287766188032
1447096292338028544
1447096297731747840
1447096295152406529
1447096312948838402
1447096321412714498
1447096359593512968
1447096482524327944
1447096542712659971
1447096563617054722
1447096567161257985
1447096650103603200
1447096664586526720
1447096815992467461
1447096912302067713
1447096995835908098
1447097135254544384
1447097150119104518
1447097154955137029
1447097239252340737
1447097284299149316
1447097541510586368
1447097605415063553
1447097644229165062
1447097809086214150
1447097828132605959
1447097847166341126
1447097894587158537
1447097903193878529
1447097901637767172
1447097933581615107
1447097983447699459
1447098050531315712
1447098053375062019
1447098061591777280
1447098114729332736
1447098225383460870
1447098352957472774
1447098454589665284
1447098573892382720
1447098710878416898
1447098730847424512
1447098740561514500
1447098862120755201
1447098968979099649
1447099025556074499
1447099069780750339
1447099071781429253
1447099187011620869
1447099194129326086
1447099197426073601
1447099237439709186
1447099331157245958
1447099567984365571
1447099569435668486
1447099578252075016
1447099735941136389
1447099875263332353
1447100078661853186
1447100188607213571
1447100203564089347
1447100229518381057
1447100262972153858
1447100404420939780
1447100452215029764
1447100605550395397
1447100655806517248
1447100704418533384
1447100737717030916
1447100743387729922
1447101144027648000
1447101193566572544
1447101215511179267
1447101268623708164
1447101401293676544
1447101522483965958
1447101630512467974
1447101677421547520
1447101678545555461
1447101685445238788
1447101721621139457
1447101805049962498
1447101820191473668
1447101996264161286
1447102041839452165
1447102178473041926
1447102199683694593
1447102212908335106
1447102228221681664
1447102301164867586
1447102386799976450
1447102405246550016
1447102647622795268
1447102665284935685
1447102674667638785
1447102842376888326
1447102848391540736
1447102973729927168
1447103138796765187
1447103190806061056
1447103229364346880
1447103371836411904
1447103462227935235
1447103494796681219
1447103500102426633
1447103605194969089
1447103787206791174
1447103989221257219
1447104070913720329
1447104273523699721
1447104390364422146
1447104402444091395
1447104595361075200
1447104597420433411
1447104609781104641
1447104699090366473
1447104914073669642
1447105061977399302
1447105140729782272
1447105216013164545
1447105358258786313
1447105460583026693
1447105622390886402
1447105665017606147
1447105745804148737
1447105884501393408
1447105990193647621
1447106041288691713
1447106065888256002
1447106063023566851
1447106299162857480
1447106455421669382
1447106545389428742
1447106957064609794
1447106973443387395
1447107132361297944
1447107178817458176
1447107198245507078
1447107212703252481
1447107271775817728
1447107495822954496
1447107531457789955
1447107648868925440
1447107770667307010
1447107819468058629
1447107829555367936
1447107920450101255
1447108023017635840
1447108057406738432
1447108088150982658
1447108148490211329
1447108178651451396
1447108479823409157
1447108583494074374
1447108654092603392
1447108731943092227
1447108967667159042
1447109205794582529
1447109216565547009
1447109284899164161
1447109469586935808
1447109611123720195
1447109673690308608
1447109690685411329
1447109744603262981
1447109942066888708
1447110200641523719
1447110233306763268
1447110315783573504
1447110415255695364
1447110416748793856
1447110500794265600
1447110545836961794
1447110679089987584
1447110756411994118
1447111135665082376
1447111379261984769
1447111708443504645
1447111765083365376
1447111768149352451
1447111907094061057
1447111961569685515
1447112258417430537
1447112350801096708
1447112406178557955
1447112702644551685
1447112867400933383
1447113094497398786
1447113171316068360
1447113201053618181
1447113336185753604
1447113420638195714
1447113665891602434
1447113706379223042
1447114343095562242
1447114481163587587
1447114839218786305
1447114947754819591
1447114952309817348
1447115017761951747
1447115348516376582
1447115496340348933
1447115925363171328
1447116072495173634
1447116715163197453
1447116864488816640
1447117201475964942
1447117281310298121
1447117299459100672
1447117566518841348
1447117571468128259
1447117574982946821
1447117599670632450
1447117605370662913
1447117759305818116
1447117856919805956
1447117950746460170
1447118047097942019
1447118300735889409
1447118365399584771
1447118456717934592
1447118483125268481
1447118622216708109
1447118677271191553
1447118816572424195
1447118871962419201
1447118882158743553
1447119036886642694
1447119057589661697
1447119179979526154
1447119193816457216
1447119218273521665
1447119363958468612
1447119546901360648
1447119612538068992
1447119794092740609
1447119877404200962
1447120033436504064
1447120185731604486
1447120503559184385
1447120678839144452
1447121055437389830
1447121464814039048
1447121473965940739
1447121595936305156
1447121866859024396
1447121877634207744
1447121906784620555
1447122103208071173
1447122343180996609
1447122478078173186
1447122522118393856
1447122533510049799
1447122542792089605
1447122784371425280
1447122783389970433
1447123068925583362
1447123090794684417
1447123149053575176
1447123511319797762
1447123651208253444
1447123756548165632
1447123858683801600
1447123881400045568
1447123948257247233
1447124164318425089
1447124199626084354
1447124292978704385
1447124407822925825
1447124420493905921
1447124470368325633
1447124641957302275
1447124857531998214
1447125323716304900
1447125441093849088
1447125489219375116
1447125598833238021
1447125673324077064
1447126051465826307
1447126133284106243
1447126556493500420
1447126566329151497
1447126623082348549
1447127124469452802
1447127142580441095
1447127188243812355
1447127374517059585
1447127568302235648
1447127827011104771
1447128291274485762
1447128380273414144
1447128594275135489
1447128913994338308
1447128918113144838
1447129978504581130
1447130500955471878
1447130908968976387
1447131109632872448
1447131397357916162
1447131639256010753
1447131879925170179
1447132653631598594
1447134242975014912
1447134349040574469
1447134478380326915
1447134940483579910
1447134972192518149
1447135212182257668
1447135215848022022
1447135646015889409
1447135686629281792
1447135896344543233
1447135921745235970
1447136061650472970
1447136224464957446
1447136543345299465
1447137719067443201
1447138054066434049
1447138318525689857
1447138452118466561
1447138543382380548
1447138588756381698
1447138968575692803
1447139017087012869
1447139115946823680
1447139351121391621
1447139367575711745
1447140237256249348
1447141171453575186
1447141378811592709
1447141504011571205
1447141701957537792
1447142060427911170
1447142377525690371
1447142515820347392
1447142530387046408
1447143017471643652
1447143122098536452
1447143283847622660
1447143421320196096
1447143839668473860
1447143889270284297
1447144058367844352
1447144210860163075
1447144300966400005
1447145255371874311
1447145394249428993
1447145676064780290
1447145891790405641
1447146252232134661
1447146426887073799
1447146509271650307
1447146799160967179
1447147049456074757
1447147153571270656
1447147171682258947
1447147257686417409
1447147637686214663
1447147858809946113
1447148027672612866
1447148250285305857
1447148641588629505
1447149114135756805
1447149192019947526
1447149976065245189
1447150137457799169
1447150437367365636
1447150502043537411
1447150771959517188
1447150897931247621
1447151645205286917
1447151835102400512
1447151849845366789
1447152011149987841
1447152076593586178
1447152105773436930
1447152205853724673
1447152288175308803
1447152375328755712
1447152697354850306
1447153279662649347
1447153723013156866
1447154031302901761
1447154272513118216
1447154743629938689
1447154826601582593
1447155415813222403
1447155644646133760
1447155691244843017
1447155703290863619
1447155730952245251
1447155754595545090
1447156415441768450
1447157246077505537
1447157698160594945
1447157857950920708
1447157909062762496
1447158433648545793
1447159315710709760
1447159500704681986
1447159792523366404
1447159977353744393
1447159987449511944
1447160305520312324
1447160405155926024
1447161078635401227
1447161166401191937
1447161216355295234
1447161401089216518
1447161422547353601
1447162055375474690
1447162342651752461
1447162921054703618
1447162979795959814
1447163279663456257
1447163846221729795
1447165202265370626
1447165436135559170
1447165619367907328
1447165914890182656
1447166130871668741
1447166367623352321
1447166365668839427
1447166871665446916
1447167359672750089
1447167985609703433
1447168138898853890
1447168975373103108
1447169041760612361
1447169061729697795
1447169318559514629
1447169615864336385
1447169656586792961
1447170336118607874
1447170889577996288
1447171199625089030
1447171433122074625
1447172043678519297
1447172607741104136
1447173038085062660
1447173128275197954
1447173435919011853
1447173758079229956
1447173766635659268
1447174252826820614
1447174340684906497
1447174345306951683
1447174637746462727
1447174842415935488
1447175236248428547
1447175297225289734
1447175432999092233
1447175606848811010
1447175889481986048
1447175913695629320
1447176297197674504
1447176679307165705
1447176873662836752
1447176941455298567
1447177038570213377
1447177409728372738
1447177409002815492
1447177513155772421
1447178145149292545
1447178188195463168
1447178603368574984
1447178781274226690
1447179454204182529
1447179456074825733
1447179512815374342
1447179517064220689
1447179560923983872
1447180121371136000
1447180415542841349
1447180708342992905
1447180964145217536
1447181339531218946
1447181594444197893
1447182136876802051
1447182209081753604
1447182232859279361
1447182766764818435
1447183325261561857
1447183486016655364
1447183742997467137
1447184244699058176
1447184332557144066
1447185724189511688
1447185904909438979
1447186079778410500
1447186164205510668
1447186753366806529
1447187554185347076
1447187740131426312
1447187978514694153
1447188009795788815
1447188295520190475
1447188297118150659
1447188373056024576
1447188852024635394
1447189182732931075
1447189227536470031
1447189889955422209
1447189976131596293
1447190192582901760
1447190457633574912
1447190462691823624
1447190478655348737
1447190720553500672
1447190828305190918
1447191325627932681
1447191870103195652
1447192373008601092
1447192407112519683
1447192485223022596
1447192672486129664
1447192795102416899
1447192818162622471
1447193329779687433
1447193334540210180
1447193334317940743
1447193433848774659
1447193787843760130
1447194046670073864
1447194170204983305
1447194213636923392
1447194302329737217
1447194415756300293
1447195188300898305
1447195425392369664
1447196227997618186
1447196969634459655
1447197313764450304
1447197585563815940
1447197710633689088
1447197818133762048
1447198399619493890
1447198860586090501
1447198988550107149
1447199184025636866
1447199469322207237
1447200373257560068
1447200511879381000
1447201041351528466
1447201906913210368
1447202644267716621
1447202651771260932
1447203080521404423
1447203826163851265
1447204061346873346
1447204259959767043
1447205595921076240
1447205934674026496
1447206691905228800
1447206880607047696
1447207886770171910
1447207891694358538
1447207894294806529
1447207898799476736
1447207896652005376
1447208215771435008
1447209047971692555
1447209917811617792
1447210017845772291
1447210141892300800
1447210685667024899
1447210992971096074
1447211305941684228
1447211437177278464
1447211765264044032
1447212022639185923
1447212389082939395
1447212622680522762
1447212677218979849
1447212679978885120
1447212961848643591
1447213174151782404
1447213259241578498
1447213722498338816
1447215193583337481
1447216470232952833
1447217328786001926
1447217326437273602
1447217779396931586
1447218052030820357
1447218472899923981
1447219305641168896
1447223084830789634
1447223222278049792
1447223522938417153
1447223689104138243
1447224266970189830
1447224597233897480
1447225048725540864
1447225056996696067
1447225395498012678
1447225423998242818
1447225793109630976
1447226404773400579
1447226805530730496
1447226941870723074
1447227194455912450
1447227642525016067
1447227663387480067
1447227808678223877
1447228595626074122
1447228690803269638
1447229783918530564
1447230079226970115
1447231769858633730
1447232028290678787
1447232556760330241
1447232896213811206
1447233339778211847
1447233411341602817
1447233869468430338
1447234159257145354
1447235728774107136
1447236129904742400
1447236533073821696
1447237603971895304
1447238331708805122
1447238559832817671
1447239625299283971
1447240115449786369
1447240463782608900
1447240788522332164
1447241521883873280
1447242476113182720
1447244520714764293
1447245844546129925
1447249119542579208
1447250028154667009
1447252012198813696
1447253185068867586
1447254855379156994
1447255177535229952
1447258095541841921
1447259082004463616
1447259802678140930
1447260748401364995
1447264953468002305
1447266365341982720
1447272230405038081
1447273019336904707
1447276052011618308
1447277128806854658
1447279154475323392
1447280995112144896
1447281636026978304
1447289047114600450
1447294382642642945
1447295398272503810
1447299609727016971
1447304618388590594
1447309577066737665
1447315864445808641
1447318624205778944
1447321603537178626
1447322594844180484
1447325101846777857
1447325766107033603
1447327417945636867
1447327480113614848
1447333712635445258
1447334697122467842
1447334759361744899
1447335317531332608
1447335415334125575
1447335452495675395
1447335449630949380
1447335481742553089
1447335871988977664
1447336292908367877
1447336752172212232
1447338571111698437
1447339260026048517
1447339583885041664
1447339622053269508
1447339719805718534
1447339977449213953
1447340378516910089
1447340637112528904
1447341369635196928
1447341956326039553
1447343358192410627
1447344180389466114
1447344442537484289
1447345980584521728
1447346342385180673
1447347223981817857
1447347736282497028
1447348006823415811
1447349325248360452
1447349352117112833
1447349969946497026
1447350842399416327
1446988851700920322
1446989210653581318
1446989507425755146
1446989889531092996
1446991322607353857
1446991411069403138
1446991425032232960
1446991630267916291
1446992271426015232
1446992519531618304
1446993320887009281
1446993740493512705
1446994935618572288
1446995361671761923
1446995741197541382
1446996039454445572
1446996084891418628
1446996400571437062
1446996776012058626
1446997874080829444
1446998016406155267
1446998077710032896
1446998678128844800
1446998938683260930
1446998985172938757
1446999190849003522
1446999359631937536
1447000329552236552
1447000340918800385
1447000465292423171
1447000551267475457
1447000564697468933
1447001528124903424
1447002142162636802
1447002337084522501
1447003518670278661
1447003566774706177
1447003723427835905
1447003865535164417
1447003952004747267
1447003955163193344
1447004235925651458
1447005024261861378
1447005087100932101
1447005424910147591
1447005450847744002
1447005505189134342
1447005905279598595
1447005916809728004
1447006196276219907
1447006236524744706
1447006486375239680
1447006619980664833
1447006677434179585
1447006782065287173
1447006993613410308
1447007013486022662
1447007460305166341
1447007540148015105
1447007546070290432
1447007649833226242
1447007661292244993
1447007724320051201
1447007739947847683
1447008049944616961
1447008293671489537
1447008295667916803
1447008736308912132
1447009332004999171
1447009337587552259
1447009496941817858
1447009746892976128
1447009767805779970
1447009926442717186
1447009953479368705
1447010002040885253
1447010059070803975
1447010237802708995
1447010252717629448
1447010498155712516
1447010682684145667
1447010693937434625
1447010741391794176
1447010739638525952
1447010860463841283
1447011031482449926
1447011111350398977
1447011681268162561
1447011735781531648
1447012005898948609
1447012258538614785
1447012263349477379
1447012381352083457
1447012400268382211
1447012449710866434
1447012454437830665
1447012536327364610
1447012826963333120
1447013367214903296
1447013456117305347
1447013588586020865
1447013589441658884
1447013772866981893
1447013896670253056
1447013968577392641
1447014169794867202
1447014181794828290
1447014276397363205
1447014400372527107
1447014474854977544
1447014546044981249
1447014627741552640
1447015079237414912
1447015363086979075
1447015599306014724
1447015788221648896
1447016588457099264
1447016803842945026
1447016889272602625
1447017475434958852
1447017490916130821
1447017977988009993
1447018005599166471
1447018730446155778
1447018918032203776
1447018983400493058
1447019052703039488
1447019052325609476
1447019187281350663
1447019255006842883
1447019545152016387
1447019882852147203
1447020133491228673
1447020189447450624
1447020704168230912
1447020727387836419
1447020760694804481
1447021006573301760
1447021083249414146
1447021475043577862
1447021507612327936
1447021618149019653
1447022084387868678
1447022139186429952
1447022432385060868
1447022807980785666
1447022967188123649
1447023033156194304
1447023206338945033
1447023428905492480
1447023528901939202
1447023715141632005
1447024140309778433
1447024376780525570
1447024644918177800
1447024676069281792
1447025016265052167
1447025208989130752
1447025294443892737
1447025882204303365
1447026095270899717
1447026136156827652
1447026380512718849
1447026384304435204
1447026550499536900
1447026677037502466
1447026701213437960
1447026818293252096
1447026872986963972
1447026879752327174
1447026903286632449
1447026911729700867
1447027181389946885
1447027311002337281
1447027388781498368
1447027624501383169
1447027696081403908
1447027824770961408
1447027868895166465
1447028101473394689
1447028586599227394
1447028606312411141
1447028913658490890
1447029100065935360
1447029157427175425
1447029184857997312
1447029284053291016
1447029388113973251
1447029390173302791
1447029633287737350
1447029682788921344
1447029842478649345
1447030034959507456
1447030107801997318
1447030164177653761
1447030169500147716
1447030253017124867
1447030301742403588
1447030667418558465
1447030740529545216
1447030844456009728
1447031023250800649
1447031028128751618
1447031076396826634
1447031130335580162
1447031137943969794
1447031661951000577
1447031733224820739
1447031764367470598
1447031894445465602
1447031963437645824
1447032620202659844
1447032622220144640
1447032681544388610
1447033057467269125
1447033168314322950
1447033245804089348
1447033284483944457
1447033477644242944
1447033594707279877
1447033879508881409
1447033944336048134
1447033997066788868
1447034079921139713
1447034120542982147
1447034158144966660
1447034160548388865
1447034243863887874
1447034253904998403
1447034308233859072
1447034450802450432
1447034653483933698
1447034761260658691
1447034928957325316
1447035019151568902
1447035192414138375
1447035234718031875
1447035396823470081
1447035652374089732
1447035776932352000
1447036146169516037
1447036290357075972
1447036346216816646
1447036423085846532
1447036582129594368
1447036627801415683
1447036858001620993
1447036907167236099
1447037185086033920
1447038131031609345
1447038256571314179
1447038533412085764
1447038717160353792
1447039725215248386
1447039962260525058
1447040345154359301
1447041353204916226
1447041992622411786
1447042296323579911
1447042631100354567
1447043024475734017
1447043428152344577
1447043969532137478
1447044960201494534
1447046169922707459
1447046789245329408
1447046985144537096
1447047829956947968
1447048153060962307
1447048555739320324
1447048785251614723
1447049263129759745
1447050022642597891
1447051897773330436
1447052002991607811
1447052414897381377
1447054343069306883
1447054750298505224
1447055280882081795
1447055457466470403
1447055830663135246
1447056985896022017
1447057465875460097
1447057536511664128
1447058481610039298
1447059076077088770
1447059648402493453
1447060963736182791
1447062600580157440
1447063024204877825
1447063045629308930
1447063665564209162
1447064426297761802
1447064759895937039
1447065540975992834
1447066313566797830
1447066432341045249
1447067590992416775
1447069268730777603
1447069339748737025
1447070283731378187
1447071165290147844
1447071778262507522
1447072881607790594
1447072897382555649
1447072996741447684
1447073552293892096
1447073828761264134
1447074492807745537
1447075305089232897
1447076196215230467
1447076216121430016
1447076952020426754
1447077827258454016
1447081200254812161
1447082210129891328
1447083294198173701
1447083387164839942
1447083905035554816
1447085209728413700
1447085334592819204
1447086775982116867