1449179534213873669
1449306328342487045
1449376455826104328
1449397176690307077
1449253757309501446
1449254358273519619
1449254720569180160
1449255545790025731
1449255785893019649
1449255824463851527
1449256130715082759
1449257046226866176
1449257048978309121
1449257247381413888
1449259923045445633
1449260026401464326
1449260528413523973
1449261917650898949
1449261997816627207
1449262249533599746
1449263009910513672
1449263033918787591
1449263691283632132
1449264476537036804
1449266843428929537
1449267172107112451
1449267465389699075
1449267897075781633
1449268045269008387
1449268342867390474
1449268759961636866
1449269767718662144
1449269842947690501
1449270151208177665
1449270188948353025
1449270297241268230
1449270303708884993
1449270310138748928
1449270315285196801
1449270312206544897
1449270318728634369
1449270338060173312
1449270949795090434
1449271274358804482
1449271273746419717
1449271478722170888
1449271573806940161
1449272768164347907
1449272981876772876
1449273146171748355
1449273167814356994
1449273575404310530
1449274243410108423
1449274515012292612
1449274632993861633
1449274934975369217
1449275957584535559
1449276026882723846
1449277042843734019
1449277488954109959
1449277633120722946
1449278168557178881
1449278622057959425
1449279572659216386
1449279602573012992
1449279643517734915
1449279990164459520
1449280044333891594
1449280291176992768
1449280504889438212
1449281430396317699
1449281439418118147
1449281728061722625
1449281959042031618
1449282068328763394
1449283079411933186
1449283720276447242
1449283809434685443
1449284354090409994
1449284663134986241
1449284675097165830
1449284672911859722
1449285309640830990
1449285390788038666
1449286517847846921
1449286514110697472
1449286709422612482
1449286726917177346
1449286867141074953
1449287219215155202
1449287229445054464
1449287308549574658
1449287375511711744
1449288138589831171
1449288697199816712
1449288760026304515
1449288905375686656
1449289035030032391
1449289088016609287
1449289272926736386
1449289401649958912
1449289422663421953
1449289473661943813
1449289541454483463
1449290022037774343
1449290096197263363
1449290200849412099
1449290677557227522
1449291071637307392
1449291115077636102
1449291294493188100
1449291298888949760
1449291487137583105
1449291523183443968
1449291859289722884
1449292020040683523
1449292045072273412
1449292108041527299
1449292325578895362
1449292628558712832
1449292966233731078
1449293301719310341
1449293742951702530
1449294294246821888
1449296617618632710
1449296625860427776
1449296745800761347
1449297834793050116
1449298197210288137
1449298207620546563
1449298283633856526
1449298311102406667
1449298632260210692
1449298829015019528
1449298871595589634
1449299020396982276
1449300118218235905
1449300152716435456
1449301288731045888
1449301389838979072
1449301774377046017
1449302102161821699
1449302415325290497
1449302474444001280
1449302826052505607
1449303177774260232
1449303179737251842
1449303589189349380
1449303750460403713
1449304406063607809
1449304433242750978
1449304778266144774
1449304888136011776
1449304928359383040
1449305434318274572
1449306590536892416
1449306891851497473
1449306910499348489
1449307101851897864
1449307364960706561
1449307649531547656
1449307723573522435
1449308286231089159
1449308665832378369
1449308676439691267
1449309079441080322
1449309145920786432
1449309433092210688
1449309732741660673
1449310507970801665
1449310649872371713
1449311850940616713
1449312670662889473
1449312936493662214
1449313093616422912
1449313953746599940
1449314001083518978
1449314179345641477
1449314420484554753
1449314423235960833
1449315595128692739
1449316164551598085
1449316447503589378
1449317471945564168
1449317691240574977
1449318266128592896
1449320531442868227
1449320728092835840
1449320843025129484
1449320882883555329
1449321343439101952
1449321633299058691
1449322468154372102
1449323618148573184
1449323623332732931
1449323839477800961
1449324463728721923
1449324474059296775
1449324657430056963
1449324944089751561
1449325439067975686
1449325600733163521
1449325611160248324
1449325885899694084
1449326134999482372
1449326150036066307
1449326573874647043
1449326991119826950
1449327353050533896
1449327434558423041
1449327595443556356
1449327796157759488
1449328441971535878
1449328865407426561
1449329183901974533
1449329384372912129
1449329521107243012
1449329850250977284
1449330453878480899
1449331177026818058
1449331544720490496
1449332715908599813
1449332876688834568
1449333028187033600
1449333410103656448
1449333680019685378
1449333921951281153
1449334624740462596
1449334842919833602
1449335261473558537
1449335822528892938
1449336534692352002
1449337681171734531
1449338187621421056
1449338627972952064
1449339698258726912
1449340360744833024
1449340631508131841
1449340821950640129
1449341006374006791
1449341179108085762
1449341300172410881
1449341740150759431
1449341860917485568
1449342263453048844
1449342861204287491
1449343676614787072
1449343682121924615
1449344292867108869
1449344297656979456
1449344372684705794
1449344628847624199
1449344762759155712
1449344874659024910
1449345216285057024
1449345306739441672
1449345500583395329
1449345556891910144
1449345931543932933
1449345988993314818
1449345997243518979
1449346060816556033
1449346264055771136
1449346470734299141
1449346687017705479
1449346820065218560
1449348145939247110
1449348189354479616
1449349225993498629
1449349312345821184
1449350626404495360
1449350712110899200
1449350987844493312
1449350988645634048
1449351356150534153
1449351642051055616
1449352945716269057
1449353029908529155
1449353712061714433
1449353931088269314
1449354383234273280
1449354627359535122
1449354939369541632
1449355143355383815
1449355369315135488
1449355440412786705
1449355750808064005
1449356113745367045
1449356299674611717
1449356308826624010
1449356385221689347
1449356467492950030
1449356611856732167
1449356647311110145
1449357166750568450
1449357384124534788
1449357388092346375
1449358879825956867
1449359212824334336
1449359232545951748
1449359310790660096
1449359708633001990
1449359733987504134
1449359813721292807
1449360539046477831
1449360773881360389
1449360816562589701
1449361830367821826
1449361886869217290
1449361988585287685
1449362375392464899
1449362592141479938
1449363746158039043
1449363757268799490
1449363829452775425
1449365164734631943
1449365200423907336
1449365369114677261
1449366258021920768
1449366406491897860
1449366886576115721
1449367021355868167
1449367026124820481
1449367901387907074
1449367918433562628
1449368070909091845
1449368267705884678
1449368288522379269
1449368500036780038
1449368715602976780
1449369754179833859
1449369996178591745
1449370543937916930
1449370888344772621
1449370945244725258
1449371877927911427
1449371893841072130
1449372154215100419
1449372758668808200
1449373088647241735
1449373515736502274
1449373559483105281
1449374540493049866
1449374575679053825
1449374717148733446
1449374772479987713
1449375098792599564
1449375330502725634
1449376487820255234
1449377796099231748
1449377946712510464
1449378464226680840
1449378547429109764
1449378868536639488
1449379165031989256
1449379385769791495
1449379433031213065
1449379498529476611
1449379612698370056
1449379690070753289
1449379767958921216
1449379770773348363
1449380523986472972
1449380642781687813
1449380734687268864
1449380863116857344
1449380935095312394
1449381135138447363
1449381330685366279
1449381823356674054
1449382020790951950
1449382067888746500
1449382977465581574
1449383567985831937
1449383630019579911
1449383642086604803
1449384349476945925
1449384347249741829
1449384449578176514
1449384472646860801
1449384742751637513
1449384866961772552
1449384918685872128
1449385279693807623
1449385871304658944
1449387087795408896
1449387150470889474
1449387597524979714
1449388037515866115
1449388738534985735
1449389097865265157
1449389103363940352
1449389190156718084
1449389241247563788
1449389307672752128
1449389761379004422
1449390405074624515
1449390524029227008
1449390567016648704
1449391022727782405
1449391758530342912
1449391882555977728
1449391881775816710
1449391893368897548
1449392738185596931
1449394262563459075
1449394384051474434
1449395827063984128
1449395838023655431
1449395834873806863
1449396537553870857
1449396702905978885
1449396745528504320
1449397113217957890
1449397859602743302
1449398264126525458
1449399042178310151
1449399638054694916
1449401341520998401
1449401589844758536
1449402172026748933
1449402492379226117
1449402604597829634
1449402708331425793
1449403082559741953
1449403335740563459
1449403601642610691
1449403680344530952
1449403764754960388
1449403785193820168
1449404066006634502
1449404195845533697
1449405297605283845
1449405510646525952
1449405727341039616
1449407156151730184
1449407477112471556
1449408144291942401
1449408544235659268
1449408661101559808
1449409765688242182
1449410080558882821
1449410576497606661
1449411283632091136
1449414174405120010
1449418552931340288
1449420795227226113
1449420888265277446
1449421235675226113
1449422800825962498
1449423078316863488
1449423708783722496
1449424774761902087
1449425076114231303
1449425621491146760
1449425706018955272
1449427218900213770
1449428498603405312
1449434790256537607
1449434885903450120
1449435091441111042
1449435975432622080
1449437454243536897
1449438564861710341
1449438748467335171
1449441041258483713
1449441938613026819
1449445170819207168
1449446678663077893
1449447078891962368
1449447841202524161
1449452702321180676
1449455046064685057
1449455431693312007
1449460213665304581
1449461789180055554
1449462756978028546
1449462950037573633
1449465615509450752
1449470984159858688
1449471873322942465
1449475747702206464
1449477620098162688
1449482455589670918
1449483427523153921
1449486975291912193
1449488367209664515
1449490902720737282
1449494247690801153
1449496653015224321
1449496730852999168
1449497421147344900
1449503911274958851
1449509343557300224
1449509346019352576
1449510599835086852
1449510699340742657
1449511125142360067
1449513217118457862
1449513987645718530
1449514136925184007
1449514937814958082
1449515362588921859
1449515400509595651
1449515615702552580
1449515709159985152
1449515909257695232
1449516160156798980
1449516901558734850
1449518137670463492
1449518598293127169
1449519310569762817
1449520050944176134
1449521275672489989
1449521280634351616
1449522213070065666
1449522216014528513
1449522223186776064
1449522513810055168
1449523911276724225
1449524214495539200
1449524261924704257
1449524722975141892
1449525443166552068
1449525456454045697
1449163180949782533
1449163316585123845
1449163317835022337
1449163442397474819
1449165181943046144
1449165629886320643
1449165752594944000
1449165930940944384
1449166418688106496
1449166607301824515
1449167013012639744
1449167175634145283
1449167294316179458
1449168005594714112
1449168105612005378
1449168137279008768
1449168171932422149
1449168263699595264
1449168814197731329
1449169425656004611
1449169816623845376
1449170047868358664
1449170417994764288
1449170773868908549
1449171217160699906
1449171218054012934
1449171496031571971
1449171867974045699
1449171938765459461
1449172566581538818
1449172613859663872
1449172852146536449
1449173450380115973
1449173591828799489
1449173760347566083
1449173992401633280
1449174118994087936
1449174520003108866
1449174773485879300
1449174824849272835
1449174924942143488
1449175347207884807
1449175467475361793
1449175580503523336
1449175644814733316
1449175667711512576
1449175700263473153
1449175927229857797
1449176016073547784
1449176446203613184
1449176865361444866
1449176897091358729
1449177382296842243
1449177406107893761
1449178126513172483
1449178227289825283
1449178322269708288
1449178361654284289
1449178658636124160
1449179150728581126
1449179335340879874
1449179782831218695
1449179930114158597
1449180215867953164
1449180447028641793
1449180752420110338
1449180822745931784
1449181386175250433
1449181484393197568
1449181579255762948
1449181832365314050
1449182035440898048
1449182297882771459
1449183801003765762
1449184019191459851
1449184837978378251
1449184928831131651
1449185087484928003
1449185115045720066
1449185154996457472
1449185443040227335
1449185979676311558
1449185985409912832
1449185986215170053
1449186138975965186
1449186266554068992
1449187037362278405
1449187073026527233
1449187458441048066
1449187556214460418
1449187982389374979
1449188287030042629
1449188774970224641
1449188975260758023
1449189238415626241
1449189272964108289
1449189355520606208
1449189574417154050
1449189671066423298
1449189678796529664
1449189741446852613
1449190016047988739
1449190047266246660
1449190079591641088
1449190435713212418
1449190663610793985
1449190783324545027
1449191192986468358
1449191326654685185
1449191372741742593
1449191446452457474
1449191452714541060
1449191610051268608
1449191659208511495
1449191669363003400
1449191671644635137
1449191865861894144
1449191901949693960
1449192032275103745
1449192079351967747
1449192514137640964
1449192602868203525
1449192690646544390
1449192863288287238
1449192906036707330
1449193068452667403
1449193609215963138
1449193817857351681
1449194238374125569
1449194244267134981
1449194309190705154
1449194331894542336
1449194930681749508
1449195069609627650
1449195127914713092
1449195818167128070
1449196197076353026
1449196323115126788
1449196325682094080
1449196478832930816
1449196639810310144
1449196969306427394
1449197497453215744
1449197536682467328
1449197603573231617
1449198143006916611
1449198242399350787
1449198476814782466
1449198717089685505
1449198822719066118
1449199890685304833
1449200573203369992
1449200824303841284
1449201055527358472
1449201353985703938
1449201365675229188
1449201370972647429
1449201439763353608
1449201465810042883
1449201799085236226
1449201915313590275
1449201920258625541
1449201978802720769
1449201996846682113
1449202289898516480
1449202495947902978
1449202654035382272
1449202739603378180
1449202807714693122
1449202954121011205
1449203410960486402
1449203416824119303
1449204339772325888
1449204441366745095
1449204535507910666
1449204539786072068
1449204739611054080
1449204741653745669
1449204820963848193
1449204932003856390
1449205832801914881
1449206215280451585
1449206567144878080
1449206687517143042
1449206890651549698
1449206992052973573
1449207012126982146
1449207127189250048
1449207348845682691
1449207421612683266
1449207593398898693
1449207658204975116
1449208298058571801
1449208481567973377
1449208490128547841
1449208578099744771
1449208687692693504
1449208742440943616
1449208793800261632
1449208949438255106
1449209151167471618
1449209462619660291
1449209754161754112
1449209809580945412
1449210018964774922
1449210078813306887
1449210477662248963
1449210936015798273
1449211283929124865
1449211307727605764
1449211718136074240
1449211778911535109
1449211968376610821
1449211970557673481
1449212343993311236
1449212661120389120
1449212673959227394
1449212905480540166
1449213067653386241
1449213152822923264
1449213275174887424
1449213657309597696
1449214199339499522
1449214295640711170
1449214320210956293
1449214401186177035
1449214420064763904
1449214490998816770
1449214535764611073
1449214584900898821
1449214655507828747
1449214882620981256
1449214904997535749
1449215258669694980
1449215317046009858
1449215391616495618
1449215399434678274
1449215467290181632
1449215581840838656
1449216674599608326
1449217253409390592
1449217306777772034
1449217928025436163
1449217963744120833
1449217979208531969
1449218056186580992
1449218179553587202
1449218184867811331
1449218285434593280
1449218299124797440
1449218414422024193
1449218585893621760
1449218757956489221
1449218840076816386
1449218868648431617
1449218915767177216
1449218918615191565
1449219709094666240
1449219828028301315
1449219942767681541
1449220120916627456
1449220246804447237
1449220420842885129
1449220443001393153
1449221153319317504
1449221208914862083
1449221270143336449
1449221352871784450
1449221653108441094
1449221728979152897
1449221742161924104
1449221985859342340
1449222720030330883
1449222783502721026
1449223350740418561
1449223454943690756
1449223507271827458
1449223525676453895
1449223638054494210
1449223647005011970
1449223736700243969
1449223910956826628
1449224196781793286
1449224528966537216
1449224633996091395
1449224689298014214
1449225104408203264
1449225357693833222
1449225662754168838
1449226799657881601
1449226951432937475
1449227207986057216
1449227232996577291
1449227360952193024
1449227504653254663
1449227681862590468
1449227713315676160
1449227880416702471
1449228068858458112
1449228123392802816
1449228568731418625
1449228661668782082
1449229275664506888
1449229467805573122
1449229549670055937
1449229657698541568
1449229788481081344
1449230061937172480
1449230104471609347
1449230258431922182
1449230277176217600
1449230286047174663
1449230321048711172
1449230444432486405
1449230454398205954
1449230473729753098
1449230494281785345
1449230902739935238
1449230947010834432
1449231034013208578
1449231047321735171
1449231063457300481
1449231238401708039
1449231499396456455
1449231669286686720
1449231702706905090
1449232249677774849
1449232391080333316
1449232551512469507
1449232616633167872
1449232892136083456
1449232973086167043
1449233285855387648
1449233535970131968
1449233767864799233
1449234085927260162
1449234720982634497
1449234745959673857
1449234746333024258
1449234753777930240
1449234984594669573
1449235094158249996
1449235241801961474
1449235879663263746
1449235968968388610
1449236700123652101
1449236808768712710
1449237050184536068
1449237089447333888
1449237093754966020
1449237448773410816
1449237593439162374
1449237667653120006
1449237849618849792
1449237875313156096
1449238147645140996
1449238164359376903
1449238271121256449
1449238434845843464
1449238517930807304
1449238657366257666
1449238803328106501
1449238819262406656
1449238945452081154
1449238962355138564
1449239561150742531
1449239583275642881
1449239588766031881
1449239640754380806
1449239769607651329
1449239944246009863
1449239958309326853
1449240015440023553
1449240196222910469
1449241345088839682
1449241567810654213
1449242090446098433
1449242621956661249
1449242640935895042
1449242818812121089
1449243644611809282
1449243953966968837
1449244118928920583
1449244235622858755
1449244424572059649
1449244548123684864
1449244759927582725
1449245110252695556
1449245146562760716
1449245480609665026
1449245554366509059
1449245705336356870
1449245767445581824
1449245844314595342
1449245925415604229
1449245986736381952
1449246022161502216
1449246053652262914
1449246150570037248
1449246228907057152
1449246464387870725
1449246563193090052
1449246615009517568
1449246829254610956
1449247358936436736
1449247359242629125
1449247406495711233
1449247538641399808
1449247558149177346
1449247577631694850
1449247736130277382
1449247912387510273
1449247959879598084
1449247989604577283
1449248108727050243
1449248206752157701
1449248435698380803
1449248533199028229
1449248885440843779
1449249208356126731
1449249335527436289
1449249408206315522
1449249462027644928
1449249711240605701
1449249807944458245
1449250083908710404
1449250276607610883
1449250931531386880
1449251303272550400
1449251765057056773
1449252052094242823
1449252087682899969
1449252186509119489
1449252243543191552
1449252477526675456
1449252485936259076
1449252649526652929
1449252776848945155
1449252873804550146
1449253055283662849
1449253262167658499
1449253364294848515
1449255088589967362
1449255956144001026
1449256046233460742
1449256324726857731
1449256442649669637
1449256600615542785
1449256815766609921
1449257531302244355
1449258326039007232
1449258324340273152
1449258329964826628
1449259006896209923
1449259472069693442
1449259725372096513
1449260903426236424
1449261269144399873
1449261628571021313
1449261748825985032
1449262299709988865
1449262543323553793
1449265226566627336