1445255050247376901
1445288677609914374
1445400628302319629
1445177047651794950
1445177114223726595
1445177131844079619
1445177901981208580
1445178258593484802
1445179221509165059
1445179783520735235
1445180710109663234
1445180769782022144
1445180814249979906
1445180859678539777
1445181377171771393
1445181477839425541
1445182049862647808
1445182282071896064
1445182904884072449
1445183266949001217
1445183991565328385
1445184311213264896
1445184443010797572
1445184464292700163
1445184719423823873
1445185472464973824
1445186024003420161
1445186181608529922
1445186699093430273
1445186761232052226
1445186842052096001
1445186884221628416
1445187832004300803
1445188246267326469
1445188551847464965
1445188624954245120
1445188890713747458
1445189187422982145
1445189607738404866
1445190419847925771
1445190872992075776
1445191273703346178
1445191702206054401
1445191789049118722
1445191871416791040
1445192057497145344
1445192080926535689
1445192360569163778
1445192461094055938
1445192724328566785
1445192755492253701
1445193297211789319
1445193784829034504
1445193947618238465
1445194144259862530
1445194341018787843
1445194487433551876
1445194606941855749
1445194875624837122
1445194992557850627
1445195013474816005
1445195169477791748
1445195179309166597
1445195554800095233
1445195826859372544
1445195889732030465
1445196373100417025
1445196950668668929
1445197040363868163
1445197089986670600
1445197301094305800
1445197428567597057
1445197560847605772
1445197923994669058
1445197996577091587
1445198488203976706
1445199370056519685
1445199560565923841
1445199657030668295
1445199915244687364
1445200210720821248
1445200268103016452
1445200585209233414
1445201093554688005
1445201144620347392
1445201215269208066
1445201570606370820
1445201995850080257
1445202017140363266
1445202587771301890
1445202768378036231
1445202815291301892
1445203357019381762
1445203365554622468
1445203858121129984
1445204171548872704
1445204292068020225
1445204888690987011
1445205271886766080
1445205585369042948
1445205622576668672
1445206453157969921
1445206991844954117
1445207003467448321
1445207115954483204
1445207316333096964
1445208458672758785
1445208543099899907
1445208712776323073
1445208978074398721
1445208982788837379
1445209380383719424
1445209479205703681
1445209599678705664
1445210013404856322
1445210084603088901
1445210083588141060
1445210849514192896
1445211168335745028
1445211542492876809
1445212033067077635
1445212048711827460
1445212361489465344
1445212602129215491
1445212783314800644
1445213371519754244
1445213461248544769
1445213512553230338
1445213539153502209
1445214199831949315
1445214705316814855
1445214807536242692
1445214985223741443
1445215051216875520
1445215322533810176
1445215378066456577
1445215389667917826
1445215952702869504
1445215992838189057
1445216179191115779
1445216521135947776
1445216932467122178
1445217329315340289
1445217732828413957
1445217767586623491
1445217823886745607
1445217873824157699
1445217876927864832
1445217951942995969
1445218097720299520
1445218248023109638
1445218513363238915
1445218730145828865
1445218873142218759
1445219469500899333
1445219560269905920
1445220111149776900
1445220230960062467
1445220299209785345
1445220352888430602
1445220588855857152
1445222023093915649
1445222290807922694
1445222332570554374
1445222377378308099
1445222482667925504
1445222543212748808
1445222586057576456
1445223006507134976
1445223555646439427
1445223797343195146
1445224060951040006
1445224502170832896
1445224553446187008
1445224690960650241
1445225310631333893
1445225786974216197
1445225919111598083
1445225941941112833
1445225952825409539
1445226129736962051
1445226232673550342
1445226323572449288
1445226390345768963
1445226656306585603
1445226745846644737
1445226820207403008
1445226903888035842
1445226991137869828
1445227163024707585
1445227201142542340
1445227276606468097
1445227533910249473
1445227819294814208
1445227931303702534
1445228035372769282
1445229137535266816
1445229325804990468
1445229431543386117
1445229459884412931
1445229735450005506
1445230517092118530
1445230585505456129
1445230673422209026
1445231022333784069
1445231213828919299
1445231370641444866
1445231849832271878
1445231959924301830
1445232026894831619
1445232365798789120
1445232611840782340
1445232678698041349
1445232820406788106
1445233230274195459
1445233331872755713
1445233444410171393
1445233468959379456
1445233492346880007
1445233658512564229
1445233671171022849
1445233834123874309
1445234164408537101
1445234307983810564
1445234442750947328
1445234699165585410
1445234735488196610
1445234791264055298
1445234816488652806
1445235040305041421
1445235125948588033
1445235429213556741
1445235665680039939
1445235682922827777
1445235796596826117
1445235794541629446
1445236025601626114
1445236177653563395
1445236349926187008
1445236491198758914
1445236517039869955
1445236550506221578
1445236608958021632
1445236900122427394
1445236905101053957
1445236944452001795
1445237860479635460
1445238195608686595
1445238496231231489
1445238713924009993
1445239231111045123
1445239234231562242
1445239315710103554
1445239372538793993
1445239592752336900
1445239671265525767
1445239872781000705
1445240030461452294
1445240133175840769
1445240156860993544
1445240314709434373
1445241059110363138
1445241400379904005
1445241681603805186
1445241750533001216
1445241816064749569
1445241840890875904
1445242182923816963
1445242396027936773
1445242525195800579
1445242555604500483
1445242625976516609
1445242800451174400
1445243494507835396
1445243964718665735
1445244081622290434
1445244247997759494
1445244698935762948
1445244792066039810
1445244886689599491
1445244954846973955
1445244966725296128
1445245257751220224
1445245270413877251
1445245803384037380
1445245892101959684
1445245951522717698
1445246188899356672
1445246203814285316
1445246988421767172
1445247241581518849
1445247758005243910
1445248076512301056
1445248168157798401
1445248261049049095
1445248434420654081
1445249099796676620
1445249433877106688
1445249996387872768
1445250943608516608
1445251241504763908
1445251805915410434
1445252113399828482
1445252265325969410
1445252282174435331
1445252351648927751
1445252992664424453
1445253134511591426
1445253721156243459
1445253897925185537
1445254033439088644
1445255028806012928
1445255248604393482
1445255374953533442
1445255639014330368
1445255707230490628
1445255920309583875
1445255947492872193
1445256146818715652
1445256306948927490
1445256561618604035
1445256813927014400
1445257107326918659
1445257114604040195
1445257230576545802
1445257509149675523
1445257603727040516
1445258004803112963
1445258301701197827
1445258320806219778
1445258455187537920
1445258534933786632
1445258689141624832
1445258811854389259
1445259070294794242
1445259074728194051
1445259194576244736
1445259208786526208
1445259267561250818
1445259304085323777
1445259415775367174
1445259432271646722
1445259638660685824
1445259826913701890
1445260093063417856
1445261014031818752
1445261148484366337
1445261191509544961
1445261405586743297
1445261530518278145
1445261536952414208
1445261652715134984
1445261786962296836
1445262038687641603
1445262072153997313
1445262573822038017
1445262630285819909
1445262854613921794
1445263040467795975
1445263088995889152
1445263116015587329
1445263152833130505
1445263181035700225
1445263787821395969
1445263870445056001
1445264176247496704
1445264592192475136
1445265052441792513
1445265255634903044
1445265598754082818
1445265887494230016
1445266291934121992
1445266601763172352
1445267079163088896
1445267108632297475
1445267321484759044
1445267475424104450
1445267662490066944
1445267748842397699
1445268079106146305
1445268142263996419
1445268214267715588
1445268664375132162
1445269031108317190
1445269229813452801
1445269915967975426
1445270159245991936
1445270193270312961
1445270378234867712
1445270526260219912
1445270583235600390
1445270905605656579
1445271147184996359
1445271163211378688
1445271213807337478
1445271373815771136
1445271577650765831
1445271620365340675
1445272001145278465
1445272445976408067
1445272544815185920
1445272777846517761
1445272838928101379
1445272911569326080
1445272979231817730
1445273331041591301
1445273685871382528
1445273769434439680
1445274060510810114
1445274327234932737
1445274388962496516
1445274788725936129
1445275047254323203
1445275448791879685
1445275527946723329
1445275635258040321
1445275695723155460
1445275951701454849
1445276281034080258
1445276300705349636
1445276326009573381
1445276335505510402
1445276382058086402
1445276600291913730
1445276609750061066
1445276893675094022
1445276913329532928
1445277432873771010
1445277487185874944
1445277578864979970
1445277680987881473
1445277826727378950
1445278125189787652
1445278882697908224
1445278971633946626
1445279352069885952
1445279489424904194
1445279559713116160
1445280184295247872
1445280541738094597
1445280734730539009
1445280807652888577
1445281006957707270
1445281084170649602
1445281216849006598
1445281394373001221
1445281503844335617
1445281981856575489
1445282276229595138
1445282275617169410
1445282304134316032
1445282383977009155
1445282568266338304
1445282726785863683
1445282869723549700
1445282941274234884
1445283079053090817
1445283159466074119
1445283598823616512
1445283846295998466
1445283935907315713
1445283971181395974
1445284219970859008
1445284245191204866
1445284242662035457
1445284260278149120
1445284296483172352
1445284368658747394
1445284480126652418
1445284490612391938
1445284786944155649
1445285474042408961
1445285579642454020
1445285892353003522
1445286057319174145
1445286144984293382
1445286181323755531
1445286572123824129
1445286955651010565
1445287122739490817
1445287149251616776
1445287281032527877
1445287286719930368
1445287351517810689
1445287615532470278
1445287655210582020
1445287731173625858
1445287958328713220
1445287997314781194
1445288150713069568
1445288260427603972
1445288359962632193
1445288408616632327
1445288472202203138
1445288593635766275
1445288710153461766
1445288769989406728
1445288863325245460
1445288943516205057
1445289052639424513
1445289056246517766
1445289373306556422
1445289496342249473
1445289639976189955
1445290012312944645
1445290056986476544
1445290277032247297
1445290296112152579
1445290478677549058
1445290634923810816
1445290802125545480
1445290862699638785
1445291102710337537
1445291149174837249
1445291153297797128
1445291465165340672
1445291522228850692
1445291556102017027
1445291646862573570
1445291792811712513
1445291841465643008
1445291907987378178
1445291953969524737
1445291969199046657
1445292010563194883
1445292213466894343
1445292408145530885
1445292748005801988
1445292754087530499
1445292957079199745
1445293036800397312
1445293070023417859
1445293263288619012
1445293646664716294
1445294095509835777
1445294457423732738
1445294518899675138
1445294817630511109
1445295011176673284
1445295174024761353
1445295223874097156
1445295357521326085
1445295761688719361
1445295862071001095
1445295896367882245
1445296279114829828
1445296398186860545
1445296405287870469
1445296402855124999
1445296643494928387
1445296850219585538
1445296869999931393
1445296961733554178
1445297463095562240
1445297631933059079
1445297761188913164
1445298021323837441
1445298321405333506
1445298328141393925
1445298404733554693
1445298406084153346
1445298508508983306
1445298682916597760
1445298808569556997
1445298826563051525
1445298965075824643
1445298975196647425
1445299071393013762
1445299082814132227
1445299112778162176
1445299203106693123
1445299242965168131
1445299250783404034
1445299365061349381
1445299414252195848
1445299539225706497
1445299576357883907
1445299611694862336
1445299649024192515
1445299792599404544
1445299904931196935
1445299973814308867
1445300047327813638
1445300366157893634
1445300386345021440
1445300599000473603
1445300628469665792
1445301003440377861
1445301004396740608
1445301596926054401
1445301646171410438
1445301859925708802
1445302014586417154
1445302377125347329
1445302467789410306
1445302651923566594
1445303173233528834
1445303571486937089
1445303800118448134
1445303842325741576
1445304020160040965
1445304066762936320
1445304247793295361
1445304287534346241
1445304569899020290
1445304795246567429
1445304808760438787
1445304970652291072
1445304974330765313
1445305184377208833
1445305388505571340
1445305636854460416
1445305677136556035
1445305688515772418
1445305733180891138
1445305825606582276
1445305893952712709
1445306089382182921
1445306095216435203
1445306120319373314
1445306277488324611
1445306369859538944
1445306382857555972
1445306461257535496
1445306522473533446
1445306679495585793
1445306699867312137
1445306700311904259
1445306899625242628
1445306934765129730
1445306984698290176
1445307022627409921
1445307535699812353
1445308038324228099
1445308150261764097
1445308766090510343
1445308985981108228
1445309040804777985
1445309145104543749
1445309345269358592
1445309510059323392
1445309962440216579
1445310178606206979
1445310749526556687
1445311138850238464
1445311284568723462
1445311792545079304
1445312069234925570
1445312303168061440
1445312345081729025
1445312357702406148
1445312445895962627
1445312811396046860
1445312816928333827
1445312818459267073
1445312919172907009
1445312933601284100
1445312993718276103
1445313031924170756
1445313061670174720
1445313883141328897
1445314072950427650
1445314146463989764
1445314613499682820
1445314825358172160
1445314921126764549
1445314941104234497
1445315711451025411
1445315810994524161
1445315841558335495
1445316041186283529
1445316283721871362
1445316580821413892
1445316629462589449
1445316992848695301
1445317039988490240
1445317141004095491
1445317743629127689
1445318746503925764
1445318790128881669
1445318817488330760
1445318837939830786
1445318851948736512
1445318944676474884
1445319013924433920
1445319053082456066
1445319448747933696
1445319667757711367
1445319904823951360
1445320046339760134
1445320192456740864
1445320284886634496
1445320356856680449
1445320357834076162
1445320412825407489
1445320416189292546
1445320463647870985
1445320469154975747
1445320604400242689
1445320870939934720
1445320908210511872
1445321066407084035
1445321217959813120
1445321460759678977
1445321576778395650
1445321668260294661
1445321756164517889
1445321805078560770
1445321829443203075
1445321847025725441
1445322012713308171
1445322038315474948
1445322206121058309
1445322237632860161
1445322278288330754
1445322321498148868
1445322333447606277
1445322374950244354
1445322471024914436
1445322558006435843
1445322634514685959
1445322776252862465
1445322802656006154
1445322854363324417
1445323033963421702
1445323132454137861
1445323205967691779
1445323773154975745
1445323894185869314
1445323968169201664
1445324098905657344
1445324289285132288
1445324374324637698
1445324430247301126
1445324520491937800
1445324559381454849
1445324919210852352
1445325354483126278
1445325359835062277
1445325407167778827
1445325552642969606
1445325639930707973
1445325945875828744
1445325974082514949
1445326281235525632
1445326321039650819
1445326410973810693
1445326487280701445
1445326930920673282
1445326976080756747
1445327083442348036
1445327464511598596
1445327504760197121
1445327924932984846
1445327958298828800
1445328226004262924
1445328496654487552
1445328542607183874
1445329091406688256
1445329176156950529
1445329447058432001
1445329717058408453
1445329835241394180
1445330043752706050
1445330322082578442
1445330818239320064
1445331027895873541
1445331305265172483
1445331478561181703
1445332050538471432
1445332274875039744
1445332408438382592
1445332410221010947
1445332559890505731
1445333869486428161
1445334135099183107
1445334450301136901
1445335070739415040
1445335124548145155
1445335186627956741
1445335336612073475
1445335396385112071
1445335828780105730
1445336005553246216
1445336481178931200
1445336720287813635
1445336964270465029
1445337003210465281
1445337098299461636
1445337151789359105
1445337300288688131
1445337409630072844
1445337862526754817
1445339159728517124
1445339432362512389
1445339735036104710
1445340038233952258
1445340469106393095
1445340518439800835
1445340753173962753
1445340914625355776
1445341136273371143
1445341439609556995
1445341743604326403
1445341755780513793
1445342046454116355
1445342230076538881
1445342648957423616
1445342902540926976
1445343036372750344
1445343289071128577
1445343300035121160
1445343464124608515
1445343581682556932
1445343627463434240
1445343766202642433
1445343768815734790
1445343974806286346
1445344251659751428
1445344268382453764
1445344345398202369
1445344531373690880
1445344602106462210
1445345291364757505
1445345481928818695
1445345664150372359
1445345789434232834
1445345826536968196
1445346102329282563
1445346516093194245
1445346699992453125
1445346944998535170
1445347175458738177
1445347271940317195
1445347367570444288
1445347409031139330
1445347436134748161
1445347458783973380
1445347509312712704
1445347599754534912
1445347649599655945
1445347707808194560
1445347749105311745
1445347798023430145
1445348014357237765
1445348190320873474
1445348379429507073
1445348673378992133
1445348969052192773
1445349785771261954
1445349906261049355
1445350645033156608
1445350796472688641
1445350944816857088
1445351123028676610
1445351180490592262
1445351242041991177
1445351424187977728
1445351596087406597
1445352456859226112
1445352825626652676
1445352953208971264
1445353051636715523
1445353155064066049
1445353168951382018
1445353750663548931
1445353885791440896
1445353939071758339
1445354042742358022
1445354260116344834
1445354265304657920
1445354492598251524
1445354688077959172
1445354987496742921
1445355385666215939
1445355673902927874
1445355869592436736
1445356628836950016
1445356780209377283
1445356954692423687
1445356969640955911
1445356969984860160
1445357002981462017
1445357056622354440
1445357206304550914
1445357210423332873
1445358098772754442
1445358270332346380
1445358431884308480
1445358664219463682
1445358953697722368
1445359053501173769
1445359565197824007
1445359983588098051
1445360046553006085
1445360095424962560
1445360307392548866
1445360355455033348
1445360372089716740
1445360540147077124
1445360610561060870
1445361013839126528
1445361044784771077
1445361063751421952
1445361281653870593
1445361291271421954
1445361317468987403
1445361338117623809
1445362296373399554
1445362367257186308
1445363311575384072
1445363540714397703
1445363554694025216
1445363618296389640
1445363635883155468
1445363704711704582
1445363997532835840
1445364585091846145
1445364642776174594
1445364908435017733
1445364947005755393
1445365093953277953
1445365364158697477
1445365393535631363
1445365400728793090
1445365434526560256
1445365604395864068
1445366205087305731
1445366310179729416
1445366399258349572
1445366688816328704
1445366923005415428
1445366968689696770
1445367195651874821
1445367407602638853
1445367569704108032
1445367584312889346
1445368139827474439
1445368194324045825
1445368360477233159
1445368478328754178
1445368494858506244
1445368817593425929
1445369185857462279
1445369192836788230
1445369305504178183
1445369303289765889
1445369587210412037
1445369905000312844
1445369929595645954
1445369990257909767
1445370341740593154
1445370506371211266
1445370872550735876
1445370877038714882
1445371000133095425
1445371006877515783
1445371062179360771
1445371123193974784
1445371221340610571
1445371407689347078
1445371444418936834
1445371453285691400
1445371489243394048
1445371803426123776
1445371832152977409
1445371881352163330
1445372000566857729
1445372095693615108
1445372558988091393
1445372588650221575
1445373167229231106
1445373170693783552
1445373506158411791
1445373707258458114
1445373714996994060
1445373820500545537
1445374088503984138
1445374237712158721
1445374534320893954
1445374739296362501
1445374960847839232
1445374975569895429
1445375037221994498
1445375155920769032
1445375403304968195
1445375576047452168
1445375691931803648
1445375802523062272
1445375804792205312
1445375831853862916
1445375903874224135
1445375918042533891
1445376214328242182
1445376316040105986
1445376475708854275
1445376657221509124
1445376796254367747
1445376960943640584
1445377360157499398
1445377924824125449
1445378025546141702
1445378585712218118
1445378687780720648
1445379057806454794
1445379080271155208
1445379343446913035
1445379418059251716
1445379446379212803
1445379547948457984
1445379595591507969
1445379691062300679
1445379717834493956
1445379922948657158
1445380077475225601
1445380382761889794
1445381040483315716
1445381292770607112
1445381305416486915
1445381816026812420
1445382225462235138
1445382269053583371
1445382421323649033
1445382627184287747
1445382878263709701
1445382974879502348
1445383198695849986
1445383309232513026
1445383405487722497
1445383412647440384
1445383623620825097
1445384178355298308
1445384400519192595
1445384762454052869
1445384803981873160
1445384843638935552
1445385361954385934
1445385811965489155
1445386402343133187
1445386487382659074
1445386509994053632
1445386705217982469
1445386757621624838
1445386879440982025
1445386929034379273
1445387641516699664
1445387875521024005
1445388025786208258
1445388106732122121
1445388183034806286
1445388242543693829
1445388395501469707
1445388484366241802
1445388582080876554
1445388858791710732
1445388978539089933
1445388982100144145
1445388989582790656
1445389188858269701
1445389200732344345
1445389351760838656
1445389756968362007
1445389849247244294
1445389853894578195
1445390088154882056
1445390312977874948
1445390349980028932
1445390364760846343
1445390591429337095
1445391055608860675
1445391260777435144
1445391520325058563
1445391671424864266
1445392481999331332
1445392901438124052
1445393126806409218
1445393175678496782
1445393603044466688
1445393886243921932
1445394020046458880
1445394032457404416
1445394457487192071
1445394819694612483
1445394851919503369
1445395021289693189
1445395861232553989
1445395878030753800
1445396120813907971
1445396318730559494
1445396881245446149
1445396936647974918
1445397692126044165
1445397708290904066
1445397805808369665
1445398218158874637
1445398250333392898
1445398374056931336
1445398386132365314
1445398419531575305
1445398451144040459
1445398522635898885
1445398950027137036
1445399053630590978
1445399251484352517
1445399265380024322
1445399381998460928
1445399400528990211
1445399406350635014
1445399748677185549
1445400098884800516
1445401296819863567
1445401490668015625
1445401664815501315
1445401891790327821
1445402716801576962
1445402942798979091
1445403224714981384
1445403245950742529
1445403411558580228
1445403898911539209
1445404631467761665
1445404668054679557
1445404676904689666
1445404978428973069
1445405017624793092
1445405048314474507
1445405051904827402
1445405268536348672
1445405337713004544
1445405706543407113
1445405777657729034
1445405803347853323
1445405869731090448
1445406515293196300
1445406725004304391
1445407385913282572
1445407659583148037
1445407769604067332
1445407825379876865
1445407869487104003
1445407926026395662
1445408216003850245
1445408292335915017
1445408399882031104
1445408678237118465
1445409291389882369
1445409327917846528
1445409421123731456
1445410089163272193
1445410580110708737
1445410604680982539
1445410634481352705
1445410779147112449
1445410783584657411
1445410830917332994
1445411055702708229
1445411079434084354
1445411305532264452
1445411449946345477
1445411539142414341
1445412357346263043
1445412471771045892
1445412574409805826
1445412629262974980
1445412876676599812
1445413114984341506
1445413155954249737
1445413277362647041
1445413632469209090
1445413910220206083
1445414170355240962
1445414411443707904
1445414420046249985
1445414421791055876
1445414825610256389
1445415020376981505
1445415165621592065
1445415221896511490
1445415329371353088
1445415767097286656
1445415846617108485
1445415919073652746
1445416019862818817
1445416088565477379
1445416249027006470
1445416258959122432
1445416414722945025
1445416469211140098
1445416475204853763
1445416748920963072
1445416754411229192
1445416753408794630
1445416874678751234
1445417223422574596
1445417638096629766
1445417984839667719
1445418044377890818
1445418138707771394
1445418313127845891
1445418390248587266
1445418511753379842
1445418534415261696
1445418554082267139
1445418700694118409
1445418805094617089
1445419170397450241
1445420261952475138
1445420267849732100
1445420894763950088
1445420905056796676
1445421235085578254
1445421435904692225
1445421553286410241
1445421581593841667
1445421891917737985
1445422169048043527
1445422221971759106
1445422451391823872
1445422603267571713
1445422641439916034
1445422691104796676
1445422828329730053
1445423109633294336
1445423677311385601
1445423697544634368
1445424449210044416
1445424849103454212
1445424895081398275
1445425412176179202
1445426236457566211
1445426590372950017
1445427125750677510
1445427254444449796
1445428013928120328
1445428605551464448
1445428607451484160
1445428857020960772
1445429378335215620
1445432051755220993
1445432384506105859
1445433785223299075
1445434258198188034
1445434761346945032
1445435917229981697
1445437474650558464
1445437623619645443
1445439440650792964
1445439899243466754
1445440605094494209
1445440686963052550
1445441402062589955
1445441658233839629
1445443050440847360
1445443844376465420
1445444852351528971
1445445883512836102
1445445909848870916
1445447381764358154
1445449364848078851
1445450281248981001
1445450333874900994
1445450364816216069
1445450960671629316
1445452470231056391
1445454530892603395
1445455606958018561
1445459720177782784
1445459924092289031
1445462515870154752
1445463441024507909
1445463725645832214
1445463889622097920
1445464188109787136
1445467373520097290
1445467435981672448
1445468261307465738
1445471727979413506
1445474907962306574
1445475327380099072
1445476559654064129
1445487925102202880
1445488627811688455
1445489762014416911
1445491439752781836
1445503041344393224
1445504570835144715
1445504638774484994
1445505179785170946
1445506062694555648
1445506851919912981
1445509119444619272
1445510917286887431
1445511798044594182
1445513095103664130
1445513661611593731
1445514080630968321
1445514456398647296
1445514501864910849
1445514724422995969
1445515665125691403
1445515714261970944
1445515909125181445
1445517166665629697
1445517741721407489
1445517792350859264
1445518444397428740
1445519194762530824
1445519393870401555
1445519414971953160
1445519763241779212
1445519892812165123
1445519919852834823
1445521010116083724
1445521249157877761
1445522516835852294
1445524000667422721
1445524030958624784
1445524084788318218
1445524200567963649
1445524201071251468
1445524443430678530
1445524462271483910
1445525246753132545
1445525652065505292
1445525706255962119
1445526096988962822
1445526508311748609
1445526547989893122
1445526864458440712
1445527434980311049
1445528419706425346
1445528563076136969
1445528800394035207
1445529352095948802
1445529355363315720
1445529591020331009
1445529720683044864
1445529795186466823
1445530045225705484
1445530581614297088
1445531345065676809
1445531406055006211
1445531530638417932
1445532084349464582
1445532093254045696
1445532453188210688
1445532885826433024
1445532896417103873
1445533353231339526
1445533830274633733
1445534224614789129
1445535120476147716
1445535963040530445
1445536989126684676
1445537274599329792
1445538621411389448
1445538668903473154
1445538682446876673