1449538586643025926
1449728713462059014
1449769366426292224
1449638887874203651
1449671246166167552
1449782124106510341
1449785401523138562
1449526236284395522
1449526632453066755
1449526897520484357
1449527049383645185
1449527119600500737
1449527427160371203
1449527969798443014
1449527986672209920
1449528965928943620
1449529079447703559
1449529412215472134
1449529705233731585
1449530224807268355
1449530933523009537
1449532013132726276
1449532355526356998
1449533088623566848
1449534578096414722
1449535719148429316
1449536313653219329
1449536534185578496
1449537889411354629
1449538054943694848
1449538497178599424
1449538768751325187
1449540433881665536
1449540867493007362
1449541073781489667
1449541101501632515
1449541637982490630
1449542764295692290
1449542887226494979
1449542954457108485
1449543074158239744
1449543621733019648
1449543805204500481
1449544198613463044
1449545198611021824
1449545933985705984
1449546072087359490
1449546372948975617
1449546458579955712
1449546899275476996
1449547015428268035
1449547501128851467
1449547577435721730
1449547584289181703
1449548628905758725
1449548799521615884
1449548969084788740
1449549217765072896
1449549387030405121
1449549474091585546
1449549617893285892
1449549854540058627
1449550099684605952
1449550521677737987
1449550702619987975
1449552692917932038
1449553874168188929
1449553917109473285
1449554048491802624
1449554410229559299
1449554486209380354
1449554905140629506
1449555500840800256
1449555504305344513
1449555912947949577
1449556085174517764
1449556530211155970
1449557039420567554
1449557084639404038
1449557092080054272
1449557805224980482
1449557898418221056
1449558871207415808
1449559200414109701
1449559443344031749
1449559479679287302
1449559515137908738
1449559539003449346
1449560080727248900
1449560385913344002
1449560573839093761
1449560595632586752
1449560641979633665
1449560652142366724
1449560676817461255
1449561063175847938
1449561288044994568
1449561747732402180
1449561850870333444
1449561976858836998
1449562040482230276
1449562131800621058
1449562314902958082
1449562673075523586
1449563807873835012
1449565008971534341
1449565170305437697
1449565552951783427
1449565837480775684
1449566167618580480
1449566701473861634
1449566870714007555
1449567286239526919
1449567470558203907
1449567858552307715
1449568097719832578
1449568132209602561
1449568302657769474
1449568453128454147
1449568602466570249
1449568972802646021
1449569419739291650
1449569609904840707
1449569655480147968
1449569869574275074
1449569976440868864
1449571294798770185
1449571581802344451
1449571978805866496
1449572003325775880
1449572007717208065
1449572176038825988
1449572623344549896
1449572819575083011
1449573061921890304
1449573364842987521
1449573480416964614
1449573521798033415
1449573562767982599
1449573772776783873
1449574402476048387
1449574788247130113
1449575980452909063
1449576428639449094
1449576771473477636
1449576833154883586
1449577502104379394
1449577691926073352
1449577773744283649
1449577907316137987
1449578028216950788
1449578306886463500
1449578333881057290
1449578383688417282
1449579187795218442
1449579280984248322
1449579515936604166
1449579612954972163
1449579661847982087
1449579970703986690
1449579998679953411
1449580082637389828
1449580219182944261
1449580286728019980
1449580460904910849
1449580695131607042
1449580902762237954
1449581238604341249
1449581562559807494
1449581648840781824
1449581783062757379
1449582168456536064
1449582802794475520
1449583105069617152
1449583204407472131
1449584136855846913
1449584168929685507
1449584269534236675
1449584293043335172
1449585111108706305
1449585280395067395
1449585515070590976
1449585698864984067
1449586666381795334
1449587549865857028
1449587609450082306
1449587657898532866
1449587808792809472
1449588181498679301
1449588222359523329
1449588261085540352
1449588400613322761
1449588738682605569
1449588947932246017
1449589595331457025
1449590221138399233
1449590349068849159
1449590514148253698
1449590720860356609
1449590845309546497
1449591113698873349
1449591615497007109
1449592230079913985
1449593903271710721
1449594717847515139
1449594726470995972
1449595385681481730
1449595399107330052
1449595931305787393
1449596021953032197
1449596408902795265
1449596644698169348
1449597010835742720
1449597605231489027
1449597608725385218
1449597679600734216
1449597723183702018
1449597816335069186
1449597898925101067
1449598014302015498
1449598311896268800
1449598814935928833
1449599169232965633
1449599517926387715
1449599590378864642
1449600161890455555
1449600177971490816
1449600215565012992
1449600603743678464
1449600751693545475
1449601016219910144
1449601062025908227
1449601893215268865
1449602062379978753
1449602230777102338
1449602661838299142
1449602709514977281
1449602765014147072
1449602785293455367
1449603064063610884
1449603181009260545
1449603786809364480
1449604091252908034
1449604235964731393
1449604480064835584
1449604971356295174
1449605135705853954
1449605207575306243
1449605461628444678
1449605963590209537
1449606101389877255
1449606355799527426
1449606359482208263
1449606636260118531
1449606838312333313
1449607161626042369
1449607634730897411
1449607973202903040
1449608260823048194
1449608493455921153
1449609214549057536
1449609300557524997
1449609574739111939
1449609773754638338
1449610928631148546
1449611276590616579
1449611469822234627
1449611739754995720
1449611797447659521
1449611890443780098
1449611960278925321
1449612244598226948
1449612808371388418
1449612868387631106
1449613046737899526
1449613053121552384
1449613793902809089
1449614089156583428
1449614860593942536
1449615008510267395
1449615155231432704
1449615332134453251
1449615605871435779
1449616248543739910
1449616387089911809
1449616530149306368
1449616599606988800
1449616661732937734
1449616928268455936
1449617103472902144
1449617408805593088
1449617549914558465
1449617684065185793
1449617814839455744
1449617856610459650
1449617862318907399
1449618226040610841
1449619025944735752
1449619356808200193
1449619549695873028
1449620036415414273
1449620324912271362
1449620413500346368
1449620506886299655
1449620744409735178
1449620846738243590
1449621179199754244
1449621870492282881
1449621917174943749
1449621937693413377
1449621961596833795
1449622011395784712
1449622363922829314
1449624750083350531
1449624758157393925
1449624772845862912
1449624781871935491
1449624953003732995
1449625231211962368
1449625505590775810
1449625653062422532
1449625879621996549
1449626010215862273
1449626471761264649
1449626558172332036
1449626765098250249
1449626850397806593
1449626938520211466
1449627062172409858
1449627184889417731
1449627571470012422
1449628601754603523
1449628719069401094
1449628838460231683
1449628920857333760
1449629622220439554
1449629714134355969
1449629808699133953
1449630376150716416
1449630606556471299
1449630730275868673
1449630777470173188
1449630804372430848
1449631072640114691
1449631202495791104
1449632661442633730
1449632682602901505
1449632702597148673
1449632704723574785
1449632719718260737
1449632760927166475
1449632760134397954
1449633049025654786
1449633581735682051
1449634382378008578
1449634502624481280
1449634542499762181
1449634625823776775
1449634867700924416
1449634875145801738
1449635423500726279
1449635435370749957
1449636096216690689
1449636290077491202
1449636419861835777
1449636555325206531
1449636737689423875
1449638230119247880
1449638504028426245
1449638512974721024
1449638534101430278
1449638535837913089
1449638618180382720
1449640316592525314
1449640685980684289
1449640806147629058
1449641036481908736
1449641208993619970
1449641590557839360
1449642401841176577
1449643477348728839
1449643711944544264
1449644070435917826
1449644140929503235
1449644295795798021
1449645274490540040
1449645280706523143
1449645354111180803
1449645557480255491
1449645684936773636
1449645781909049345
1449645948922068992
1449646217332355076
1449646810977300480
1449647027722366978
1449647218525290496
1449647226553188362
1449648053648953353
1449648517694119939
1449648573809713157
1449648586820575237
1449649628396228612
1449649772357324802
1449650135869186048
1449650194329452546
1449650319269322753
1449651315836026882
1449652193284407299
1449652573812649985
1449652658382336000
1449652662710853634
1449652660408176641
1449652932887023618
1449653388660985864
1449653507452145674
1449653755037716481
1449653925607522304
1449654079093809157
1449654270966452230
1449654787520139264
1449655640209559556
1449656372639846409
1449657003157065732
1449657224100401155
1449657355969314820
1449658075560878081
1449658248815001603
1449660234503315458
1449660232272003078
1449660236541825025
1449660242178895872
1449660239234560001
1449660244041207812
1449660374756646914
1449660761207304199
1449662602175401988
1449662881838948363
1449663099544371204
1449663294470455298
1449663350296612865
1449663528810340364
1449663741453381638
1449664073876992006
1449664599096057856
1449664896098988032
1449665130417909763
1449665156699463684
1449665264031649802
1449665334277906439
1449666480337870854
1449666745082343429
1449667263573811201
1449667264601419777
1449667360890097664
1449667514737180676
1449667526971912192
1449667542654488580
1449667746917089283
1449667894783078400
1449668106310197250
1449668383822073864
1449668518375395331
1449668571068518401
1449668615410790406
1449668733908049923
1449668942159515650
1449669062041038849
1449669068370300930
1449669454212730881
1449669478686412801
1449669539289964545
1449669947890700292
1449670494538457090
1449670635341238274
1449670985037213696
1449671076846338051
1449671157871890432
1449671399677693956
1449671793640296449
1449671925022691335
1449671985575837705
1449672367823720449
1449672485427941376
1449673540739895296
1449673680183697410
1449674484605087748
1449675068359921667
1449675365006209031
1449675395339472902
1449675962937790472
1449676236964315138
1449676319873142788
1449676583048933380
1449677095144083462
1449677383825432580
1449678339623374858
1449678545433686019
1449678871347929090
1449679085328683015
1449679774285123592
1449680182848016385
1449680347298365448
1449680429271838723
1449680475182665732
1449680554492788737
1449680891396050949
1449681003761451010
1449681063890993158
1449681498307579907
1449682961096269826
1449683294937780225
1449684163519471621
1449684634476888066
1449684799237414912
1449685161549787141
1449686138877186056
1449686450006417409
1449686716298657795
1449687200929566721
1449687251399577603
1449687320026775554
1449687340859871240
1449687345817550850
1449687382299533314
1449687617256132613
1449688298335571974
1449688446914551808
1449688629379432451
1449688737718308867
1449688967851302913
1449689165411471366
1449689403077451785
1449689415349981187
1449689583117950976
1449689886215139328
1449689955710562309
1449689998102384642
1449690078037504000
1449690156429037578
1449690463296884736
1449690606117089283
1449690618427412480
1449690928394899456
1449691427600945152
1449691640906469378
1449692149646200835
1449692428957454338
1449692713750720516
1449693019179945984
1449693435774992386
1449693647947984896
1449693693091270658
1449693835852869644
1449694158629720065
1449694327689547776
1449694608112246784
1449694711225020416
1449694762194247684
1449694780137508864
1449694918880874498
1449695243482255366
1449695446301962246
1449695497275559942
1449695514216185861
1449695558004731905
1449696148550131718
1449696318067146755
1449696738634199040
1449697287324651525
1449697532880248832
1449698068731871232
1449698598900305924
1449698840311783429
1449698879390158851
1449699017575657472
1449699022537510920
1449699019677057027
1449699023980400645
1449699038954094596
1449699595001352193
1449700081188237316
1449701234756124677
1449701297536438275
1449701728895389702
1449701750701584388
1449702052762849283
1449702086094962690
1449702211085164547
1449702448033980421
1449702464941223942
1449703260823060485
1449704069111508993
1449705034149625858
1449706078141222914
1449706307322269697
1449706753323454464
1449706826962931716
1449707458612502535
1449708121446707205
1449708123040608261
1449708481204813825
1449708521495220226
1449708838257520645
1449708859145084930
1449709150758264839
1449709214767542279
1449709901098274817
1449709917649002500
1449709953195806727
1449709993607905282
1449710072053911556
1449710137589960705
1449710168283828229
1449710200638742533
1449710687098322946
1449710777032589316
1449711158466801666
1449711208370638851
1449711464223150092
1449711748412416004
1449711830188781573
1449712418389590017
1449712449028902924
1449712462249357313
1449712648602337284
1449712676804780035
1449712681636687876
1449712759818489864
1449712853347307524
1449713092577808387
1449713243698577409
1449713466227392515
1449713510921900033
1449713784231055367
1449713822650953729
1449714178059476992
1449714380799504390
1449714421991809032
1449714441172369425
1449714548458491907
1449714705421914115
1449714889056944129
1449715597747449861
1449715847623180290
1449716156181331970
1449717006685536256
1449717105939542016
1449717108464504832
1449717117796818951
1449717641464057856
1449718235218075656
1449718239395663876
1449718758444990468
1449719396352462852
1449719550090510337
1449719867205062656
1449720298056474626
1449720336967090182
1449720454176903170
1449720495528570894
1449721728012206080
1449722063850131460
1449722190002208768
1449722611970154503
1449723172559810562
1449723349114916864
1449723346778673153
1449723605298778118
1449723931779239939
1449724056677146628
1449724183215161346
1449724613487849472
1449724952203169806
1449725459697004545
1449726746266243074
1449726920904613893
1449726971227697152
1449727028589039628
1449727057349337088
1449727107093860353
1449727542580035586
1449727578961428480
1449727784171933698
1449727985397866502
1449728368660791298
1449728440026873860
1449729186013188100
1449729664340021248
1449729965377814537
1449730350633025536
1449730974091120644
1449731875442888710
1449731874599817217
1449732328104755204
1449732519864127489
1449732701133496321
1449732822009200642
1449732894524510212
1449732985461243907
1449733264600489988
1449733817153908740
1449734237523898371
1449734869873938433
1449737084130914310
1449737258655830027
1449737313525719049
1449737530547458054
1449737601523453954
1449737726379495426
1449737809355362305
1449738021436149765
1449738080550674434
1449738123227766793
1449738316178329603
1449738459065688082
1449739461181411328
1449739779315208194
1449740012002500614
1449740198653292547
1449740204240146441
1449740213840859141
1449740529223176198
1449740901060808705
1449740910191788036
1449741127846821893
1449741271241613315
1449741296915009546
1449741425369780232
1449741663874666497
1449741685370474498
1449741762130366466
1449742152091594760
1449744112920322062
1449744118553333765
1449744520875319300
1449744682007760896
1449744807924887560
1449745489822294023
1449745573846732800
1449745962293862406
1449746495125606412
1449746781630189578
1449747551557545989
1449747642288795655
1449747764422725642
1449747969805193218
1449748663572447236
1449749717844467713
1449749881556553733
1449750005674397697
1449750369907601409
1449750385401290754
1449750897953624064
1449751204414713857
1449751895342399493
1449752432372686860
1449752872908845066
1449753326686400515
1449753323351904265
1449754466027069451
1449754643534282752
1449754674886627330
1449754843879391239
1449755548568621060
1449755817910026248
1449756141903400962
1449756422070145025
1449756843085942785
1449756881342193667
1449756893916721158
1449757869037944837
1449758620204163083
1449759502836776965
1449759800640696322
1449760556265590788
1449760615459737605
1449760859694112770
1449760967320080393
1449761043673018369
1449761794747092995
1449761816146370564
1449762243931885572
1449762344934907906
1449762376392138752
1449762801702948864
1449763692342513665
1449763944847974407
1449764515445313540
1449764762263322630
1449764780600741891
1449765194813427712
1449765473109770240
1449765648230346753
1449765845480132608
1449766054238949379
1449766081833299969
1449766440119140354
1449766690414153732
1449767121500602374
1449767490871967749
1449767529761570823
1449767586548183040
1449767634694598660
1449767876190040065
1449768211130454026
1449768767253139456
1449768986359513093
1449769126558253058
1449769311397052416
1449771209407614980
1449771308158369795
1449771501935214593
1449771589306707969
1449771644466040833
1449771865149370369
1449772190132436994
1449774007713026059
1449777990020198401
1449778492351021060
1449780438969434114
1449783963833102339
1449784412699201539
1449785013273120768
1449785836124270592
1449787666698936324
1449789752912211968
1449790922602909700
1449798385276309507
1449798812587868165
1449798967785521154
1449801727406841857
1449802677508993030
1449802827849732098
1449806032239149059
1449807567719264261
1449808633387122689
1449809658730803201
1449810834876735497
1449810849653084160
1449811410943299587
1449812019360587782
1449818642468597761
1449822374212345868
1449828221097287692
1449834788852887553
1449839086424911874
1449840096673402881
1449842810245443590
1449848821563813897
1449854568133632000
1449855787761684482
1449857058115710978
1449857230174502917
1449857748120715264
1449863345331314690
1449863555470147585
1449864882816380931
1449867033831637000
1449869038004236288
1449869158217355266
1449869198264569856
1449869792265920517
1449870709023391748
1449871474223845378
1449872701800136710
1449874334076469251
1449874516889387009
1449876688402145281
1449878002653794304
1449878026469003268
1449879622867292166
1449880746152251396
1449881110704377858
1449881827116601347
1449882880105082880
1449883936914436096
1449884028362842112
1449884467783356417
1449884505989279746
1449884705197723649
1449886029700161537
1449887112627560455
1449887490932817920
1449887536499740674