1453935388305739779
1453928323675918341
1453927804177772545
1453924210749755398
1453923761602777095
1453922513860190218
1453922153208823809
1453919850997374979
1453919823105171463
1453915958049869825
1453912748480360450
1453912173613228032
1453912169133723650
1453910638904762373
1453910129254952963
1453907773524111365
1453904672494739457
1453903182023725057
1453901734682640387
1453901353219072004
1453893565340213249
1453890290343813125
1453889362442264576
1453886767292055557
1453885599039963137
1453884267130331139
1453881334762377219
1453880671059865602
1453874978030448641
1453874912314085376
1453873031978225664
1453872851254071297
1453872315377225728
1453872202344927237
1453870535755010056
1453864813654773762
1453864500600315904
1453854868221804544
1453841917452578817
1453790435822866448
1453780793503879170
1453775025840922641
1453763601878044672
1453762389107609603
1453759308944920578
1453758975397154817
1453757195695247360
1453751874096562176
1453747058301554694
1453746891791863815
1453745842481872903
1453744619850633217
1453744384508248068
1453741934850154499
1453740899532300294
1453738544606814208
1453738328189190145
1453737184410800142
1453734821843267588
1453721405271379985
1453714561991778310
1453714333213417472
1453714277328560132
1453713901959331853
1453713421216608259
1453710260938493958
1453709892955488266
1453704238098382851
1453703709888634885
1453700164774883336
1453699246356516877
1453699236940316672
1453699226869788675
1453698829669130240
1453698264000184320
1453696149701881861
1453690330054750209
1453688581248086018
1453686958648004611
1453683641855332355
1453681525157892099
1453679893347115011
1453676489778421766
1453674878842769413
1453674132889948163
1453674033472364552
1453673591329886211
1453673555070099465
1453667298712035330
1453666534052687872
1453662934601658369
1453661097269940227
1453657088006115336
1453651931830775808
1453650053386563590
1453648146769211394
1453647787707408391
1453647736608333824
1453646874469011458
1453644500505554956
1453644133155868673
1453643058046636040
1453640565145235460
1453635847677308931
1453634246652743681
1453633763196301313
1453629129534808065
1453628034972459017
1453627584848162820
1453626953441759234
1453626837553205257
1453626146893938688
1453622367289102337
1453620199698022400
1453619113310318597
1453617694951936004
1453614319854309377
1453611400165683201
1453610966495608836
1453610656469454849
1453609334483521548
1453608814624706562
1453608139903758344
1453608110791168003
1453608007418351618
1453607184114192391
1453605620184064001
1453605591801204738
1453605466538266628
1453602860994732032
1453601345940770822
1453600460204490754
1453600163369390080
1453599031934914565
1453597305571971077
1453595196952768512
1453593670687412224
1453593244185493507
1453592510706565121
1453590742341873671
1453590198965526533
1453588775238467585
1453588313902702595
1453587913220845571
1453587723390881792
1453587217503297538
1453585225691267072
1453584123440680962
1453582984863387653
1453580121269436422
1453935703604088836
1453934597448749056
1453933809506816003
1453922528737456131
1453920735735418880
1453915753543987205
1453915255214690308
1453914857007312897
1453914781304250373
1453914617319620609
1453907743488626699
1453907286909329416
1453905780575326211
1453904475219845120
1453902977287090178
1453902217086332933
1453901713321066496
1453900487858614277
1453899551341830146
1453899539132211200
1453897533214711809
1453893281213927424
1453892052635115526
1453889214924222468
1453886581375311879
1453863815112650752
1453863287322460161
1453862186502144001
1453854901935779861
1453854882767810583
1453851426854109188
1453749793507872769
1453744732887306240
1453736212007505932
1453725646232834058
1453723337864085509
1453721915009372167
1453718811882840067
1453707017672036367
1453706724603400193
1453699066408304642
1453690357317705732
1453690261385584644
1453689932061429760
1453689755292495873
1453689163543302147
1453689005342478336
1453688890183720964
1453688528097869832
1453678621634154501
1453678236462841861
1453671963545595904
1453670476169969664
1453659836739035147
1453650929350180868
1453645442978181120
1453645335310520322
1453643918290026508
1453641718771826693
1453630216522199049
1453629679831687169
1453627197244071939
1453614342025322499
1453611703678078978
1453599421841637376
1453598304239960071
1453592881575383041
1453590610909155331
1453588365140316162
1453586200036458496
1453584505994838023
1453584293620453377
1453583812533702660
1453575463050235908
1453573832191758338
1453572736849117184
1453569948215693314
1453569588260585472
1453568879519698945
1453567689121693713
1453563337573167105
1453559181034860554
1453559130099105796
1453557393179037699
1453556441218838535
1453556044664242182
1453548680720441345
1453539463548735493
1453539455990566914
1453538689255018500
1453537008010153992
1453531978548977664
1453935707429359619
1453934776147079174
1453934376262242306
1453910979364802563
1453595773782740992
1453584980387381251
1453547637714526214
1453924321491968003
1453922687324020745
1453922494549684224
1453921874086281216
1453918063972143109
1453913575722864641
1453913017356144640
1453911758607831049
1453889638225965067
1453882384869314561
1453880240132952066
1453842812760252417
1453774955066236929
1453699116626632705
1453699021067804681
1453699019151052806
1453621548951097344
1453599966618787840
1453588608468672513
1453588122378383361
1453586218378166272
1453579988725211136
1453559851423092739
1453529018590920705
1453923912312520705
1453909809095315460
1453909657957724161
1453740960236535809
1453717522151182343
1453611519883702287
1453565230059978755
1453935848303382534
1453933469482958853
1453932772225998855
1453923771706843141
1453923750265556993
1453923711908601862
1453913994436112391
1453911240221200384
1453889626452549634
1453884043079024642
1453883607043297280
1453883545852661763
1453882849120165890
1453746481685352458
1453699579996606466
1453693525971791879
1453676261369257988
1453673949187870726
1453661478473515020
1453660541055078408
1453650418584547329
1453648937856888834
1453642673353478145
1453636526600962050
1453636186623209480
1453631786852909057
1453631785007403010
1453631782805389322
1453631281778946051
1453627542011846658
1453627040880418820
1453626899192705026
1453624498414964743
1453624115458293761
1453623753267576833
1453623039187296268
1453621668086177794
1453619499198914561
1453619192024862721
1453610507756359681
1453592205734547457
1453590047404474373
1453579718976946177
1453572914339409921
1453566486300270599
1453563320921960449
1453557124366172168
1453554661898612741
1453530438249566214
1453528552620498949
1453527605718630400
1453933680418701314
1453933041248661514
1453927873417396225
1453927426078097417
1453925443459973127
1453925323725160451
1453923508442918914
1453920891427966981
1453920161971335168
1453917727601532930
1453917378425679874
1453916316683829249
1453914096856809479
1453913219731390466
1453912200477691909
1453911423155720194
1453909735502082049
1453898840101179395
1453898199471517697
1453897842095886337
1453895281003536392
1453894411016753157
1453893250213814281
1453891754793439234
1453888389426475010
1453885955455213584
1453884899216314369
1453884523842732034
1453881188678914052
1453876520661880832
1453876384414121984
1453876033619439643
1453856685328457732
1453855991905153031
1453854955643686916
1453853886528192514
1453811721915691026
1453761367563902989
1453747503187124226
1453747422966870020
1453746460231487488
1453744922788388872
1453740517900963843
1453734004755091458
1453731111519985684
1453721710776111109
1453713426899894275
1453700365791076352
1453685725837217793
1453682525990268928
1453678232583106564
1453677563541221377
1453673946113400843
1453670442443558916
1453669987386757121
1453668972935716871
1453667246425919488
1453662897712795652
1453662083774484481
1453659074650783749
1453659008598827017
1453658539143032832
1453652849187909633
1453651754357121026
1453651751362383880
1453649579342135301
1453646414202822665
1453643127898574849
1453642841272446979
1453641081468317696
1453639964013383681
1453639383811194891
1453638148534071296
1453637747525128194
1453635624292913152
1453632334280880130
1453629630032662529
1453625244371980289
1453624210576793605
1453621395372449796
1453620734689906693
1453617565557796864
1453610612395704323
1453610223051022338
1453607912262279169
1453606215053979656
1453603687125815297
1453602782653517832
1453602355648155649
1453599202185932800
1453597922558316545
1453594155150577667
1453591571920654340
1453589762791460866
1453588417808322563
1453583787988684803
1453583449550323713
1453583122038095874
1453582693418024968
1453578925934665730
1453578638746537990
1453578538930503685
1453577524605120514
1453574762018459653
1453570326978121734
1453569831014264839
1453568089061163011
1453567528525959174
1453566129427795976
1453565421173440519
1453564690945220609
1453563578712084480
1453562072206172160
1453559376334127104
1453554174486925317
1453552818778820621
1453548853374840839
1453542900797566977
1453539661855346696
1453531824374697987
1453874345420357635
1453766773883355138
1453685604504326146
1453684811399249926
1453670376462897155
1453666601979584513
1453658980996108295
1453655786433835009
1453631021941878788
1453553355058552833
1453533759832162306
1453529630061649923
1453931925257682945
1453925838903070724
1453925709110394886
1453920223409545222
1453914660042772488
1453914643659780101
1453914400050479107
1453914157095415815
1453912639050977280
1453909611308666881
1453909535710531588
1453905135415934983
1453902551003238400
1453883088577073153
1453872270695227397
1453871631663648770
1453858503731212290
1453795147477487641
1453744068089896968
1453735859170148359
1453734246493741064
1453725993890246674
1453707620095721478
1453704718736261120
1453689740515942403
1453689022363045894
1453674862942191616
1453666868116410372
1453643336972075010
1453640141281521669
1453618593862610944
1453615360490442754
1453610982127783937
1453606732282818561
1453605958328877057
1453604288454746113
1453588566269849605
1453573995555475456
1453573661948923907
1453573274437181449
1453568195151876102
1453564599622504454
1453563290328526850
1453560446938583042
1453552260458242049
1453935032976822276
1453933179421663233
1453932968515305477
1453931396624359426
1453930613283512330
1453928447277821953
1453927822574166019
1453927032010600457
1453925799560548355
1453925709303332871
1453925351634071556
1453923287180869635
1453922792164917251
1453921422254829573
1453920273162510344
1453919588446470151
1453919378534137856
1453915290773770244
1453914608314380292
1453913796947234819
1453912179787243523
1453911200190722058
1453906683269312520
1453905462001209346
1453904467338747906
1453900283616980992
1453900058173198338
1453899914484666368
1453899222063804416
1453898721054248965
1453894277923176455
1453894255366184963
1453893957578997771
1453893904349073410
1453893231360425985
1453892790421573637
1453892248672751619
1453890462058565634
1453890403241902081
1453884995999711232
1453883541767397377
1453878135221481473
1453877616759349248
1453876978184953860
1453875568307437568
1453875137699201031
1453873794477477890
1453873476448645121
1453873029369319432
1453871870248325122
1453871469562191877
1453870958280732673
1453867435409350657
1453865810020077583
1453865032282869760
1453863774926958597
1453843751059656710
1453835009664512001
1453829865744973825
1453808451440857092
1453789150386130961
1453775924810248192
1453767441792839681
1453766351185584135
1453765202193764352
1453760564589576193
1453760081934180358
1453755701478629386
1453755312339443716
1453744377591783424
1453743792029245446
1453739425800749066
1453738841211240452
1453737630269538311
1453735107957702663
1453731468392292352
1453731363182428162
1453731226766876680
1453730544831791113
1453729498273239052
1453726857052897294
1453726614945079297
1453725508579954694
1453720778273296384
1453719165055815690
1453718798087843845
1453718038172237824
1453715503743074306
1453715268874604546
1453714885599133698
1453714825557647369
1453714822978174976
1453711950970437633
1453710773080018954
1453708129225609225
1453707035141230594
1453706904945889280
1453704813938503681
1453702602688921600
1453700967837229060
1453700891039600640
1453700346807681025
1453700035795841025
1453699233152790533
1453699171928600585
1453696312738648067
1453694525746991111
1453693243502182412
1453691287383601154
1453690773598134282
1453690447964954631
1453689684522012680
1453689140084568067
1453688837167742978
1453688517838573568
1453687807248007169
1453685050994614276
1453935220818792459
1453935059786895365
1453934729053409286
1453932086520258560
1453932010372698112
1453930689712123910
1453930344915243014
1453930037174931456
1453928877776982018
1453928553662148616
1453927564569767941
1453921410997317642
1453918213465522180
1453914620075200517
1453912251123916804
1453912177706876930
1453892809111453701
1453891025928273920
1453889985560526849
1453879480368304129
1453878791202226178
1453878606560575489
1453873950094553091
1453871798806728704
1453811934902382593
1453805201324838914
1453787344528543766
1453780132624142342
1453779735465500687
1453763701207539722
1453756719910166529
1453756575282196481
1453746624363065347
1453746610412797953
1453741627889963008
1453740824794054661
1453735985250852883
1453735596883472406
1453732759260708867
1453730533213564936
1453724102015946760
1453723848214388749
1453717872987893777
1453714067755966465
1453713400446394377
1453707949247848448
1453705723662139396
1453699863137320968
1453696912238940168
1453693026266755076
1453690620787118082
1453690120134004739
1453683589258743813
1453682408700604425
1453678466713284616
1453670155041394688
1453668929813970945
1453666632681734148
1453666080753287169
1453663826486779913
1453659554856636426
1453653469894639620
1453644444910055432
1453644348906606598
1453643991887409155
1453643382752833540
1453637887589695495
1453636863441309700
1453635038713552897
1453634304722886658
1453632698333872132
1453632556310548487
1453631688186105862
1453627554846314501
1453622288503345152
1453618360252465156
1453604473293529088
1453601543287021569
1453599799307952130
1453589068466429955
1453583460598046723
1453583449353117696
1453583058163040258
1453581078753513479
1453580457119940609
1453578609411563523
1453575033343791105
1453573374890823680
1453558563100450822
1453555368634712066
1453553072215445506
1453544658911449093
1453544566531899392
1453538432580349952
1453538202912837638
1453535852018094084
1453534973198143496
1453534019660877824
1453532054809812992
1453530898595385348
1453530150327373824
1453528385917915137
1453935031240462345
1453927043125551112
1453871253035438081
1453758449024573443
1453755255548628998
1453755217443377161
1453754109656399874
1453726194541555713
1453713921164992519
1453696858191056903
1453681783338274821
1453671958155907078
1453665105573416971
1453658138184347653
1453655679168761860
1453640632019214340
1453637888986398720
1453637707653996553
1453635969815494660
1453615858593325059
1453615185978003456
1453614110906544128
1453611475885453315
1453598863487500293
1453598600999489537
1453580342757974017
1453573148285325314
1453565543353446400
1453564687963066373
1453564328993431555
1453563142273789956
1453562864581574658
1453559170846715911
1453554080337461249
1453553692372656140
1453550606635864064
1453545329526116361
1453543477417955328
1453536942130286599
1453899417828814849
1453607311759405056
1453925306713010183
1453923653683331080
1453891257990672384
1453535349347479555
1453722515025514496
1453685203801559042
1453626877969526784
1453934403499876355
1453905330249764867
1453626879940853761
1453591052611305477
1453531840447336449
1453702173791903744
1453908298176950274
1453905917133705222
1453712056901783555
1453557569209864202
1453935469750743043
1453899805512515585
1453553474050813956
1453690972202627074
1453893429323173891
1453892981296009221
1453892724650766347
1453771393032593433
1453716257212039172
1453686846525902851
1453685820901101576
1453673891499442176
1453636129723338758
1453604101908926469
1453603168856670214
1453580489760010249
1453579909951934472
1453570272758431744
1453938010639126528
1453619142079172610
1453540307413262336
1453926934505824257
1453770239561244673
1453738145174806549
1453737968577900549
1453631589825466370
1453634905053663236
1453905868152401923
1453621156481622023
1453572277707042824
1453878817987067905
1453743847129829387
1453740267710795790
1453687316065570817
1453666591049015299
1453903454494085127
1453868491786784769
1453791862016249874
1453743574579761155
1453631620762595332
1453627805476945926
1453616473679695875
1453610431956676608
1453560309117947907
1453546342664458245
1453697946667548683
1453682296251301890
1453697290326056968
1453622619387809796
1453788527221608461
1453590748213907458
1453723039263199238
1453697256624779264
1453696899173683201
1453670775852974084
1453574933716484099
1453566483263492101
1453563242882625536
1453562590278209542
1453560308417527808
1453547146767048706
1453925745147858947
1453924648937132033
1453859635367014402
1453671719676223499
1453573369115205632
1453572816456982537
1453549543220334594
1453793381302210567
1453793379754545154
1453874314374094853
1453759842607243265
1453758601030373376
1453752777478340614
1453695886425423883
1453683287524732935
1453683000395251714
1453678099757879296
1453663266551451652
1453649383220645894
1453613120664993795
1453584078574215171
1453583537731358724
1453572273776984072
1453562053914882053
1453551264785002500
1453550853525147655
1453796437871890434
1453710002695204868
1453686061968752643
1453908334768099335
1453686090301259776
1453659276187090955
1453552181727010817
1453913187250696196
1453694706727063553
1453687324655583236
1453551217355853824
1453535569082945538
1453925231525916676
1453914393083715589
1453633178048995332
1453574005219160068
1453913487009222658
1453912897856282625
1453738227781681156
1453735589077913606
1453709469523726350
1453709198278103053
1453691276344246275
1453674100564529156
1453672351187419141
1453672343134375942
1453672338717696005
1453654230082850822
1453613087626448896
1453583116325457924
1453582452773904391
1453537669737111561
1453925879420055553
1453582903070187520
1453931451922075660
1453917485770575876
1453914888112205828
1453729601889333265
1453666170737872902
1453661760133615619
1453618013496692744
1453565465721069570
1453907951593295876
1453885221955248128
1453855787139289090
1453807213017919504
1453770985455316993
1453673082363600904
1453667816024932353
1453642369899794438
1453636160698261511
1453581796621254661
1453569799066251267
1453563382716452866
1453558411241529345
1453544818253074433
1453898498554826755
1453738141081210893
1453542728151683081
1453927729431126023
1453771083128061953
1453662831174320128
1453594878890237957
1453540455166013447
1453925890274967558
1453866846357131272
1453919207909777410
1453772165749219340
1453772027110719495
1453738621748453376
1453738442710417415
1453705830906220544
1453694471720210439
1453692707331723265
1453690659924180992
1453659204816801796
1453654580017786881
1453602431313588224
1453599275200307209
1453591116100485125
1453559696787324932
1453556602393358336
1453904517146177540
1453719617289940994
1453911792099356675
1453658410478493707
1453598652329431044
1453619188086423557
1453643838984097795
1453618303105077249
1453616642101964802
1453673593586421764
1453901471737475074
1453733642992111617
1453678580286693376
1453667117471961088
1453634139710578690
1453560327207993353
1453546995348500487
1453540161153748992
1453928237772378117
1453923597395759104
1453749766932754443
1453699335443529736
1453655588374679561
1453641422486208514
1453598913907216388
1453570475733389322
1453559522295828481
1453557354327253006
1453618848482070530
1453704084532314113
1453688598809612291
1453647856527568899
1453613066562715649
1453737967135035403
1453646427242909706
1453928126669492228
1453922074137931779
1453707656292569088
1453653354677092359
1453636625154527236
1453618867729805313
1453618864873480192
1453610470196219905
1453563893620506629
1453698969213685766
1453743430195048448
1453654258675380226
1453906453819904002
1453904809422037004
1453776679663378457
1453723889540861954
1453723470601211910
1453673728630411270
1453700599912943621
1453904711837356032
1453904588646408199
1453856581137752069
1453722173986598916
1453721748558385158
1453720999053049862
1453720771109392384
1453720442968051712
1453718233589030916
1453718065238081540
1453619449924182028
1453601057116884992
1453600716510011395
1453600526847791106
1453937968268210181
1453931722907602946
1453925491937722372
1453923009153150977
1453919781795422215
1453896262093135872
1453889671088410634
1453876175495843840
1453859941530300422
1453852634503278593
1453851077783085062
1453736441775747081
1453725986432815105
1453708752511635461
1453705518325768200
1453686176619974657
1453685237410525190
1453672718772027392
1453647808012029953
1453624728225083393
1453617684411666434
1453587698623520769
1453574670859468802
1453571781403426821
1453557204225703943
1453545099082690562
1453543116175069187
1453941769926701056
1453911711681966081
1453762464420483074
1453720254945710098
1453708709503275011
1453699370554068993
1453601418133204992
1453545057085177858
1453764105962070031
1453576004270702593
1453901381488705536
1453821280134778884
1453749812113801223
1453740228175282182
1453730367995662340
1453730261649145859
1453722847264731148
1453720653329100805
1453706145676234754
1453579129291345920
1453600981132845058
1453919747515449353
1453823645898399751
1453726664752459782
1453721323239194636
1453707856138563584
1453669338519506957
1453664600247918595
1453638788505161731
1453638576168525827
1453637423632580610
1453606816462491648
1453599203188363267
1453598525145579526
1453575107327057920
1453567865102032899
1453922385594253313
1453909728170418188
1453901628218568704
1453887623366254592
1453753130869399555
1453735877369233408
1453725630500007953
1453718200231755788
1453577171562229765
1453570338277629952
1453569307833626624
1453569298278936577
1453569289697382400
1453569280469917704
1453567123687493637
1453551231113125900
1453539525012045827
1453932051858485252
1453887169710333957
1453885097929629696
1453738125658767370
1453678031231275009
1453888127056023557
1453709676772683776
1453586531759783940
1453566345589579784
1453923879307464708
1453703656214122501
1453647301348495362
1453564977684488201
1453605896777469953
1453754828128092167
1453574463002341378
1453925419351085061
1453795485437726733
1453650393955667972
1453630283324948481
1453606178005520384
1453923398573117445
1453688583554887694
1453699987229921282
1453922998394580993
1453918734142238720
1453851316418060294
1453746114851586049
1453698626845233161
1453691587028865027
1453677425112412162
1453639442418257921
1453617597438578688
1453580711923896324
1453568644579926017
1453561389293785091
1453944699098525700
1453926521354158081
1453926519512854528
1453907289107095552
1453876014140968960
1453842564138762242
1453699256309608463
1453692556391313419
1453675692290285570
1453664561056210953
1453654535268823049
1453550311935721473
1453924781179297795
1453922701861478402
1453934577714544653
1453754196587528192
1453696026649395204
1453689269860515846
1453587829380898836
1453581752501370881
1453558161940500480
1453922676779589634
1453915627509325829
1453756643561263106
1453754126597115907
1453753661708849158
1453694295664381962
1453644749282308097
1453588432354041860
1453866650768265216
1453705753924038662
1453704261481553929
1453702137033093123
1453696814671040521
1453691511871131659
1453666470722879492
1453659108347826176
1453656519455608843
1453644218811895809
1453644209093632007
1453638936413106177
1453594440489005057
1453560532879872005
1453820409678229515
1453733137037496333
1453663567538917378
1453642214639169537
1453595498716172289
1453572293083336706
1453926896496873474
1453756204644126729
1453653327757987842
1453630501676224516
1453947453015658500
1453941663164821509
1453932532592824328
1453910822057480197
1453885265815109633
1453761668052238338
1453728379845287957
1453725326903631882
1453724626488422405
1453715585682997249
1453714521231482882
1453714204758724610
1453705075092639752
1453693676853415938
1453688956839624706
1453688648180768770
1453679830520664067
1453673355526098946
1453662689385844736
1453642642655383553
1453639987207933961
1453618297480437762
1453614665079001095
1453599222062743553
1453596681673478144
1453593492626698240
1453553903870504964
1453548455368871937
1453547672548216832
1453947278729756674
1453947275869245453
1453927645146583041
1453925033307299842
1453903770111201280
1453903664964268036
1453903620227801091
1453902070050811904
1453856852672847873
1453744727153537025
1453725349901004810
1453673287729385480
1453652252271398914
1453594914671849476
1453582254844776452
1453748448532971523
1453797746809393153
1453625127095062540
1453613171168759813
1453950850775216130
1453918674243371008
1453910894228885504
1453880913528459266
1453797100127498241
1453745520866856963
1453728241605169153
1453693552362360835
1453677686694440969
1453661981567709189
1453634602065543168
1453607473026273281
1453605216834633732
1453600437005799425
1453599117809172487
1453567647023448064
1453917066860253193
1453736609631801344
1453716862034845704
1453887687673319427
1453754503224647684
1453745847963820042
1453713474299654149
1453693868709273602
1453638104124833794
1453631943866605572
1453622590656811015
1453947053072011269
1453945534494883843
1453910634161008641
1453907489074794503
1453886458415095813
1453879175253659649
1453872116755886083
1453822859520851973
1453816622217633806
1453768808947064843
1453729905183657990
1453723904543899653
1453718003661426698
1453698222648668160
1453697063925923857
1453688192926818306
1453687250928111617
1453684446108872704
1453683555733630978
1453677967817822212
1453676838052458500
1453676720872214530
1453674169879588866
1453673438648885252
1453664418064048129
1453639816797622274
1453628839037259780
1453616663853559813
1453616312962322434
1453614646716354569
1453613419446235145
1453612923633295364
1453611385896660993
1453601977946890242
1453592713526345733
1453584540560068608
1453583971535577090
1453578130275323904
1453573515634905092
1453564383284527112
1453557704950124545
1453551241708007432
1453549932460187653
1453548093773737986
1453547252635426817
1453934707918323715
1453884861681262592
1453872640318328834
1453871849188646919
1453870810209210370
1453719877898825732
1453715370724913165
1453693023477403652
1453680779666493445
1453641276297924618
1453566016001232901
1453548727134613504
1453929935316213761
1453736790301425681
1453698248879718407
1453670611029413895
1453619453443248128
1453619450167500803
1453587076855697412
1453562161972740102
1453896166291111938
1453896162910433283
1453660993901400066
1453592046384549891
1453908183206883333
1453897593503711233
1453811360463155202
1453735604345204743
1453932201582628869
1453931464135872517
1453693256387072003
1453637316640079872
1453731699414614020
1453891415512027138
1453678885543972871
1453703919071203334