1448462712338468865
1448687430559625217
1448438431407755264
1448438550416875522
1448438699885092865
1448439073886986240
1448439912286486532
1448440191752949760
1448440243993022466
1448440667177250819
1448441457602281477
1448441526153990145
1448441848968531970
1448441948109344769
1448442113780158465
1448442620569608193
1448442786500399104
1448443953401896965
1448444394290384896
1448444469351575554
1448444590416035841
1448444589598134280
1448445207955984391
1448445691357896706
1448447905254150146
1448448398319706114
1448448486714736642
1448448547200901125
1448448709507760132
1448449054497673219
1448450003081457665
1448450146690240512
1448450191611207681
1448451045097500676
1448451963859865600
1448452089022009346
1448452334204252164
1448452965623164931
1448453379345113094
1448453505086210051
1448453679753805830
1448453741703663618
1448454762320388098
1448454930528800773
1448455323564445701
1448455852143243266
1448455878928068611
1448456338183364609
1448456512779657217
1448457194941272068
1448457299752673283
1448457576367099907
1448457606394101761
1448457706637971461
1448457797037801473
1448457888389689345
1448458926056370177
1448459492027342848
1448459834756460547
1448460275829514245
1448460400261926915
1448460967864508420
1448461465866805249
1448461559794073603
1448461657752018949
1448461736462336007
1448461805638979588
1448462143083343874
1448462170665017353
1448462547363893250
1448463281446785028
1448463587450576896
1448463707990679554
1448464056981934083
1448464194391580675
1448464963903758337
1448465843860369410
1448466036777390080
1448466400184438786
1448466465376530433
1448467315381530624
1448467556247883779
1448468133275070466
1448468463895265280
1448469330941788165
1448469506976669700
1448470339692810242
1448470442692337669
1448470749459542017
1448471133569761280
1448471309810167811
1448471352445263873
1448471778330771457
1448473667332018176
1448473677838761985
1448473919933927425
1448474097504047104
1448474596353601539
1448475842779041795
1448475938493067265
1448476012526854149
1448476017987756034
1448476118495891457
1448476578766213124
1448476776355614722
1448477239989846018
1448477570916175880
1448477908448657408
1448477993811152898
1448478329162526724
1448478749029191681
1448478795040583684
1448478804985270272
1448478931997237252
1448479132694679553
1448479423204782086
1448479434235809793
1448480895422238722
1448480906151280649
1448483746236092416
1448483806600581131
1448483905451876352
1448484103058120708
1448484812944121861
1448485188799926275
1448485554639671299
1448486186205384704
1448486252559278080
1448486368707973121
1448486393357946884
1448486396772114432
1448486748997107713
1448486864654979075
1448486866865426437
1448486875426000897
1448486997534777345
1448487087221604355
1448487150748528643
1448487321959997446
1448487356885991430
1448487368025985024
1448487431565500420
1448487494719209472
1448487598507192325
1448487773619384323
1448488145188638720
1448488500676882439
1448488601747001346
1448488646760275968
1448488648798703619
1448489237528023046
1448489387344347144
1448489745294704647
1448490212472983558
1448490304185647106
1448490560373673987
1448490812745007113
1448491575386968064
1448491955252391941
1448493506759049218
1448493896015646725
1448494095253442565
1448494217890709504
1448494503006855174
1448494858172125185
1448495152784281613
1448495158031306759
1448495244903780361
1448495578627801088
1448495688099110917
1448495976319094792
1448496479568482311
1448496653304954881
1448496849388597250
1448497283037761540
1448497408405487617
1448497717462769671
1448497719866126340
1448497826162372608
1448497869183352833
1448498068500803592
1448498270108487687
1448498430960037889
1448498643204390913
1448498856673431559
1448500352903364611
1448500518548951040
1448500619061334018
1448500853019594754
1448500894404808708
1448501456915501060
1448502085129961474
1448502296074067971
1448502674278674448
1448503067268190209
1448503503417118720
1448504158760235008
1448504530694332421
1448504657098072073
1448504689004187650
1448504753101709314
1448504844562489344
1448505627366416390
1448505626728960007
1448505655980015616
1448505693300871168
1448506799196282881
1448507243461111809
1448507313174712323
1448507513259757570
1448507956463489026
1448508130036379650
1448508417832898560
1448508607503351812
1448508665263054855
1448508825414234115
1448509359768539139
1448509625565810690
1448510074440192004
1448510739069771776
1448510928740225024
1448510986588147714
1448511153907257352
1448511832738566144
1448511843027144705
1448511876669706244
1448512142936657929
1448512296150437891
1448512418015973379
1448512630717435907
1448512960490446850
1448512984846794752
1448513055805960195
1448513240191930371
1448513393711730691
1448513390431797250
1448513528491495426
1448513688265101317
1448513833539018754
1448513839813693453
1448513900857544705
1448514000862384132
1448514144525688834
1448514148648640516
1448514684986933248
1448514831204581379
1448514879518752768
1448514965569081345
1448515196943671299
1448515197946134529
1448515343496847362
1448515719721750533
1448517912050876421
1448517987149828101
1448518287080497155
1448518355577540611
1448518835988951043
1448519230257709059
1448519333525614594
1448519383647621122
1448519893159071748
1448520023530565636
1448520059622543360
1448520187091709952
1448520928397123585
1448521217703510017
1448521450323910656
1448521585086722049
1448521923759992835
1448521957381525504
1448521963895287816
1448522658769899522
1448523054892658688
1448523739738505216
1448523808030150660
1448524007767085061
1448524413364670469
1448525158193381376
1448525197942738952
1448525307380596739
1448525791180955648
1448525822378135557
1448526614606884864
1448526783251292169
1448526846585237508
1448526949337362433
1448527295380000769
1448527675937546243
1448527754245263364
1448528897054703616
1448528954587942914
1448529113749200897
1448529505576906752
1448530482744868866
1448530509055729664
1448530862279049217
1448531177388658689
1448531338374443008
1448531371601760257
1448531477310836739
1448531748426420226
1448531962231021569
1448531968228925452
1448532261582741506
1448532405220831233
1448532675220758531
1448532707999248384
1448532728081620993
1448533386243436544
1448533421437820932
1448533554053271552
1448533573607120902
1448534933362786307
1448535114699272195
1448536193914720257
1448536235387994112
1448536515978543104
1448536909890809865
1448537006825304068
1448537358844846080
1448537385554247685
1448537526575067137
1448537660520230914
1448537773401460737
1448538697352110088
1448539181441974278
1448539304746119168
1448539305408753664
1448539418705289221
1448539437416210436
1448539752207060992
1448539845349949441
1448539943014318083
1448540096899141635
1448540205456060418
1448540360993431552
1448540472129953795
1448540779287175171
1448541161921015811
1448541375381655553
1448541500837560325
1448541606068436992
1448542005340958721
1448542248317042689
1448542421281689603
1448542592598040578
1448543747008991239
1448544075477442561
1448544850043756549
1448545472549904388
1448545479114076164
1448545514874626050
1448545524567711746
1448545862771089408
1448545942865518597
1448546351923355650
1448546510405128194
1448546785144688645
1448546983623356421
1448547188649299971
1448547212221370371
1448547212913377282
1448547313006223360
1448547443067408387
1448547490605662209
1448547622315192320
1448547970056523780
1448548113384284162
1448548165200879618
1448548504188588032
1448548582949224448
1448548794107265031
1448548828722827264
1448548905675751426
1448548904396472323
1448549730506534914
1448549753596252160
1448549892851310595
1448549952423010306
1448550048761991177
1448550282456035328
1448550805041156099
1448551507570282500
1448551703649783816
1448551796268359684
1448551826437988352
1448552180579930112
1448552182802882566
1448552186061803522
1448552322443874310
1448552374620938242
1448553067842977796
1448553230372417536
1448553685286481920
1448555491559366657
1448555754378694658
1448555840164679681
1448556504433324036
1448556531004297216
1448557019682652166
1448557283395313668
1448557462747975680
1448557732059967488
1448558082867433474
1448558673500913673
1448558689997123584
1448558946696843265
1448558967966158849
1448560139527614466
1448560217449394181
1448560232674648066
1448560372508606469
1448560428116701189
1448560448920428544
1448560498551582720
1448560845236019200
1448560916019044356
1448561062593265665
1448561535505162241
1448561668657606659
1448561691935997955
1448562892672962561
1448563062579941380
1448563346735652870
1448563933220990977
1448564513096175625
1448564541269282819
1448565160046587910
1448565187800305664
1448565430218493955
1448565509385949186
1448565553505861634
1448565596505853953
1448565704916025345
1448565758393421824
1448566013146980356
1448566374071250950
1448566760332951557
1448566766758768641
1448566910904246276
1448567092240814080
1448567116257366017
1448567126239821827
1448567500262629378
1448567599260864512
1448567683981594631
1448568159229800449
1448568454571724804
1448569248356265992
1448569735898025988
1448569806500868100
1448570252015460352
1448570256079818756
1448570420550979589
1448570723983761415
1448570823292293128
1448571015190048769
1448571071146311681
1448571409182040068
1448571745456115716
1448572225141952513
1448572265952645123
1448572303453790216
1448572543384752128
1448572612532064256
1448572810478063622
1448573079613939712
1448573122660110341
1448573155639844866
1448573272539291648
1448573561417789440
1448573737511620608
1448574343118827521
1448575152061513731
1448575275235565574
1448575592710881283
1448576148749766656
1448576334523813888
1448576444838203394
1448576577545986050
1448576790838927360
1448577007554469891
1448577134948016133
1448577933719732226
1448578361370963977
1448578365879767048
1448578550185947141
1448579814110105608
1448579880644268033
1448580237109850120
1448580775511613450
1448581162146811911
1448581370482069507
1448582051553103874
1448582106410409990
1448582474137628681
1448582820251660295
1448582959515123717
1448583105103552512
1448583360855490563
1448583437015654407
1448584128752799749
1448584210457849861
1448584392914333697
1448584957232771075
1448585073725304833
1448586038809542656
1448586236499693573
1448586657226051585
1448586748439633925
1448587073498206217
1448587459357458440
1448587503468879872
1448587776236998661
1448587917270544390
1448588024283951112
1448588211371008001
1448588254467346442
1448588965494198284
1448589221904588800
1448589459595857920
1448590045984686081
1448590503377727492
1448591199640510472
1448591306083627020
1448591554948452354
1448591647101493251
1448591817037938689
1448592409655275523
1448592652564267010
1448592884626706435
1448593049764777989
1448593294150094850
1448593408142954502
1448593979637780483
1448594011157975042
1448594150786437122
1448594156230565891
1448594657768787968
1448594704300265478
1448594906428047361
1448595011793133575
1448595734912069638
1448596391572344833
1448596465471954945
1448596507523829764
1448596882863771652
1448597361807151114
1448597715517014019
1448597904466190347
1448598196104560641
1448598777632149517
1448599862216327174
1448600303054438401
1448600720958230528
1448601036684283912
1448602765618339848
1448602877837021187
1448603175020154880
1448603201431695365
1448604949596631043
1448605365239644164
1448605540439916558
1448605737588953092
1448606205467783172
1448606329468174340
1448606591956045828
1448606898417061888
1448606915844444161
1448607152818442240
1448607278379126789
1448607353054498823
1448607369148071936
1448608058733522948
1448608238719549453
1448608780413902857
1448608821266432006
1448609594075324420
1448609647221305351
1448609953225183241
1448610000251748359
1448610211900506114
1448610349855363077
1448610442553610250
1448610790563405824
1448610806086520838
1448610972654977027
1448611139487551488
1448611270802821121
1448611381708668930
1448612294649257991
1448612852260999171
1448612948281200640
1448612956992782349
1448613024235802626
1448613383431876616
1448613398128652290
1448613536163303427
1448613802027589632
1448614139627065348
1448614337019482113
1448615387491233798
1448615679624572933
1448615779746795528
1448616815135899649
1448616835763429380
1448617139141689345
1448617189171335174
1448617607142150148
1448617896079282178
1448618180293787650
1448618313991393285
1448618379548532740
1448619500136386563
1448619738498834441
1448619754231513092
1448620845778096142
1448621574509117443
1448621689231708160
1448622076114309135
1448622383737163776
1448622724805378051
1448622974299348997
1448622977541496833
1448622981417091073
1448622983862312966
1448622995811934217
1448622997250527241
1448623002338291714
1448623010760433671
1448623034923765766
1448623063398961161
1448623096433295363
1448623101613260809
1448624219965693957
1448624303960838145
1448624467278655496
1448624769910280195
1448625889160269826
1448626224515874817
1448626246070398978
1448626925019095042
1448627626533273606
1448627931052331011
1448628483903557640
1448628498168352771
1448628559220670466
1448628604603039744
1448628606456926212
1448628695350927362
1448628757971931148
1448628760639459333
1448628915564683270
1448628962448396296
1448629661613772804
1448629693872181253
1448629901091815428
1448630097473249286
1448630321033875457
1448630567872843781
1448630602886828035
1448630656548818949
1448630713016729602
1448630986929958914
1448630987894624261
1448631203720937475
1448631229239029767
1448631376278790153
1448631518444670988
1448631936063139842
1448631950260850688
1448633034639511553
1448633100041273347
1448633315037118469
1448633339917733891
1448633524790054918
1448633594885275653
1448634132729266188
1448634435977371655
1448634572300718084
1448634784268226563
1448634848856330246
1448634859933503488
1448635011742064644
1448635214847037449
1448635500152066050
1448635510151278595
1448636323657437186
1448636400237113350
1448636645289254924
1448636677224763400
1448637222996037636
1448637444165935111
1448637472020353024
1448637599342497792
1448637766959460352
1448638028428152833
1448638178793906180
1448638192723263497
1448638379592089604
1448638433312739335
1448638831389921280
1448640453151059971
1448640518020157441
1448640520205443085
1448640634886111242
1448641182544711691
1448642004305399810
1448643046233423872
1448643226496159750
1448643393706287104
1448643631208808453
1448643679954952192
1448645122753646593
1448645354195279886
1448645510869315593
1448646356055183361
1448646496698601484
1448646984844210189
1448647201882710023
1448647353456467970
1448647545773694978
1448647744374001678
1448648183735742482
1448648183614038027
1448648530638172173
1448648546492637188
1448648918938447873
1448649296773926915
1448649968089063430
1448650234905567238
1448650787547058184
1448650821529333760
1448652091254194181
1448652188683673866
1448652549691621377
1448653836009172997
1448654162086883340
1448654438969712647
1448654715298848779
1448655092551335937
1448655716508585992
1448655721051025418
1448655834410467337
1448656716061573139
1448656908114489355
1448656928561766416
1448656942415503377
1448657225753325568
1448657346134036495
1448658026253094918
1448658542911582222
1448658781894676489
1448659009653796880
1448659123126497296
1448659163442135052
1448659166344609803
1448660681675337730
1448660697076809728
1448660736658456587
1448660891331805197
1448661221457104903
1448661306697863169
1448661993720672257
1448662538644693002
1448662743255453713
1448663748223275008
1448664111395454995
1448664348411326476
1448664921382666250
1448665047476039691
1448665910990934019
1448666556980858896
1448666743015022603
1448667160960802817
1448668147335131142
1448668517620846598
1448668959272673292
1448669377306320897
1448669588334338060
1448669991419609100
1448670204037193737
1448671035029549058
1448671234527424517
1448671682063843330
1448671865682022402
1448672299041894400
1448672383502487561
1448672546065321989
1448672894440013824
1448673491784404997
1448673591998889996
1448673610302775296
1448673632813600773
1448674296461594625
1448674863594426370
1448675338788040706
1448676020735778819
1448676096187138053
1448676139094855682
1448676995433308161
1448677098927788038
1448677424435134473
1448677609915568130
1448677654526267392
1448677755726434305
1448678167493832714
1448679406214402049
1448680328474677250
1448680942206263303
1448684265214857218
1448684294604419073
1448684936752353280
1448685077295087618
1448685566262870019
1448685622554554376
1448685713025691649
1448686969920229376
1448688229964677125
1448689628270108681
1448689975881388032
1448690550131937283
1448691020921643008
1448692697582084097
1448694470124314624
1448695890512777216
1448696438179856384
1448697187949584390
1448698247661297683
1448698296512380928
1448698609097056260
1448699360435314704
1448699750111322120
1448699928776036352
1448702085562703925
1448702419324444675
1448703328179802112
1448705029704011781
1448705356062879746
1448706290931290112
1448708331925762049
1448713005600952326
1448713862484676619
1448714104424714248
1448718497299812357
1448719112780267535
1448719260713324544
1448721449657651219
1448724352401350658
1448725499857948702
1448731052164345861
1448732609438117909
1448735215199809545
1448735738099425281
1448739706112397313
1448744574860603393
1448745489533333510
1448747982929620997
1448752587608518656
1448752733146673155
1448752952584269841
1448753010880901122
1448757448819425305
1448763015470272512
1448770095065571330
1448770362880114713
1448770405968199701
1448770478013759495
1448775960057155585
1448776058711339013
1448776442825871364
1448776977909895170
1448781049530445824
1448781376828870663
1448781403055865859
1448782509810937866
1448782825545625602
1448784113071099906
1448784719475200004
1448784888815972355
1448786878975471624
1448787125801938946
1448787451556757504
1448789262166474753
1448789940263817216
1448790277796163604
1448790752880783362
1448791084117553187
1448791809862242305
1448792443395010591
1448792448109408266
1448792534088445963
1448792930672472082
1448792939631505442
1448793212567449624
1448793554592034818
1448794336972271625
1448794744851558401
1448795027090468876
1448795485544673304
1448795747176968224
1448796038148419636
1448797541596688390
1448798191923523591
1448798261016293382
1448798515174338584
1448798533595721744
1448798856662044672
1448799990365573122
1448800002189398019
1448800129243222018