1454655712043229185
1454649583779209224
1454649581929525248
1454649579941421057
1454649576317612038
1454649193885171721
1454647050134429696
1454644885709987842
1454644546143457280
1454639600832372736
1454634501263429636
1454634390496034823
1454633361297711111
1454632497329762305
1454631259422945280
1454627274892840960
1454623497993396224
1454621780115537925
1454621645453217794
1454621349758980097
1454618361153814533
1454614511189520384
1454614097471938566
1454614003548921860
1454608648584392710
1454607768111890436
1454603283469778945
1454603113726369795
1454601043258470409
1454584707580977158
1454560118847131648
1454518528862670850
1454509117406466048
1454508578065108994
1454498972848955396
1454497130006007808
1454489531265077251
1454489328285990916
1454487753287102474
1454485051568099331
1454483938051641347
1454481896574910477
1454478523477884928
1454474368248016908
1454469212123009029
1454466162117332999
1454459323497676807
1454459077057150979
1454455508971130885
1454454585020407816
1454446056507207687
1454444583367049218
1454444222568812547
1454441052413202432
1454439795707432963
1454439382983667716
1454438692936839173
1454438523495350281
1454436758637084677
1454434053088632837
1454433754886250500
1454433496588382209
1454433188504244224
1454432953421860870
1454431422018584583
1454429986530611211
1454425848560242693
1454423291653857293
1454420018544918528
1454419239067013125
1454417798340378627
1454416596483469313
1454416265104158720
1454414896846675968
1454413621388144658
1454412727443615744
1454411343646191617
1454409098372415499
1454408739138662400
1454405180141694982
1454399811260596225
1454395513722204161
1454392862460633089
1454389791496179720
1454387738774437890
1454387682814038024
1454385769120894981
1454375564425367552
1454375540941475840
1454374674280828928
1454374110084034565
1454369543887884288
1454369381434028042
1454368490245132291
1454367921774292992
1454367594383822848
1454367480567279616
1454362409808773121
1454362403857072128
1454359990672658435
1454359922393583618
1454359242253615112
1454357266996465665
1454356810660397060
1454356561225125893
1454349087029952516
1454348998018428933
1454347650879393796
1454347455990960128
1454347071503290369
1454340822896308229
1454340807041839108
1454339887633612802
1454335212259733510
1454332456715259904
1454331407010918405
1454331058468524034
1454328462013972480
1454325983088033793
1454322072138571779
1454319978576969730
1454318853232553991
1454318374540886016
1454318237752070147
1454318113839665154
1454315603414511621
1454313099452837895
1454310724038131714
1454310626264854529
1454309708328804363
1454299641730662400
1454297862842445826
1454644432997732356
1454632477264257028
1454442118412324864
1454382745124147202
1454656742189531136
1454656354858065920
1454655724877860868
1454652459108880385
1454648691231318021
1454648021015154700
1454644961979236352
1454644958804135944
1454644263111708681
1454638038961700867
1454636985306554368
1454631619864653828
1454630402178498565
1454630254119510029
1454625074133098496
1454625064465272837
1454616404028624900
1454614174365933575
1454607878283616256
1454591816108437504
1454534533986938884
1454516306435194886
1454513902633455619
1454492377922473984
1454458736349569025
1454451716380758016
1454448073434812416
1454446537711382530
1454437854784811009
1454426919747801096
1454426042475548672
1454418746542411779
1454415876225077257
1454414262944755720
1454414179478220807
1454410856393965571
1454402978736078855
1454402823521587210
1454384128246181889
1454380207201153033
1454376957873770497
1454375211512463365
1454368206861201409
1454365219870830593
1454363658658537479
1454361036228743173
1454344233733660679
1454343507913494535
1454342948288548870
1454340356980367363
1454340187555651587
1454336752508829702
1454336378427228167
1454324400732323840
1454324024650072069
1454323301656924162
1454316166000701440
1454301550143172609
1454113047820242951
1454066258886885381
1454390874385764357
1454626581196918785
1454598817068695553
1454595246029828096
1454443644505640963
1454393918959669251
1454387443164061696
1454375981179752448
1454374127347720196
1454347053752979457
1454342003425038337
1454327204838526980
1454306280009519109
1454298925725151232
1454380482817400834
1454321744349589510
1454657367832809476
1454650837154746370
1454650710419656713
1454649554742120449
1454646210384465929
1454639550844653573
1454630483581542404
1454626987864064002
1454626659638788097
1454625711558254596
1454619100651483137
1454617936962883585
1454606175488512006
1454596888477405187
1454581276229308416
1454478858552442890
1454450283946205190
1454421202139709440
1454413812497453066
1454410644854231041
1454403359650107392
1454401383659044867
1454390939540082693
1454365508409585668
1454352972759117827
1454349658784886784
1454349625435975680
1454340646383222785
1454325306324492289
1454313370509774849
1454656168471580678
1454654874239438848
1454654538279886850
1454653112552198146
1454649585675104275
1454644871189336080
1454634201718804482
1454629719010209802
1454627260535762944
1454625772845473798
1454624931262582785
1454620801047560194
1454617598214094851
1454615869397495811
1454614096121323524
1454612628827897861
1454606539398868996
1454601812678352903
1454597571091914752
1454586239718342656
1454585568575115266
1454512139415154689
1454510934198607878
1454510929924616192
1454510926690807809
1454497475939602433
1454488575857233920
1454484342294470658
1454481151553245192
1454479471243792387
1454476038260486145
1454474883165933571
1454472305267003411
1454465868226781187
1454465236790960133
1454465069249482757
1454456572482973700
1454455278812889097
1454454297970630672
1454453201286037511
1454452789204029450
1454447286780510208
1454441592446615558
1454439362234437636
1454437263807422474
1454429390998106121
1454429261641641991
1454428534282194949
1454425354563727360
1454421262176964609
1454416562924843009
1454412403202920450
1454401314843029507
1454398928841965572
1454398926845628416
1454388366355492864
1454386861535760390
1454384879697743882
1454370850845593605
1454365949973319684
1454365147108032513
1454362713891631105
1454359346335215624
1454356533194543106
1454352793779773440
1454346869954514949
1454342374616928259
1454337552601600008
1454336783487934465
1454328991670697994
1454325201697607690
1454324696720166914
1454323142680186884
1454322412506402821
1454315090916696064
1454308528655515651
1454306892461740032
1454299477502689282
1454298153843249158
1454625706915229697
1454608161147482116
1454470213118808065
1454460010038136834
1454445645863944192
1454362908897386501
1454350897736159232
1454653924237926400
1454635119096963075
1454576361130151937
1454491105513250827
1454483066999566340
1454478497863200775
1454474860827086851
1454441957728481285
1454422481595342856
1454376409296560136
1454376085068517382
1454375482988765192
1454374407099465731
1454364800205541376
1454358521156231170
1454350431597957125
1454341989726445568
1454317795592732678
1454308247037366277
1454308193035702279
1454303110407483399
1454300324420669443
1454299517923192840
1454657402599395329
1454654927020515328
1454654726008557569
1454652206414630912
1454650595319554049
1454649679069605895
1454648344152723457
1454648018397847553
1454647472987328513
1454647026663059458
1454646826368339976
1454646156990894086
1454644811072299009
1454644307630116865
1454644300801839104
1454643950216626179
1454640616223039510
1454634262355800064
1454633689162215429
1454633173573308418
1454632772077719554
1454632135998926857
1454631948547096581
1454631577070174210
1454630476019163137
1454630468188401665
1454630184561250305
1454629992067842056
1454629984266440710
1454629283842772996
1454629205531054081
1454627043199488003
1454626880817037319
1454626853021311005
1454625743430774785
1454625420880535558
1454625348973326339
1454625270200078341
1454624786005385216
1454624226103554056
1454623892362850306
1454621857865293831
1454621386186510339
1454619723669278724
1454619481393664001
1454618392682401797
1454614561705775110
1454611341369491461
1454611340715126785
1454609965415493636
1454609821496315905
1454607878967336962
1454606545426137091
1454604778126786563
1454598251949088769
1454597594408124419
1454594508885135362
1454592147848523779
1454589947076169731
1454589046487859203
1454584169888059392
1454584164393447426
1454521389654761473
1454513266495934466
1454510096302493698
1454506629483810820
1454502849291833344
1454483194607144961
1454480792197894144
1454471587516743687
1454471107386380293
1454470207787843589
1454468335194677255
1454466255646179328
1454465859221524490
1454465707991732225
1454460720548958212
1454458089516646407
1454458058294259719
1454455724470276102
1454455240556568576
1454453067621945356
1454450783190089732
1454448813024808964
1454448812915789825
1454448431062159361
1454448364573978631
1454447716222656521
1454446256202215425
1454445717502660608
1454441394152427520
1454440974613049355
1454438193080639493
1454437985110278147
1454434366289940480
1454432174657048580
1454429550490775554
1454429143072788481
1454426618101964805
1454423076041461770
1454422844679413768
1454421153640976386
1454420280349130763
1454419686074896391
1454419316351242248
1454417970482929665
1454414073592889346
1454413048769224710
1454409792944889860
1454409670429347851
1454409095969054725
1454408648344498181
1454406988050296834
1454406845829836801
1454405568517394433
1454404227300687879
1454404191871324160
1454403633487904769
1454658731644391424
1454656648966914052
1454651992144371718
1454638955199025155
1454637992824356866
1454635580583645187
1454629573534961667
1454629446044958721
1454629259545174018
1454620729354317829
1454611282728869892
1454606143855104001
1454605797510418438
1454605413656133640
1454601384448299011
1454599660472000517
1454593418194141185
1454591849033723904
1454584554576957441
1454567981820874759
1454541936434429959
1454539263220015105
1454522293569220611
1454508718528229381
1454500055507824645
1454494670277382146
1454484126954713095
1454477931846123523
1454476211598413833
1454474375596425217
1454473976105734145
1454473532058988545
1454471514317725701
1454466916861370371
1454455437164568582
1454455394604965888
1454445093641801733
1454442845885001736
1454442497292201992
1454428191653711872
1454422289621995520
1454421537994330118
1454420085108445189
1454418637331124227
1454417423134695427
1454416518586920963
1454413357209899011
1454412351059337220
1454411029987819521
1454410713955377162
1454409811416666114
1454407402858561543
1454407396374171651
1454406629424730115
1454403711040557064
1454398893018345477
1454398126173786119
1454395769566359552
1454395213510627332
1454391852715499525
1454389786509070337
1454386123396898818
1454382162765959170
1454381552440250369
1454381452875866114
1454380074250108932
1454379393246138375
1454378187371081730
1454376033377873922
1454374957702467586
1454373483161350148
1454365896152023042
1454364048921821191
1454363269850828802
1454361574517268495
1454360835736805379
1454358712416493571
1454358077067649027
1454351987210813440
1454351657026789379
1454344178989555722
1454339926527385607
1454339571081089026
1454328082064568321
1454326753048993797
1454326559813234694
1454325243326042120
1454324139506864133
1454321232959053824
1454321089731960837
1454321033645678592
1454320789583327232
1454320784336318467
1454320778971779076
1454320773758271489
1454317929688748039
1454317662192881671
1454314848309764100
1454314765648420866
1454311152880533504
1454309104394989571
1454306624999280644
1454305516130160643
1454305372861190145
1454304071527981063
1454301434871115783
1454298370822922240
1454297984670134278
1454658800351277058
1454651590820777990
1454639990495854602
1454595615602601985
1454591303711223818
1454450153889230860
1454412572245958667
1454384907585658883
1454375343163277313
1454367118254690310
1454361798027612164
1454360854548267012
1454354897147555844
1454344855908278274
1454335619384049671
1454330623691132929
1454327388221816832
1454314854316011521
1454314113446731777
1454305713409323017
1454302990718799873
1454641534037463048
1454628882909306882
1454491986723946498
1454420876904914948
1454414742383071234
1454322264967577603
1454275452780957702
1454101005432344582
1454074613101514763
1454040835180294150
1454040111520223232
1453935433490919429
1453753151018844164
1453744322415771648
1453739562212098054
1453735305933045779
1453706815896580097
1453701894757486596
1453634911278022656
1453548021111656451
1453307817599934469
1453296316025610252
1453039769848479747
1452966851659513861
1452948248507809796
1452937435843751940
1452795537489465347
1452628736990347264
1452607968084574222
1452476918352125953
1452160151847247872
1452110937528225793
1452076082643943426
1451963941555298304
1451926929959915530
1451924104706080769
1451906782155005967
1451899515372388359
1451878571811606532
1451877299729547265
1451836158879485952
1454625962381905920
1454617555084058624
1454391453292007429
1454332123419078656
1454518616368431105
1454622893426364416
1454475684064083972
1454417098306834437
1452306517261160454
1454486511684964355
1454457068924981249
1454456839203033093
1454448991559585805
1454399557064822784
1454368971784798208
1454338250227654656
1454336227126120451
1454335212624629765
1454323594096304131
1454533345522569218
1454464867167997957
1454456137911181324
1454442774720233480
1454428031875829760
1454421817620193281
1454419236370063367
1454329498774630402
1454610036706009094
1454335419575783427
1454662107820003329
1454654779720753153
1454352518494883843
1454331490637004805
1454329044296560643
1454630443303653382
1454496987546415104
1454440308540776454
1454350661907189760
1454337217371856903
1454639488185946116
1454439660449525770
1454439550621650949
1454025404369432576
1453654115041484802
1453632114465726466
1453505692380192768
1453024671096455171
1454442418384908291
1454640975448457229
1454627857477423108
1454606100968267779
1454546049121468418
1454437634382520323
1454414505149022219
1454408697241747457
1454408535148666885
1454403121099141121
1454650253404098563
1454343975914012676
1454491358941569024
1454338094610608136
1454345666377891840
1454627288377487360
1454626222047051778
1454430429369364486
1454419154300141569
1454349200561303554
1454337680326594565
1454489348020207621
1454331572455305218
1454303953999388679
1454630457878876167
1454613354023059459
1454425201190440962
1454402638217314304
1454341759186530306
1454338514745638914
1454322788869627905
1454663000866971654
1454362570291232775
1454389460276154370
1454384766355009538
1454663144324751374
1454654280976125952
1454637037026308106
1454600655532789767
1454408172374953987
1454390930295853056
1454390116458250241
1454389900342484996
1454389509462708226
1454389127193907208
1454388707260129284
1454387302411603971
1454388946947883009
1454599384935530500
1454438773819772933
1454389068331057152
1454388901292900357
1454386312362926083
1454351006368612364
1454619153755623427
1454618647423438851
1454616042056011779
1454614351503978500
1454388468071612421
1454388406562136064
1454387771951357957
1454382562407714832
1454382414818525186
1454382263928426498
1454376521380950016
1454355997389033476
1454335386696617985
1454318301442494470
1454306931107975168
1454656410319343620
1454631036596326404
1454526066689646593
1454499397543227398
1454384593696481284
1454368205682581509
1454334269048778753
1454316984158457861
1454310171019071491
1454656662778744834
1454628146955776000
1454388652834844678
1454307397967626246
1454596645799137283
1454585673298575363
1454574946676461568
1454422106314141696
1454415362422755330
1454309316140298240
1454650680317145098
1454635750813691906
1454464284423962624
1454358623732207620
1454634952499220480
1454466804986773505
1454336226098434058
1454437252675747841
1454402890781528066
1454350704303218689
1454362295333572611
1454347832341659653
1454306470518923265
1454635898448932871
1454482597468205060
1454468684143992837
1454464306834141187
1454460118548975626
1454457827578155011
1454437941766283273
1454432888238198786
1454370044041777155
1454360362212413440
1454328579504816134
1454312958935199752
1454312106480701442
1454648833351114755
1454289746604093445
1453914947260272642
1453403458439057416
1452231468365885440
1454657157303914500
1454485382993645572
1454643207656988673
1454622026874834944
1454612373189189633
1454483436945563653
1454442750930083841
1454429569411207169
1454418709502517248
1454367043281584129
1454464200273629193
1454428230354497538
1454343627346415616
1454309752536588295
1454456404199104524
1454446257624076309
1454363332517916675
1454343643133788162
1454638225608171521
1454405009357959172
1454401206005035018
1454392314076426249
1454343639363108872
1454448970508345344
1454353165856370699
1454311745598623744
1454105396386283523
1453738562688471057
1453421194519085058
1452054039189884933
1454657070662250505
1454599997756870656
1454612134747246597
1454600160781107205
1454551055199465474
1454550300442853383
1454453500180504588
1454452564922044419
1454452564808798209
1453159149966028807
1451949340247789576
1454667139151917057
1454632303796232193
1454592399255085059
1454590698246660098
1454439466026766336
1454433082312822786
1454407102911311876
1454403266641489920
1454401455733891076
1454392953300873217
1454372650009063428
1454344004003266561
1454340651403788292
1454312495330381827
1454440958708183049
1454411014498230277
1454465366944477187
1454629322296152074
1454497673906515974
1454450546203500552
1454653536537436166
1454552125573316609
1454416955201314821
1454404411006980098
1454368411023151104
1454368098652282884
1454357082908475396
1454332434518982661
1454649659406753796
1454645312513925126
1454629845921525766
1454629226510905346
1454623903033167876
1454549390991847425
1454439492190806018
1454379740521906179
1454374006274945026
1454651468498096130
1454627069199933441
1454124171642884103
1452993551839551488
1451871703630368778
1451758404750364673
1454659495389380616
1454653252981592076
1454444844609245190
1454444823427969025
1454441013620051974
1454338229809803265
1454311952876933123
1454661089535295488
1454445832447528964
1454424745932308491
1454373175991537670
1454660534276485124
1454632941993136134
1454479478189543428
1454419605217181703
1454473322763198466
1454651643069304844
1454640880170590209
1454640039267164176
1454630144589451266
1454614019378016270
1454611250550231044
1454610731026903042
1454597574007001091
1454489904033894407
1454457437553971200
1454431739875454982
1454423454359318533
1454421227607527432
1454418139509256199
1454404359144411144
1454395373758287876
1454394226813276167
1454382280256864262
1454314790944346114
1454159489968443399
1454654170997297156
1454644817103769605
1454640331735982084
1454478202659770370
1454477126808211467
1454476877473538062
1454428329763741704
1454360879219101701
1454337612731146244
1454667960665075712
1454446315019014144
1454328494653984768
1454479798760210440
1454647640998567937
1453568178290708482
1453564188782071812
1453563941779509251
1453562270928105474
1453561091397615621
1453560492375482369
1453560185239191554
1454328988910841858
1454471189447856137
1454649278769496075
1454628602801111046
1454616282494500865
1454589711977115651
1454470758986498059
1454460582736789508
1454459667824844802
1454454408025042948
1454446260711133189
1454439703604695044
1454420045648465921
1454397061420355588
1454396273285419010
1454395854895267848
1454372063225860097
1454360941382963201
1454651798317191171
1454647189053972489
1454599013269848072
1454489689054871552
1454452524539203584
1454413586885799936
1454411624001912839
1454399323869835267
1454388027724165128
1454372937780240389
1454361023364812803
1454651792885633028
1454395493207838723
1454667728690634759
1454064141342162947
1453751344594964480
1453739120065277966
1453738630510354446
1453738272786563083
1453581668439134213
1453026340865654788
1452780530051674113
1452311001748094996
1454662938883543041
1454662716065341444
1454662646548996102
1454654202420944896
1454647410852986882
1454631573978968066
1454630074439720966
1454629924057194499
1454613010593447939
1454612288527237123
1454593956029730823
1454489269003644928
1454456633631727641
1454448016337747972
1454446785582157835
1454445696698908673
1454425182198583299
1454422858608746500
1454412752848449539
1454380007413870595
1454372598352015361
1454372514168139777
1454360264556511234
1454358781135974401
1454356452710117381
1454354394523193351
1454349384540377091
1454313094801330180
1454312606957637636
1454312502737604609
1454653719308484611
1454645137204670467
1454516326618128389
1454507087589883911
1454449708940759045
1454399059154771981
1454398834956664839
1454361195524214784
1454333487100547080
1454325187336232964
1454315705579442178
1454477160094126086
1454329588356718593
1454582905863229444
1454653149973647369
1454631083459235843
1454655379183263747
1454629078980431873
1454614804463763462
1454520172039970816
1454501851970347011
1454481317207232512
1454479463677186054
1454441432081580035
1454440543413411849
1454392217024360452
1454375637699887104
1454366275426152450
1454367430168375302
1454622871368527874
1454614540549693449
1454535317726416898
1454485445278978051
1454461840579186689
1454342268299608065
1454323026078547970
1452965971648397313
1454662419091898373
1454655390658940929
1454651057200533517
1454644540522975238
1454636275277787136
1454633237192478722
1454614601815912448
1454527777126772741
1454518030814244867
1454512901138436096
1454476950634860545
1454470851915550729
1454469765968269313
1454463965816258565
1454415218851807233
1454411384414867458
1454409216261648384
1454408190355906568
1454407334797750280
1454387748899418112
1454364780244848643
1454350560459730944
1454337414877618176
1454327836790038529
1454326509896798209
1454313736198504448
1454640170171387906
1454637189979992068
1454627139387473921
1454477993347223559
1454443305480056832
1454426517212045318
1454416833562300420
1454397041543503873
1454396578072907778
1454374518147870723
1454374168175153165
1454355248026370050
1454351780540678147
1454342637498998791
1454341395330732038
1454340928177532928
1454331894548467715
1454322355375800326
1454315885259202566
1454315523697750025
1454649849433841673
1454509604428189696
1454464376040091651
1454327859162411010
1454325244747915265
1454325032667074563
1454320129894850563
1454338310944399360
1454619437114355717
1454435022451003399
1453969743132516362
1453734457861554176
1453676988925763595
1453575082849157123
1453365990859808769
1453347875191066626
1453266840386408452
1452878564177498121
1452502350925426689
1452293283707768840
1454579828191940609
1454490460102164482
1454437158047993867
1454465818918412293
1454460344005394434
1454402230333759493
1454569034276425728
1454661375578370048
1454658667442098179
1454653621392617474
1454597432495411202
1454620615806050307
1454667713427623937
1454632937329025029
1454622958014529544
1454418056705298439
1454369696002691077
1453570903984394241
1454632619212038144
1454356604682342401
1454653460700221445
1454378901409460226
1452063839000797188
