1446684943778598912
1446626776906551304
1446627130624942083
1446628261174206469
1446628359547416581
1446628588753543172
1446628626053488645
1446629597181739013
1446629609039020033
1446629679687819269
1446630292794458113
1446630390001635329
1446630855330332672
1446631525668192256
1446632478567927812
1446633284188848131
1446633310491344904
1446634211729838080
1446635147533578242
1446635239279710210
1446635546340560898
1446635698979631104
1446636111481040900
1446636452142452738
1446636490436476930
1446636559839596555
1446636784503296005
1446637209797292032
1446637362822324224
1446637496347987969
1446637612979032067
1446637728230043655
1446638018073284608
1446638501668089861
1446638517749092352
1446638988450676742
1446639015797551108
1446639057862152192
1446639309428191232
1446640214584094727
1446640839669653504
1446640920640720896
1446641972165238787
1446642091568758788
1446642591466876928
1446643731478704128
1446644177115090944
1446644209197350915
1446644532972380161
1446645105159409664
1446645226618036226
1446645410320171013
1446647318128697346
1446647689169408002
1446647843351982084
1446647845122031618
1446648420249190402
1446648767780847616
1446649111306932226
1446649129896079360
1446649132148355080
1446649135398993923
1446649897642463234
1446650131923808259
1446650179537358854
1446650638822100993
1446651070541795328
1446651401933758466
1446651466471649283
1446651499891683335
1446651528857538560
1446651574760062977
1446653067127001091
1446653230293737473
1446654281415753729
1446654542938992641
1446654875379507202
1446655336589369345
1446655416557916162
1446655909040586759
1446656566573207554
1446656610676273153
1446656769082658817
1446656980022530049
1446657061991829504
1446657111463657472
1446657227478081536
1446657273577623560
1446657820519108608
1446657930850406401
1446658167790735363
1446658205656829957
1446658333629366272
1446658730372657155
1446659150545440772
1446659293168619520
1446659578049941508
1446659924914630657
1446660610775601154
1446660613661286400
1446660894943956993
1446661049868963847
1446661081556918272
1446661147839528964
1446661147902447616
1446661198473154562
1446661281935609857
1446661448231358465
1446661753207619587
1446662061396664325
1446662191696859136
1446662539031445506
1446663049486602244
1446663135843082247
1446663138514911236
1446663475267129345
1446663484524040193
1446663699616321543
1446663721837740040
1446663814913560579
1446663914645704706
1446664048494333954
1446664155742703621
1446664258842812419
1446664323007344640
1446664319815487488
1446664520848461828
1446664924906725382
1446664981236240384
1446665089415745542
1446665160324571140
1446665189978357763
1446665194587910153
1446665342483251206
1446665381435699206
1446665482636042245
1446665518174203907
1446665591285170180
1446666138004324354
1446666154445971457
1446666769062457346
1446666859122622472
1446666951560810497
1446667191407939584
1446667279022755841
1446667396027064322
1446667543557525509
1446667554831802378
1446667834755403782
1446667848760246273
1446668005564289027
1446668130323886081
1446668336054431749
1446668416249516034
1446668422893342721
1446668445945237505
1446668723335544834
1446669218053644288
1446669455476486148
1446669765393612800
1446670032130306055
1446670714459746304
1446670947990208512
1446671085311643648
1446671096439197696
1446671391126745092
1446671469119901708
1446671809684799488
1446671840018010117
1446672009165881345
1446672019924340739
1446672022692454407
1446672089348411393
1446672184978460679
1446672292705026055
1446672585941344256
1446672639427104769
1446672802317172738
1446672982475116553
1446673384947916809
1446673487481901061
1446673573406384132
1446673632286048256
1446673673738285057
1446673990714421253
1446674021517381635
1446674061635907584
1446674093676269574
1446674191655182342
1446674193945280516
1446674359247007755
1446674451144138755
1446674561508904965
1446674654412693508
1446675286460796928
1446675303942684672
1446675360632868865
1446675500663930882
1446675540052639745
1446675569786060800
1446675643538628608
1446675741182103557
1446676451038679048
1446676747957665801
1446676964954148869
1446676970083733504
1446677244097622024
1446677367276011523
1446677481491107841
1446677920299188224
1446678006806695938
1446678022568906754
1446678059017379841
1446678142228303872
1446678202823307267
1446678428535582720
1446678529647661058
1446678702524354560
1446678776432107545
1446678778244059137
1446678887878987779
1446679332689113091
1446679430286352389
1446679434791059460
1446679581075775492
1446679590978539521
1446679697560014851
1446679751230468100
1446679788169560064
1446680010903851011
1446680020001329159
1446680032055754757
1446680443449798662
1446680576782737411
1446680816952635395
1446681043944161283
1446681209874960386
1446681311129702400
1446681317974831106
1446681316464857089
1446681345522946055
1446681515702644745
1446681607901827074
1446681883044036609
1446682097364594691
1446682163034746883
1446682217384538119
1446682855573057541
1446683378342785031
1446683415609184266
1446683592055091200
1446683616407285761
1446683773655937025
1446684034126409729
1446684121418268675
1446684365715480581
1446684520845959173
1446684938158231554
1446684948665044995
1446685315964440580
1446685390144901121
1446685765199532035
1446685929100374018
1446685988743303169
1446686151205539841
1446686234001039363
1446686586708496389
1446686721865707523
1446686776282648579
1446687069313515530
1446687070257225733
1446687304962084864
1446687449577496580
1446687994623283200
1446688018689978368
1446688035140096003
1446688151938863104
1446688376107646980
1446688927381798921
1446689040661553157
1446689103194431490
1446689261160321027
1446689514370392067
1446689541230759943
1446689833452142592
1446690062779879426
1446690072426803201
1446690581611122692
1446690588355555328
1446690621628899328
1446691141605158913
1446691283712425986
1446691904465240072
1446692355873062913
1446692429562667008
1446692781494136836
1446692888927035396
1446693091176370181
1446693258881499138
1446693364846317574
1446693816728055810
1446694241397186561
1446695011173552128
1446695588003647490
1446695815062319108
1446696469277261825
1446696699464863745
1446696761037246474
1446697243256315907
1446697250994802691
1446697303406907395
1446697652192641032
1446697697239453697
1446697786779463687
1446697837727674370
1446698004086284293
1446698506949959681
1446698899712868354
1446699352819310592
1446699796757164032
1446700016525922304
1446700138416656385
1446700347385257991
1446701191824609280
1446701417436041216
1446701486583398400
1446701888896843776
1446701964805517316
1446702110888763392
1446702118430076933
1446702127229796353
1446702345790779394
1446702627434090501
1446702767440007171
1446702793700495362
1446703424381145089
1446703693177319424
1446704322096418818
1446704414849335299
1446704656759996420
1446704746148941833
1446704752381739018
1446704979264385029
1446705470828265479
1446706042121822211
1446706097079738369
1446706498936004609
1446707099442966531
1446707121492430852
1446707436702683137
1446708008369549312
1446708066397786114
1446708366131150852
1446708657115201540
1446708924242006020
1446709188969762822
1446709257005531142
1446709331433431044
1446709899358982145
1446709916870197249
1446710124152692737
1446710134634278915
1446710778841677826
1446710798370304007
1446711026825641994
1446711634924216324
1446711952466530304
1446712036562374662
1446712334391468032
1446713363954683908
1446713658537496578
1446713822232731652
1446713976688021507
1446714102353575955
1446714171656052742
1446714235476594693
1446714629267279875
1446714913641009157
1446715040187371520
1446715088241512452
1446715117542920192
1446715357863964677
1446715607529902084
1446715985856122882
1446716181302239232
1446716268266938370
1446716389788557316
1446716551487361024
1446716580621000707
1446716689106624513
1446716695582687240
1446716694026604547
1446717086387036162
1446717109929594880
1446717841445507078
1446718554703679490
1446718793921679365
1446719290778943499
1446719529497755650
1446719576809426944
1446719681025376258
1446719688684101632
1446719732934053892
1446719750839537668
1446719825649168384
1446719849170829315
1446719894037282816
1446719915319123970
1446719936500432896
1446720222707130369
1446720342970408966
1446720358116048896
1446720445294604294
1446721227238756352
1446721324299141121
1446721476980195329
1446721834708131841
1446722158189682688
1446722340516032512
1446722409382363136
1446723240416612354
1446723602091364356
1446723795826315268
1446723939506343937
1446724007072436225
1446724390008197125
1446724790853595136
1446725697238552578
1446725828838973443
1446725931897274372
1446726090861338624
1446726395787300865
1446726557381185536
1446726693507399685
1446726928958832644
1446727153463091201
1446727401367506945
1446727741311750149
1446728071717920771
1446728205860106243
1446728341722001412
1446728582890344451
1446728955457798145
1446729329879044100
1446729671077351426
1446729798483542019
1446730628989210626
1446731048117682176
1446731937402408963
1446732007472435202
1446732192420298752
1446732515218116612
1446732544494346242
1446732571233198080
1446732652157886464
1446732753936924672
1446733144833474564
1446733373372731397
1446733596472102912
1446733603535085573
1446733616185233409
1446733635701334021
1446734086467309568
1446734116876009478
1446734824643854338
1446735825840926725
1446735915905261569
1446736069001551876
1446736234487836674
1446736931832799234
1446737452400480260
1446738249364373506
1446738439932547072
1446738753137963011
1446738876546969603
1446738873199984649
1446739223101464576
1446739367389646849
1446739495018135557
1446739774648115204
1446739816289165312
1446739940671311874
1446740016793735168
1446740070229164041
1446740325658075138
1446740367605260290
1446740369379446785
1446740374899150852
1446740499683893261
1446740551282282496
1446740795105558534
1446741079739408389
1446741326368673792
1446741417636679681
1446741526072082436
1446742205020790791
1446742267109289984
1446742478384549888
1446742908980314113
1446742945139511296
1446742946783502337
1446743218859565058
1446744292123316225
1446744492522889225
1446745099182829570
1446745179310813187
1446745235216687109
1446745289130340353
1446745418742710277
1446745683940155401
1446746005613940740
1446746925336719366
1446747076826583041
1446747178131542016
1446747254816010240
1446747264026877953
1446747555241467907
1446747815841910787
1446747826747174918
1446748176598253569
1446748455670411265
1446748526399131648
1446748965039312896
1446749076058304516
1446749118081032193
1446749160556810241
1446749205511303168
1446749425645150216
1446749721423335428
1446749937954279427
1446750377429266440
1446750659198414848
1446751385647661065
1446751527079710721
1446751650824269827
1446751743505694721
1446752302123995140
1446752474702831618
1446752637160869888
1446752748888723456
1446753351954100228
1446753771392888832
1446753840024330241
1446753899742785539
1446753945624342530
1446754030730940420
1446754107893510144
1446754169302306826
1446754274550059012
1446754786880069634
1446754808354918400
1446754807654469634
1446754965272227841
1446755111217156098
1446755638755823619
1446755676676497409
1446755804422443017
1446755922282303490
1446756564656816130
1446756576891584523
1446756716440289281
1446756980064808961
1446757525622300673
1446758047473278983
1446758360305463301
1446759112197296129
1446759266241548288
1446759352958808064
1446759402933927943
1446759470973919234
1446759560660721664
1446759658945843200
1446759848268505092
1446760222408601610
1446760229492838405
1446760361705705472
1446760693055721472
1446761661394677761
1446761723881353217
1446762000072073228
1446762179173126147
1446762206381576192
1446762361763762180
1446762463748186113
1446762657906790400
1446763211026432004
1446763247206424576
1446763783599247364
1446763848711618564
1446764207685267462
1446764337402564609
1446764508374921220
1446764512904826885
1446764821593001986
1446764956620234757
1446764968515280903
1446765511463686147
1446765561933754377
1446765632851111936
1446765660437041156
1446765825294155777
1446765872966561793
1446765889106309126
1446765957918048261
1446766067842355201
1446766273392566272
1446766429655633920
1446766501290123265
1446766587583746056
1446767156922699782
1446767204192583680
1446767568619020289
1446767642170171392
1446767704656867328
1446767722562347010
1446767882898067457
1446767887381766144
1446768131309850636
1446768890776797184
1446769021295099912
1446769385335504900
1446769462431076362
1446769981228675073
1446770165190852610
1446770270887239683
1446770751726440448
1446770776527437830
1446771177767280641
1446771208033161217
1446771242560753666
1446771462447108101
1446771490632830977
1446771592445317128
1446771858104225797
1446771861040230405
1446772121359716355
1446772232965947396
1446772336552648705
1446772978180505604
1446773086884442114
1446773188713537540
1446773436789891079
1446773590200705024
1446773656948854788
1446773696048222220
1446773823311802371
1446774461538062337
1446774699862626308
1446775514438385668
1446775823743213569
1446776390460739585
1446776496522100739
1446776893919744000
1446776934956875783
1446776945690042368
1446777173516374018
1446777177882521601
1446777468044546050
1446778110507032583
1446778221907771397
1446779070260207619
1446779501518589953
1446780194891579398
1446780306195763203
1446781218951892992
1446781496111423489
1446781534048948224
1446781630857711625
1446781765977182208
1446781768590258182
1446782028930682880
1446782119120760834
1446782339254652935
1446782499678478337
1446782510453563393
1446782602317217798
1446783584224743424
1446783651392331782
1446783729943285768
1446784024286957575
1446784084168953860
1446784196941271045
1446784525992816645
1446784727289978883
1446784865383239680
1446784884458999812
1446785308217937930
1446785534374735876
1446786357561475075
1446786509261008898
1446786880649904130
1446787001638789123
1446787325623554054
1446787334079279104
1446787573670551560
1446787970434928651
1446788146759290884
1446788296995000326
1446788365559361541
1446788412606795781
1446788782062071808
1446788883945955333
1446789305570103299
1446789464286658560
1446789822387871748
1446789835243474949
1446790360374546433
1446790429471510530
1446790498002243589
1446790776571121665
1446791205296037888
1446791380748017666
1446791505838960643
1446791794478358535
1446791821313466375
1446792687345045512
1446792957990895621
1446792980669468675
1446793125716914184
1446793954628829185
1446794127195049989
1446794219629252611
1446794838968451076
1446795069093150722
1446795398824087557
1446795557255606272
1446796331649953794
1446796901307748353
1446797128550944770
1446797264626745346
1446797280002994185
1446797449188675590
1446797495757991939
1446797660308996099
1446797739073806336
1446798132059127811
1446798264473305091
1446798639901274112
1446799563935780866
1446800291026800642
1446800516621619205
1446800707709898754
1446800767759777797
1446800996437348355
1446801621980114947
1446802058414227462
1446802606366416899
1446802642210934792
1446802863347228672
1446802884021022726
1446802947594096640
1446803705475465219
1446803781610508290
1446803812522418184
1446803830654390273
1446804995794427904
1446805753835130886
1446806466178945028
1446806656369655811
1446806678318432256
1446806765266300928
1446806892202782723
1446806896946528257
1446806900163559428
1446807126823763970
1446807385348063237
1446807658187665411
1446807665963794432
1446807797593636865
1446808016968290310
1446808630255255560
1446808690544111619
1446808824401186822
1446808845087506434
1446809087736303618
1446809187384659972
1446809226836262924
1446809247505797127
1446809252023070722
1446809312739807240
1446809486832783369
1446809605405696003
1446809888152186880
1446809973988548608
1446810078430990341
1446810190574018564
1446810228503179268
1446810359734562820
1446810411978817543
1446810886522355718
1446811125601869827
1446811179192659968
1446811462194761740
1446811781003980803
1446811874469707782
1446811946737549332
1446811967772004355
1446812017336061966
1446812065218191367
1446812106389528580
1446812129206566913
1446812180024676355
1446812260739944449
1446812293568757762
1446812321477640197
1446812325944586245
1446812343178981389
1446812391254097920
1446812412858945544
1446812413240623112
1446812448653123584
1446813029769773060
1446813228000956417
1446813264877264901
1446813422956343304
1446813431596650498
1446813441721712647
1446813761419890689
1446813879212797962
1446814251352395776
1446814597160177675
1446815405314478081
1446815554988220419
1446815644406595596
1446815778917945345
1446816076910632969
1446816474098720772
1446816578415304709
1446816582093590531
1446816868438736898
1446817080662056967
1446817636822646786
1446817647144824832
1446817665285177347
1446817706175467525
1446817722483027968
1446817737414623238
1446817738186317827
1446817927710212099
1446818163010666504
1446818219554082817
1446818332498227209
1446818340303880193
1446818602594623493
1446818619468369924
1446818811936530432
1446818980757327875
1446819100676661252
1446819197179232257
1446819210240294912
1446819421192790018
1446819853935861770
1446820107540262915
1446820104881119233
1446820146538893313
1446820193292877832
1446820198367981571
1446820248406134784
1446820393449259009
1446821436383895552
1446821585382301714
1446821713015017473
1446821774709039116
1446821785127686148
1446821917000830977
1446821959992426501
1446822370090520582
1446823273170231303
1446823470143180809
1446823832325484545
1446824077692321793
1446824285704646657
1446824435617435651
1446824462209335300
1446824617138556929
1446824868385751041
1446824877332189190
1446824906612637707
1446825004667076614
1446825748493340680
1446825771926917123
1446826559894024200
1446826659626192898
1446826860155858944
1446826945614778376
1446827003282292739
1446827014162305029
1446827019325431815
1446827063332114435
1446827162938470410
1446827173243863040
1446827253950660618
1446827259424243713
1446827390169059344
1446827588068929546
1446827799038287881
1446827946862280704
1446828072594935819
1446828125875175425
1446828164991250434
1446828213456367619
1446828608673095681
1446828797077065732
1446828955718144000
1446829583949451264
1446829874975428617
1446830037659914244
1446830182749261827
1446830556872912906
1446830579543015438
1446831007659823107
1446831073581694986
1446831142221467654
1446831144612159498
1446831213180719107
1446831389911879680
1446831588126380032
1446831641003921410
1446832225585008640
1446832406640545793
1446832614212468736
1446832642809233413
1446832651160064007
1446832823696977932
1446832881259585539
1446832955993645058
1446833162961571844
1446833253466324993
1446833343895465989
1446833377634439169
1446833419191676929
1446833420022075396
1446833462233600005
1446833527656353800
1446834090540290051
1446834168214659077
1446834298158415872
1446834478945484802
1446834515461115913
1446834758579744774
1446834804108890116
1446835179889192967
1446835545703792647
1446835554243334151
1446835586761773062
1446836011418324997
1446836026643681282
1446836260195082241
1446836825079771139
1446837451360661511
1446837532725968898
1446837662753570819
1446837757410643969
1446837948771569667
1446838108708761601
1446838231366995978
1446838526109097986
1446838539392466949
1446838792606740487
1446838975516209157
1446839237228306437
1446839459647868935
1446839554711896066
1446839808047808512
1446840134276501512
1446840403769143299
1446840431006810117
1446840491937394688
1446840554487042050
1446840766165176323
1446840862499958786
1446840906926206976
1446841539682975747
1446841830918672389
1446842069494812674
1446842085387083778
1446842110288617481
1446842116118704132
1446842520290217986
1446842644236177412
1446842645972541445
1446842861891194889
1446842914332545025
1446842964580265989
1446843035069734914
1446843117395611655
1446843654216114177
1446843851830820867
1446843954897428487
1446844309534220306
1446845033840209931
1446845161800044552
1446845781193867271
1446845901662666759
1446845942808788993
1446846029630820359
1446846131388833796
1446846225932689409
1446846579416055822
1446846710093733888
1446846768189034497
1446847117734006788
1446847288949690369
1446847319370973193
1446847432956923907
1446847442285056001
1446847695725871109
1446847923031928834
1446848124517969920
1446848128162824192
1446848167010451457
1446848203765157893
1446848232840073220
1446848476218757128
1446848573186854915
1446848848698097668
1446848887742816260
1446849108275257348
1446849360935854086
1446849729761923073
1446850509613125634
1446850719152099330
1446850896810315781
1446851435056955394
1446851675944153090
1446851804092792832
1446852136080318465
1446852326359121923
1446852362568560644
1446852470316044290
1446852540650319878
1446852843789426688
1446852918963961862
1446853211675971585
1446853407784914947
1446853893120421896
1446853909373358084
1446853930869305344
1446854184481935363
1446855023514644482
1446855820092723202
1446856873450242048
1446857216464592897
1446857283632308225
1446857367149166595
1446857388041007104
1446858566007021577
1446859640424189953
1446860006888919044
1446860431583186945
1446860981888446464
1446861031033040899
1446861060267335683
1446861663332929539
1446861734992486400
1446861935756988417
1446862653985460224
1446862670683017216
1446862787880243208
1446863391100850180
1446863475376939010
1446863712573296648
1446863777513705475
1446865268488085505
1446865685968146432
1446865916021542915
1446866031004110849
1446866285380313088
1446866293605355525
1446866565715009542
1446866589438156801
1446867165815001091
1446867240624668674
1446867465737162753
1446867728531263488
1446868081360392194
1446868281747378178
1446868420163608576
1446868475037683716
1446868533644644362
1446868540892454912
1446868819708768267
1446869520061132805
1446869538155339781
1446869700902731777
1446870085725876226
1446870099915272198
1446870511955238915
1446870832400134148
1446871198738960391
1446871456017571848
1446871929697148931
1446872050568552451
1446872096517210112
1446873464732729347
1446873850210185224
1446874497735294980
1446874548729630731
1446874850631376897
1446874969112150018
1446875065782452226
1446875788234477568
1446875999233138690
1446876397905932289
1446876904653418500
1446877597124546560
1446877835474341890
1446877956551233545
1446877999307976704
1446878351721783296
1446878385594978307
1446878434362155010
1446878933064957959
1446879105723502594
1446879175030108165
1446879792398098438
1446879845619671043
1446879852691288066
1446880340170002436
1446881384279072775
1446881851977601031
1446881877172752389
1446881916364357632
1446882007892463618
1446883026365865984
1446883703272001545
1446883761212170252
1446884417977282562
1446884581550870536
1446885163569270784
1446885767150653441
1446886015440883714
1446887162864013312
1446887312781049858
1446887691530895363
1446888290678763522
1446889136661544960
1446889652309278724
1446890438091149312
1446890608518262787
1446891751503917058
1446892838189473794
1446893229857599491
1446894433597857792
1446894861425287172
1446894903104049155
1446895068451721216
1446895747102752769
1446896131305132032
1446896616720384016
1446896971252264963
1446897137061482499
1446897330930679813
1446899038612197377
1446900809237622784
1446901628020281347
1446902419548303361
1446904009390886914
1446904306427330560
1446904560627302407
1446904925812760576
1446906695892885508
1446908190457831425
1446909020468498434
1446909481254748164
1446909694333767681
1446910230013505536
1446911982913744898
1446912825478184962
1446913409623068672
1446914608409636866
1446916887527444480
1446918249833066496
1446918824121360385
1446919261146914821
1446920364379021314
1446921299465359366
1446926447877185538
1446926837481984008
1446927205712334850
1446929231900917761
1446929241153556482
1446933070372753409
1446935004110413825
1446936691713970176
1446937732987637761
1446939857385787393
1446944999946346497
1446946658441318401
1446946984682610690
1446951153472716801
1446951227636346881
1446952230674780162
1446953645497458692
1446961187757772801
1446961516146683905
1446963079929946113
1446964163658592256
1446964200035610627
1446964540218900484
1446964938761662466
1446965707950809088
1446966401697075204
1446969516240478210
1446969990956027905
1446970129615519750
1446970379575037952
1446970966488195072
1446971192309518337
1446971428574662657
1446972303263236096
1446972468195774466
1446972541755543552
1446973320155389956
1446973699802886150
1446973875376443394
1446974193405362178
1446974221503000578
1446974335806148608
1446974415070121988
1446974524373692416
1446974727075950596
1446974928243204099
1446975196712214531
1446975227976568835
1446976281111764997
1446977131355852800
1446977469941047299
1446978780044529669
1446979389103620096
1446979809943322624
1446981043186126851
1446981220596731908
1446982054982283265
1446982205528444931
1446982567979147264
1446982964777082882
1446983326552625160
1446984164109000705
1446984856924160001
1446985706543353861
1446985849904590848
1446985910503964673
1446985972965683203
1446986529310605313
1446986560994299904
1446986952939425795
1446987098272063489
1446987298571046913
1446987476132720643
1446987788352585732
1446987947270545408
1446988283049742337
1446988382576414720
1446988541813092360