1437931113607925762
1437972709296656384
1438063712322002950
1438118190052085762
1438291355273469963
1437930675085008899
1437930909555048452
1437936721375596545
1437937504603107329
1437939892642738176
1437941081534971904
1437943656850198529
1437950338439344129
1437953594930524162
1437955245338869762
1437958016347770880
1437960673510641669
1437961115351216136
1437964235225513985
1437964310941089793
1437964315294781440
1437964313369612289
1437964320462098432
1437964323037401092
1437964328188088322
1437964335926546434
1437964353580331010
1437964351789408259
1437964355325157376
1437965246300184578
1437965742142464001
1437965913899237380
1437966278988206083
1437966446496141312
1437966552108699651
1437967111695994881
1437967132772364295
1437967485844688902
1437969052673007616
1437969738383052800
1437970425598726144
1437971645335957505
1437974208278003714
1437974465908903938
1437975520113688576
1437977113726836737
1437977483425370116
1437980699764551684
1437980821680320512
1437982095385628674
1437983158750760961
1437983845752524801
1437983865075757058
1437983974287036418
1437983980595286019
1437984013860302848
1437984147591471111
1437984201546944513
1437987178970288128
1437988347780108288
1437989299094392834
1437990576683552769
1437992374693601280
1437993171095474178
1437995973620293636
1437996076968013825
1437998374494474243
1438000882960928772
1438002076659773446
1438004566675509249
1438004579979849728
1438009075095064576
1438015449061421057
1438016066144194563
1438016518676094986
1438016560308752384
1438016563160834048
1438019045886861315
1438025259056197633
1438025491781275654
1438025955830689793
1438027227128418304
1438028169605365761
1438030788394553344
1438031045299867648
1438031121606868998
1438033137921978371
1438033544182304777
1438033575492816897
1438034415238582272
1438034800980287489
1438034856349290498
1438035000465625088
1438036483827388419
1438036687003607043
1438036807485038594
1438038746604072961
1438038988481253378
1438039004352598016
1438039025256894475
1438039034048172032
1438039039911895043
1438039054579388422
1438041311865552901
1438042031217995777
1438044421908353025
1438045318344437760
1438045742971584515
1438046178453516288
1438046434247385091
1438047186873307140
1438048690514509824
1438048790099808260
1438049869877235713
1438049916928987139
1438049994708172803
1438051498211094531
1438051966991568899
1438052069609410564
1438053349580959746
1438053666296979460
1438054983560142848
1438055501858631682
1438057520489111557
1438058019799982082
1438059668786409472
1438059838521569281
1438061072242511885
1438061631200587777
1438063535133642757
1438064048856133635
1438064370462781442
1438064829407789057
1438065361509916680
1438066116492996609
1438066430323269637
1438066883920498689
1438070150612217861
1438070554309775362
1438070557598121990
1438070593375535110
1438071652319838209
1438072817245851648
1438072953913020422
1438073032237621249
1438073632954200064
1438073696023764994
1438074128511164418
1438074202762870789
1438074204864147457
1438074277123608576
1438075151149535239
1438076099032862722
1438076204897034240
1438077318367350788
1438077762577649671
1438080392565714944
1438081103366000642
1438081300070420487
1438082461976588290
1438083600214159366
1438084063672209409
1438084139605917696
1438084252143210502
1438085907211382788
1438086031706771459
1438086601595228160
1438086994840612865
1438087378657103879
1438087761332891648
1438088884353601538
1438088911620751362
1438090388942639108
1438090549089558531
1438090837682917377
1438090907618668545
1438092025648218112
1438092081285664768
1438093353904574469
1438093593755803648
1438094096690606081
1438095841152045059
1438095951743176709
1438096809193136134
1438097587601506304
1438097853268705281
1438098388541530117
1438098748396105729
1438099762188742661
1438099968741548034
1438100160106545162
1438100882105663490
1438101367239761922
1438104911174987779
1438106118291558406
1438106270481870852
1438106761039253506
1438107597408641031
1438108787504672778
1438108938050756612
1438109099023949827
1438109582207848450
1438110270962864132
1438110823575015433
1438110915354763272
1438112252956065793
1438112836199145474
1438114268285583361
1438114578093645824
1438115010958397440
1438116678848577538
1438117244555366402
1438117370766102533
1438118151741317128
1438118438086471680
1438118764692721666
1438119032935223299
1438119223645986821
1438119239462768652
1438119945108295680
1438120328857669640
1438121876237131789
1438122636169474049
1438123269610033157
1438123277172424705
1438123435956211720
1438123661756534790
1438124228142776320
1438124300184088578
1438124700199124992
1438125890592919554
1438126131262099464
1438127168647696385
1438127240630308877
1438130609952473088
1438131020939739136
1438131167010586624
1438131868545683464
1438132185224024065
1438132590230134785
1438132685356949505
1438133135711957003
1438133517683093506
1438133593004396545
1438134286092148739
1438136132206678018
1438136650400354311
1438136658403094531
1438137187296432129
1438137264748392448
1438139409581305857
1438140112915742724
1438140595088678914
1438141509602217987
1438143734382678019
1438144622694334464
1438145200816214020
1438147038038740992
1438147307921313793
1438149202794541065
1438150173536915461
1438150433554403328
1438150761834180611
1438151109319688194
1438153281616764930
1438153673020887040
1438153752091922432
1438154137556819975
1438154213477945351
1438155280836034562
1438157001494720518
1438158385895985154
1438158945177128973
1438158986419720193
1438159170872635397
1438159353651990531
1438159666492710921
1438159808884998145
1438160328257277956
1438161112118140931
1438161649014226950
1438161673169166338
1438161839016210437
1438161863032795138
1438162543525056515
1438162763407265792
1438163900906622980
1438165220631875596
1438165812129435652
1438165993700806660
1438167141484617728
1438169694213574656
1438169968621723652
1438170753913004036
1438171008632905734
1438172209973841924
1438173083425144835
1438173242296991748
1438175043700199430
1438175639853355012
1438177157348421636
1438179047624769543
1438179243637100551
1438179390949449729
1438181236522975234
1438185066342068224
1438189072304902146
1438189692650852352
1438189759281520641
1438191226570768386
1438191371269984258
1438192856058023940
1438194622631591937
1438195987403575298
1438206003485442052
1438206124252176392
1438207014195261440
1438207064807936000
1438224323869818882
1438239903930798087
1438266740568326145
1438267277455937539
1438270545200496640
1438273024805924865
1438273863415054337
1438278836702093313
1438280188148817926
1438283533538131970
1438283538932006912
1438283558007758851
1438285530958114820
1438285986312589323
1438287467317055488
1438287567275708416
1438289071973945344
1438289497788088321
1438290308945616897
1438291084757581825
1437929253048258561
1437929270102220802
1437929999227449350
1437930333253500928
1437930943554015235
1437931364720906243
1437931383519793153
1437932732219211776
1437935151569268736
1437935457833086978
1437936423005405185
1437936889080647682
1437937743712034820
1437937750087323650
1437937832937463808
1437938526700535809
1437938617209417731
1437938636989759488
1437938984852725762
1437939724899926019
1437939784903643138
1437940655217541123
1437941013327220739
1437941562533548033
1437941758269161472
1437946080071589888
1437946273458372609
1437946321780953088
1437946450634108928
1437946487883776005
1437946774732242947
1437946794810376194
1437947024851169280
1437947930141356033
1437948288850792449
1437948618284015618
1437949350945062912
1437949357991477249
1437949951305076736
1437950459860316160
1437951536093564929
1437951945625333760
1437952646954971138
1437953029991329792
1437953192084447236
1437953209201348610
1437953711834234882
1437954200248279041
1437954563487592450
1437954891083776005
1437954994498641922
1437956266387640325
1437956362651066370
1437957477656449024
1437959111941918721
1437959575869661184
1437959839913689089
1437960171838267392
1437961406612078596
1437961624577404929
1437961781989625861
1437962617205657600
1437962751956058112
1437962813729767429
1437963186993434628
1437963515055132673
1437964269799178241
1437964813565509633
1437965025809866753
1437965344476315650
1437965392287305731
1437965650832416772
1437965807607189504
1437965989564407809
1437966324714524674
1437966360181493761
1437967328335982594
1437967527691231232
1437968216446300164
1437968235933044736
1437968707620257794
1437969351932473348
1437969636046245888
1437970344325750785
1437971505497849867
1437971671663595526
1437972427418468352
1437972718675103745
1437973113124233221
1437973237061718018
1437973347267059712
1437973465944846337
1437974454785634308
1437974703725944833
1437974944416026624
1437975198783787009
1437975449120886786
1437975752868196352
1437976050152079367
1437976374443008000
1437976664827256837
1437977113185775618
1437977491600068608
1437977578376032258
1437978304623964162
1437978565845282819
1437979467310264323
1437979693697753088
1437979773288869895
1437980241494904834
1437981823645077504
1437982027886649344
1437982519333249025
1437983886462554112
1437984266437021696
1437984997600681992
1437987034770010112
1437988308668207110
1437988578215165952
1437989592272093192
1437989648790212608
1437989648257753088
1437990143240015873
1437990491392331776
1437991682495029251
1437992010892267522
1437992193780637701
1437992312546619392
1437992619410288643
1437992629531144192
1437993246014128129
1437993296320610304
1437993905509658624
1437993974162022400
1437995896961048576
1437996848673746945
1437996915191341058
1437997184373248003
1437997359800074241
1437997393312501769
1437998606489845765
1437998664224428032
1437999252634943488
1437999300525445121
1437999610035781634
1438000157769928704
1438000305409454083
1438000885418786816
1438001861924061187
1438003066473570306
1438003406539395078
1438003551473594373
1438004151028359168
1438004606139731971
1438004656362463237
1438005103630319617
1438007375542194177
1438007630337757189
1438008266970124290
1438008398927183872
1438008500609712134
1438008737415852038
1438008739311722498
1438008873437188096
1438008977816645638
1438009049753145344
1438009674498932743
1438010163835768832
1438010375069442057
1438010614312366081
1438011183139721219
1438011428951126017
1438012140044963841
1438012770700574721
1438013180811169794
1438013708039458823
1438013929452572675
1438014060063199234
1438014227768246273
1438014559558660101
1438015571107270656
1438015843510587392
1438015900670574593
1438016969656078337
1438017343444041728
1438017984350470144
1438018033436401664
1438018894883541002
1438019257938300930
1438019649329721348
1438021064106254339
1438021654358028288
1438021889310355458
1438022273684815872
1438022768734449668
1438023019645976579
1438023216102981637
1438023763887493120
1438023882120728581
1438024411928432643
1438024647216287745
1438024872999809026
1438025640855228416
1438026416512135169
1438026754287759366
1438027794856833026
1438028542281875459
1438028553166082050
1438029055597572098
1438029221423583233
1438029709128859651
1438029782290092032
1438030028344684544
1438030355299123202
1438030834548625410
1438031323994595330
1438031859925983233
1438031863889612803
1438032913556250625
1438033125930508291
1438033850588753920
1438033866699120641
1438034335509069834
1438034458427281408
1438034944316502017
1438035120766603266
1438035140869963776
1438035207513206784
1438035444273336322
1438035601823961090
1438035616134955011
1438036086035402760
1438036115571634176
1438036325949587456
1438036482623639561
1438036670452957185
1438036672466210816
1438037505723359235
1438037623398830086
1438037952857210883
1438038366608519174
1438038383616352256
1438039395416752129
1438041471563677698
1438041715005329413
1438041757602619397
1438041974511071236
1438042252408852483
1438042374358192131
1438042844934008832
1438043326750466048
1438043459114389508
1438044591060520965
1438044733331230723
1438044799907467266
1438044892496740352
1438044909383028736
1438045294181060614
1438045304687714304
1438045381623836674
1438045460321615874
1438045518987292675
1438045582451306508
1438045782934888448
1438046076221620225
1438046592217477126
1438047029976977412
1438047103406669824
1438047184759365634
1438047188307755011
1438047538813145089
1438048070822891520
1438048554149236739
1438049018173554688
1438049597499215873
1438050338402041857
1438051109889720322
1438051602896543744
1438051779162218496
1438052446366941188
1438052711824433154
1438052997607555072
1438053512718393344
1438053965053116422
1438053968630870016
1438055042813071362
1438055123305992198
1438056186599788546
1438056606021812232
1438056665023062016
1438056940630790146
1438057428159905792
1438057692652736516
1438057808277094401
1438059028517511175
1438059301914877953
1438059497319124992
1438060709200285696
1438060940260360195
1438061471930400783
1438061807734755330
1438061994599276545
1438062174937571329
1438062892855693312
1438063294946836482
1438063326571819011
1438063983789936640
1438064215860731905
1438065194949771264
1438065300616843265
1438066163389403140
1438066544982958082
1438067439380484099
1438067661410168833
1438068351314513927
1438068614729383940
1438069763347869697
1438069900711395331
1438071095832158211
1438071111900545025
1438071920168112133
1438073141310287872
1438073225632567296
1438073863124910080
1438073946096615426
1438074625703903232
1438074713561985024
1438075496101675012
1438075575768256513
1438075704382427136
1438075720987668482
1438076566685163523
1438077526643916805
1438078437952933888
1438079750510034945
1438079857594822657
1438080025522098176
1438080158326423555
1438080386270052361
1438081507785011203
1438081532346859523
1438081693538140162
1438082781322432519
1438083327861268489
1438083359276613632
1438084014829494274
1438084504283795461
1438084646550396929
1438084875785945092
1438085934394662913
1438086445042790405
1438088186392104963
1438089764075302914
1438091292534210561
1438091353477550083
1438092607368744962
1438092658673524738
1438093017823334406
1438093449966731264
1438093746009116679
1438094537499496452
1438095132717244421
1438095144545243136
1438095475589070848
1438095660377542657
1438095873695621123
1438095911977062406
1438096052653998080
1438096280681549824
1438097160289935362
1438097160440987649
1438097189503307779
1438098272409714691
1438098336444149765
1438098871687598085
1438099010141634566
1438099351339864067
1438099442746281991
1438099953939738626
1438099980464521220
1438100029072281604
1438100247197016066
1438100593692741633
1438100727260323844
1438100785766625280
1438101063597318145
1438101814151241730
1438101862230626308
1438102303089643521
1438102631382065157
1438103143892459521
1438104131508473861
1438104745890041862
1438104878220341250
1438105323554828292
1438106300127219712
1438106740843712513
1438106868295950336
1438107016900218880
1438107613074374656
1438107790661144579
1438107989936771073
1438108164205920256
1438108270963486722
1438108294267109380
1438108579035111424
1438109365970477063
1438109666462953472
1438111069700907009
1438111077347123200
1438111258105032710
1438111431602229250
1438111657780187141
1438111681901514757
1438112075813777412
1438112353665441794
1438112469776363523
1438112565377179648
1438113191993610246
1438113655183134720
1438113781469495296
1438113976605237248
1438114064752791560
1438114615091552261
1438114932843712512
1438116114517540866
1438116220956397573
1438116708460347392
1438116987696128001
1438117006939676676
1438117599657672704
1438117954797723653
1438118047257071616
1438118220167217152
1438118379190054917
1438119080347594754
1438119111179988995
1438119666136670209
1438120308259495936
1438120387716411393
1438120882551939081
1438121522506256385
1438122177996333062
1438122392300097536
1438123464854884353
1438124002992480256
1438124962984853507
1438124975546789889
1438125076017082374
1438125599826997250
1438126274816315394
1438126343137366020
1438126618191405059
1438128129084592129
1438128220151246850
1438128609932111872
1438129187215142916
1438129207335292931
1438130115007844353
1438130724381462529
1438130759164837891
1438130839968124938
1438130960592031746
1438131084949012485
1438131236887621633
1438131300653617152
1438131544355311619
1438132379973926917
1438132460659769350
1438132914915446784
1438132999560650761
1438133351328600067
1438134372075401223
1438135804929318913
1438136174934065156
1438136188624195587
1438136505583616007
1438136640870907912
1438136658260467718
1438136790292963332
1438137271253753863
1438137533750145024
1438137546748301316
1438137555157807104
1438137636309241860
1438138292214456329
1438138303732084737
1438138708327239683
1438139470591631370
1438139568876765190
1438139581224783874
1438140094746038276
1438140724692721665
1438140726383022080
1438141032361644037
1438141235613495298
1438143770298519552
1438144916228431872
1438145252183793668
1438145467347439618
1438145943661006849
1438146525310459905
1438146678511394820
1438147498426568704
1438147765788286978
1438147944352342016
1438148321772593153
1438148776519036933
1438149650377183233
1438150121821138949
1438150212409643008
1438150579046404106
1438150889722703873
1438151019477700612
1438151052012900363
1438151499654123521
1438151571477467142
1438151905734119425
1438152250996637697
1438152486792007693
1438152761850281986
1438154395422584834
1438154767130259458
1438155104427778058
1438155347714138117
1438155935319351299
1438155961709969410
1438155972195745796
1438156267009179657
1438156886793097220
1438157206361292807
1438157218394697728
1438157590639169542
1438157659291602947
1438157672755326979
1438157911302172672
1438158158132875272
1438158230144888832
1438158456528142338
1438158524891074567
1438159255777931269
1438159812341075968
1438159919039975425
1438160317419163652
1438160359475408898
1438160397664604164
1438160578619400198
1438161065590677511
1438161153566248966
1438161399985815560
1438161416037433346
1438162293611655168
1438163293793705984
1438163663165149188
1438163757616619522
1438164551254503424
1438164666492993536
1438165219604267015
1438165816004861956
1438166778211811332
1438167049474215944
1438167257864040450
1438167578334040064
1438168069344399362
1438168362920529922
1438168496588820480
1438168875766452226
1438169322728214528
1438169801084473345
1438170497598955520
1438171225583284224
1438171555058491393
1438172034920370178
1438172498479091715
1438172804759777283
1438173092627451906
1438173862030544899
1438174252868407302
1438174806814248960
1438174844969881601
1438175715577319425
1438175760351596546
1438175789892059138
1438175967654993931
1438176276251033600
1438176479435640833
1438176969347141634
1438177306871144450
1438178338854477826
1438178879433183234
1438182262206435328
1438183093261586436
1438183905513910274
1438184531446534145
1438184827736535044
1438186002531504132
1438186112766279682
1438186525225721856
1438186798564331522
1438186908740325377
1438187898147196928
1438188397802053633
1438188727604441089
1438188821426753542
1438189884011806721
1438189898750562305
1438189967377793024
1438189980640104449
1438190083367063553
1438190363693355009
1438190388087443459
1438190661233102850
1438191142172958720
1438192447624941570
1438192524263247875
1438194047412224005
1438195341044563969
1438196508084502528
1438196695800549378
1438199228648493056
1438199445875613697
1438199652558327812
1438203507308314626
1438203759562145792
1438206533695721475
1438206623495778304
1438210293729955845
1438213723554926593
1438213726071504900
1438216537236590592
1438216662520451073
1438217847998533634
1438221898479976452
1438226643189833728
1438227013953671171
1438228337260855296
1438229119347482625
1438230522598023169
1438235981069447170
1438236369961177088
1438237306431827969
1438238050639773697
1438241807406669828
1438242980796583936
1438246792504569856
1438249111023611904
1438249600679297034
1438253734421749765
1438253745846898690
1438265596785807361
1438266698524553216
1438267514337722368
1438268380851621894
1438269025436323840
1438271708050300928
1438273897950892035
1438276429129551872
1438276929971310593
1438276935373582336
1438276933658103813
1438276931695230976
1438276939144261632
1438276937353289736
1438277922855391234
1438277941125844993
1438278076404670465
1438278971695771651
1438281865778155523
1438282365034508293
1438283598893883397
1438285314833862657
1438285942427684869
1438289211241603073
1438289536895766529
1438290060642635776
1438290220319797251
1438290360715800580
1438290406798610433
1438290762764980226