1438684653766856711
1438706027994615816
1438722953055596546
1438765481092022274
1438782663758794759
1438859941402628111
1438654322183741440
1438654670671470592
1438655326295937031
1438655853121314823
1438656447475187714
1438656926498242563
1438658000181338113
1438661621149171714
1438661892990439426
1438662062209585155
1438662386475429888
1438663202431283200
1438663712034852869
1438664194304270338
1438665203911041033
1438666492522893317
1438667419636015105
1438667673194303490
1438667736830283777
1438667990510096388
1438668123264086019
1438668485308006404
1438669154857328644
1438669258813173762
1438669375628709888
1438669422332243973
1438669943898210310
1438670589279961096
1438670603892903937
1438671185122775045
1438671614158114819
1438672477404626950
1438673218038947846
1438673692196704258
1438674248067792899
1438674338471809024
1438674688071241729
1438674723236290561
1438674728487514114
1438674744308473857
1438674743763169283
1438676132342091777
1438676490485329922
1438677376410415111
1438677402993905665
1438677572770951169
1438677994877292550
1438678227422105600
1438678614522810369
1438678820903534593
1438678906735894530
1438679189855473664
1438679453094215683
1438681203226284039
1438681379064086532
1438681886335782912
1438682395054526469
1438682997994131459
1438683359698317312
1438683461540147204
1438683641001873409
1438683742017490949
1438683901879148550
1438683999589699585
1438684018866753536
1438684240011403267
1438684379845386242
1438685077840424962
1438685129958899716
1438685368870572034
1438685773436387328
1438686240249835525
1438687502957568003
1438687722219048962
1438688138583363584
1438688352534818816
1438688637281923081
1438688819214098436
1438689221061931020
1438689688760422405
1438689740966879238
1438691405195448323
1438691566705463302
1438692020621496321
1438692351963140096
1438692390731190283
1438693168711540748
1438693260860411910
1438694167362691074
1438694189047320577
1438694645060366338
1438694738412986374
1438694911428030465
1438695047482904577
1438695494729887745
1438695680701124612
1438695802335993858
1438695912210010118
1438696066166124548
1438696727750463490
1438696956059127812
1438696994168475649
1438697407697481729
1438697541235662858
1438697556565905414
1438697807196479489
1438698151423082500
1438698748595478531
1438699065500307458
1438699293280374790
1438699561678110720
1438699665424195591
1438699742901399553
1438700244716244996
1438700650225750016
1438701316541333504
1438701795275153410
1438701822131138560
1438701849327009794
1438702106475569156
1438702199903641602
1438702455168978947
1438702792353345537
1438703694975881216
1438704514047954949
1438704652426481666
1438704915510038531
1438705315499835392
1438705397439746048
1438705456948473862
1438706250263322624
1438706410510962690
1438706638056165384
1438706980340727812
1438707045591490570
1438707229113270273
1438708463496953859
1438708556912463876
1438708569612845059
1438708688219361281
1438708906256048128
1438708942117347333
1438709016947920898
1438709147470417933
1438709508373504001
1438709969314934787
1438710386719551492
1438710650469900293
1438710743088582664
1438711008806072322
1438711360347525130
1438711445521256449
1438711453381365762
1438711544053862411
1438711864016343043
1438712119290064898
1438712215465431043
1438712238269816837
1438712691925798912
1438712785777541121
1438712829075288070
1438712924277592070
1438713431473807372
1438713878083366912
1438714366598152193
1438714402971156483
1438714414962597891
1438714908678373381
1438715239969611776
1438715259737444354
1438715802920701957
1438715870662905862
1438715876551761923
1438716734387605505
1438716909218762753
1438717023777742850
1438717454495084545
1438717468206272514
1438717764311552010
1438718063638028288
1438718323403866120
1438718337819680769
1438718491125714952
1438718675456958464
1438718733061541889
1438718777193943041
1438718924288249858
1438719229700628483
1438719328895987714
1438719369794576387
1438719474769661957
1438719558081155079
1438719958888837125
1438720251462512640
1438720711665721347
1438720743781531651
1438720948719419397
1438721636589453316
1438722009324740611
1438722553179082753
1438722694439071746
1438722704618655747
1438722814194847748
1438723377183670278
1438723490123698178
1438723866604425218
1438724246239256580
1438724274408230918
1438724438782922756
1438724472073330695
1438724553388167170
1438724668383379459
1438724749274742786
1438724864102129667
1438725163927752708
1438725178888884229
1438725212477042690
1438725763302256640
1438725853819461637
1438726048967843842
1438726237455667203
1438726300693192706
1438726438186668035
1438727051402354689
1438727096029769732
1438727232734728193
1438727329644048389
1438727640202895361
1438727781580300289
1438727816783142912
1438727987591974914
1438728047180455940
1438728635234410496
1438728679224340480
1438728709507215360
1438728736631709698
1438728979058331649
1438728990718447618
1438729615476883464
1438729754966777864
1438729805323669504
1438729856947089410
1438730000803373057
1438730301644034050
1438730499636092928
1438730784416755713
1438731609297981443
1438731632647696391
1438731644005851139
1438731833038950400
1438731900516909067
1438732136857489416
1438732593982099463
1438733463180353539
1438733498655797253
1438733705086791681
1438734161737519107
1438734312396910598
1438734387185471490
1438734458660655109
1438734928447881218
1438735385627037697
1438735872921260032
1438735990709915653
1438736379475755008
1438736857714417665
1438737799184666635
1438738305898536962
1438738658538917890
1438738803720527875
1438739213730549764
1438739366898139139
1438739418815229952
1438739570212818951
1438739634050125825
1438739714626883593
1438740002481991684
1438740721188552706
1438741056581824516
1438741799292440577
1438741929412337666
1438742090821746688
1438742106755923969
1438742347731259393
1438743005842731010
1438744477443653633
1438744529020997634
1438744529302360066
1438745081981247489
1438746039595544579
1438746069416890369
1438746425848860674
1438746987973648385
1438747000686592004
1438747312059158537
1438748209032040449
1438748258931593218
1438748286777585666
1438748340863127558
1438748523986448384
1438748523873243137
1438748868057829383
1438749274854985732
1438749566430498816
1438749645874741252
1438749949684969479
1438750132917334020
1438750172884836353
1438750284184842241
1438750379198410752
1438750406063001601
1438750498446663681
1438750530575110144
1438751456320843779
1438751699867357187
1438752102902165507
1438752203523592193
1438752226554515457
1438752367118221315
1438752603920220161
1438752709205643266
1438752893335523328
1438753959682867203
1438754214612594689
1438754252206133250
1438754271697113090
1438754462852476929
1438755079805304835
1438755088491679746
1438755284957073409
1438755718287429633
1438756925563289605
1438756970383560708
1438757035844124675
1438757517283115009
1438757648506056707
1438757663911731201
1438758008855490560
1438758061653442564
1438758646339358728
1438758654119866369
1438758695396012034
1438759209382793219
1438759823139475459
1438759919906217985
1438759962956681216
1438760012105469955
1438760386254098436
1438760499542433794
1438760565250265089
1438760998253498368
1438761003378876418
1438761035507257344
1438761039701680129
1438761052028735489
1438761067304398848
1438761422213640192
1438762002520821763
1438762329479516160
1438762559570542594
1438762563244736513
1438762627908313093
1438763221020655620
1438763290788655109
1438763422485671942
1438763447970267137
1438763636701351944
1438763704359718920
1438763710517071875
1438764060414119947
1438764187677708295
1438764235962478593
1438764255092772874
1438764336722288641
1438764527865110532
1438764852491677702
1438765237168001028
1438765368596570114
1438765647479984128
1438766143456436225
1438766254970392580
1438766562912002050
1438766680998481921
1438766711415578631
1438766909474934785
1438766910917722112
1438766914998874115
1438766995533545474
1438767115633246208
1438767259535642627
1438767303403868161
1438767327328096261
1438767337088319488
1438767376586186752
1438767576801177602
1438767737048690690
1438767955332919296
1438768341573795840
1438768465632923649
1438768487204151297
1438768667123093506
1438768689566814211
1438768880290123781
1438768898527031299
1438769229021335558
1438769270750519300
1438769370843340804
1438769888084987904
1438770199310712832
1438770308211564549
1438770575791431685
1438770813172207621
1438770931241918469
1438770955329757187
1438771074770948107
1438771087450390528
1438771133243748352
1438771134116233221
1438771321060552706
1438771506759172097
1438771985157296133
1438772416759599105
1438772904972275715
1438773749541531648
1438773780097208321
1438774120318005249
1438774429610246144
1438774732455809024
1438774785673076738
1438774934746976256
1438774963801001984
1438774986177613828
1438774988488654850
1438775378827300866
1438775704041115649
1438775762518097928
1438775848052543488
1438775987190308870
1438776004030304256
1438776312202768386
1438776495606960130
1438776561495273474
1438776638037131264
1438776652528373760
1438776684115730434
1438776799001862146
1438776898897649666
1438777249663111170
1438777662101540867
1438777784571031552
1438778527583719425
1438778742873079810
1438778991922483203
1438779037451624451
1438779041176174593
1438779184466120704
1438779248454504451
1438779438246744070
1438779530282364934
1438779565841653760
1438779702420795392
1438779858297909256
1438779979496505346
1438779984907096065
1438780032722227202
1438780127983276035
1438780598651219968
1438780650346057731
1438780965204099077
1438781038247833601
1438781924722499588
1438781956045434881
1438782157208489992
1438782172412866565
1438782436943417345
1438782442878341123
1438782525451603968
1438782672105615361
1438782682045956100
1438783034006769668
1438783082367123458
1438783092408270848
1438783229029347335
1438783569988489220
1438783649269256194
1438783654071701505
1438783722958983168
1438784081102184452
1438784089390084105
1438784442131042311
1438784505251123203
1438784556715286530
1438785160065871872
1438785174913699840
1438785190164254721
1438785321378844673
1438785629156872192
1438785798543863812
1438785868118978560
1438786181416640515
1438786201075392512
1438786357183148033
1438786506626244609
1438786610271719424
1438786634007207943
1438786769479081985
1438786867298664451
1438787554669576192
1438787740175200258
1438787803962175489
1438787822131941378
1438787918789701639
1438788004714217479
1438788016345026566
1438788043943538689
1438788043373121541
1438788110712643588
1438788559188594699
1438788669389762564
1438788674812997633
1438788934192926722
1438789012697673728
1438789123293081605
1438789420962889737
1438789425224323072
1438789475677532162
1438789834424868869
1438789990780059657
1438790056924176387
1438790111378886657
1438790485707870212
1438790741346586631
1438791091449327622
1438791129818755074
1438791219191025671
1438791340242784259
1438791940779163648
1438791983430991872
1438792358980505602
1438792482204962817
1438792779899932673
1438793539425484805
1438793599261372417
1438794242407559171
1438794816863694850
1438794953740599299
1438794980907044872
1438794990952464385
1438795877951311873
1438795987988844545
1438796202640699394
1438796379791376392
1438796532434685953
1438796599648391170
1438796748340621312
1438796826291806217
1438797045356118021
1438797209961594881
1438797303398088705
1438797374927687686
1438797374877437952
1438797859231387648
1438798109107052553
1438798253261156355
1438798518286618625
1438798850051903497
1438799155346825217
1438799244861706242
1438800425965088774
1438800930309218309
1438800999464853510
1438801227639246855
1438801496682819588
1438801516303765511
1438801519856418824
1438801615557824515
1438801623875158017
1438801897129844745
1438801916138455040
1438801954767970304
1438802209383141380
1438802250407682055
1438802347749040138
1438802432658526209
1438802518767648771
1438803265789972482
1438803572137738240
1438803609701912580
1438803613338329098
1438803901050810368
1438803999793115140
1438804765442412549
1438804926868512769
1438804930308022278
1438804988382285829
1438805031113789446
1438805102458859521
1438805152580866055
1438805564520239109
1438805927969189892
1438806277711286277
1438806278529118214
1438806458481532930
1438806607442239494
1438807438291914752
1438807681523933188
1438808207544127489
1438808266205642754
1438808322568687619
1438808350318153730
1438808434460160002
1438808610172137472
1438808768288940037
1438809210930622468
1438809296494424067
1438809356158464011
1438809516800299014
1438809595850358786
1438809637931814917
1438809733134053379
1438809758698405891
1438809811127177219
1438810101985337349
1438810127155404803
1438810151780188162
1438810407309770753
1438810587882876933
1438810821706932231
1438810825637056513
1438810833019031554
1438810929051815937
1438810969342283780
1438811133599567880
1438811201819971594
1438811402114764804
1438811596566908929
1438812024633389056
1438812415257300995
1438812435381514242
1438812560107573249
1438812589086035969
1438812602969251843
1438813358203961348
1438814103514988545
1438814621062742023
1438814827984691200
1438815257556774914
1438815883288137729
1438816039458918400
1438816191968006145
1438816456972529667
1438816594801483786
1438816901807759362
1438817380147236873
1438817493598883844
1438817567200591875
1438817592970412037
1438817702840135682
1438817773375741954
1438818312050331651
1438818412705189889
1438818578313007106
1438818712027496452
1438818797238964236
1438818889882685443
1438818889157152770
1438819098159300616
1438819101539856395
1438819416125231108
1438820209486221313
1438820295087845381
1438821189615427586
1438821238533541889
1438821872687140865
1438822313403637760
1438822318516563971
1438822476264329225
1438822555855450114
1438822782213578755
1438822904678940679
1438823151106805765
1438823222120628229
1438823672542740487
1438823771394113536
1438824024629407750
1438824303789633543
1438824367022956562
1438824466356727817
1438824672842317824
1438824716727296008
1438824898047008775
1438824954124914691
1438825162560851974
1438825245876518914
1438825340994916352
1438825698118955014
1438825730029146116
1438825741148246020
1438825880495685637
1438825944051900418
1438826124855873538
1438826181285986311
1438826190328897538
1438826451789254664
1438826497670668289
1438826542587469830
1438826623525003265
1438826799274754050
1438827267187089410
1438827395910275072
1438827546175442949
1438827713247125511
1438827918549946368
1438828200793042948
1438828644126785544
1438828659444359176
1438828725122985987
1438829387336482816
1438829412326182919
1438829746771484676
1438829750982565889
1438829774311354375
1438829841311092737
1438829839209828359
1438829845501263874
1438829965932335111
1438829981631582216
1438830037210320900
1438830043057192961
1438830122094628870
1438830348096446465
1438830668088107009
1438830784157130753
1438830980668661770
1438831049174253570
1438831288895492106
1438831381296025602
1438831748419244032
1438831768518291468
1438831932184268800
1438832046864961541
1438832057241587717
1438832066687160321
1438832204843421699
1438832264897392647
1438832585816231937
1438832650748239872
1438832901018173444
1438833128441712641
1438833327935422465
1438833351918448640
1438833464657145857
1438833721151344641
1438833996243210241
1438834042024067080
1438834280583471107
1438834291325091845
1438834398846021635
1438834565947084806
1438834606032056323
1438834978385629184
1438835142668083203
1438835140218834947
1438835427457200135
1438835703526277121
1438836069680566279
1438836262417227777
1438836480030375938
1438836482928611329
1438837102964187141
1438837437808087042
1438837911349182471
1438837964042235905
1438838019646111750
1438838049887047683
1438838192644378626
1438838576054079490
1438838933886947331
1438839342340796417
1438839624261058569
1438839932533895169
1438840150402813953
1438840464858238976
1438840608328601601
1438840722606620676
1438840922624589831
1438841072394772480
1438841324661182470
1438841328385757191
1438841413395906560
1438841639162703883
1438841635928895499
1438841812051841027
1438841987658964998
1438842253535965185
1438843058011795457
1438843132192301060
1438843138865446916
1438843227537231872
1438843310496358416
1438843658183188482
1438843735173857285
1438843746045480961
1438844116108857346
1438844186753585153
1438844339195559940
1438844408623878149
1438844869573693444
1438844907251122177
1438845040659337221
1438845141955923972
1438845258490531843
1438845371208257546
1438845517644001290
1438845536900030475
1438845820040671234
1438846418660167681
1438846584540708870
1438846954453102592
1438847071344201733
1438847176113672198
1438847467798163466
1438847837303816203
1438847838948003848
1438847853502164992
1438847879972487178
1438847980501565441
1438847990152663040
1438848229215387656
1438848257577291777
1438848372262141954
1438848935326412802
1438849193162858499
1438849377057996805
1438849477821931523
1438849479759646729
1438850031243575302
1438850153121681417
1438850240929402885
1438850294528430088
1438850439034785798
1438850545322799108
1438850547528835078
1438850872138551299
1438850908842987524
1438850972671901699
1438851480077811718
1438851760722878464
1438851906231668739
1438852018479644672
1438852128521347087
1438852179888984067
1438852340258201600
1438852368876011528
1438852641023426581
1438852692726607877
1438852738750709764
1438853145505910789
1438853164376096770
1438853228007804939
1438853231233286152
1438853271515328513
1438853320647462917
1438853692711604226
1438853802329739264
1438853939273732097
1438854091522801668
1438854419852922886
1438855030476402691
1438855149133254658
1438855458622611459
1438855670661410822
1438855844720824328
1438856452303556613
1438856582926778369
1438856782420447242
1438857281148370952
1438857641858461698
1438857770619441158
1438857853360431105
1438858508372303875
1438858515171274763
1438858819291922433
1438858903765331975
1438859064390270979
1438859067447906304
1438859485561311240
1438859525218451456
1438859775085735939
1438860014295261184
1438860026915950593
1438860539422072839
1438860608472903686
1438860615062224899
1438860970412036103
1438861032198270977
1438861377792352259
1438861836263120898
1438862437646667780
1438862833857429504
1438862905449992194
1438862954070364162
1438862954485596162
1438863182743826434
1438863197969129476
1438863226704306179
1438863453003812872
1438863551469211660
1438863576026869764
1438863716766732292
1438863740305174533
1438863987932733443
1438864122574036997
1438864165158879234
1438864208892809218
1438864353298567172
1438864420856217603
1438864511310524419
1438864646958583810
1438864730353909763
1438865154947436544
1438865301139968014
1438865323164381188
1438865329585733633
1438865504718884877
1438865577657790469
1438865608418861060
1438865661942370314
1438865719777628169
1438865777902317575
1438865854284713992
1438866133193428993
1438866256409464833
1438866567492558849
1438867436577562627
1438868473900195843
1438868492418125830
1438868681325375490
1438868729790558215
1438868744051183628
1438868892760170496
1438869164278435841
1438869206187929605
1438869441438044162
1438869875095601156
1438870035263410178
1438870259625193475
1438870482112049155
1438870693614030859
1438870745279434752
1438870862120165384
1438871284268421125
1438871584110886915
1438871603748618245
1438871605225029637
1438871806333444101
1438872021132201990
1438872269036535810
1438872432576589835
1438872664001507329
1438873200591458305
1438873775068487682
1438873876071469063
1438873902701109252
1438874158859898888
1438874794670260228
1438874846704783361
1438875032793452556
1438875296493490177
1438875601926909960
1438875646155898881
1438875848468099075
1438876040332337152
1438876049694019588
1438876441123254275
1438876688025198606
1438876716638769153
1438876896226263042
1438877564911558665
1438877970613948421
1438878289209147403
1438878331194077188
1438878348944412677
1438878444826218501
1438878603299622914
1438879125729464323
1438879317488857092
1438879748961157125
1438879833128255490
1438879850958188544
1438879866577821698
1438879880301580293
1438880100565467145
1438880099231617026
1438880106714329088
1438880189174452225
1438880204252856321
1438880260146155521
1438880584370065410
1438880650996502537
1438880751009812485
1438881305949655041
1438881339126599690
1438881349390135299
1438881471767330819
1438881727443734539
1438881730354577411
1438881788395360256
1438882034227634178
1438882107158249481
1438882193175056387
1438882309659406348
1438882326717480968
1438882395097223169
1438882662630912000
1438883380850880517
1438883563265347587
1438883620681256960
1438883834909454344
1438883905805828101
1438884069287157761
1438884273411420163
1438884710956998659
1438884832944156672
1438884913487351815
1438885635339603975
1438885699583836168
1438886009182179328
1438886259397595144
1438886272429281281
1438887013839622145
1438887023096446982
1438887512747876352
1438888007679950848
1438888724624859140
1438889083019821060
1438889302612602881
1438889437782425606
1438889646792929289
1438889652908290048
1438889655336792069
1438889657102524424
1438889660856483840
1438889804503019524
1438890000649637893
1438890166781808644
1438890501655064581
1438890505211764744
1438890537822552068
1438890626699776004
1438890726377418758
1438890777644462083
1438890784393101313
1438890887811985417
1438890936952508416
1438891035111743488
1438891341262438411
1438891425274368001
1438891530702315520
1438891573433946113
1438891592253788164
1438892167208992771
1438892383307911169
1438892484843560961
1438893050848165892
1438893379597733893
1438893388997152772
1438893456592564228
1438893840648138758
1438893912035188738
1438894264717492228
1438894407265124353
1438894524462338052
1438895325809315844
1438895771286269954
1438895915595485187
1438895965604171776
1438896247310467075
1438896415158128641
1438896532728598532
1438896836912189440
1438897429907075076
1438897539407704068
1438898294109847554
1438898404600344579
1438898832121626627
1438898904922165250
1438898952661733378
1438900226811568134
1438900498518581249
1438900604932288514
1438901083003179012
1438901662878339076
1438902428967964674
1438903030720577541
1438903355829485573
1438903359382032384
1438904705665536005
1438905083786260480
1438905091101118465
1438905337793290245
1438905956927037442
1438906414072729600
1438906638996434947
1438906793011425283
1438906877555904526
1438906963358748677
1438907408986755073
1438907701518426112
1438907704618061828
1438907837942431746
1438907931630522370
1438907958981586947
1438908851110047750
1438908850590011393
1438911301527359492
1438911728037687296
1438912583965175813
1438912802966564864
1438913512227495938
1438914448639496193
1438914825153703937
1438915074706579456
1438915259738165254
1438915597887176705
1438916136444198914
1438916790164201474
1438917140992593920
1438917267270639625
1438917689968189444
1438918083633049601
1438918452366901248
1438918832685420544
1438919467891789827
1438920412792954880
1438920444552237059
1438921269383086082
1438921274751733760
1438921288324501505
1438921379659743236
1438921493715439616
1438921529237000198
1438922931405418499
1438923444901404673
1438924593771601920
1438925576014741505
1438926845685088260
1438927348796067843
1438927851110088704
1438927993192157188
1438928061378928640
1438928851640328195
1438928890429198336
1438929118813327365
1438929750785855494
1438929931065384963
1438931131479453698
1438931891650969606
1438932086518206465
1438932327984349188
1438932843678224385
1438933376149307397
1438933731666923521
1438933826592378881
1438934401472024577
1438934483533660162
1438936692673560579
1438937972817027074
1438938241915256832
1438938413042835456
1438938742719352835
1438940161425874947
1438940483246456835
1438941879681257474
1438943517963739136
1438943993228787714
1438944777458761730
1438944903753465856
1438945370290147334
1438945715674177536
1438946788912746498
1438947150423990273
1438950408395784194
1438950436225028099
1438952534983409669
1438953029558947842
1438953725918212097
1438954153527713792
1438955786399453187
1438957195731873795
1438959902769094659
1438960723791515649
1438961179477483522
1438962905781653506
1438963430363254785
1438965738618847232
1438969755151605762
1438969923326267393
1438972286921490432
1438973622417190912
1438974762437332992
1438977150669914113
1438977353418375169
1438978417290989570
1438979070675406849
1438979144667205632
1438979697300459526
1438980665245057024
1438983654949081088
1438984878930870275
1438985091707977732
1438985095742820352
1438985247748608000
1438985361087160328
1438986119035695106
1438986273914384385
1438986599921033219
1438986719739748359
1438986749007458306
1438986841898864641
1438986938468343808
1438987097109528580
1438988443304947718
1438988676655042562
1438991065382588421
1438991093501149184
1438992103921446919
1438992235484246018
1438993135518978049
1438993723866583042
1438994081313603586
1438994601335877635
1438994726229712896
1438995379261898755
1438996100082376704
1438996161352798208
1438996756004548612
1438997880694476802
1438998244910977024
1438998628769492996
1438999044605427718
1439000484761665537
1439000791730163712
1439000793525325828
1439001483328909312
1439001743942033411
1439002873434501124
1439002883362459648
1439003152036941829
1439003484599111681
1439003584708767746
1439004823886569472
1439005027423555588
1439005069865730050
1439005107333439489
1439005158311006208
1439005382764990467
1439006028423589889
1439006735092514817
1439007383804514304
1439007662465683456
1439007749447114759
1439008047511134220
1439008930668040192
1439009075166015493
1439009077191839748
1439009661215150080
1439011056609759232
1439011429156335616
1439011741363437568
1439011775765102592
1439011796187168768
1439012058108874752
1439012514923094018
1439013441239273472
1439013582990045186
1439013668176334851
1439013717102895106
1439013981998387200
1439015055211655170
1439015140439957508
1439015272975794176
1439015705228169219
1439015995650150405
1439016034506141699