1435414408860102658
1435415208185319424
1435420114845769730
1435422198504689665
1435422269287931909
1435423139958165505
1435425282266042369
1435425965367197697
1435430640980164612
1435433026092101634
1435433531384090625
1435436104304394247
1435439219204243457
1435442425812586506
1435442684009672707
1435444725020954626
1435445933483851780
1435449148375908353
1435454105334464515
1435455279798398976
1435455576763371520
1435456934644170753
1435457025987723266
1435457106832990216
1435457382281220101
1435458901961441280
1435460644598214660
1435460687665385479
1435463464684703747
1435463493281464322
1435467035379523585
1435467122847612929
1435468337388023808
1435474762977853441
1435474927663022082
1435474942749921283
1435475414550409219
1435484202187694080
1435484909825454084
1435486443044966406
1435489352566509571
1435489480106934277
1435489528496590853
1435491347671175169
1435491410493394945
1435493423629287426
1435493739401596933
1435494369331646465
1435496743160877057
1435498929328570368
1435499766171897859
1435500796158742529
1435501560000245761
1435508816888619012
1435513853912092673
1435514490661969924
1435514963313913862
1435516316044070920
1435523330975490052
1435524619629305860
1435524640630136834
1435525370992726018
1435531262349832194
1435531385201037314
1435532611019935745
1435535327096020995
1435538723001622529
1435538851515174913
1435539191874478083
1435539282588889088
1435542829451788293
1435545260369842176
1435545962311782403
1435549493764624388
1435552199187177481
1435552936369672196
1435558322917232641
1435558530447069187
1435558806092599303
1435558850946428929
1435559892668977158
1435564130845421569
1435564353059635206
1435565309474181123
1435568466019295237
1435570536822685696
1435571007331332098
1435571279491260416
1435572948459397122
1435573454997057537
1435574989579685894
1435575306232893446
1435576306461134852
1435577401484857344
1435579445973114881
1435586216645185541
1435586298056634369
1435593988367654912
1435596168466100224
1435596647220723721
1435596949109891083
1435599222833704965
1435610806805143575
1435611853552451586
1435612976241729536
1435630453931708416
1435630940252880897
1435634025440288768
1435635605833084934
1435636689641213953
1435644655429849091
1435650492151984131
1435653985436778496
1435655878091313155
1435659077351194628
1435742584140296193
1435746024325193730
1435747682614534147
1435749766453813249
1435750311306534913
1435751452698296320
1435399554963288065
1435406369713053696
1435407868925075456
1435413629893967875
1435415299533070336
1435415731135340545
1435416289552441344
1435418190113243141
1435419520747786243
1435420410774896640
1435431143642337280
1435434230369034242
1435435005912784898
1435436971883581443
1435437830113673217
1435439310778421250
1435439497596968968
1435444190968647681
1435444607282679812
1435449283218640896
1435453993669431307
1435455761040109568
1435456156101656577
1435456297667760130
1435460721572134914
1435461040607674376
1435467940057399296
1435468798186954753
1435469492524441605
1435471941591347202
1435473074015465472
1435473114054418433
1435474833941274627
1435481927989874688
1435482015961206788
1435483253469696000
1435483671490822151
1435485373136736263
1435486030887481346
1435486048025333767
1435486829839470596
1435488494768439296
1435489521580216324
1435493914354483207
1435496087444357120
1435496788643893250
1435497132627091458
1435497966303809540
1435498407544561668
1435498906243108867
1435499469190094851
1435499477448671236
1435509356947120134
1435509499796680705
1435509801266540544
1435512554269282308
1435512931593043973
1435518152494903303
1435519878111240194
1435521386370396163
1435524439202930693
1435526246582996992
1435527682670751744
1435530123906732034
1435530581765341185
1435532057845764100
1435532296476499971
1435532400524611586
1435533315038011394
1435535025240297474
1435535241062486016
1435536399449526284
1435536507574501380
1435536701846274054
1435537619069198339
1435538941562667013
1435539188930138114
1435539430383620103
1435539684554272773
1435539713817919489
1435539924548087815
1435540639995760643
1435540892300058625
1435541590387269632
1435541658607644683
1435541789440557057
1435541801763414019
1435543273578196999
1435543444294811654
1435543485407535108
1435544834773749762
1435545571947790344
1435546355238248448
1435546949868875777
1435547604943708163
1435548326376529922
1435549051898892295
1435549328949403649
1435550984265101319
1435554171428605953
1435554232598347779
1435554771411378176
1435555532882919430
1435556868668084228
1435558195963912199
1435558294916001796
1435558534532448256
1435559209819467781
1435559730903076866
1435559775660490753
1435560954066919427
1435562234889981953
1435563236439433216
1435564556097445893
1435565147347582983
1435566478338584581
1435566661818454031
1435567493716742154
1435567802929217536
1435567802849509384
1435569815544942595
1435569979450032128
1435572999181127687
1435573047382192137
1435573634836221958
1435573664469053440
1435573955062947840
1435575391972782080
1435576526678872065
1435577152976482306
1435578906736689156
1435579120759414788
1435579896634302465
1435580633833623565
1435580791635935237
1435580884581687298
1435581189423652871
1435581322228084748
1435583018899492869
1435584168646250504
1435584571018412033
1435584709946269702
1435586096054747139
1435586563593830401
1435586725795938307
1435587279465054214
1435587437414150151
1435587482100252681
1435587993956339715
1435588231907532803
1435588262672809995
1435588477874151424
1435590190362284038
1435590767976665089
1435591082713042951
1435591353333731335
1435591405502488582
1435591892461260809
1435592198821593094
1435597042055663620
1435597313108439045
1435598040807579649
1435599333655674886
1435599595778674690
1435601235034312713
1435601294253707268
1435602831847739400
1435603337752170496
1435604925828907008
1435606883784560648
1435608141249404930
1435609031926697990
1435609224264880128
1435609600204541956
1435611930064932876
1435614208448602117
1435618288373956612
1435618447879127046
1435619575228338181
1435622115634339845
1435623147068276736
1435623737630466050
1435624238413586434
1435624284790013959
1435625294656798724
1435629230465773569
1435631513609981952
1435632411140767754
1435634116439928835
1435634619374718977
1435635077245915140
1435640148641812481
1435647451915034629
1435649792441405441
1435650970487336967
1435655826895630336
1435658715961692163
1435666606793838600
1435668516644872194
1435674441304797187
1435679528899133442
1435707037057486849
1435708341859373058
1435711847500369923
1435720667077361668
1435740036763291651
1435740613996007427
1435742142362632193
1435743720528236549
1435744775026716675
1435747483804602369
1435749088864079872