1432855761676349446
1432871167728128003
1432873997243351042
1432874492443779075
1432877135371194373
1432882234848018436
1432884047429001220
1432888977334280193
1432892870239784969
1432895304987123725
1432898315222335493
1432898568742858752
1432901311834386441
1432903138432872452
1432903632270159879
1432906036944330758
1432910834175381504
1432914473140953088
1432919840356900875
1432920317828091913
1432921067283095552
1432923095174578182
1432928485492674561
1432928874770284546
1432929711982723077
1432931351896870913
1432931895092736000
1432932226828668931
1432932570451173382
1432933109532483585
1432935377975775233
1432935696734425092
1432936284956233734
1432936756450512899
1432939021089472515
1432939807085252612
1432940931955642368
1432941896251236353
1432945022874251269
1432946996336156678
1432947369742508032
1432950157574737921
1432952384578207749
1432953013241479175
1432953870435504130
1432953902752665607
1432954549040410627
1432955317059391491
1432955342871166976
1432960499872718851
1432961640467603462
1432964695804235776
1432965770007429120
1432968847988969481
1432968969477099524
1432969560894816260
1432971443793379334
1432972414250586113
1432973188577648641
1432984551429591040
1432988618033799171
1432990178721730563
1432992571001696262
1432992599808221190
1432992886816010241
1432995244006535169
1432996588591337478
1432997358690725888
1432997490110857217
1433000258145964038
1433004763788972037
1433010647818670081
1433011157988675585
1433015357061488642
1433020307753766918
1433021670550245377
1433021884312940548
1433022345837309958
1433023360238112779
1433023761440133120
1433025267279089668
1433026006168731652
1433026165166546947
1433026435908730884
1433027457880260608
1433030352465891342
1433031134061891586
1433031660774178820
1433038728654573571
1433043208175448066
1433044019584638986
1433044664500719622
1433046691557433348
1433047135994318850
1433047268337217542
1433059232505470978
1433062031205171205
1433067377999040512
1433068098156843010
1433072117206040576
1433072462887931914
1433076191431323658
1433081599491461122
1433083486059991042
1433083497258704898
1433089180892995591
1433089361579495426
1433101357867696133
1433113091986837507
1433119261858275328
1433119958020411392
1433145118307991554
1433152201917181952
1433166112682881026
1433190811802292233
1433202217381556225
1433203699833135110
1433204045129281539
1433205147518136324