1441563180967231496
1441569107246080006
1441579799890202627
1441580830401253378
1441581073314447369
1441599700382089224
1441605582461423623
1441607275861331977
1441607390999179267
1441609464562339847
1441614189986869248
1441615607670063107
1441617657061470221
1441618395913355268
1441628274350694406
1441636516392890371
1441638217401311234
1441641551763951619
1441644210617155587
1441645131501694995
1441647054829219845
1441649197011259394
1441650038195699716
1441650667693641728
1441651604386508808
1441655733402013699
1441656217021992962
1441657010127192068
1441657105304342528
1441657755002015748
1441658492759068677
1441659003520487433
1441660251850170368
1441665058170294275
1441669563930669056
1441670847580622856
1441674972905177089
1441676141861871623
1441681897176780804
1441686510915309569
1441690222782136326
1441690362892881922
1441690557026168833
1441691608970194952
1441692953097879553
1441694260546342916
1441695478563831810
1441695576857268230
1441699720347283461
1441703791414235137
1441708551727042572
1441710603874103298
1441716177567248389
1441719832676745226
1441729702545092611
1441737390180077569
1441741727350411275
1441744621969702920
1441745140624740355
1441746517644038144
1441748067133181953
1441748199824261122
1441753855163711498
1441754914665873413
1441756741331394570
1441757413732802572
1441758177217810434
1441758958335660042
1441759494682267649
1441760363913965591
1441766591373332480
1441768267899498509
1441768883883446281
1441770789259202562
1441771377049047044
1441771991317372936
1441773272278859776
1441773664567914506
1441784169428754438
1441791588506562561
1441794289281875970
1441802758961565697
1441826383315943427
1441827110570524674
1441899980441022470
1441908912966361092
1441909449589813255
1441756866317484045
1441756989621563394
1441758593590575110
1441758757436854276
1441759396132835329
1441759637674487818
1441759667407912965
1441759736152551432
1441759795380293639
1441759932039065602
1441760051811680266
1441760261736566791
1441760387221782532
1441760963884032013
1441761224622886918
1441761701142032392
1441762193511383047
1441762681397006339
1441762762162524163
1441763820834230285
1441763928451649541
1441764205594439686
1441764230575710213
1441765033399050245
1441765073836331011
1441765874608738320
1441766483411886082
1441767336420151304
1441767487645765637
1441767778424262672
1441768102107107335
1441768168289013766
1441768254268051456
1441768648402628617
1441769137873715208
1441769587620544525
1441769794647126028
1441769965036601354
1441770104752984072
1441770339059453959
1441770421666271241
1441770430814031882
1441770439785648139
1441770638742417416
1441770715296927748
1441770793969471489
1441770944993787918
1441772023361912839
1441772966967058435
1441773026660392960
1441773236237135881
1441773383050399751
1441773524541005831
1441773561576755204
1441773669391290383
1441773724747763712
1441773897079156751
1441774343206232077
1441774700829372423
1441774917825949697
1441775028023005186
1441775339777101826
1441775511294726161
1441775955060531205
1441776023759065090
1441776145137999881
1441776247130898452
1441776674433945611
1441777079993864192
1441778196324573191
1441778499698638860
1441779179410755594
1441779272503283721
1441779460139741191
1441779644181606402
1441779876046917639
1441780566450311169
1441780897443811332
1441782037472432135
1441782259816624130
1441782547147415560
1441782555359940617
1441783844613410823
1441783961403858948
1441784047567474688
1441784325310009350
1441784446189932551
1441784538204553228
1441784782975750144
1441784869877530641
1441785033941913606
1441785105056296975
1441785559534301191
1441785609140387850
1441785727713308679
1441785837734150148
1441786283123044354
1441786794966609941
1441786980954624014
1441787084461596684
1441787111095484417
1441788211173330945
1441788339749748737
1441788396494487560
1441788907322966022
1441789036201340935
1441789351956869124
1441789382692773893
1441789900953587714
1441790184928919567
1441790633060945929
1441791642919333899
1441791771357302791
1441792033190920202
1441793142362021890
1441793266370809856
1441794187947479051
1441794192196268034
1441795016926527502
1441795319763640326
1441795453775855624
1441795676086571015
1441795937500745731
1441796103834255364
1441796542935932928
1441797125247963137
1441798600221020160
1441798816735268870
1441798892715081730
1441799079168659457
1441799548800696325
1441799859225325578
1441799919073828881
1441800145801121808
1441800170522378249
1441800540296417280
1441801043893886985
1441801458010058761
1441801529183260672
1441801748406964233
1441801788445790210
1441802513187946501
1441803782308859910
1441804802917212163
1441804911843282950
1441806335792730117
1441806748789051395
1441807102952022021
1441807404400742403
1441807488995577856
1441811749531914242
1441812311316992008
1441812581933469701
1441814423388114948
1441815920280702985
1441816615440592896
1441817249149435907
1441823586872815624
1441824528821374983
1441824555815763969
1441825318537367557
1441825645655330818
1441825778136535050
1441826920652369924
1441827101791768587
1441827257123622923
1441828013524484101
1441829187451428864
1441830397130657797
1441831356229509129
1441831602615513094
1441831714393710594
1441833296996945921
1441833791014637573
1441834807349026828
1441836341067595776
1441836451956621316
1441837593155424258
1441839324291551232
1441841612884037638
1441844928200380427
1441845586475446274
1441847270119395339
1441850569375694850
1441854582179524608
1441854854389927940
1441854900766326788
1441855570852515848
1441857466925338625
1441860861757329411
1441861481805451267
1441863662017257478
1441869676712103939
1441873308824137733
1441873336384901123
1441873732423888898
1441874018894696451
1441874058388201472
1441879297187143682
1441879440812773380
1441883918660104202
1441884072196784136
1441884788445487108
1441887920915304451
1441889064387428357
1441889316188217345
1441890628703457283
1441892103361941505
1441892688920338432
1441895339494047744
1441895690104291336
1441895802138361856
1441896524741439488
1441896938475900933
1441900394171420673
1441900575319154688
1441901345636687872
1441901590282215424
1441903463638573067
1441904035779407873
1441904090842206209
1441904095087022087
1441904209088049152
1441904378873409538
1441904859305836552
1441904917271101443
1441905259123675141
1441905726188769282
1441905791825432576
1441907869981581316
1441907956472180746
1441908041570422786
1441910095336513537
1441910335607246850
1441911277207441415
1441911975630442506
1441913681684484099
1441914332007133188
1441553037160435712
1441553049172910084
1441553223039393803
1441553736497700868
1441553871088746500
1441554030245806080
1441554140539146245
1441554444521394179
1441554488305668098
1441554669327638534
1441555208899756034
1441555810409070596
1441556045495562249
1441556756790853635
1441557351085981697
1441557691898290176
1441557792716779523
1441558633204969472
1441558676691570691
1441558728663203862
1441559193647943682
1441559289454161920
1441559319590236169
1441559697329246210
1441560554838003715
1441560601273122817
1441561528310796293
1441561826773258249
1441562223319523334
1441562313002078213
1441562686798516225
1441562746554748929
1441563208024612867
1441563236948590599
1441563377944256517
1441564939890561027
1441565233718329346
1441565531006373896
1441566100458594304
1441566112974397445
1441566209233735682
1441566573794193413
1441566794037088263
1441567054226624520
1441568133421027330
1441568137862844416
1441568363759558656
1441568363696640007
1441568553841299461
1441568674691772420
1441568840903585800
1441569128121200641
1441569453066448898
1441569719283187723
1441570627635216387
1441570672803676160
1441570744656228355
1441571958588510210
1441572014167244803
1441572941527851019
1441572995449851907
1441573055910735878
1441573095920201736
1441573125905268740
1441573192187867138
1441573537920081920
1441574307616858117
1441574619819900929
1441574713180897283
1441574724153208838
1441574724849455107
1441575270494859268
1441575272130629640
1441575379928444928
1441575497759006724
1441575579594067971
1441575851892477955
1441576273285816336
1441576343309742086
1441576740212469766
1441577130974793730
1441577133373943809
1441577213418082310
1441577667812200449
1441578783056695299
1441578984978849797
1441579011499458576
1441579351388999681
1441579654955945989
1441579782441893893
1441580290523074566
1441580601006383108
1441580771542589447
1441581115437813764
1441581531055616002
1441581607152873480
1441581877916147712
1441582081918705672
1441582232737443849
1441582303067533316
1441582625559236610
1441582661189861381
1441582831273013252
1441583377094623238
1441583453045018627
1441583842888802306
1441584106232451084
1441584569996611587
1441584680189394944
1441585484728209418
1441586417314897920
1441587040814993413
1441588241316999172
1441588239018590213
1441588269750181888
1441588874300387330
1441588898241515530
1441589776818208771
1441590770155196421
1441590849788276748
1441591038020251651
1441591153686573056
1441591692952408065
1441592085140815875
1441592691544846336
1441593106789384202
1441593597871083530
1441594003825192961
1441594215469752322
1441594582563622919
1441594815452356618
1441595083455799300
1441595523958382596
1441595666623451141
1441596311195684866
1441596487079653380
1441596718160642049
1441596851623321604
1441597018120470532
1441597369150177280
1441597518886805508
1441597544136515588
1441597812701990919
1441597935641190407
1441598136439373831
1441598205708230659
1441598333764599808
1441598345961775106
1441598797977583621
1441599092862291972
1441599278565113867
1441599285900967948
1441599485671469058
1441599665229553673
1441599701871042565
1441599908121743361
1441600659636178945
1441601025052315648
1441601114181304332
1441601219160510467
1441601540830097416
1441601895328403456
1441602120277319687
1441602680128872451
1441603115866677251
1441603122133037070
1441603132811726848
1441603604545036302
1441604706636230659
1441604827172065294
1441604987411259396
1441605423073677319
1441606216455581701
1441606263075315714
1441606798956380165
1441607372556759041
1441607423144259585
1441607572608356352
1441607594523586567
1441607788577259533
1441607982257610758
1441608636803936256
1441608665534844940
1441608980401307660
1441609115155849219
1441609360556245005
1441609700475228162
1441609821669650433
1441609980994486276
1441610051198668805
1441610183017328656
1441610220732518403
1441610491202203650
1441610562887028742
1441610998004154374
1441611022444339205
1441611112949030916
1441611159799402496
1441611970679955463
1441612066649894913
1441612797717016581
1441612852788273155
1441612959172628481
1441613078584430601
1441613288819736580
1441613435473563661
1441613562984558595
1441613703460229125
1441613727963377672
1441613837053145090
1441614308232732676
1441614391565332480
1441614421525078018
1441614507042754563
1441614510352211968
1441614546746052619
1441614645723234308
1441614649053495300
1441614696566575105
1441614913802178565
1441615500455256068
1441615539391004680
1441615567782178821
1441616387097518086
1441616453220794371
1441616596334637061
1441616964846112770
1441617200616402951
1441617391415279625
1441617481857003521
1441617681287823369
1441617712006905856
1441617844488208385
1441617890017361921
1441618367052349445
1441618507582500873
1441619082495680513
1441619271210078216
1441619361354043395
1441619742687522822
1441620214416773126
1441620363536859137
1441620979583700992
1441621365270876163
1441621940989358081
1441622239485497344
1441622580419461120
1441622592998182915
1441622658928414730
1441622661117874179
1441622919981920264
1441623005579276299
1441623129453850636
1441623755478814720
1441624060408983561
1441624070433370114
1441624295185125377
1441624621401325573
1441624967519490050
1441625040898772995
1441625247237619716
1441625436681691138
1441625743176318980
1441625745718009861
1441626379355758593
1441626549862604805
1441626565046013954
1441626695291662339
1441627102986395649
1441627368267812869
1441628161192574985
1441628463606087694
1441628522087211011
1441628670720811014
1441629792806244352
1441629804931911680
1441630473722097664
1441630493301088270
1441630816619020296
1441631054259888137
1441631105321340935
1441631606251220996
1441631678217134082
1441632669306003459
1441632693544833030
1441632877322534915
1441633483525296137
1441633531927560199
1441634032324804610
1441634879096033284
1441634998520401926
1441635074491895827
1441635129021976584
1441635348321222661
1441635449542361101
1441635542546804743
1441635620904783875
1441636054809788423
1441636321135452172
1441636329066942465
1441637008451850242
1441637445020254211
1441637865339772936
1441638040774975491
1441638174996893696
1441638843812233216
1441638943963766784
1441639120665645058
1441640128036806657
1441641058295631876
1441641184032550921
1441641311958749188
1441642032259235846
1441642555343474689
1441642769336856596
1441643354744184837
1441643640883855361
1441644106472562691
1441644934587564034
1441644986663985156
1441645368110772227
1441645862719942668
1441646085642997763
1441646176168677391
1441646376668971010
1441647370551193603
1441647401761062916
1441647746709012483
1441648040423477248
1441648798636281859
1441648907730124805
1441648954169462786
1441649141457702920
1441649270369648643
1441649316750262274
1441649789205037056
1441649971938299908
1441650374176239618
1441650402772979717
1441650506737197060
1441650948833628162
1441651069973450752
1441651180766052360
1441651468713402377
1441651692164947968
1441651942413901830
1441652389799288835
1441652628291682304
1441653363251105798
1441653469761314820
1441653861513531392
1441654588046643207
1441655108270387208
1441655336851574789
1441656221426077699
1441656460702744577
1441656549206740997
1441656679054016516
1441656868162600964
1441656916820647939
1441657008571052033
1441657075197566983
1441657106352914433
1441657703873404929
1441657762933456905
1441658249636237314
1441658623852122114
1441658864210903045
1441659075155038213
1441659116229783565
1441659211453120516
1441659445927235591
1441659449597259778
1441659658192646149
1441659914112278532
1441660177195933696
1441660195642306562
1441660197982900225
1441660255679619073
1441660612874965005
1441660621213212680
1441660741682012166
1441660908246233096
1441660909982650375
1441661199746142212
1441661202715742214
1441661254225956864
1441661316377108480
1441661351139504128
1441661405623586822
1441661599559782401
1441661637279174656
1441661978519347202
1441661994092826632
1441662042247626756
1441662511749685248
1441663027657445377
1441663136797380609
1441663826810716164
1441663880111878148
1441664122815275014
1441664717232254977
1441664806520385538
1441665543862243331
1441665875765960710
1441666167026827264
1441666221733072899
1441666229278674944
1441666622150766593
1441666807455125509
1441667138968690689
1441667454837481474
1441667505055932416
1441667618918711297
1441667630813749248
1441668496421625857
1441668669306654724
1441668896939905028
1441669016892805125
1441669124636037126
1441669751562924034
1441670051585691650
1441670395615068164
1441670473973002247
1441671103902994436
1441671239253200896
1441671416697397255
1441671467209424897
1441671815315656704
1441671986761986056
1441671990801174534
1441672143373144064
1441672301729042437
1441672501893812224
1441672672753033218
1441673230662594560
1441673696159014913
1441674079757639680
1441674176138395651
1441674216084946946
1441674353234505730
1441674610563448833
1441674905754353671
1441674921332015105
1441675037816147976
1441675346441490435
1441675351126540292
1441675538821574664
1441675562263597059
1441675677376253953
1441675763686658052
1441675997082910723
1441676010299150337
1441676167052869633
1441676262901108745
1441676655383093249
1441677018442072066
1441677163141349380
1441677268980404226
1441677413490982915
1441677589660139528
1441677605434912775
1441677794493153285
1441677898465701897
1441678175033909252
1441678332538458120
1441678468144513027
1441679047453331460
1441679533564825602
1441679538841264136
1441679551612932105
1441679753958674434
1441679769884520448
1441679852625547266
1441680298941419524
1441680307653001220
1441680453690224645
1441680692669075459
1441680906066948106
1441680929450172419
1441680973125488641
1441680994365370373
1441681020395212804
1441681378937090056
1441681378974724100
1441681391846977538
1441682079368896512
1441682118266933253
1441682407753601028
1441682523466055688
1441682650650005504
1441682702034358281
1441682752416333827
1441683163386822665
1441683211541626884
1441683407843454981
1441683417494482951
1441683482783076352
1441683585237282820
1441683845280002056
1441683985713623044
1441684050956230656
1441684369144352768
1441684386332688385
1441684589429202949
1441684686489587721
1441684814470389760
1441685152443211776
1441685197783646211
1441685451002167311
1441685553204760576
1441685679876968452
1441685820864270339
1441685946001285121
1441686170459541507
1441686480401821699
1441686508944052224
1441686826503204869
1441687306851667971
1441687598209003523
1441687715532079106
1441687792313012227
1441687832913801217
1441687841684144130
1441687853763756043
1441687857119186948
1441687874651365379
1441688250377064451
1441688272376254475
1441688421437747200
1441688806537646082
1441689088831082501
1441689172608094210
1441689268435361792
1441689270599622659
1441689797953671186
1441690072164696065
1441690093647908875
1441690195766784003
1441690281770774529
1441690565997854723
1441690730754281472
1441690946345725959
1441691148905369606
1441691311107571716
1441691398781091847
1441691443710599169
1441691546634489859
1441691582902640645
1441691587646410756
1441691670228074503
1441691852676079617
1441692054745075714
1441692324602396676
1441692394378829827
1441692403572805632
1441692635861688322
1441692702333042690
1441693184547905536
1441693215069851654
1441693444112482311
1441693524416630791
1441693847583555585
1441693868416667653
1441693949341704192
1441694151104348160
1441694434836430848
1441694438351196162
1441694521767743491
1441694543238164485
1441694967328477185
1441695260980092935
1441695334225174529
1441695333575053331
1441695340453785605
1441695349387644929
1441695384145829890
1441695465477529608
1441695636714246149
1441695820877684740
1441696477311475714
1441696587743256576
1441696701853540362
1441696731154948105
1441696732350279682
1441696745822425094
1441696888332296193
1441697000525742083
1441697178221572100
1441697208634515459
1441697213520900101
1441697251261255686
1441697448502517765
1441697571026599945
1441697649636175876
1441697667747225607
1441697909108477954
1441698003429904389
1441698052872441860
1441698253771182090
1441698530926551049
1441698542804881413
1441699041729859587
1441699110042562565
1441699135032229893
1441699198366224387
1441699301709602818
1441699424166559749
1441699765402497027
1441699783882596356
1441699936328896512
1441700021599014922
1441700105107632130
1441700265837559815
1441700397295423494
1441700727315857414
1441700731786969090
1441700730570625030
1441700753085661190
1441700872547831808
1441700883524304898
1441700991833759746
1441701148725940226
1441701375025442827
1441701505938067456
1441701522211889154
1441701538896826373
1441701605514965003
1441701702336331783
1441701750012928012
1441701904640188418
1441702115068428291
1441702150392872963
1441702408992669698
1441702572574736387
1441702697841790981
1441702700740087811
1441702717143932932
1441702726606467073
1441702962938609667
1441703042206683136
1441703157780803591
1441704024210763777
1441704154456592385
1441704370874191874
1441704422505996288
1441704426771681280
1441704571391262723
1441704587925221382
1441704673035968516
1441704982651097095
1441705185743568897
1441705291121250308
1441705392497577991
1441705600971333632
1441706353643294722
1441706533423697924
1441706694216597513
1441706742950236169
1441706930259435531
1441707384368361476
1441707611506675717
1441707801718390790
1441707870882390017
1441708233312198657
1441708247400914946
1441708462245744642
1441708746489532419
1441708777405771783
1441708833630404609
1441709691621371905
1441709750052216837
1441709828045357057
1441709985524862977
1441710089178603521
1441710177619570688
1441710492729307144
1441710623738318851
1441710648858083336
1441710681980424196
1441710828776873998
1441711133329559554
1441711207761604608
1441711262732206086
1441711326925967364
1441711577862787079
1441711694917644294
1441711845199343618
1441711952263139334
1441712231784194049
1441712239317114899
1441712299404771345
1441712526459236356
1441712653106176000
1441712853442981889
1441713117432467456
1441713280095977478
1441713646740983812
1441713742975094784
1441714087231057926
1441714414801985538
1441714570427465733
1441714632335380487
1441714721023938560
1441714898187141121
1441714919473225740
1441714926817447941
1441715165410443272
1441715303092604934
1441715326702419968
1441715486677291013
1441715550795689984
1441715984792911874
1441716092523761665
1441716089495322628
1441716094683779072
1441716176837484544
1441716242394468354
1441716413207494658
1441716611577094147
1441716782268440577
1441716842439970818
1441717000229703680
1441717099395629060
1441717230056706048
1441717356862971912
1441717473905053706
1441717486433439744
1441717545199828994
1441718211615985669
1441718243425615880
1441718245866696705
1441718256402718723
1441718442042613765
1441718631893667843
1441718737799761920
1441718839708827654
1441719093824942082
1441719207767330829
1441719241393143809
1441719239195250689
1441719384951590918
1441719629462732804
1441719869989216276
1441719905267576838
1441720146251243533
1441720162852376585
1441720236927979522
1441720240581214213
1441720362828369931
1441720469573365767
1441720709185622024
1441720725723758594
1441720928648380418
1441721045099028480
1441721173524430857
1441721196400152591
1441721484431351809
1441721703512494080
1441721908521693188
1441722022036271106
1441722188285894662
1441722374395609089
1441722571628498949
1441722878882287625
1441723086546423810
1441723654484627460
1441723867211304963
1441723894629494785
1441723919761752068
1441724017593905156
1441724686715527168
1441725188245053447
1441725312035741696
1441725399587692546
1441725614399000582
1441725685702090753
1441725760662740998
1441725997582151695
1441726059154530304
1441726173625520130
1441726653479018510
1441726654443708419
1441726706050469894
1441726763332030470
1441727072871669767
1441727339616825350
1441727586501988353
1441727667372318727
1441727793075613705
1441727850181062661
1441727986256912388
1441728435911413762
1441728498725384199
1441728606233710599
1441728672487002122
1441728676492578817
1441728743379070981
1441728763092344832
1441728792691503118
1441729034933596160
1441729108908470272
1441729142915952640
1441729192681426944
1441729327368863747
1441729400492343298
1441729559913635842
1441729944657092612
1441730090581172230
1441730134688493576
1441730152862416903
1441730438221819914
1441730620967636992
1441730758054330380
1441731040146456577
1441731194391957514
1441731714041229316
1441731752381321218
1441731945994473479
1441732067453116422
1441732096758714378
1441732212148236292
1441732224903045123
1441732650931081216
1441732991856746496
1441733077504380929
1441733185499328521
1441733322850271232
1441733322619572231
1441733649838141447
1441733726363258884
1441733768411160583
1441733935721947142
1441734417404207107
1441734438002389001
1441734477785538561
1441734498484244485
1441734995219869700
1441735226808365060
1441735367661522947
1441735516974628867
1441735630505971712
1441735658465206278
1441736062003339267
1441736346834378756
1441736393349165072
1441736557954678787
1441736713173307398
1441736726720831498
1441736819964473353
1441737178300567552
1441737266527879169
1441737270839496706
1441737681130561540
1441737721517469698
1441737874727059465
1441738116100878350
1441738255515340818
1441738363967467540
1441738451292856329
1441738967024422916
1441739115146321928
1441739499009019918
1441739678437167111
1441739730320723970
1441739776147681284
1441739851175378949
1441740078619975686
1441740117593378818
1441740292076367882
1441740326239019013
1441740487442919429
1441740626928627722
1441740682788413455
1441740695446835212
1441741399360040969
1441741487553744896
1441741652863774726
1441741939410300932
1441742366331703304
1441743032991117327
1441743162452545536
1441743170715275265
1441743266756456454
1441743748468150274
1441743760883290113
1441743817426624515
1441743927443296258
1441744197170581507
1441744294365126660
1441744660192321538
1441744699228708874
1441744736012750854
1441745079836704783
1441745239023046661
1441745271638003713
1441745513208946693
1441745551301566469
1441745765504729090
1441746313792552962
1441746900814761992
1441747030531985410
1441747179526184961
1441747560205410309
1441747605201977352
1441747662055698433
1441747811163262980
1441747901932191752
1441747965429751811
1441748024489693190
1441749127923077125
1441749461944836106
1441749477568647180
1441749577518956545
1441749814853529602
1441749935859273737
1441750010949869576
1441750086057332739
1441750090121572357
1441750189023252480
1441750201794904069
1441750310473527310
1441750603546333188
1441750679089860608
1441750844567744515
1441751271459885063
1441751668220067853
1441751697479507971
1441751916850008080
1441751961880055814
1441752267795873793
1441752317468938244
1441752324427304965
1441752774232973319
1441752856306933762
1441753098171478023
1441753302811688960
1441753301096169477
1441753346591789062
1441753580025774088
1441754097066004480
1441754101260242945
1441754334140645387
1441754914254848009
1441755515877400583
1441756693730250756