1433952301186568193
1433952810316414976
1433954009392447488
1433960183802122241
1433967201849987072
1433969332166533124
1433979551638384644
1433989284923461636
1433994324933447682
1434005127103336448
1434013597626249218
1434017357739945986
1434017452006920193
1434023023971954693
1434030348355047426
1434033534876872704
1434039255169335298
1434040293636984836
1434042241899655171
1434046235321638917
1434047092427661319
1434049946186141696
1434055175019270148
1434055748359704577
1434058242984857602
1434060216044191747
1434063090631335948
1434064073784692738
1434064830550343681
1434070994109353990
1434071234841612288
1434074366015246339
1434074770174251008
1434074944594345985
1434075087959773189
1434075224085909507
1434076298603687938
1434076718709411852
1434076781691084803
1434078782361534468
1434079003917230087
1434080523685490692
1434082186882322432
1434084436904009736
1434084836491235330
1434085100161929221
1434086333295775746
1434089880267603970
1434093884435357697
1434094070503149573
1434095124338786308
1434095984066269191
1434097221587308545
1434098647449227267
1434099853945032709
1434100667967172611
1434100884741390336
1434102279758512131
1434103542445342720
1434106601359609863
1434107045112778754
1434113933577637895
1434117601647464451
1434124561289650177
1434124758027694080
1434131504104280068
1434134204850139140
1434138989959663622
1434139197439307779
1434141558916333569
1434141574347177985
1434142673187729409
1434145584688947200
1434149129807007749
1434149299927928832
1434149924724035584
1434153689925619716
1434154882240430084
1434156532434812935
1434157913434558472
1434159423941869571
1434159644956495878
1434161010189881348
1434162480171782145
1434163723787067400
1434166434490318850
1434166978957090823
1434167240912375808
1434169194736599043
1434171027320229897
1434172156062044165
1434172947070021638
1434181980833214467
1434183462643142660
1434188084409556998
1434191467241611278
1434192975706267653
1434203088781406208
1434217200810803200
1434236873333886976
1434293460480135168
1434303860311420933