1436848233880297476
1436849486211391490
1436850235498635271
1436856696001810433
1436858049671491585
1436864661983404033
1436873508139659273
1436878786809634820
1436881014626816005
1436885954644496387
1436888849590853634
1436891049322946565
1436892176747618304
1436895112252903434
1436902330629197826
1436906990324752385
1436908258267054082
1436908881574125568
1436910839827603457
1436912789310771204
1436913490887774211
1436923625341218823
1436926107912052738
1436927945826660359
1436940754698457088
1436944693703569410
1436947788210728961
1436948506636271622
1436953643417096193
1436956933823496192
1436958588753235972
1436961188772925446
1436969907476893696
1436980316434931714
1436983280331489283
1436985142401110019
1436994288177483780
1436994668760207367
1436994926189826048
1437002664848412677
1437005650446327810
1437009371003637762
1437010232673071111
1437011880615182341
1437012615293640708
1437017651436404742
1437018671247806472
1437020618419888135
1437020898251268097
1437022224213442560
1437026001343565833
1437026134118387715
1437028155345174530
1437029386193039368
1437047834931437568
1437047955635118084
1437048787273351174
1437053785176559619
1437056526661787651
1437059330004688896
1437059356693041154
1437059567427358725
1437063569946726401
1437065672710713357
1437067399354847240
1437073195035611141
1437074463342792708
1437078200354365441
1437080695705194497
1437088537015320583
1437095576852652033
1437095699179520000
1437096121059315713
1437101133055418370
1437104081781211140
1437105809247268869
1437111757114200068
1437138726778392578
1437184407413006337
1437184642369474566
1437191737538121734
1436843875004465152
1436855561140654086
1436855817379012610
1436859035324588033
1436867229186809858
1436868556961062912
1436869368671920132
1436875051794456578
1436875753463844867
1436876859124305924
1436877320527101958
1436877724585394181
1436877796647657473
1436878596715343881
1436879895779373063
1436881865474932736
1436882692008595456
1436882702238691330
1436883863226044417
1436884700002336769
1436886224162078721
1436887552800145411
1436888075163078657
1436888172827320321
1436889204240224257
1436889351124750338
1436890429144797193
1436890608220598272
1436892175619350532
1436894100158963716
1436894797533310978
1436896300067266566
1436897176450322434
1436898978218479616
1436900778715664385
1436901658882048003
1436902366658408453
1436902390213586944
1436902593628835845
1436906230623051779
1436906757658316802
1436909707579387907
1436909854224912388
1436911806971211778
1436916923543941126
1436917220076969988
1436918220867321861
1436918949451485184
1436920504175116289
1436921068803870728
1436922987110830085
1436923308750950401
1436923646069510151
1436923777955164161
1436925293671825418
1436925596848644097
1436928671961473024
1436929167363219466
1436930188814680066
1436930618105892866
1436930956183494660
1436932154940739586
1436932220246052865
1436932616800796675
1436932627005521929
1436932626439278596
1436932637021458432
1436932647423381507
1436932667384033282
1436932678582898689
1436932687986507778
1436932698270957569
1436932709448753153
1436932718974046212
1436932728797077506
1436933095572209664
1436933459394523142
1436934859209936900
1436935485994139648
1436935694774005763
1436935844854521856
1436937926907105280
1436938123104116737
1436940490004307977
1436942339662962695
1436943260811870211
1436943273189253130
1436944006886215681
1436945334513528835
1436946506183970820
1436947089510985729
1436947618936995840
1436947682031927296
1436947751086931970
1436948504832667650
1436949087648206850
1436949137870794754
1436949164324270088
1436954480847642628
1436955784210907137
1436958535871389697
1436959628856737793
1436964157790703620
1436966292666273801
1436966490167595016
1436966951398432777
1436967319628963842
1436969588109971457
1436970665286914050
1436971903793582080
1436971981170098181
1436973496848969729
1436973795252736004
1436973992649191435
1436974320228569090
1436974593151889411
1436975777531060225
1436975796720062466
1436976450620444676
1436979453918257152
1436980429026963462
1436984653571788806
1436985426925940739
1436985592030515204
1436986705056198658
1436988328528662528
1436993556686651393
1436994586648330243
1436998301677539332
1436998936921706499
1437000113444962309
1437002306927534082
1437002356193853448
1437006554268528648
1437006782992314376
1437012548503572486
1437014308823597057
1437015676900626434
1437015710748733442
1437016365647347718
1437017010932641798
1437019323722199049
1437020921559072770
1437021125867814913
1437022484893626369
1437022537397903366
1437023030597672963
1437024774073421832
1437026094977216517
1437026486976868356
1437026759304617988
1437028062734917641
1437028445519691779
1437029458238586880
1437029584675868676
1437031015277465606
1437031042263650306
1437031203438161922
1437033005537587209
1437034530796277763
1437034624782245892
1437034777039671307
1437035464851005448
1437038202632622083
1437039119385849862
1437040049162530818
1437040433532604423
1437042505162231809
1437042518202322944
1437044469233184769
1437044785332686851
1437046802205736968
1437047635555205122
1437049318452518923
1437050581357498369
1437050879878721539
1437051129884397576
1437051176323739652
1437054365827682310
1437055885650456581
1437056165968441354
1437056957194465285
1437057657840418817
1437058084115922944
1437058090201800709
1437058438819770369
1437059083094224904
1437060756944474112
1437060862645202951
1437061840790425600
1437061908050300937
1437061970717331462
1437062094340321284
1437062614777929737
1437063033784717312
1437063476493520902
1437063870326075393
1437065696593125388
1437066408534310920
1437067047012241409
1437067750128582663
1437069342760341504
1437073044372029443
1437075635264913409
1437078113465159681
1437078858998579202
1437078917278355456
1437081984866545668
1437082579207811073
1437083854896971780
1437088771300753410
1437089974730452993
1437091046597431298
1437091456477396996
1437093833750155265
1437094070858366983
1437096022090522624
1437102074618007556
1437106730240917507
1437112167744958464
1437114636738854913
1437120457111572482
1437128949797097472
1437137300236890112
1437159118729461761
1437169371793674241
1437183445872963586
1437185497722327041
1437189990077779971
1437192475018346500
1437196837585395714
1437197837125644289
1437201325117231107
1437201708371742721
1437202286069964800
1436844535133315074
1436846755656527876
1436848294697705475
1436848582556930049
1436849463876673537
1436849653761282052
1436849679988232195
1436849882342428676
1436850731181432833
1436853609946181636
1436854268737196034
1436854363708747778
1436855100287307778
1436855576290467848
1436856909819088897
1436857220159860743
1436857282965299203
1436857402997940229
1436857799640698888
1436857802408939525
1436858874527506436
1436859587596992513
1436860140934729730
1436861153775210496
1436863218249465858
1436864423184896001
1436864965537792003
1436866345451225095
1436867710084808710
1436868512153174019
1436870282329804800
1436872190708707329
1436874251529719810
1436876280725573633
1436876814123679744
1436877403582656515
1436877518343065605
1436877911978508290
1436878309036490753
1436879859133730817
1436880498064769029
1436881139096903680
1436882906907963394
1436883999725551616
1436884630309769216
1436884917393113089
1436886279929548800
1436886466634784772
1436887051744337927
1436887301167083522
1436887780844474372
1436888060050882562
1436888982382694401
1436889063244525570
1436889121411137542
1436891021795676168
1436891591608733697
1436892833684746240
1436893100559921157
1436893242922917900
1436894250176679941
1436895507851272193
1436895769856921603
1436897231815077891
1436899026209697798
1436899575575371784
1436899831767785479
1436901249325023234
1436901744647176194
1436902842099331078
1436903275778002944
1436903819611279361
1436906611621044233
1436906983504814086
1436909666714357761
1436911794597949442
1436912703533056010
1436912877789581316
1436912946546819075
1436913955486584832
1436915180261175300
1436915853044314112
1436916051447484420
1436916811606282243
1436917223931604993
1436917853827911684
1436918162428030977
1436918166077067268
1436918253058605062
1436922897910484992
1436923291713691653
1436924035439284224
1436925036900802560
1436927985597046786
1436928166912659456
1436929409445892099
1436930508189929478
1436930510329024515
1436934710584692738
1436934738573336578
1436935655846596611
1436935987146285057
1436936887705341959
1436937794383872001
1436939706575429638
1436940436862427139
1436940730933465090
1436942426074075139
1436942660305051648
1436943472863244288
1436944802323468292
1436946709519601673
1436946896472272899
1436947773551616001
1436948296690323467
1436948676920811526
1436950365895864323
1436951241083351046
1436951573087719424
1436951851941826563
1436953337161674752
1436964275759640580
1436970086556835842
1436973718434054147
1436973743247482880
1436973773236760578
1436975087282962432
1436977648031260673
1436977870555860992
1436982764943798273
1436984485644423171
1436989024011382789
1436992342565687298
1436993107233370117
1436993423177703424
1436996793242304519
1436996949043912711
1437005152997625862
1437008684178051074
1437013077422075909
1437013545233772552
1437017472943591434
1437018314698473472
1437018676708855817
1437023964279107592
1437030437734420486
1437030801862905859
1437034037420322821
1437037363687952384
1437038549476405256
1437038628383772674
1437044813514219520
1437045351416930310
1437046303997923338
1437046853204267016
1437047710952013832
1437050825398841346
1437052081873973252
1437052141554700290
1437052543457116174
1437053899215540227
1437054171039952902
1437054511642644482
1437055131682435072
1437056927997956103
1437057825256050692
1437059066027642880
1437059964942438402
1437060815262076928
1437063230581448714
1437063973845622787
1437064941819756545
1437065033305903104
1437067165559967750
1437067664086614020
1437077582285922304
1437081172635357188
1437082519619325952
1437083517230276617
1437084784421851140
1437086276763545607
1437090382228045824
1437091256404832257
1437093589025234947
1437094024121253892
1437097932507942913
1437098452396036096
1437099383632195587
1437119612471201792
1437184102571126785
1437195686143938564
1437200651713273860
1437202271620648961