1436505874982326273
1436506967715893252
1436508119257939969
1436516740351938561
1436517074751287303
1436518111457386498
1436518966940209157
1436519502179540994
1436525796701585410
1436529364842147848
1436533868236972036
1436534052228501509
1436534111422742531
1436539953505202177
1436546807044067328
1436551862119854080
1436553314271776768
1436555179478831109
1436564006991319048
1436564516922277894
1436570484229894144
1436585208510246913
1436594078808821760
1436600345799495681
1436601940452904962
1436606004066603012
1436606626937540610
1436608471034576898
1436610086978215942
1436611116377853954
1436611649717350403
1436619227784376321
1436627190582448130
1436628128810496000
1436629763674697733
1436631633189224451
1436636512662159367
1436638698037133319
1436638829314600970
1436639053361782784
1436639308295782408
1436639373777272834
1436639630820974594
1436641090191331331
1436647401867993093
1436656085784354828
1436656201618522119
1436656292060286981
1436656378043461634
1436660235012165636
1436662253793660930
1436662817499746310
1436670607530213379
1436671897245155328
1436673088297463813
1436674161208815622
1436674266389356555
1436676231303294977
1436683594664067072
1436689073259700228
1436690019251486722
1436690184041496580
1436694201475891202
1436700093160169478
1436705347616399360
1436708624307396611
1436708916696543234
1436709868858003465
1436710149805068289
1436715015810142213
1436721243177115648
1436722569516748803
1436727435425300484
1436733836805607429
1436740648711770112
1436752233048141824
1436757385943552002
1436831610091933697
1436835597390209029
1436482258517389312
1436484853885587456
1436486796745973762
1436487054846693376
1436489384937750529
1436492299114991624
1436496922227838977
1436498481900781570
1436503730493472768
1436512237884088324
1436513314008285184
1436514475151007744
1436514899010592768
1436518258543259652
1436518792532619266
1436520155719159812
1436522060528771077
1436522187507130369
1436525009510404100
1436525636739235850
1436528961777848321
1436529049933811712
1436532655638470663
1436532893501689856
1436532979682066435
1436533496965591042
1436533680860655619
1436534896109916171
1436535518825615360
1436536130053099521
1436536562871783424
1436537040548548609
1436542045120761856
1436542051248533507
1436543532169252864
1436544230718017538
1436545632030789634
1436547728679473153
1436550704731099138
1436551506996523010
1436551594951135235
1436554235290652672
1436554239375859712
1436557344612044801
1436557845177126912
1436559886804942858
1436563078208897026
1436569544277905419
1436573142579826688
1436574402309607427
1436574460518100994
1436574484765413381
1436579855294861315
1436581410886721539
1436581706471915520
1436584534846296086
1436585279888912384
1436586115419365384
1436586702580199425
1436587250481975302
1436587506951016453
1436587610218975235
1436587945192935424
1436588492599881728
1436588832007147520
1436588936642453510
1436592191816699904
1436593201494642690
1436594411257753608
1436595226001362944
1436595300177629190
1436597225212182532
1436598596162318336
1436600839301304324
1436606056516358148
1436606202029371395
1436606634063589381
1436607807239770113
1436609108333924356
1436609580511813640
1436615706661908487
1436615893023268864
1436621090600620034
1436621656428978182
1436623049080647681
1436625568519254018
1436625648643047425
1436627393154666498
1436629992096501762
1436630673423540225
1436631180816748545
1436635442632278020
1436638450023686147
1436638712075456516
1436639816771194883
1436641883384541190
1436642189375787012
1436642412135280642
1436643632027627520
1436645706186432520
1436646925931978757
1436647059264655366
1436647751761100805
1436648783857664003
1436649736505724928
1436650962114932746
1436652938533822471
1436654015769571328
1436654505714540546
1436655076022489090
1436655257623281664
1436655872260784131
1436655878774525962
1436657379970486272
1436658616803618820
1436659859349393415
1436662715645259779
1436663568015912970
1436664104047894535
1436664175275610115
1436664934692048896
1436666595959468036
1436668064129445893
1436668076494229504
1436672006578073601
1436672534125039618
1436673134157910020
1436673502061367298
1436674105864982529
1436675087428558856
1436677403644809218
1436678381530071040
1436679226539712515
1436680918446395398
1436681001678217222
1436681030367203346
1436683358042349572
1436684238544199685
1436685814772105217
1436692684295475207
1436694780679843845
1436696628451184653
1436697065392721922
1436699310989578241
1436700998664212483
1436702039355035659
1436704133164109828
1436704306581762054
1436704999048843277
1436705762907017221
1436706782294937603
1436707702374236161
1436710571613720580
1436711726376910853
1436712427937095684
1436715197817769987
1436716530838884356
1436717588575256579
1436720469785284609
1436722080343412737
1436725820932845573
1436737685813530628
1436755805328474118
1436757567871488003
1436777987806941184
1436792012200501249
1436827600828076035
1436829016204328963
1436829137532964865
1436830715467821060
1436833551983398916
1436835852169080836
1436838591615832066
1436486167646531585
1436487773519691777
1436494885582901252
1436507742743662593
1436509909319753729
1436518461874708487
1436519150042509312
1436524993639161864
1436525481998700548
1436528015459061760
1436534176392441859
1436536145681080329
1436536148487139333
1436536303609204739
1436537418648150021
1436537886543806472
1436543470403915782
1436545765522829319
1436546467267694596
1436548378448392195
1436552134539956224
1436553272198791174
1436555114320384005
1436555167428530178
1436563479708667904
1436565063779815434
1436567289273335811
1436567419988832262
1436567910483329034
1436568337715122179
1436571550589898753
1436572384786407425
1436574957526417411
1436585346934792197
1436585387476996096
1436586627619557378
1436586946571091969
1436589755345612804
1436590396604358660
1436592232077746178
1436592447530971139
1436592608323596293
1436593424115777538
1436600275972747272
1436600443791020037
1436602737328726017
1436603148198502404
1436603847686844422
1436605344180936704
1436607346516447237
1436607531242049536
1436607949762281475
1436608470833242119
1436610030627790850
1436610382785757189
1436610623702376451
1436611578564997127
1436615504123215876
1436615629746802689
1436615721593622532
1436618022026948608
1436618111256461321
1436618442891616257
1436619488774934531
1436621475285372928
1436622715503267840
1436623545409306628
1436624449009115141
1436624943924461568
1436626314895638535
1436626523675455488
1436627438566449154
1436629150232498177
1436629197783326722
1436629476679376898
1436629642115493889
1436629802740375560
1436630655648079874
1436630721565659145
1436631241541832705
1436632354148143106
1436632528182460423
1436633108196073474
1436633540557410304
1436633799631114246
1436635428010872833
1436636074453843971
1436637296418177025
1436638535780495368
1436638773123567616
1436640446638280712
1436644109221912580
1436644325002076160
1436644379850993670
1436645822993551374
1436645957236523008
1436646710676054016
1436648822025777163
1436649075110125568
1436649262830395392
1436650042245451776
1436650647298850818
1436651360787726345
1436653321339621376
1436653485391429636
1436653993988665344
1436655181844811782
1436657283597955078
1436657474887569411
1436658456098848770
1436658817438130178
1436659624816496643
1436661962239209477
1436665995569942531
1436666220846088195
1436666860573917186
1436667099003244546
1436667486460538887
1436668386843324423
1436669022926372867
1436669237636915202
1436672046310641666
1436673848682823681
1436674180066394118
1436674876996153349
1436674886290731010
1436676254690779141
1436678739408998406
1436679606719766531
1436682287794376711
1436684785900920835
1436686432479825926
1436688762273099780
1436691222106558467
1436692092978229249
1436693951369547783
1436695528234893312
1436696272392495107
1436696273470386178
1436696781354463236
1436697164453871619
1436706232954351617
1436706638182842369
1436709587260829703
1436709951485857792
1436710393032835073
1436713177270534154
1436713266613424128
1436713604410077187
1436716170665680911
1436718685285199878
1436719122583195652
1436721148935294985
1436721151388971010
1436722457331716097
1436723156304072704
1436724004648194053
1436724737158254597
1436728168459632643
1436729809334259712
1436729834596548616
1436734152175357952
1436734356073050112
1436737770043502596
1436739067954143235
1436749065060970496
1436749888746708993
1436754391327932417
1436755007282417671
1436761414648037376
1436762968255959042
1436779219954982912
1436781671139790849
1436807584380448768
1436808085461364738
1436810430165434373
1436811902290522112
1436823789925396480
1436825732785729536
1436826291739582469
1436828036939141120
1436832533413433356
1436833408273944582
1436837282258960389
1436837457840926729
1436838516596506624
1436839296355299329
1436841387635347460