1441199823886061574
1441203192826503173
1441203196920172544
1441212891374370816
1441213878155632648
1441215258220118019
1441216203326853122
1441223871122665481
1441225674761461771
1441228654470516739
1441230613852291076
1441230814998458386
1441231800668332034
1441233051162316807
1441235526669926408
1441235777086656518
1441237002855206914
1441238848466341891
1441240240463613953
1441244384930926592
1441245291705876486
1441246363019210763
1441247783160147975
1441250348690120711
1441254074402308104
1441256025034612741
1441258336352043008
1441261854781706242
1441264310907392005
1441277274225930257
1441278206032580618
1441278209618706433
1441278223648649225
1441279305435074562
1441280182183022594
1441282236213456899
1441285514640855042
1441287459170521088
1441288127109156864
1441291116670697477
1441296618645458952
1441298533194235904
1441304352333844481
1441306070312312832
1441306690389889024
1441308473526865926
1441308889996161026
1441319122004971522
1441319187276701696
1441319659358228483
1441322515201085446
1441326474103984138
1441330364270596099
1441337756853039107
1441337943004565511
1441343286157869061
1441343758218326026
1441344653941358598
1441345235343212548
1441347021969903623
1441350429200117762
1441355974233657365
1441362987625762828
1441364478835130369
1441369089235062792
1441370623876296716
1441376665146314758
1441378444030349321
1441378909790957575
1441379411983409166
1441381751222272009
1441381808101150721
1441382573507178509
1441382669456007174
1441385468193476611
1441385702357303300
1441385786167857159
1441386991606632455
1441386998716010505
1441387189426872320
1441388407523926016
1441388432773632012
1441388430521372679
1441389870824312838
1441391358711775251
1441395915298799619
1441401757574189078
1441404025396555776
1441405376738447366
1441406382645735434
1441406872649551888
1441409386815975428
1441410751579639820
1441411103435542528
1441412077784993804
1441413370142347270
1441417899881611273
1441420964961525774
1441436919297032199
1441439475305836545
1441451421476343814
1441485150869544963
1441494746426347525
1441495682162958336
1441519066959646720
1441534913967099905
1441539420344049674
1441550702417903618
1441550857300889600
1441389087533928453
1441389162016362500
1441389227858546701
1441389255993933835
1441389290286583816
1441389317792808963
1441389818806607877
1441389866579755008
1441389881222041602
1441389910913536004
1441390228783067148
1441391288398409737
1441391487699152896
1441392136268615691
1441392303273222159
1441392316967571462
1441392933710667778
1441393417037094912
1441393702430121991
1441394155305852931
1441394488258150415
1441394655845707786
1441394964731072526
1441395281455583235
1441395432748244992
1441395563874766859
1441395583386730497
1441396042272940035
1441396070190256128
1441396078461390857
1441396335307939847
1441396723817930756
1441396844915875843
1441397227373481986
1441397398903738370
1441397913347710978
1441398275177791489
1441398306131701775
1441398321759735811
1441398788443176965
1441398922795098112
1441399068110905352
1441399221903630336
1441399484366286856
1441399592352817152
1441399769738350597
1441400073926053899
1441400086949335048
1441400408665059343
1441400411949125638
1441400436091600904
1441400552324100096
1441400590139985922
1441400615427457033
1441400632154333186
1441400678966915076
1441400789679804426
1441400824148611072
1441401051022692363
1441401269038370827
1441401291901595648
1441401778516287498
1441401806945337359
1441401889870925827
1441402405480923143
1441402890023682062
1441402926786744321
1441404350014771200
1441404562695344142
1441404728051580930
1441404767746486281
1441404870183907329
1441405103278211077
1441405162443083779
1441405455218003974
1441405943942561806
1441405955862786058
1441406321148907529
1441406382964576258
1441406548438257669
1441406582126899207
1441406669653561352
1441406796602609665
1441407054447464457
1441407997213691909
1441408566036815895
1441408870207799309
1441408984691326977
1441409448342290435
1441409455543832579
1441409608422023178
1441409701095170061
1441409711937490957
1441409893756403721
1441410118537539600
1441410537934364686
1441410666166775814
1441410811872755715
1441410870274187273
1441411227305984000
1441411369526460419
1441411381400530956
1441411521943277578
1441411894707773441
1441412017064067072
1441412170437169152
1441412485886595074
1441413155217756161
1441413217016639499
1441413297861922826
1441413300395261953
1441413520478846979
1441413653794672643
1441413814767919110
1441414066862366731
1441414472153780235
1441414574230573065
1441414740828327943
1441414782012125185
1441415152386019332
1441415219956248581
1441415234749493255
1441415263895781377
1441415389057982472
1441415784354365457
1441415921499738118
1441416027632386050
1441416401906913286
1441416552125894663
1441416821509218308
1441417425023488001
1441417857011621893
1441418399997784074
1441418398190104584
1441418412987584521
1441419039532744721
1441419416252518406
1441419995162955778
1441420123596726273
1441420242282897414
1441420357324271625
1441420483052773386
1441421237922590723
1441421445901414404
1441421447423881226
1441422093413863428
1441422452802801678
1441422617315983373
1441422743870734337
1441423289683824640
1441423387708977154
1441423441140191234
1441424014451240973
1441424108206493696
1441424432040275968
1441425200252211205
1441425278937407497
1441425307131543553
1441425432830623751
1441425616847343624
1441425943067717636
1441426337810432014
1441426699636277257
1441426939558780931
1441427035327320070
1441427122170437644
1441427203808391172
1441427544750768136
1441427557362978819
1441427708861288458
1441427846656712713
1441427958221008900
1441428638742679567
1441428821991849985
1441428933598060544
1441429116356468739
1441429448692092929
1441429549347074057
1441429634017480711
1441429711192686594
1441429966483189772
1441430161497288705
1441430298948816902
1441430439529377793
1441430450501664779
1441430491429752834
1441430766924095488
1441430784473133066
1441431418882576399
1441431449320652802
1441431495869022210
1441431496628178953
1441432013081178112
1441432080202694668
1441432134757994509
1441432343604957189
1441433500976959489
1441433789771567113
1441434478715432964
1441434595019223046
1441434707703468037
1441435291227602944
1441435343765454856
1441435767973335040
1441436293385240585
1441437229067300878
1441437300244697092
1441437665467928582
1441437917411364869
1441438080284594186
1441438640660385811
1441438849188597764
1441440060000268288
1441440589820534786
1441440808134012928
1441441185059332099
1441441955200651269
1441442401248104458
1441442765963886596
1441444813044391938
1441447000260677634
1441447378951688200
1441447642047729672
1441447780220735499
1441448113361674241
1441448740800270341
1441448770185555975
1441448859247517697
1441449135140323339
1441451153607192583
1441453766071312386
1441453863865761808
1441454175905140742
1441455298112155661
1441456683453018117
1441456917625204743
1441458343839555592
1441458362453880837
1441458816621506560
1441459221472505867
1441459297473368074
1441462593470664706
1441463978761228288
1441465380283707396
1441466143823183881
1441466945363066882
1441472611750457345
1441474402474885138
1441474631290871810
1441478307761909760
1441480869416345601
1441481901169074179
1441483008326856708
1441484194085949440
1441485307585695744
1441487907190034434
1441487923354820609
1441490470375362575
1441490709471662082
1441495954956296196
1441497649467719692
1441499446705995777
1441502118880317441
1441507814501851141
1441508539894308864
1441512781174296578
1441515184212742149
1441520266534801410
1441521211347853312
1441524864527978497
1441528285129687044
1441533550730219527
1441533812916121602
1441534024225148928
1441534282216865792
1441534290953596929
1441534981050748929
1441536648475385869
1441537763128479745
1441537938118959114
1441538156927627264
1441540234328506372
1441540376834183171
1441540400750100492
1441541229410283530
1441541369462509568
1441541813488152586
1441541843372560388
1441541942890827779
1441542085887152130
1441542224995438594
1441542725178904576
1441543442903941123
1441543803458969600
1441543841148858370
1441544379181658113
1441544657901547526
1441544671570788359
1441545643751837697
1441545839256621062
1441546198570057728
1441546218212003841
1441546496617238536
1441546743527587843
1441547279882543104
1441548321340882947
1441548605366554633
1441548824665673734
1441550594464894985
1441550916889444352
1441551020568444929
1441551445120090113
1441551907785347072
1441552173788135440
1441552922018344966
1441190648351133703
1441190811782107138
1441190864458424323
1441191124828184580
1441191194952753154
1441191536037793803
1441191652706582531
1441191664492576770
1441192155523928068
1441192507962892299
1441192570999087108
1441193309188231180
1441193666396123141
1441193952179228677
1441194195176157191
1441194246531284997
1441194264327688194
1441194403251384323
1441194538240856080
1441194837101875202
1441194876415086601
1441195221832798210
1441196722865147913
1441196860723511297
1441197385007321093
1441197390308909057
1441197466037075975
1441198069152837640
1441198101448957952
1441198539141378051
1441198776442507275
1441198888925286404
1441198894231158786
1441199310574526476
1441199339804631042
1441199575608430599
1441199632571256836
1441199937442619392
1441200085816123393
1441200292767305734
1441200872197742597
1441201480501923845
1441201586068344834
1441202014092869655
1441202170926297093
1441202236663554058
1441202303046848513
1441202314639921158
1441202340002885634
1441202743016755209
1441202870632673284
1441203417074978817
1441204013853151236
1441204435384893445
1441204502023999494
1441204569090912267
1441204767393345541
1441204809273540610
1441205070951944200
1441205157421748229
1441205262568738818
1441205278456758281
1441205286736306181
1441205294961287169
1441205302750158853
1441205319699288068
1441205594535260163
1441205616022745088
1441205970281984009
1441206579198529541
1441207655670771714
1441207742731993092
1441208136900120583
1441208238687490048
1441208573598461956
1441208689298264075
1441208888439672839
1441209127510765571
1441209977792700431
1441210192452935680
1441210459772755969
1441210554727612421
1441210760063971328
1441211034719571971
1441211386957205507
1441211991121563651
1441212001775017988
1441212924433866759
1441213349094563846
1441213797306298375
1441214033881825288
1441214149082562568
1441214263893262338
1441214419195727874
1441214585814478851
1441214588935028744
1441214657109192711
1441214663547490310
1441214750101106689
1441215148140625928
1441215835209486348
1441216227741892613
1441216240953921538
1441216532793593864
1441217067550605314
1441217379996889095
1441218126457098242
1441218250411425793
1441218412537995264
1441218491541975043
1441218535498280970
1441218764796690435
1441218879775068169
1441219075309400067
1441219586074963972
1441219802341601287
1441219803599966213
1441220180072300546
1441220306698313730
1441220453842886668
1441220501083328516
1441220606721073153
1441220885323477002
1441220905602936835
1441221165159047171
1441221174051041286
1441221273128890376
1441221815150395393
1441221851401752584
1441222031173840901
1441222144617181188
1441222212803969029
1441222227341365254
1441222363845062665
1441222409562976263
1441223138524598275
1441223437574279172
1441223984289177603
1441224277064175625
1441224447520763908
1441225496834961412
1441225748237279232
1441226091167846414
1441226174793801741
1441226444546265094
1441226559235321859
1441226930083172364
1441226951490871298
1441227594439921666
1441227797716897799
1441228116634914816
1441228587189739527
1441228585260371972
1441228889078972422
1441229054112198656
1441229209318268930
1441229211583143950
1441229341086543876
1441229384291999749
1441229410321907723
1441229479133605893
1441229499564130310
1441229633672810500
1441229719064571906
1441229962703368200
1441230499431600138
1441230750330753029
1441231192339083270
1441231563853688836
1441231894918488068
1441232020777025543
1441232235147919368
1441232563977158659
1441232694176714762
1441233111367368708
1441233213880344583
1441233218749878274
1441233495599190026
1441233600595197954
1441233691783548928
1441233707960913931
1441233756484820997
1441233824701054980
1441234080566177792
1441234210522423301
1441234231993114628
1441234244106285057
1441234474298064900
1441234600794071044
1441234661695320065
1441234797381111808
1441234899902427143
1441234951999946757
1441235122557112322
1441235318351400968
1441235432105074689
1441235680835817472
1441236030116425738
1441236048856555524
1441236252620062724
1441236252703952897
1441236301236244481
1441236336350937090
1441236648872710155
1441236840258830347
1441237039433674758
1441237186284716033
1441237188260155395
1441237273731690509
1441237490946375687
1441237680122073095
1441237841107832832
1441237950839152640
1441238363508412419
1441238403543023616
1441238439517515778
1441238492307091456
1441238501748400137
1441238552122036227
1441238641611739145
1441238697697968131
1441238800546418694
1441239021720518665
1441239134421487619
1441239263744430087
1441239308002807809
1441239645031788550
1441239803043876872
1441239920463335426
1441240075715502084
1441240107546136580
1441240160817930243
1441240221610176523
1441240363625185283
1441240416875995137
1441240575907299336
1441240585709318145
1441240824428187649
1441241317749649411
1441241410351423489
1441241438663024646
1441241797766758403
1441241837721698311
1441241967078240263
1441242046623145986
1441242216261775366
1441242553081204742
1441242652876283909
1441244475880210436
1441244747331342338
1441244794903097355
1441244866235682823
1441244974847127559
1441245102349766666
1441245282541269000
1441245333292404739
1441245475538018315
1441245550402146315
1441245909338054665
1441245929588215809
1441246002703310849
1441246296350724113
1441246300570210309
1441246364424306693
1441246773121478664
1441247027665326086
1441247038742532097
1441247727048749059
1441248044805017602
1441248533538091024
1441248619630268420
1441249018827325440
1441249023424229387
1441249301150121993
1441249389318590468
1441249642507767811
1441249921990946825
1441250091252076554
1441250299654459394
1441250307493695493
1441250322677002242
1441250564134690822
1441250951310970886
1441251037902372864
1441251071352053768
1441251087990722561
1441251369919205384
1441251565600329731
1441251615759953923
1441251859155484677
1441252042975047688
1441252097161236480
1441252477492363279
1441252858561642507
1441253212338593794
1441253343167344645
1441253599900680194
1441254100675411972
1441254248029646855
1441254246733647881
1441254265784188939
1441254337540358148
1441254356058206215
1441254732140400643
1441255013976666112
1441255202707828743
1441255305141096451
1441255552986673160
1441255920625803268
1441255944185253900
1441256009230475271
1441256100477603852
1441256358200807426
1441256390366957569
1441256400995250176
1441256572710100997
1441256667081969676
1441256832563961862
1441256933818658817
1441256931696332800
1441257028400287745
1441257218607763456
1441257266557046797
1441257278640820227
1441257847233269766
1441257887733465093
1441258210925506561
1441258211584069632
1441258300805304333
1441258687683649539
1441259296214306818
1441259496681066500
1441259494605041664
1441259651358609414
1441259834611929089
1441259873384030212
1441259919789854721
1441259981253197831
1441260076212228101
1441260320404557824
1441261177116381186
1441261230119739401
1441261284855480330
1441261413394042887
1441261852986470407
1441261865141608449
1441261914990862341
1441261985602048003
1441262540038688775
1441262711237607426
1441263839803105280
1441264165591547906
1441264230460653572
1441264287998103561
1441264500003381249
1441264976417615872
1441266180593909763
1441266283694022660
1441266342082998288
1441266348642897929
1441266393220096001
1441266562271354884
1441267788279005192
1441267819534897154
1441268154659786763
1441268210045653001
1441268437175603210
1441268558437052416
1441268591890878464
1441268710077992969
1441268857570615305
1441269375688867850
1441269685807304706
1441270363657097218
1441270798904225794
1441271008095129601
1441271038604558337
1441271132187885572
1441271525840097283
1441271880002850819
1441272102619811841
1441272178335383555
1441272181313335303
1441272823998136320
1441273947413094406
1441274209703845890
1441274349105795079
1441274482870480898
1441275088528031752
1441275459291922439
1441275495195103234
1441276140321067008
1441276591422599185
1441276817713741834
1441277393792995332
1441277973827444737
1441277976755068928
1441278056891498499
1441278182322147332
1441278634564542467
1441278639291592712
1441278640088436741
1441278645562064902
1441278650922332168
1441278899959185414
1441279211671474180
1441279219040800771
1441279476390760454
1441279679176929283
1441279865798332422
1441280425813446658
1441280466527535107
1441280663815028736
1441280754877485058
1441280869067460609
1441281299826688009
1441281356768497671
1441281506354159616
1441281675661504514
1441281677125308420
1441281705373958146
1441281713871601672
1441281832100659204
1441282046177910784
1441282178818580485
1441282291712475139
1441282549058129923
1441282773839323138
1441282796077531140
1441282934602801152
1441283363629780992
1441283495049916418
1441283649303834626
1441283946407288833
1441283984634236932
1441283998488039427
1441284015617548293
1441284216533049344
1441284265367404548
1441284435194699780
1441284604355248136
1441284754007998466
1441284778569863179
1441284782030159875
1441284813789433857
1441284916428242951
1441285270221910017
1441285280699322369
1441285383925293058
1441285386567761924
1441285698586222598
1441285788143001604
1441285791435554820
1441285818346192908
1441285916362903558
1441286417741533184
1441286830322688001
1441286962665508864
1441287081561526273
1441287347392303107
1441287356774973449
1441287385480773638
1441287433119621126
1441287467294859269
1441287477923221506
1441287798749687815
1441288113184071687
1441288145186684933
1441288195237298181
1441288242951704587
1441289092415639556
1441289274431721473
1441289342714986496
1441289532427489286
1441289722966331402
1441289794282090499
1441290062356905992
1441290206259281930
1441290336970547201
1441290394793172992
1441290472937254920
1441290639371489284
1441291386800644097
1441291605013499905
1441292036120797193
1441292133428711428
1441292340941901829
1441292837362884609
1441293117236264966
1441293138815946753
1441293264133316616
1441293376549109764
1441293573530345481
1441293834223161346
1441293842615918604
1441294270636257285
1441294448940388356
1441294976927686657
1441295130309267458
1441295215004839940
1441295598322216968
1441295612905852935
1441295643742375939
1441295819953487875
1441296000723734532
1441296084433735680
1441296494078750722
1441296541092769795
1441296582591201285
1441296635506487303
1441296822647984131
1441296866759434242
1441296871129903105
1441296960124715010
1441297436174008327
1441297641996898311
1441297667775086599
1441297687379206144
1441297705444073478
1441297709940584450
1441297733436928001
1441297969794273281
1441297990019256322
1441297994888876044
1441298077956993024
1441298325702017035
1441298367640788997
1441298642560638985
1441298926208831493
1441298987739344896
1441299039224414212
1441299059386421249
1441299247610040323
1441299432050286593
1441299896062001159
1441300134189576192
1441300452012814342
1441300691167760387
1441300888644046854
1441301420351705094
1441301460310839300
1441301502291689473
1441301704494829574
1441301999778029575
1441302017738035209
1441302159799111680
1441302720879554569
1441302731499589632
1441302835128254464
1441302961448054786
1441303084941004808
1441303256534163463
1441303256211329024
1441303432208527360
1441303476856786954
1441304322944290823
1441304374546866187
1441304495493812225
1441304605011288067
1441304877892730887
1441305357918228489
1441305473341263880
1441305542715068426
1441305570510663687
1441305828724645910
1441305861880639488
1441305942155399178
1441306005468372992
1441306129577828360
1441306153133096975
1441306151866417157
1441306294237884423
1441306370582593540
1441306626187612174
1441306681325936643
1441306945273556994
1441307131513171970
1441307201759432712
1441307551254024205
1441307654693867526
1441307702630649857
1441308093288046595
1441308190864338952
1441308285953470470
1441308558914510853
1441308628674220033
1441308820098093059
1441308923357630469
1441309143319543811
1441309198365519882
1441309311804706821
1441309559985901569
1441309578122039296
1441310104112930818
1441310138279751680
1441310351824281603
1441310616367480841
1441310827370352641
1441311200470392834
1441311415784992773
1441311446973894659
1441311576347213834
1441312072776622089
1441312446774333454
1441312530366828546
1441312722864336900
1441313179414380546
1441313182379745285
1441313248326799370
1441313839039930370
1441313967113080834
1441314122734333961
1441314420978642948
1441315100044894215
1441315108085383171
1441316432172572676
1441316913104048129
1441317088698593282
1441317145674014727
1441317156633792519
1441317317850251266
1441317586944155650
1441318533187522564
1441318553722843142
1441318565546577924
1441318602330701826
1441318777392537608
1441318816919670788
1441319892947406862
1441320038808502277
1441320488295231488
1441321466058797061
1441321834629111810
1441322142373613572
1441322184174030848
1441322758189637641
1441323115816972289
1441323656043380743
1441323661424615425
1441323666868822018
1441323681045565441
1441323823442235396
1441323947023233030
1441324286187163649
1441324401387995144
1441324610595688458
1441324828930154496
1441324859842195461
1441325006139523072
1441325429810352137
1441325507375632384
1441325667199569928
1441325785059450883
1441325832849428496
1441325865866981377
1441326540583686148
1441326601157812224
1441326601455607818
1441326791331876864
1441326944377663490
1441327176788299776
1441327215401005060
1441327489909805062
1441327530628116483
1441327603126714375
1441327689302827010
1441327796156964866
1441327927262531593
1441328699266113541
1441329041059958792
1441329475300384773
1441329608234717188
1441329706733686793
1441329874363318273
1441330022292221956
1441330677178265607
1441330831092375554
1441330975481335818
1441332062787563523
1441332179213029380
1441332214516436995
1441332411829153795
1441332472470327302
1441332502614855681
1441332858459549701
1441332940311457796
1441332976596307970
1441333694262755348
1441333748486717440
1441333831668092945
1441333954284425225
1441334566275350531
1441334745376321538
1441335051107528712
1441335118908452868
1441335280884088835
1441335480503582730
1441335517581242369
1441335607402250247
1441335631662051333
1441335716286398470
1441335795692933123
1441335832007172109
1441335957693759500
1441336208093708289
1441336250388992003
1441336336145735691
1441336346673438729
1441336391573463041
1441336448636973062
1441336466550886402
1441336679709564936
1441336682230386694
1441337052893573120
1441337076549505024
1441337110045151236
1441337262847905793
1441337388949667840
1441337497615618050
1441337500845297670
1441337650271580164
1441337746081992709
1441337871265271812
1441338033253412864
1441338151524388867
1441338168612032520
1441338166846185472
1441338472225140749
1441338484178882565
1441338509659312128
1441338550545358851
1441338579557306376
1441338666371063809
1441338801339592713
1441338814148976654
1441338929114877952
1441338986333552642
1441339016280883208
1441339089110781957
1441339251812036611
1441339275962830850
1441339274138325002
1441339684429316102
1441339721225932805
1441339747100622851
1441339769582022667
1441339790029250576
1441340051963580423
1441340222155866123
1441340229059637257
1441340242372358145
1441340350916820992
1441340393027637248
1441340413063753740
1441340512896577543
1441340551115132931
1441340554638331905
1441340572900364299
1441340637534572546
1441340663551774721
1441340665674158086
1441340706174369799
1441341025411231751
1441341112719794181
1441341307922763776
1441341358409588747
1441341362679390211
1441341361744084994
1441341412625174529
1441341436138430465
1441341475174817793
1441341492744765449
1441341535136542724
1441341582481887233
1441341643249102848
1441341648659746817
1441341699322572812
1441341710450135041
1441341762904072199
1441341826263228429
1441341832261083144
1441341893149822981
1441342171752251393
1441342195064213504
1441342248625401859
1441342277398368257
1441342685420273667
1441342877569667074
1441342908670504963
1441342952769396750
1441342957701853189
1441342983291346954
1441342992325898244
1441343080997679111
1441343171368087555
1441343228465213451
1441343272954130447
1441343298191314948
1441343310656774152
1441343344303493122
1441343402218455044
1441343546703761413
1441343664513437704
1441343737687207936
1441343791634337797
1441343815734886411
1441343877600858117
1441343926602850316
1441343955816251412
1441343971205083136
1441344058773827592
1441344064889098240
1441344162482176004
1441344186154827782
1441344332728913924
1441344357768962050
1441344389951811589
1441344464568520706
1441344461741559808
1441344646479695881
1441344748346757121
1441344798959423492
1441344881901801477
1441345014370422784
1441345127478280192
1441345330067300352
1441345365383389186
1441345378436009984
1441345413957652483
1441345480751915010
1441345519746383877
1441345599597469703
1441345660507148291
1441345695525474313
1441345776030937092
1441346236926234629
1441346257071394818
1441346564945973255
1441346579701518344
1441346663537283075
1441346692331159556
1441346761147109379
1441347107797942279
1441347218720505864
1441347417794748420
1441347488842014722
1441347572786864135
1441347582521794560
1441347679657750537
1441347756551913479
1441347853637480451
1441347868183252996
1441347909358813194
1441347946109227013
1441348068071206914
1441348490102116354
1441348568611115011
1441348722747531270
1441348725775880194
1441348796953157634
1441348919519154178
1441348991891869699
1441349110422925316
1441349156329574411
1441349222901575685
1441349270406270981
1441349431094222849
1441349711844151296
1441349782971158529
1441349850625241093
1441350042950914051
1441350047476568069
1441350051935121408
1441350073460224013
1441350109921366035
1441350167865675779
1441350277534081031
1441350279593545730
1441350469356441611
1441350586314551301
1441350634389716995
1441350649111728136
1441350754028056578
1441350770880770057
1441350904234446858
1441350999558393864
1441350997553532930
1441351087231942657
1441351153191514118
1441351171277348868
1441351627810623489
1441351689974386691
1441351870321098767
1441351970581716996
1441352060998352901
1441352075246391299
1441352090895339523
1441352175607705604
1441352267148394499
1441352267639099394
1441352422400540676
1441352443724386308
1441352480516829195
1441352506710183942
1441352524590551041
1441352774008987658
1441352784800927751
1441352885267091467
1441352892481298450
1441353104117563398
1441353116222255104
1441353256920248323
1441353351459868684
1441353358992805896
1441353370866884608
1441353510189080589
1441353766050033667
1441353802007728134
1441354095118323719
1441354099220303872
1441354370575077378
1441354668701990921
1441354681305894919
1441354703615365125
1441354718387736576
1441354825338265604
1441354862705328128
1441355228012441606
1441355232273854465
1441355555298152448
1441355554773880843
1441355563858857985
1441355721841397768
1441355742846468098
1441355887700955141
1441355894663487497
1441355904226521089
1441355995737837569
1441356092928233473
1441356155536621574
1441356322683846660
1441356380414246913
1441356750393790471
1441356756622344192
1441356799383244806
1441356801551732740
1441356912298102799
1441356915301179396
1441357002232328200
1441357053755150343
1441357257061462023
1441357302712324100
1441357336086401028
1441357479930064897
1441357602785423372
1441357721714839561
1441357802782396432
1441357819651911683
1441358034773561353
1441358362516459524
1441358388047192064
1441358399300530178
1441358697121284098
1441358740041601025
1441358940453814294
1441359303248474116
1441359388296372224
1441359520588910593
1441359522153459719
1441359561798008833
1441359643821756416
1441359676080226314
1441359689954914309
1441359716160978970
1441359742895484935
1441359894720831491
1441359913247141897
1441360023611789315
1441360128301621249
1441360145078833153
1441360157552746496
1441360330890747911
1441360674966229001
1441360692062220296
1441360730645680133
1441360741710237709
1441360830080045059
1441360992395403271
1441361287074648069
1441361467425447942
1441361581527367688
1441361681569878023
1441361778345013262
1441361827959427072
1441361866660323336
1441361920620068868
1441362028107501572
1441362271762927618
1441362397856337923
1441362462935175173
1441362573366939655
1441362599744991236
1441362666623168517
1441362769844920322
1441362914347126790
1441362935813578754
1441363009029345294
1441363013685026819
1441363040084004877
1441363854026424321
1441363960905617409
1441363998235000835
1441364067520638981
1441364077570248707
1441364163524132868
1441364247758327809
1441364262102781960
1441364300468142084
1441364351173029903
1441364514335649800
1441364910563225601
1441365019363405825
1441365137969991680
1441365167174873100
1441365435270635523
1441365661498818562
1441365717551513606
1441365895415144453
1441365934380236808
1441366141629173769
1441366471582445574
1441366527815524352
1441366813124673538
1441366847610187776
1441366878497116162
1441366970012557317
1441367069686042628
1441367093136412677
1441367105111085068
1441367186187046925
1441367197364805635
1441367260640137218
1441367511497207813
1441367727336136710
1441367823956123658
1441367899872981000
1441367903035478018
1441368033545441294
1441368126478716932
1441368199291805703
1441368288605327365
1441368408465940492
1441368487142645762
1441368561499324416
1441368576221351942
1441368653648203784
1441368741904728082
1441368778722267147
1441368972851437576
1441368975498113025
1441369034797113348
1441369082708643843
1441369274434551817
1441369415430197251
1441369489921085449
1441369556295905283
1441369749938597892
1441369802581233668
1441369845736488972
1441369868259848197
1441369994361651200
1441370019036794881
1441370437007540225
1441370449611423749
1441370538631307268
1441370601810059270
1441370852193300493
1441371087879561225
1441371135124279302
1441371168590557190
1441371203634040832
1441371385897521152
1441371419623911429
1441371493900767255
1441371594551545859
1441371653972262914
1441371843332435969
1441371849582157824
1441371847115816960
1441371894880489472
1441372056050831374
1441372090737758208
1441372144772927497
1441372321160175622
1441372385333039112
1441372437476565002
1441372487539834890
1441372491616645132
1441372517487153155
1441372602342150146
1441372685758451724
1441372770298785793
1441372794969735169
1441372945037729795
1441372972258758662
1441373103053893634
1441373290669375488
1441373338870312960
1441373358415699974
1441373377923452936
1441373418515881985
1441373483259203590
1441373636858761217
1441373751925370889
1441374046298406918
1441374281879810052
1441374306030653446
1441374322434609159
1441374410254938114
1441374564290756610
1441374621786263555
1441374739923038213
1441374746084405248
1441374819488964609
1441374840380788738
1441374853441880065
1441374865118797830
1441374900552302593
1441375084057219072
1441375092286492673
1441375166248861712
1441375178416553994
1441375383417339905
1441375578418909190
1441375594210463758
1441375796816347142
1441376003679391747
1441376072801480705
1441376080762322948
1441376105882030080
1441376236215816202
1441376391681830917
1441376531062816777
1441376788047745034
1441376918398406664
1441377015836200964
1441377023302144001
1441377419059888136
1441377623548989445
1441377641651572738
1441377805820784648
1441377847747121158
1441378132372512772
1441378150026395656
1441378217718280204
1441378240136761368
1441378293941342208
1441378524443541516
1441378631985491975
1441379023586664454
1441379108689104905
1441379148467871750
1441379388822540289
1441379388294156289
1441379469386678275
1441379534956232707
1441379571161452551
1441379756100837387
1441379811822211076
1441379839345233929
1441379933096329228
1441380145042903048
1441380573050671117
1441380604214329346
1441380680584237062
1441380957697679363
1441380967222964240
1441381433294016526
1441381479838220292
1441381578534387713
1441381686642495492
1441381898912100357
1441382324046753803
1441382767665696773
1441382811169005576
1441382821273038853
1441382848628330496
1441382859420307463
1441382856404594695
1441382871994830848
1441382883340423172
1441382894383947779
1441383150395879427
1441383361675550727
1441383668476350466
1441383678035197952
1441384434356219906
1441384629898940423
1441385230783246336
1441385235522879495
1441385706597666821
1441385740110159878
1441385752051421185
1441385880157974546
1441385936403591185
1441386117660508174
1441386185587257347
1441386478836219906
1441386683165908992
1441386725654163459
1441387027203645440
1441387399074902029
1441387529811292166
1441387839397064705
1441388115931774979
1441388458061094917