1442278793599619076
1442279695341350914
1442285916773441539
1442287850955837443
1442288515312615424
1442289258744541187
1442289644721168387
1442291493507506177
1442291879286956034
1442292023122284546
1442292118693707780
1442292257441210369
1442294960695361538
1442294996137230339
1442302591736578054
1442309616444928002
1442313220593618946
1442315734848139265
1442317815126446082
1442319408227971072
1442326874240126982
1442334341485391874
1442335460907380739
1442339467788886024
1442340348970164225
1442344048379916293
1442345156770820102
1442345768539484168
1442345909702979589
1442346558880555008
1442347247325233158
1442347858812825603
1442356107842703362
1442357159451246597
1442357989512396802
1442363309659807748
1442364191415799809
1442365706276786178
1442366867578888193
1442367355896561664
1442369549643386881
1442373206829002757
1442377939291566083
1442381340058341380
1442382916315533312
1442388383397863426
1442389494750195712
1442389691509190656
1442391390596464640
1442391439665610755
1442396339216605190
1442403503897399302
1442404823211511809
1442405806339547140
1442406053950341130
1442409024901709824
1442409932268077057
1442409983229022208
1442411809420369928
1442414265541881861
1442415427288649729
1442416114500194307
1442425399405789185
1442425550413316098
1442427122954297354
1442430336260980739
1442430845222932481
1442435153733640195
1442435563462688777
1442436295465181196
1442437828143554562
1442442108447559688
1442444235270090752
1442450138924867589
1442453622948696072
1442455280671809540
1442459018794979330
1442465844152307715
1442469518664552450
1442470145176211463
1442470326235918341
1442471637719207941
1442627972804927489
1442472498033922056
1442472679697567751
1442472957679321090
1442473265415352326
1442473463743229957
1442473658027368456
1442473944922001408
1442474023976271873
1442474235922837508
1442474250808422404
1442474450012676097
1442474532892123140
1442475173475602436
1442475364651962373
1442475475176091651
1442475868438220803
1442475900830842892
1442476435013189640
1442476697882750978
1442476718757847046
1442476936349962241
1442477930056089611
1442478369828859910
1442478886541926407
1442479933763178499
1442480186763583494
1442480665694375937
1442480898180476936
1442481058918768650
1442481120017145858
1442481143329148929
1442481492077146120
1442481662835585036
1442481770612473858
1442482045565820931
1442482195923292168
1442482365603876865
1442482714620280844
1442482918991876096
1442483198596837385
1442483355300163588
1442483453639856136
1442484103954067456
1442484516023537671
1442485311800426505
1442485830275194882
1442485915230760962
1442486040262955008
1442486040204218377
1442486172232544259
1442486282421030923
1442486406903787528
1442486455998160898
1442486606821089284
1442486637531856898
1442486648915197961
1442486806490976263
1442486831346421760
1442486854167633920
1442486938687082499
1442487569212592133
1442487784544030723
1442487861534593025
1442487956619489288
1442487998583488515
1442488304197197824
1442488418009640961
1442489194643738625
1442490131546624003
1442490443879440389
1442490935762321419
1442491053517402120
1442491249919889413
1442492329349156866
1442492813594136588
1442492986307215371
1442493634373316608
1442494748749561864
1442494944594120704
1442495307640492033
1442495593025212421
1442496140612550659
1442496663839379456
1442497229344759819
1442497404842827781
1442498214205165578
1442498681765130243
1442498912737136650
1442499657213493257
1442500076107010052
1442501186364473353
1442502301822816256
1442502820641472515
1442503436335927304
1442503767140622338
1442504222751150080
1442504536342482945
1442504584014938128
1442504775770071053
1442504905890013192
1442505192449003526
1442505866733752323
1442506414748962820
1442507100370866183
1442507298509770756
1442507544325333006
1442508244618858501
1442508296972169217
1442508706088820743
1442509386606256133
1442509497205886989
1442509569628913670
1442510034714251279
1442510275618357252
1442510518372089866
1442510651901939718
1442510810031407114
1442510837231415299
1442511165972615168
1442511940769783810
1442512104825651200
1442512331661922306
1442512860437831680
1442513124926447618
1442514326015725575
1442514335742382082
1442515032420470787
1442515124019810310
1442516170976808966
1442516804857831424
1442519012575887367
1442519470279254021
1442519521231716357
1442519612092936197
1442520685742473217
1442520781020229642
1442521188173893632
1442521363479089156
1442522247260827656
1442522538156851204
1442523559566315520
1442523794489237509
1442524016003059716
1442524547522043905
1442525092945154059
1442525118505238580
1442525412332957700
1442525649827086339
1442525779875663874
1442525862708928514
1442526753029722115
1442528756329947137
1442529270237044740
1442530521720901637
1442530770921267212
1442530973812334597
1442532881557962758
1442532945810518024
1442533193752592384
1442534747893239810
1442535028924182534
1442535336618332166
1442538955438575622
1442539322842955778
1442541452425265152
1442543494426361856
1442545210962026501
1442547191629836288
1442555737939447812
1442556235883036680
1442556611587833857
1442556679409729545
1442557211549454342
1442558676028432385
1442559215608885248
1442563504519536640
1442571832264052736
1442574686492119046
1442588692414021638
1442590549190524928
1442595682360066048
1442598264784633861
1442606161992163330
1442607024357863430
1442608697746804744
1442612060718731268
1442613522404241408
1442616160944459780
1442616813175533577
1442616929743618052
1442621016568569858
1442621788601536514
1442622074992816132
1442622127023161349
1442622742319144961
1442623010637111297
1442624525418450946
1442626579562053635
1442627271362170886
1442629212414775300
1442629298905513986
1442630010750128133
1442630543451983875
1442631575032631300
1442632035521101824
1442632684539297794
1442632965486362624
1442633177445519360
1442633976322002950
1442634431722754049
1442635860554313729
1442636094403579904
1442636767127957505
1442636998074720260
1442636997890244609
1442637385427140608
1442637601639337985
1442638063633518596
1442639076977348610
1442639385715826692
1442278173115174913
1442278199358988290
1442278219198054400
1442279121237655562
1442279465766191104
1442279670100025352
1442279687204446212
1442280011487080451
1442280175253684224
1442280461770715139
1442281634317824003
1442282924150169608
1442283457929826304
1442283533381214219
1442283624078868486
1442284160924610574
1442285314022600712
1442286112773316610
1442286515111956481
1442286629637476352
1442287788699779073
1442288677627990020
1442289230273675271
1442289832957399040
1442290398962008067
1442290441068580864
1442290464858640384
1442290489823162370
1442290762050330629
1442290786964443138
1442291432987893766
1442292089572630533
1442292312621531149
1442292907831144449
1442293138605830145
1442293903487488003
1442294791165734915
1442295058284244995
1442295210780725251
1442295407665577996
1442295536908849157
1442296186598158338
1442296267921494016
1442296364138844172
1442297344221798406
1442297593342562311
1442297645561565190
1442298151772168197
1442299264915410944
1442300075481321476
1442300345657348098
1442300550175805449
1442301526068772871
1442302108359823365
1442302166836781067
1442302351830777858
1442302898101051393
1442303070029815809
1442303317036580868
1442303485014253570
1442303607462719492
1442303649883951105
1442303775868293127
1442304888122216449
1442304892467507202
1442304890533859331
1442305251067895812
1442305310933143560
1442306100846477314
1442307221258309638
1442307344235442177
1442307553195532289
1442307849703415814
1442308029597327363
1442308098228572162
1442308132617613312
1442308245373153290
1442308345587662849
1442308705932890113
1442308970849320961
1442309558819454978
1442309714260344835
1442309772556996608
1442309848876470274
1442310087758909440
1442310191207256069
1442310380756389889
1442310668586160133
1442311362168852481
1442311615643226116
1442312107559555077
1442313598777257987
1442313687553822721
1442313714842013697
1442313792671535109
1442313797604044802
1442314542667554823
1442314567950876673
1442314648896737286
1442314676197490695
1442315067878371333
1442315233108791299
1442315294781755396
1442315319884726282
1442315387316498435
1442315595387596801
1442316032589262854
1442316114755604481
1442316338597294080
1442316347057184775
1442316374391484416
1442316502661619715
1442316945550823424
1442317071128219653
1442317079806238727
1442317840564908036
1442318146933649414
1442318368434900995
1442318434897784839
1442318467852472322
1442318475993645067
1442319138437820421
1442319594664824837
1442319600213901318
1442319648003788800
1442319970797428750
1442320039705600007
1442320371949047810
1442320621749161989
1442320883062693895
1442321407518515203
1442321631016218628
1442321643469086721
1442321708413702148
1442321806027735042
1442321822297440256
1442321838659358723
1442322143585325056
1442322295674970119
1442322326352117761
1442323121894215684
1442323235161313286
1442323293969653761
1442323303549452292
1442323480863600647
1442324021815783427
1442324153839730694
1442324324522729477
1442324790878953472
1442325117082632200
1442325224750415882
1442325428895567873
1442325534545899524
1442325789194612748
1442325991007735812
1442325998788222976
1442326037078036486
1442326116564230147
1442326187171139587
1442326395997220864
1442326476033085440
1442326880909135872
1442326945811816448
1442327183763017730
1442327209180426246
1442328080429682691
1442328093213954048
1442328415164534790
1442329030762455044
1442329574923067393
1442330656680206341
1442330823986982913
1442330953645391882
1442331023845429249
1442331565237817347
1442331574180073479
1442331819446190086
1442331834612805633
1442331956478283780
1442332084308037639
1442332081879609347
1442332782798147584
1442333123354640395
1442333139007803397
1442333336148459523
1442333759584362501
1442333869710057474
1442333970675294220
1442334170865278979
1442334205355048960
1442334311412224005
1442335296020910085
1442335423657693196
1442335924449255428
1442336300573487105
1442336581918941184
1442337000305008640
1442337012283936782
1442337217339277320
1442337450202779649
1442337515558473733
1442337532021075969
1442337964864917519
1442338314980413441
1442338561966047240
1442338685265997828
1442338961888714753
1442339729425321995
1442339920459141121
1442340565421477895
1442341378231398401
1442341405620248577
1442341434242179080
1442341874480541707
1442342544810000390
1442342561662652427
1442342988198207502
1442343173674520586
1442343247876018178
1442343325839736832
1442344133264171011
1442344349967081478
1442344534348759040
1442344894068977664
1442345138995412992
1442345518219214855
1442345605183926272
1442345686712799234
1442345745810526213
1442345760666750978
1442345758921949189
1442345858461143042
1442346000933294087
1442346541474148366
1442346682218258433
1442347679518892045
1442347931374219269
1442348384669495303
1442348547282636802
1442348702002147334
1442348719920148481
1442348789704970242
1442348920181387264
1442349439767613441
1442350378725433348
1442350404574990336
1442350419955486721
1442350472342376451
1442350907702665217
1442351058047496193
1442351433894875136
1442351585443545089
1442351748836773891
1442351995289931777
1442352033952985093
1442352041213382661
1442352179751256071
1442352695394799618
1442352908691857408
1442353166775832584
1442353226968301568
1442353288863617024
1442353308920811523
1442353321080090624
1442353366357536770
1442353417851080706
1442353440106049538
1442353596331290626
1442353643059961856
1442353868881346561
1442353943900610561
1442354054579904515
1442354470994649090
1442354561457397763
1442354807432310799
1442355322111205377
1442355844323024898
1442355872584265729
1442355984416980992
1442356191779196933
1442356344963551234
1442356811718225928
1442356947043295233
1442357744921571328
1442358655026806787
1442358874380455945
1442359059680616458
1442359762880905219
1442359962777178112
1442360108369858561
1442360662479360005
1442360778745466887
1442360793505284103
1442360992059383818
1442362377198915594
1442362524020600836
1442362609215303681
1442362692312780804
1442362799313723394
1442362926191419393
1442363078620815361
1442363270078230534
1442363272376713218
1442363274087976965
1442363276000591875
1442363277430837250
1442363578762162176
1442363811621572610
1442364182628757508
1442364561898672130
1442365028896690180
1442365417205342215
1442365902134001665
1442366347934003205
1442366350626680841
1442367223218143232
1442367310040231938
1442367551304921090
1442367614529912833
1442367622163533828
1442367823737618435
1442368504775249921
1442368521120325642
1442368534563024897
1442368625617223685
1442368676091490311
1442368733809369088
1442368940542332936
1442368973266317319
1442369028010364930
1442369502595850244
1442369604978823172
1442369797619007492
1442370010433810433
1442370134417371139
1442370597393031170
1442370819049463809
1442370877585117191
1442370916290334721
1442371164374896645
1442371206401773577
1442371232163373056
1442371267986743299
1442371314879119367
1442371842577080327
1442372023691329551
1442372182324117506
1442372226074939393
1442372534490439683
1442372580959215617
1442373101392576516
1442373409569005568
1442373569132908544
1442373616985796613
1442373777355010048
1442374229555433475
1442374244642353157
1442374358375145477
1442374686872989697
1442374891563458560
1442374974321283076
1442375141070016521
1442375630947958784
1442375694567104517
1442375836271726592
1442375940000993284
1442375954697965573
1442376449395073025
1442376814836416516
1442377172220465156
1442377383202283521
1442377756457590784
1442378407073906691
1442378695642017797
1442379031026954244
1442379122164965376
1442379393859350530
1442379474192928768
1442379687594848258
1442379898270609410
1442380182724087808
1442381582417883139
1442382193020456966
1442382254244700162
1442382303053844485
1442382391339667459
1442382520109002762
1442382652783267845
1442382712195588096
1442382844131635208
1442383291198296069
1442383457028481030
1442383608740675587
1442383610112143361
1442383618765168643
1442383760092139522
1442384979141431303
1442384994866016261
1442384993364295685
1442385053959405573
1442385051405017088
1442385106677559296
1442385505283231750
1442385544969797640
1442386035317493761
1442386450968887299
1442386603725393924
1442386757677301764
1442386915160838148
1442387037076680704
1442387271508905984
1442387365062844416
1442387496701100037
1442387730734804997
1442387814650298370
1442388033714761735
1442388229013921804
1442388399625687044
1442388489996103681
1442388633164546049
1442388843122987010
1442388898114584576
1442389053601583105
1442389068466167810
1442389223554781184
1442389332061425669
1442390506093174791
1442390768463736833
1442390987448274947
1442391053756076038
1442391392165064705
1442391401841324039
1442391471575891968
1442391654069985282
1442391667768659970
1442391745694617606
1442391872110952455
1442392007725387782
1442392477525102592
1442392560769462278
1442392562401099778
1442392644001304582
1442392735323803655
1442392764298059781
1442392839711703040
1442392908536049669
1442392988513038340
1442393387416440832
1442393470338048001
1442393557671682055
1442394087076761603
1442394573796364293
1442395047568154626
1442395315059904512
1442396025310699520
1442396259822702602
1442396293687431170
1442396307667120130
1442396328986775554
1442396332308582401
1442396336226123778
1442396334502281227
1442396363715612682
1442396389661577216
1442396551536513027
1442396585086750722
1442396978999037958
1442397042374897664
1442397443581087744
1442397653749297155
1442397705909637125
1442397808795926529
1442398035401527300
1442398127193878532
1442398189588410368
1442398251768942597
1442398302092206083
1442398445839343623
1442398505734053890
1442398545198256129
1442398610398879747
1442398614345502726
1442398861125996544
1442399091397255176
1442399225552130050
1442399666721607681
1442399960268304390
1442400061472718849
1442400079839518722
1442400091969503234
1442400850782011395
1442400930763132931
1442400952993021953
1442401090448678913
1442401204919693317
1442402087808081924
1442402312090120193
1442402328494051330
1442402476523544588
1442402503530663938
1442402519217422339
1442402549152169984
1442402784188370946
1442403123495014409
1442403163479281668
1442403215559987202
1442403530803798024
1442403558805032964
1442404081364963328
1442404394318778374
1442404412207554561
1442404521368440840
1442404692797976576
1442404754529816577
1442404795227119620
1442404906837630978
1442404980615352320
1442405095883227140
1442405169723953156
1442405360011075586
1442405420971134982
1442405443507081222
1442405660965048320
1442405669773078531
1442405692489404424
1442405721958543365
1442405757304000520
1442405769828188165
1442405831102787587
1442406035730276353
1442406643484934145
1442406940085153794
1442406975581704194
1442407072918753284
1442407100366274571
1442407169958187011
1442407170880929793
1442407201738428422
1442407279483973634
1442407429463969796
1442408057376440324
1442408327820955657
1442408561896689673
1442409193017806854
1442410528454823940
1442410641218695181
1442410657068961792
1442410750249607173
1442410887000694785
1442411069939453957
1442411091993108482
1442411169726156803
1442411225573326852
1442411349330386947
1442411583800446980
1442412180477906947
1442412262690541569
1442412392432869379
1442412520648556546
1442412868515753992
1442413057968259075
1442413127031685120
1442413144412807168
1442413422583287814
1442413775483592707
1442413832136114181
1442413944300134409
1442413962134388738
1442414110600151047
1442414284164591620
1442414417849696256
1442414518882091022
1442414518290681858
1442414579611418629
1442414635819225089
1442415034202611712
1442415635472871428
1442415667404148737
1442415722978631685
1442415730423517186
1442416051023532043
1442416366951145634
1442416507581915142
1442416963104350212
1442417320442294276
1442417322820456449
1442417478047567872
1442417521043275785
1442417782000271362
1442417785557028870
1442417820344545280
1442418249405108228
1442418257890136076
1442418261929254918
1442418423607148547
1442418662523035648
1442418795864215560
1442418949312770052
1442419076450566155
1442419080284147712
1442419107492737025
1442419134118043648
1442419143597199368
1442419154556911627
1442419279471648778
1442419293103149056
1442419411885850625
1442419415752986637
1442419417694932993
1442419421692104711
1442419419678789634
1442419639028371460
1442419715230482434
1442419865059430408
1442420401590603787
1442420406778925056
1442420679601758210
1442420756055425026
1442420760153247747
1442420764804730886
1442420762602704901
1442420767333904384
1442421262689529859
1442421311402233859
1442421837674139656
1442422100086562816
1442422163768676365
1442422244190277633
1442422308547690501
1442422387421573120
1442422407655002112
1442422629516779522
1442422648714121220
1442422755379466240
1442422971918733316
1442423103867392004
1442423120204292099
1442423172679168006
1442423406746423303
1442423436203028483
1442423769574879233
1442423794543456261
1442423842861826048
1442423940773601283
1442423981932310537
1442424006892609539
1442424137914273792
1442424202938572811
1442424205622984705
1442424431213617159
1442424450700365828
1442424542564020228
1442424738710654990
1442424888451469322
1442424932919504902
1442425167821426690
1442425423820820481
1442425460986499073
1442425801408868358
1442426006476705794
1442426010230607877
1442426035035787271
1442426464813535233
1442426471889309700
1442426555771363328
1442426884382281734
1442427004343635971
1442427009292931074
1442427339506262021
1442427474957066243
1442427539482234886
1442427650975444992
1442427669178580994
1442427760459214848
1442427772677148678
1442427903900217346
1442428125636280327
1442428224974168093
1442428566222766082
1442428607729602562
1442428803108642820
1442428971174412293
1442429054427205632
1442429100832874499
1442429168537391104
1442429231208697857
1442429495298822148
1442429572247547905
1442429599762190336
1442429831229018112
1442430091854692364
1442430272025219077
1442430429147983874
1442430618944475136
1442430815858741249
1442430833210494978
1442430967877025798
1442431081915961344
1442431162576609285
1442431173729218568
1442431299554213888
1442431337638633474
1442431637753450497
1442431647899545604
1442431850773762052
1442431888837120000
1442432012946661376
1442432046807220226
1442432070693781507
1442432172875386880
1442432205507022851
1442432386910674956
1442432577902727169
1442432607841492997
1442432648870125572
1442432697574559747
1442432809994383360
1442432829149810690
1442432980098564100
1442433291680829442
1442433451953557507
1442433521348276235
1442433655989702662
1442433704026984458
1442433926513917958
1442434270631378949
1442434271579312134
1442434307901906945
1442434313488764928
1442434572780662788
1442434736492711945
1442434851450155009
1442434920094134273
1442434981293289472
1442435115917844482
1442435281416699913
1442435297837346818
1442435317865218050
1442435404406263810
1442435607079243788
1442435640113520646
1442435811371196429
1442435820523118592
1442435824067301379
1442435871966261249
1442435869864914951
1442435883022491652
1442435902010118146
1442436196743856131
1442436211553890310
1442436208856993792
1442436246870056962
1442436329506103330
1442436491863465988
1442436746587693057
1442436766972067847
1442436785372499973
1442436870994989060
1442437047537451009
1442437127074050048
1442437230572699653
1442437278094135297
1442437587050762242
1442437749013811204
1442438080057602049
1442438440428048387
1442438537484255232
1442438591192305671
1442438621022224393
1442438663862767625
1442438688407883784
1442438744720560143
1442438865130700815
1442439049571012611
1442439267997741059
1442439283550289920
1442439705811845124
1442439894895235084
1442440095072591873
1442440191453503494
1442440307589607427
1442440347854917633
1442440478805225472
1442440770372308998
1442440772654010374
1442440941185351684
1442441124837167112
1442441168562786310
1442441274691244038
1442441327640121344
1442441458905198595
1442441541331472392
1442441709284102145
1442441849721876485
1442441939131928576
1442441949525336066
1442441960745230338
1442442044744482818
1442442286466433024
1442442443555631109
1442442448152584196
1442442470738956297
1442442625261326346
1442442674884075522
1442443064249835522
1442443545181179909
1442443624768180224
1442443907678171148
1442444009348026379
1442444018512629763
1442444060547944457
1442444089916526599
1442444244812124161
1442444320057925641
1442444400961880070
1442444430242291722
1442444573414871045
1442444788846891012
1442444968182702080
1442445052920225796
1442445065222123524
1442445091872788482
1442445113960005635
1442445298123436040
1442445312325345289
1442445320151961601
1442445429057024009
1442445507310211082
1442445524238405636
1442445756376367115
1442446133104562181
1442446210674036742
1442446278747512841
1442446368333651978
1442446450592399369
1442446545962426374
1442446682294083584
1442446987031240710
1442447083659673604
1442447098146787330
1442447154555985920
1442447192120119298
1442447200294825995
1442447202861740040
1442447226266030085
1442447248718057475
1442447266967482385
1442447689610940416
1442447736687579140
1442447747848675337
1442447797563768841
1442447840303849472
1442447900286459908
1442447910268858377
1442447934453256197
1442448017341050882
1442448034432835588
1442448203484385281
1442448337127444488
1442448364088422410
1442448447093678082
1442448552806916101
1442448573707083779
1442448633039712261
1442448810236514309
1442448946777841667
1442448969892712448
1442449152164569093
1442449241721376771
1442449475948007429
1442450016581259266
1442450600050843651
1442450618157699077
1442450705290199044
1442450754850017280
1442450758834614275
1442451078402871305
1442451462076858371
1442451548332822530
1442451690976780288
1442451745414602755
1442451841615208457
1442451878109872137
1442452043520614404
1442452098700906497
1442452124772683882
1442452341714612224
1442452625643827205
1442452658229374993
1442452832217563143
1442453099763798018
1442453230303125505
1442453281591103491
1442453375182798849
1442453745422405639
1442453768251994116
1442453899479158789
1442453897251942401
1442453912401813512
1442454146313973760
1442454371564810241
1442454432063508486
1442454573038256128
1442454798406610956
1442454868061396993
1442454882942783499
1442454958398312456
1442454986256891920
1442455114132848645
1442455149910265860
1442455151491518469
1442455237868982275
1442455394022936579
1442455426310631428
1442455487811702792
1442455592728023047
1442455720058781701
1442455765780811781
1442455860345655311
1442456052910284805
1442456338643107857
1442456490695036932
1442456584219623434
1442456613349052428
1442456886922547203
1442456893335609345
1442456934708236298
1442456993080348675
1442457185116512274
1442457277760299018
1442457311042146309
1442457452608311302
1442457580173815813
1442457853298556938
1442457925088210945
1442457976036491269
1442457974287437825
1442457978074927111
1442458108798783488
1442458328622239748
1442458379733983240
1442458411354886147
1442458515713392644
1442458591382757388
1442458878919151622
1442458916512677889
1442459165566271496
1442459253810204680
1442459273770852354
1442459360433639424
1442459422421176320
1442459645344305160
1442459711140364290
1442459759521665035
1442459885514289155
1442460145762463744
1442460506908815370
1442460629676150785
1442460684323749896
1442460924829310982
1442461214655746049
1442461222050271234
1442461226001260552
1442461281198301186
1442461381685514244
1442461542117560320
1442461547549257738
1442461622048411648
1442461759416111104
1442461928278749187
1442461976408453120
1442461989754707969
1442462314758754320
1442462356886278151
1442462642317242370
1442462718905110528
1442462787985313798
1442463292211924995
1442463304958369798
1442463492078923781
1442463811617767433
1442463981516451841
1442464033563496453
1442464148193906694
1442464158998355969
1442464715569913856
1442464728807133188
1442464885737017355
1442465220572573706
1442465511556612096
1442465624299479046
1442465925458923520
1442466121005748234
1442466132212940803
1442466200198414339
1442466256070725632
1442466371846041600
1442466551274295299
1442466573759905801
1442466685387096072
1442466889117011970
1442466936822976525
1442466975637127176
1442466980749930506
1442467007358640131
1442467011074748421
1442467020734271488
1442467062920609798
1442467239744008198
1442467248468201488
1442467292051173379
1442467454584717312
1442467510167691265
1442467640514023427
1442467816259538951
1442467938288619534
1442467951836221447
1442467988045656067
1442468379953020931
1442468662963621894
1442470991045693443
1442471040307793930
1442471350526885897
1442471870817832963
1442472496976961543