1440828264361037833
1440829476779089923
1440829715208499202
1440829761282920454
1440830375605850121
1440830740061569024
1440832737129086982
1440832964632342529
1440833187370860548
1440833443676311561
1440833672513404928
1440833773768118275
1440835224695296007
1440835836778475521
1440837121514741761
1440837518249791502
1440838564774776837
1440839343552139268
1440840077458882570
1440840197709524998
1440840668528582665
1440840987677380609
1440841303034503173
1440841489626501123
1440841836298338309
1440842533647437825
1440843496902971392
1440843977855430657
1440843986390847489
1440844503846244354
1440844638147911682
1440844692824870916
1440845493135831042
1440845861672525829
1440846812835811330
1440847655366631434
1440847986792157186
1440848061614346245
1440848454247321605
1440848509813473282
1440848606349516806
1440848748188372995
1440849121598840837
1440849308501245963
1440850024007561217
1440850119167934470
1440850303021031432
1440850307630522368
1440850307685097479
1440850528687181826
1440850828374339593
1440851631399051267
1440851938052960261
1440852070391713796
1440852152767840259
1440852242312011782
1440852272347435019
1440853584283717633
1440853642316169219
1440853793604661251
1440854117228769287
1440854454266261511
1440854483261526023
1440854698198663174
1440854708118114310
1440854734177378309
1440854794369785861
1440855103322296320
1440855119877193728
1440855503714750465
1440855722808410116
1440856337789841415
1440857019670405122
1440857062762639360
1440857130232205316
1440857207369711621
1440857935127597058
1440858131064451078
1440859010236772354
1440859358569517063
1440859425649008643
1440859700623396865
1440859933570854921
1440860111845478400
1440861127521431562
1440861186728235008
1440861422305484812
1440861905908748296
1440862212000677891
1440862865359925248
1440863350657728519
1440863671492612097
1440864065941753860
1440864812120952842
1440865250547433478
1440865329173831682
1440865428629196807
1440865669252149255
1440866183813681154
1440866336255594497
1440866347005710336
1440866365947228165
1440867319928918016
1440869329352806401
1440869520562737158
1440869677505204229
1440869743624286209
1440869757562068992
1440870159153991684
1440870247951601670
1440870439618637825
1440870565317910529
1440870601736916998
1440870684821909519
1440870723208286208
1440870733589069825
1440870866879877129
1440870875016966148
1440871096283242498
1440871138897317894
1440871296380727304
1440871310826016769
1440871790243303431
1440871986855436291
1440872280351862787
1440872321510621188
1440872579246346240
1440873035842482178
1440873606813159434
1440873673292861448
1440874281160826881
1440874469564682243
1440875084650991616
1440875152175099907
1440875314368827393
1440876152906661888
1440876268262547464
1440876343713939456
1440876465218719754
1440876772153704450
1440876799009849345
1440877137729261575
1440877903315550210
1440878175165108227
1440878444435292170
1440879095152214025
1440880223101198338
1440880513363812359
1440881294037061640
1440881368146186247
1440881586837196807
1440881590381334534
1440881724414562305
1440881906476716041
1440882220638429192
1440882514994741251
1440882617897783299
1440882874907914252
1440882889697099783
1440883051957948419
1440883549146542080
1440884071102496769
1440884680484524033
1440884816770002949
1440884861737181194
1440885016548950022
1440885094537781248
1440885436725940226
1440885546289483782
1440886454796709890
1440886630575849477
1440886700809474056
1440886908662415364
1440887157510475776
1440887720151171077
1440887750740299777
1440887884081360901
1440888291067265033
1440888604893450241
1440888668332253188
1440888747533365248
1440888834716176387
1440888957823111168
1440889115809959941
1440889356604952577
1440889444731535366
1440889718699266057
1440889843798593539
1440889923335335936
1440889947355947015
1440890110455660545
1440890292828180482
1440890583774416903
1440890636694028289
1440891190556053512
1440891478956335111
1440891549600997379
1440891688679927810
1440891884642074625
1440892218315771906
1440892913974538245
1440893304149725186
1440893574925619211
1440893600989020160
1440894398900817926
1440894627205181449
1440894694636986375
1440894724047396868
1440894963584143365
1440895062682992641
1440896235292872707
1440896240149942272
1440896246386814982
1440896371041599491
1440896423759859715
1440896521835192322
1440896614164353033
1440896790690033667
1440896864186888198
1440896962232868872
1440898445615644673
1440899060555153412
1440899282740015112
1440899302516146176
1440899300209217537
1440899585149308935
1440899660072173571
1440900566129917961
1440901321767337990
1440902462001401860
1440902666633187333
1440903225805180932
1440903663166185480
1440903671118585857
1440903811980165124
1440904257188753408
1440904488185827340
1440904660852772870
1440904923063848968
1440905204895916036
1440905558391877644
1440905674490212357
1440906093375287299
1440907376903671809
1440907966404718597
1440908545663275015
1440909459191066624
1440910008942620672
1440910284202274816
1440910731159900162
1440910981131956228
1440911615440797697
1440911617323982852
1440912047273742341
1440913196215242752
1440913488205934595
1440914634479833088
1440914681682554884
1440916242668261382
1440917200467021824
1440917252941889545
1440917671957065740
1440917904543731713
1440918531499958274
1440918871905431554
1440919104991514628
1440919274965528581
1440919406263955456
1440919468402642949
1440919567421767681
1440919949623525381
1440920813171986446
1440921391922966528
1440921418804301825
1440921997760876544
1440922613648297988
1440922615825141766
1440922655008325645
1440922790610173957
1440923081174777856
1440923281293385737
1440923719468138498
1440924096171106311
1440924147127767043
1440924536136814595
1440925123058544641
1440925366605029381
1440925538336460803
1440925603339767811
1440926038125539331
1440926443479781382
1440926829531987968
1440927427077697536
1440927922722783235
1440928195155423233
1440928315225698306
1440928648664518660
1440928950218211332
1440928997412536328
1440929458521718787
1440929492600438787
1440929831147884549
1440929944545103873
1440929962307899393
1440929962463137793
1440930317775224839
1440930363388268552
1440930418732134400
1440930791907680258
1440930942730719233
1440931002482716679
1440931149312790528
1440931295693983753
1440931447741861890
1440931600414380032
1440931627098468357
1440932018032820226
1440932048735145984
1440932368873758720
1440932794037780486
1440932915634864134
1440933064616538115
1440933083943882752
1440933426945617921
1440933671578472452
1440933915842138118
1440933953225908231
1440934192372539399
1440934328410820610
1440934439622643720
1440934548846510080
1440934734083723264
1440934785447182346
1440935182882664452
1440935276864495618
1440935274373070848
1440935281155264517
1440935323798802432
1440936009697427461
1440936728605323267
1440936748448501760
1440936773626974208
1440937037150896133
1440937208861523975
1440937348783501312
1440937752443244545
1440937990981754888
1440938298243878912
1440938325955649537
1440938477823037440
1440938705120751621
1440938867150901260
1440938880438452228
1440939004161974277
1440939541188288513
1440939648138694658
1440939691281289219
1440939913986248705
1440939950090821635
1440940036409552903
1440940073885716488
1440940316257705988
1440940654855548935
1440940948834324481
1440941018753417218
1440941354821906433
1440941956239020033
1440942085138370565
1440942101487763456
1440942293301612544
1440942624303550465
1440942907150639107
1440943261636448260
1440943921580765184
1440944196706209792
1440944381884715010
1440944675670560769
1440944747569242112
1440944817605734401
1440945026758897669
1440945312869150728
1440945630000652289
1440945702360653825
1440945865561034755
1440946112278384643
1440946672654172163
1440946934760423426
1440947498491650061
1440947510734823429
1440947510554497032
1440947720278003718
1440947725764235264
1440948065410584578
1440948106212741126
1440948267504734214
1440948465387773954
1440948514024873985
1440948631289270273
1440948752143904769
1440948775984324614
1440948818850111493
1440949360624238599
1440949537913278464
1440949555684691968
1440949698265681923
1440949814766682117
1440950380574040064
1440950389478625282
1440951004623609866
1440951787784007692
1440951789533024266
1440951957636534279
1440951990901624832
1440952103975878659
1440952558000824320
1440952615718699017
1440952983055790081
1440953091805773837
1440953720456429569
1440954782433169408
1440954984242167808
1440955101787475972
1440955137661435906
1440955547394600964
1440955624812990469
1440955738080354304
1440956036962078723
1440956224573370378
1440956248430563332
1440956300750254080
1440956431734349824
1440957506440683523
1440958148718694402
1440958266251509766
1440958552344961029
1440958870701043715
1440959877849907207
1440960148093095941
1440960248387407873
1440960455707529221
1440960867000995843
1440960898726723592
1440961066708529156
1440961220375318529
1440961620885139457
1440962069549883399
1440962746367963139
1440963013230485511
1440963061406384129
1440963237164425232
1440963254780448770
1440963550793461762
1440963835028930560
1440964105670590465
1440964244325892098
1440964749806608391
1440964815690764293
1440964846367821833
1440964922632912908
1440965398187298825
1440965640655818752
1440966209063686145
1440966552346509312
1440967023744278537
1440967419271385091
1440967502960283656
1440967866421968900
1440968090427084803
1440968129765527561
1440968351405117446
1440968510537027591
1440968578635735042
1440968606318092289
1440969217616977926
1440969222541099013
1440970101340073989
1440970365706981379
1440971693837598724
1440971858937925634
1440972498443464707
1440972604349698049
1440972746888933378
1440972891227447296
1440973647884079106
1440974063900381184
1440974362979438594
1440974712352305152
1440974743717302279
1440974880682377221
1440975554195329028
1440975602375217155
1440975664333479944
1440975669710581768
1440975811826237444
1440975976234557443
1440976216660480005
1440976694026780672
1440976818329190406
1440976880648130560
1440977154515222535
1440977432853422098
1440977446443098112
1440977444794556416
1440977620955381766
1440977831316451333
1440977959674789902
1440978265095565312
1440978332485513222
1440979271544029187
1440979355065257985
1440979373662765061
1440979384437854209
1440979491711377409
1440979499445731330
1440979508824133634
1440979516407513089
1440979734402199555
1440979741142519816
1440979940787122177
1440980293364551681
1440980309890134016
1440980521866125313
1440980561208623109
1440980628715888643
1440981295664746497
1440981528389902342
1440981647155875841
1440982096177090566
1440982113273073674
1440982336129011719
1440982346392498181
1440982357717118984
1440982376776044551
1440982469927268356
1440982938938605570
1440983021327319048
1440983047009013770
1440983076520136711
1440983168316674051
1440983319093526533
1440983453873238020
1440983520092954626
1440983669494009858
1440983738121400321
1440983859080822796
1440984358291062787
1440984416088571904
1440984493813219336
1440984971871617027
1440984994520858626
1440985661138341892
1440985693543559171
1440986888915992585
1440987007639900163
1440987244299362307
1440987619391795211
1440987742414934016
1440988146116689928
1440988285229146112
1440989237004816388
1440989467662159874
1440991302993076228
1440991497961177092
1440992862011752450
1440993421347352584
1440993886428557322
1440993943865335813
1440993989058916353
1440994118520356866
1440994306014121988
1440994359256756224
1440994569982603264
1440994980126871563
1440995150814011397
1440995414208040965
1440996145795264515
1440996685497266176
1440996848282390533
1440996913554153480
1440997470494867458
1440997563327401988
1440998326480949249
1440998719101440009
1440998824030339078
1440998968914165760
1440999008852332558
1440999125902708742
1440999386146770944
1440999820852826122
1441000049182318595
1441000362907889667
1441000810289065991
1441000936470499334
1441000969798520839
1441001069786517513
1441001182051270660
1441001348095365126
1441001464713728003
1441001553435914249
1441001629168197643
1441001693303373828
1441001893212221440
1441002253322571776
1441002320586702860
1441003002144247821
1441003345045381128
1441003461089247233
1441003678245146629
1441003788119134208
1441003808373411843
1441004221596196881
1441004383521542146
1441004454040326154
1441004460331831305
1441004473124462593
1441004549263663114
1441004697817473028
1441004728670842888
1441004997773193223
1441005005448704002
1441005120955637763
1441005542676123651
1441005765871865858
1441006234329497605
1441006410804785153
1441006543911067648
1441006769837260803
1441006888028569615
1441006956664131593
1441007115183611907
1441007847043600388
1441007875212517379
1441008235247378440
1441008312141561867
1441008314049916929
1441008384170291201
1441008767202566144
1441009039555457029
1441009093515390977
1441009231092596736
1441009865241939979
1441010163469541379
1441010279081410560
1441010596732817413
1441011294614822914
1441011511028191234
1441011527008415757
1441011815681433607
1441011878541479937
1441012655217528834
1441013153140142102
1441013371805990912
1441013581303017481
1441014604297953284
1441014792773193730
1441015020146491397
1441015167559499780
1441015445029486599
1441016111995056128
1441016329931091972
1441016949421469710
1441017041771655168
1441017171300130821
1441017369174765578
1441017561433329670
1441018508733681672
1441019171584704518
1441019244875943937
1441020376448864265
1441020518010818561
1441020980172759040
1441021525621051392
1441021676695732225
1441021760011264005
1441021904265957376
1441021972884852742
1441022012944646144
1441022212815798274
1441022418579984391
1441022537320652806
1441022706120474640
1441023028188508162
1441023095314157570
1441023442308907013
1441023628603101186
1441023631723663374
1441023792512311297
1441023862389583874
1441023877908348931
1441024130547994632
1441024364116283400
1441024864190558220
1441024976950214659
1441024984156016640
1441024992221663241
1441025065273815051
1441025467054649350
1441025522243293187
1441025554870722568
1441025646063325187
1441025756511957006
1441025961110093827
1441026102516875266
1441026270049947657
1441026387574353938
1441026449125740560
1441026609763401741
1441027082813796354
1441027128653324295
1441027662613397511
1441027752681869319
1441028644533456896
1441029098445291526
1441029137565585419
1441029247221452800
1441029291169304583
1441029340972544001
1441029460367527936
1441030123365429249
1441030220245463052
1441030330866012170
1441030506296930312
1441030615176859651
1441030958262603786
1441031138193989642
1441031170695696393
1441031559260168192
1441031712918568961
1441031979172970510
1441032611279736839
1441032853236510723
1441032872744288260
1441033150369447937
1441033186406907910
1441033215540555786
1441033506608455680
1441033948373524482
1441034649124311040
1441034800425406467
1441035023369457667
1441035798124453888
1441036423914606605
1441036567255007246
1441036901008375813
1441037083338952705
1441037277367472128
1441037345331957764
1441037670315020290
1441037764540076042
1441037865547272197
1441038299301220357
1441038387671035913
1441038627484549125
1441038851435220999
1441039033476399107
1441039095564673027
1441039191542951947
1441039215207145481
1441039659421683715
1441039860073058305
1441040334893432837
1441040390157594629
1441040791967649798
1441040920225349640
1441041070775681036
1441041405472772098
1441041613858357259
1441041698461663234
1441042194664542209
1441042505223397379
1441042671317831685
1441042811655098373
1441042933189267472
1441043172566523907
1441043339101368323
1441043529908719626
1441043616776876045
1441043636880240647
1441044319524196354
1441044554099036179
1441044630754107394
1441044638547120135
1441044675834499078
1441044712492650510
1441044757858320389
1441044870613782529
1441045107575115776
1441045119541465105
1441045174872727559
1441045425524391936
1441045553949798410
1441045816047652866
1441045980892196875
1441046007211429889
1441046229694124032
1441046427837206539
1441046695412785160
1441047046924869637
1441047055158288396
1441047133046468609
1441047283349344263
1441047558567071755
1441047743569354772
1441047849609805832
1441047923534417923
1441047982669918217
1441048165780639763
1441048386921062405
1441048763758362630
1441048834344251393
1441049054411067401
1441049484457230340
1441049521656512523
1441049650652319751
1441049708844105738
1441050232226140168
1441050357388374039
1441050524883701763
1441050663576870912
1441050812826853384
1441051188703547392
1441051966398816256
1441052560547143687
1441052781889032194
1441052852508508169
1441052867985489928
1441052916194766852
1441053584343191562
1441055002231934983
1441055330549440512
1441055465429868548
1441055691335106568
1441055730929266690
1441056011423391755
1441056036698222610
1441056207028981766
1441056292315885571
1441056710613819393
1441057433867063302
1441057434219401225
1441057500753629185
1441057824159592461
1441057827171143683
1441058286443249666
1441059622928871427
1441060368202096644
1441060535395504134
1441060711468130313
1441060974555906055
1441061067468115973
1441061069057769473
1441061183897755656
1441061322452398091
1441061576149110793
1441061910338670597
1441062056250069005
1441062197145137162
1441062212433440768
1441062404775821314
1441062425906724867
1441062512040939520
1441062567623860235
1441062808301367307
1441062870884573185
1441063229376008193
1441063426558550016
1441063883968417800
1441064111702298629
1441064137216385027
1441064147270074377
1441064411121139717
1441064534513356806
1441064636082626565
1441064793863954437
1441065041202008072
1441065381636960261
1441066064016658437
1441066346658234380
1441066542314053635
1441066561561759750
1441067175268126721
1441067196591996938
1441067263788871686
1441067370936557576
1441067410560208896
1441067702752215048
1441068364575641607
1441068495429533708
1441068709204803586
1441069036083679232
1441069777812803584
1441070026929291266
1441070152573853710
1441070213450055682
1441070313245118466
1441070494430613504
1441072582871031812
1441074045496160262
1441074364783292422
1441074472065200130
1441074482458677252
1441074573168955393
1441075418887426048
1441075438600687618
1441075472914259978
1441075835646087175
1441076318557257733
1441076651786309645
1441077374024491015
1441077498171723782
1441078024875565061
1441078109311148039
1441078312449843205
1441078803376193538
1441079137964212226
1441079789624840197
1441080056382562322
1441080677365997571
1441081000855883781
1441081505288048648
1441082418476163089
1441083357245308933
1441083578276671500
1441083656089399298
1441084378398924812
1441084774857117702
1441085607460048905
1441085636706910214
1441086741583044613
1441087851911778310
1441089062106894342
1441089283360628736
1441089879060856834
1441089880650514435
1441090183508594698
1441099378299588618
1441099380564520971
1441099385425645571
1441101688400613385
1441102097840152576
1441102681611796480
1441105729721548809
1441107588020523024
1441109540548669443
1441113634524971017
1441114887179014146
1441115534733414400
1441115798278344708
1441118184044564488
1441122524327079937
1441125881083166724
1441127023699632130
1441135146137100292
1441135694445899779
1441144250624741387
1441146534402277379
1441149807179939845
1441150723580850179
1441151215165870084
1441151564157046786
1441158094931705859
1441159697201991685
1441161983076679685
1441162490310631429
1441165881455759361
1441166066411991048
1441170519055732753
1441170525573705733
1441170523417767936
1441170529675710464
1441170533995876354
1441170784240603145
1441171263469223941
1441171261690843138
1441172348405571587
1441172581302738951
1441173195738923010
1441173317415624713
1441173400982986757
1441173419890864131
1441173590200623106
1441173601391054855
1441173755795939332
1441173826851639296
1441173981965406213
1441174015565914124
1441174037036560385
1441174038919847938
1441174846759583746
1441175585984708618
1441175615722307591
1441176271073918986
1441176593787809796
1441178365076013056
1441178764382068741
1441179184575836171
1441179524348059650
1441179993627717633
1441180038766870540
1441180077056798720
1441180373849759747
1441180836083036172
1441180962742697991
1441181670950932483
1441182286704041985
1441182518582124544
1441182925630808073
1441183232251219970
1441183447721005061
1441183557347528711
1441183895345528838
1441184128624250889
1441184367691190279
1441184404064243720
1441184409726566402
1441184577364447242
1441184640811765761
1441184794210029571
1441186572255121412
1441187398965022729
1441187494590963713
1441187799445622785
1441187919780188170
1441187952499982349
1441187998960263169
1441188026349088770
1441188037027713030
1441188042396475394
1441188058427129856
1441188806938411010
1441189647007182857
1441189838263250946
1441189855422078987
1441189960778805260
1441190523973165057
1441190532412162050