1443532760254013441
1443533283875164160
1443541136056807428
1443547393031479298
1443447898692194306
1443500877969510405
1443508419239964672
1443509703703547907
1443510932995383305
1443512191953641474
1443552402217467905
1443554413524619273
1443554489282138117
1443554735647166470
1443555085510856705
1443555432539295744
1443556253360218113
1443556405873557505
1443557105743532037
1443557347645800452
1443557366486630404
1443558089005797380
1443558208807657472
1443558275753000964
1443558650421800963
1443558680629108741
1443558761725972481
1443558952491380738
1443558988956663821
1443559013904388103
1443559143051173890
1443559197770014721
1443559219014160386
1443559398333304833
1443559448321036292
1443559593573949443
1443559726394982407
1443559987633033229
1443560275999805442
1443560765659615239
1443561726650187777
1443561802176942089
1443562108344356864
1443562189030256641
1443565360175738883
1443566313171939335
1443566314677673991
1443566821425115146
1443567044545318917
1443567246563938312
1443567489657434114
1443567742028693504
1443567893623427073
1443568073567391744
1443568171458256903
1443568604557938711
1443568812129804299
1443571112365879301
1443571154942193664
1443571198311366672
1443572116972920835
1443572436297863168
1443572721791557635
1443572954449645580
1443572959868686346
1443573128827789316
1443573403210764307
1443573466720964630
1443573538477076483
1443573549973659648
1443573817872289794
1443573820124635145
1443573913712140301
1443574195233849366
1443574727830761479
1443575507870621709
1443575854143922178
1443575882942070792
1443575933718261771
1443576317329297418
1443576688189734920
1443576889306537985
1443577076875886607
1443577124242083840
1443577301245984776
1443577336939511810
1443577365607575554
1443577707367784464
1443578118426402817
1443578543200374800
1443578732187295748
1443579007463686160
1443579148518060045
1443579553578844161
1443579983855710217
1443579993410269186
1443580560174030849
1443580562958995463
1443580706026754063
1443581838149050383
1443582257080332289
1443582341234843653
1443583238316826631
1443583247460356106
1443583459402792962
1443583619591598088
1443583944822177802
1443584118504058891
1443584226117308421
1443584474051055620
1443584725893804040
1443584964914647051
1443585040156299280
1443585450254299141
1443585535885209600
1443585589735952393
1443585716764639237
1443585842962853900
1443585916442853387
1443586006876246017
1443586327555964931
1443586709757718542
1443586951282450434
1443587409338253323
1443587532881469450
1443588207606521859
1443588289710026756
1443588579880407045
1443588721018748944
1443588907208101897
1443589190046793735
1443589292308140042
1443589385614618624
1443589879145775105
1443590018254049280
1443590622095413259
1443590867114024969
1443591053047595026
1443591391066480641
1443591513473048589
1443591771259228161
1443591799654649857
1443592184955998208
1443592256338882574
1443592555203948548
1443592792698023937
1443592812293857281
1443593067215290370
1443593159045312514
1443593250753835009
1443593251890466816
1443593444744593408
1443593502982479872
1443593760370135043
1443593903311974402
1443594138172100611
1443594585729482765
1443595380101292043
1443595563384012801
1443595689284431877
1443595781194190852
1443595810361413642
1443595835124563969
1443597230233899009
1443597230686965769
1443597561802072066
1443597853851521029
1443597947657019396
1443598149788921856
1443598185369247746
1443598422058029056
1443598527196643328
1443598760680968194
1443598872714956801
1443599052889739265
1443599581661466626
1443600668564996100
1443600712433213447
1443600868088049664
1443600923834474503
1443600943329656832
1443600989529903106
1443601326907150337
1443601514887450624
1443601527675895812
1443602055801683973
1443602654089781255
1443602669239603207
1443602924278464516
1443602931844976643
1443603081564807179
1443603648244711426
1443604289306251267
1443604392939118592
1443604451651035138
1443605756998082565
1443606448978608131
1443606687814873089
1443606778302775298
1443608115262341121
1443608595828936708
1443608766067331089
1443609296764227584
1443609382747467779
1443609425978093569
1443610263354105856
1443610275899273222
1443610453020610561
1443610476420628490
1443610646742908930
1443611549524914179
1443611629850005506
1443611709738942467
1443611869130854400
1443612140263251968
1443612418567933952
1443613214437109762
1443613246263418880
1443614425697566723
1443614570346528772
1443614626944454668
1443614806213206027
1443615075109986313
1443615415343587328
1443615433655865348
1443615486512537610
1443615558168039424
1443616145991352324
1443616290363494400
1443616468617228288
1443616618555195392
1443616786537123848
1443617192289837056
1443617307775832066
1443617942231392259
1443618800163692552
1443619110290530340
1443620091858329610
1443621532840841217
1443621700931883017
1443621699908345881
1443622285328326666
1443622941829177349
1443623167029747725
1443624527259340804
1443624565964349453
1443625277024706570
1443625629946028045
1443626136232075296
1443626341157376000
1443626511722946571
1443626650952929289
1443627454669594631
1443627847403249683
1443630433653202949
1443630724402188288
1443631756637130755
1443637864554643465
1443639429906812938
1443639604146487301
1443639851572596742
1443640457255399424
1443640841147490305
1443641297026224149
1443642414468673539
1443644328270696450
1443646788280410114
1443646901312647168
1443647860235374631
1443647877323137029
1443651118735626269
1443652686948143111
1443652926124269575
1443653824523079696
1443656253750710277
1443657120092590106
1443657392441503749
1443660828520026129
1443661119973822468
1443663948159455233
1443664051741986824
1443664378885115922
1443668139909124144
1443669619416305680
1443677112615981056
1443679132001333261
1443681954923261957
1443682178332717078
1443685563941351438
1443687155490975765
1443690061766160413
1443691715278237699
1443692809740034049
1443693427552514050
1443696859269132317
1443696981700866052
1443702289982627840
1443702365387845653
1443703115425869849
1443706039090638882
1443706278467956786
1443706820443336718
1443707746486939654
1443708049504579592
1443708105712300076
1443708235714752559
1443708302362243076
1443708306460078085
1443708304581029915
1443708310415306774
1443708397925265437
1443708876294078470
1443708887874613254
1443709244826546208
1443709846474289155
1443709850265939993
1443709848386891806
1443709851985604609
1443709856997797954
1443711214970826780
1443711792312586240
1443712447337021460
1443712479926702081
1443712644981014539
1443713265079439360
1443713676188389379
1443713904119463943
1443714405678530569
1443714903915720704
1443715194354487296
1443715451096211457
1443716064794210305
1443716549789945857
1443718546391924736
1443718977843204099
1443719975999459330
1443720127904563203
1443720135269748739
1443720164822843394
1443720582873301034
1443721019781365765
1443721021123543046
1443721131588915201
1443722015261671427
1443722125890654209
1443722647607541763
1443722780277555212
1443723355450839049
1443723697836081163
1443724716963815425
1443726241559822337
1443726791143669774
1443727229918199822
1443727323958689827
1443365105614213127
1443365637045334022
1443365726547427329
1443365819254075395
1443366285467742210
1443366841062023169
1443367102996439041
1443367641557581825
1443367873141899271
1443368336629190656
1443368341272338433
1443369352359661570
1443369373704417280
1443369840060682244
1443370296854024192
1443370403141804038
1443370706209689600
1443370744096776192
1443370805346242564
1443370987416813569
1443371108607021057
1443371275078885384
1443372014387937281
1443372057379565573
1443372604685840384
1443372945259188228
1443373046509670400
1443373837035327490
1443373888365342723
1443374774005075969
1443375458217648130
1443375817883455488
1443375887219494915
1443375915275210752
1443376359959453706
1443376416758722562
1443376982868172802
1443377065399517186
1443378335501803523
1443378518549696521
1443378614649511937
1443379393552781315
1443379460821028866
1443379811657785346
1443380017728303112
1443380072593833987
1443380219629346816
1443380347501092864
1443380614594396162
1443380941032886273
1443381075238023170
1443381388221190145
1443381487550623747
1443381558526631936
1443381636192628737
1443381807810899974
1443382161441103877
1443382254135234565
1443382476748070913
1443383195496419329
1443383211992616960
1443383683436535810
1443383752722243584
1443383934318886912
1443384083703160836
1443384311772680193
1443384928322801664
1443385217293557765
1443385416292339714
1443385485414608896
1443385598522236934
1443385713844645888
1443385755833823234
1443386042384486402
1443386322601660416
1443386510628163586
1443386564113932292
1443387520629161987
1443387747062874112
1443387980387737604
1443388341097938945
1443388781315252224
1443388822633410564
1443388950316347395
1443389145896955904
1443389173298200576
1443389195351846912
1443389572642062337
1443389634491211781
1443389839735283712
1443389993301331969
1443390625370423298
1443390713899618305
1443390961178927104
1443391046801498113
1443391621672759298
1443391764111396865
1443392029078208512
1443392185437618176
1443392346616262656
1443392351519399944
1443392860473094145
1443393082704097286
1443393135522942976
1443393384295518217
1443393689338802178
1443393879533768709
1443394119963852802
1443394326310965252
1443394990701367298
1443395162743263233
1443395273456328704
1443395582832222211
1443395675056533505
1443395727770619905
1443395775543709696
1443396239987396612
1443396355381100544
1443396352638013445
1443397224658989060
1443397358071390211
1443397356083310593
1443397361707872262
1443397359841394693
1443397412890963968
1443397457497321482
1443397580096868357
1443397676570071040
1443398004132564996
1443398289177468928
1443398315622633472
1443398325441499138
1443398392042848256
1443398511685365763
1443398792846315521
1443399207923032064
1443399568201162752
1443399743674073091
1443399786518880259
1443400135635918848
1443400168494174211
1443400312539152384
1443400568895012864
1443400572523073538
1443400759656079361
1443400762185318400
1443401762828738561
1443402401482874881
1443402518013243393
1443402616097017857
1443402632433786881
1443402791838380038
1443402898675683332
1443403355225616386
1443403459454070789
1443404054952960007
1443404083709169674
1443404090873049092
1443404149903671300
1443404269932081154
1443404350093598723
1443404563365519362
1443404806131896326
1443404817024491524
1443405484854112268
1443405826962513928
1443405973972942853
1443406027748040706
1443406110807900168
1443406187618131976
1443406367604154377
1443406814943453185
1443406978680692737
1443407052538138624
1443407083068538882
1443407160080093186
1443407364183322627
1443407379958091777
1443407427911618560
1443407625110966275
1443407755184726017
1443407851062370315
1443407986752425986
1443408163215011841
1443408266281709570
1443408396145758209
1443408545613955072
1443408713935515652
1443408873407148032
1443408879925088257
1443408963685388288
1443409013941538821
1443409167318876163
1443409329101570052
1443409327671316483
1443409804240715776
1443409812423802885
1443409914982907906
1443409956351315970
1443410273419862016
1443410553439866884
1443410627255357452
1443410688286756864
1443410735900631041
1443410806591291399
1443410858390917120
1443411291721195527
1443411892957954049
1443412265495982085
1443412402519699462
1443412557763514375
1443412698931204100
1443412925364928515
1443412943496904707
1443413121381515267
1443413678640939008
1443414016282398722
1443414524376150017
1443414531833614341
1443414552750682115
1443414762222538753
1443415051797368834
1443415387769430016
1443415430656237572
1443415512873005064
1443415958807273475
1443416194757713924
1443416243109720066
1443416298411593729
1443416475193122820
1443416567811772419
1443416851187339264
1443417078594105350
1443417449844543492
1443417642631512076
1443417913587691524
1443417984316231689
1443418093368139781
1443418890122379268
1443419064026554371
1443419111086641155
1443419145178017795
1443419154074116097
1443419592869625860
1443420255817109509
1443420387778306056
1443420667446276098
1443421881034412032
1443421948655009796
1443422002425970688
1443422592568684546
1443422680523280391
1443422827776856067
1443422860656013312
1443423037672484866
1443423106597408768
1443423170787098626
1443423309345878018
1443423425037418498
1443423648283385856
1443423728063242241
1443423904865796099
1443424068758228993
1443424105751932928
1443424277827522564
1443424283020062722
1443424441187319810
1443424537392025602
1443424856947625987
1443425369785356295
1443425498076352520
1443425669682118663
1443426124340637698
1443426463273787395
1443426487474933763
1443426520203075587
1443426612578439174
1443426619670941698
1443426636804681736
1443427174820708353
1443427244978757633
1443427522167775232
1443427719769837571
1443427858940973060
1443428209702309892
1443428218199965697
1443428235354673152
1443428615262064640
1443428632429432833
1443428729846263817
1443428872939204615
1443428900030214149
1443428904857784320
1443429096571080707
1443429134827360259
1443429286623342592
1443430181155135495
1443430237396668418
1443430356665831426
1443430438220013569
1443430685859975171
1443430929423237123
1443430972775559172
1443430995382849539
1443431164635586562
1443431277047074817
1443431383808897030
1443431429010956292
1443431485789245444
1443431485688606722
1443431691788316673
1443431802232655872
1443432122375540737
1443432160585682944
1443432499816722433
1443432720533635076
1443432911491923973
1443433146100314113
1443433300794613764
1443433732401029120
1443433951951945728
1443433975632969728
1443434001834778637
1443434039898083328
1443434053185810439
1443434172618469378
1443434489913360390
1443434690153627651
1443434792012320773
1443435325620043785
1443435644982726657
1443435953494773760
1443436378637803526
1443436543247486977
1443436903873712131
1443437899702177794
1443437915149799430
1443438528214409217
1443438535512518665
1443438620401094660
1443439140813426689
1443439298334785539
1443439349027065862
1443439387434315778
1443439561065992194
1443439671590092800
1443440225397530625
1443440377172684800
1443440473885007872
1443440479245258757
1443440480696483847
1443440681645608960
1443440819042545669
1443440932498538497
1443441011364040708
1443441274338484225
1443441730884235268
1443441791752019973
1443441943455801348
1443442015593656322
1443442044609777668
1443442057867976706
1443442147638710275
1443442250743115783
1443442418196508673
1443442614347255810
1443442619665686530
1443442810921775108
1443442808501661696
1443442905864028161
1443443097774428160
1443443183132635137
1443443580794589191
1443443883162046464
1443444634403753984
1443444876847161346
1443445004228202498
1443445062608637952
1443445282423771140
1443445638600052736
1443446200120774659
1443446404806897670
1443446746273628160
1443446771732992002
1443447098897092610
1443447094799319041
1443447168476401664
1443447170892320770
1443447519292243968
1443448083556093961
1443448267027587077
1443448290977091585
1443448693319823360
1443448853651361799
1443449411028217856
1443449433849434118
1443449665224015872
1443450006896197632
1443450165419909124
1443450171065470984
1443450312019230720
1443450344151805952
1443450382156374017
1443450389810925571
1443450486556803076
1443450597450022915
1443450809614618626
1443450867617722369
1443451230458580998
1443451243494469637
1443451373635260418
1443451616154189825
1443451819015880713
1443451957163663360
1443452070984515584
1443452182846586880
1443452327046746112
1443452443002552321
1443453162786942980
1443453557441630208
1443453654149763073
1443453674081030145
1443453848115318785
1443454274751455234
1443454368028581890
1443455001414627333
1443455007777427459
1443455052979453953
1443455194067439622
1443455300963483648
1443455396694224897
1443455570258759685
1443455639120846851
1443455781114826754
1443455841386983424
1443455948094271489
1443455982495887360
1443456220191285251
1443456458478161920
1443456864159625216
1443457283707457537
1443457306482524162
1443457309993160705
1443457454914748421
1443457511357489159
1443457533901828096
1443457763040845825
1443457816509902853
1443458138376605696
1443458175278059523
1443458177605853186
1443458189748408322
1443458330467340288
1443458332082069511
1443458337220153346
1443458373127577601
1443458446116806656
1443458506128977921
1443458520913874944
1443458722899001344
1443459018723262470
1443459097748140035
1443459177397960706
1443459293836161026
1443459313448599554
1443459386823770112
1443459493061267456
1443459536417742848
1443459541450907649
1443459547306151944
1443459550720368641
1443459552314155012
1443459825606660099
1443459943516884992
1443460278042038276
1443460324053569543
1443460356899102724
1443460442152738816
1443460835385307139
1443461103359463429
1443461123244642306
1443461438417235974
1443461452573016067
1443461577718386688
1443461952047517699
1443461958355668993
1443462333276176391
1443462375101714434
1443462425290760198
1443462796616765445
1443462970315444228
1443463129803931653
1443463181402181636
1443464082816790531
1443464175078887425
1443464334756040705
1443464398627037189
1443464438577836033
1443464588180148225
1443464955768885250
1443465024370987011
1443465039738851329
1443465110232571905
1443465788346667008
1443465913852858370
1443465911227215872
1443466004563042306
1443466597977534464
1443466764512219140
1443466956720390146
1443467212359024641
1443467281657303040
1443467349915430912
1443467523949694981
1443467714400378880
1443467793421139970
1443467884701708298
1443467963059740676
1443468365712953344
1443468663328182274
1443468665714737159
1443468720232296455
1443468791434727426
1443468803216662531
1443468850192732162
1443468904416759808
1443468914315317249
1443468983571652612
1443469146277048322
1443469374975668226
1443469395804635136
1443469556886867972
1443469928674119682
1443470182958002176
1443470519777443841
1443470556280492034
1443470794336587776
1443471002646630405
1443471145752154114
1443471224924000260
1443471418553864193
1443471464070479872
1443471649882263556
1443471719952486402
1443471801128865797
1443471852576251904
1443471896012484614
1443472029844312065
1443472157791571969
1443472213798277121
1443472215878537223
1443472225143824384
1443472233058512898
1443472497454706691
1443472504786329606
1443472521802629127
1443472625343229952
1443472626228203521
1443472719392096266
1443472846622101504
1443472952977096704
1443473287330234368
1443473397825118210
1443473451017142279
1443473567736217602
1443473762175782913
1443473793481990145
1443474117060186112
1443474158914994178
1443474538960855043
1443474580736143360
1443474687892230144
1443474766833147905
1443474788173770760
1443474816850268163
1443474839092613125
1443474989919834116
1443475126578819072
1443475237136330762
1443475320384851968
1443475940118450183
1443475946812575749
1443476047157030921
1443476227772145674
1443476294772027400
1443476324421554178
1443476566680346626
1443476564671275008
1443476568400031745
1443476670019633152
1443476701715984389
1443476995300421632
1443477046751948804
1443477145511071754
1443477414072381447
1443477631182143488
1443477704230125575
1443477727349145600
1443477772521803776
1443477887710109696
1443477885247971331
1443477890172170241
1443477942101704706
1443477965732564996
1443477999211347971
1443478217734561794
1443478370579222535
1443478712066850824
1443478849602211841
1443478935023480841
1443479198216065025
1443479419780157440
1443479611472441344
1443479635149266948
1443479829928574982
1443479917740519426
1443480090197721091
1443480204731568134
1443480425330974722
1443480742076588033
1443480762129416195
1443481443590496257
1443481560490000391
1443481655792992263
1443481902048890880
1443481937708871681
1443482024363192320
1443482152969015303
1443482205016113154
1443482238977409024
1443482315120787460
1443482501545037827
1443482547569057793
1443482559900385283
1443482604024446981
1443482706302562304
1443482833389907976
1443482845356314628
1443482908962918400
1443482973077078020
1443483013665280003
1443483024578924547
1443483104501374977
1443483117625376769
1443483152513736707
1443483579082633218
1443483586191970307
1443483917915287557
1443484116209516548
1443484130579140609
1443484138657357824
1443484234706948099
1443484463862673422
1443484818243657730
1443484886988328963
1443484940461506560
1443484995339931651
1443485343374712832
1443485510068948996
1443485711290621952
1443485767884423168
1443485786385440769
1443485788579065862
1443485861924904961
1443485977012547585
1443485990245609478
1443486077260468224
1443486122626088962
1443486157149380611
1443486183737020419
1443486189688786944
1443486216842743810
1443486269686771712
1443486488071585794
1443486588009259010
1443486760260964364
1443486765675794436
1443486785691009032
1443487168907800580
1443487171185299459
1443487271341072393
1443487317411319808
1443487314093608961
1443487329994174471
1443487339926339587
1443487416241721348
1443487564627730433
1443487663416176643
1443488190875111429
1443488234206494722
1443488233552236544
1443488333976379394
1443488338309120004
1443488517380784129
1443488521369669635
1443488518777589765
1443488520144883718
1443488538897436679
1443488656703033346
1443488803377745923
1443488820314263554
1443488855345094656
1443488914174476290
1443488977214791680
1443489034777415686
1443489159201497091
1443489194223935492
1443489236359868417
1443489347441885185
1443489542036770823
1443489691181805572
1443489830470492161
1443489855862837249
1443489863349587969
1443490009818927110
1443490073090019332
1443490290963140611
1443490311267774467
1443490386207408130
1443490448668966923
1443490703011581959
1443490805428080643
1443490848541270023
1443491139642789889
1443491199084421125
1443491219116494851
1443491429980860416
1443491601599266817
1443491639847051266
1443491886660870144
1443491933930672132
1443492187350581248
1443492192262049794
1443492427122184194
1443492445883277318
1443492447430975491
1443492458659123201
1443492704562790402
1443492930451353603
1443492944581902336
1443493051494588420
1443493072025776132
1443493091789262852
1443493102514176003
1443493186958082049
1443493392852262915
1443493590907297792
1443493664487997447
1443493805991157762
1443493850366939140
1443494104122335234
1443494120278790148
1443494423694913536
1443494437410246659
1443494597049524224
1443494869951913992
1443494958283968514
1443494961899393027
1443494965586190342
1443495107043418120
1443495165964939266
1443495317538676736
1443495473172471808
1443495663384236032
1443495847509983233
1443495857735684099
1443496083368251393
1443496438122434564
1443496510079975424
1443496561116205059
1443496692075020292
1443496879417741316
1443497046191783936
1443497109857005569
1443497590796914692
1443497665094840324
1443497796183621633
1443498097464643587
1443498135553142786
1443498262552473608
1443498394387947526
1443498480438165510
1443498512428122118
1443498517155106817
1443498738924752896
1443498892746579972
1443498995985248257
1443499140562911234
1443499246007701504
1443499389343854594
1443499638858809348
1443499670358028288
1443499982200340482
1443500242607894532
1443500295867154434
1443500322660360196
1443500395267903493
1443500705969541125
1443500866938589184
1443500902518693891
1443500920348631054
1443500921023971336
1443500947569733641
1443501025382436865
1443501151643529216
1443501204370190339
1443501240797650948
1443501429310640129
1443501435057025028
1443501588971089921
1443501743011074054
1443501884271050758
1443501891711762438
1443502096641249284
1443502285116493825
1443502566071959552
1443502686658174976
1443502765054038019
1443502799854071810
1443502817272995845
1443502882624614402
1443502951352340481
1443502955169079302
1443503064892071938
1443503203786444801
1443503240654454785
1443503564488249344
1443503863730819072
1443503903924834308
1443503948015439875
1443503974338809857
1443504020866224129
1443504034715881473
1443504096900648960
1443504305575645185
1443504362030972930
1443504367588413444
1443504641791066117
1443504895953235974
1443505099519631362
1443505152820858890
1443505214992965633
1443505302465232898
1443505318378434564
1443505429867233284
1443505544925356032
1443505585777897473
1443505602957692929
1443505950216781825
1443506125630894083
1443506370897068036
1443506415616737281
1443506429101412352
1443506468276215808
1443506623079542784
1443506694609203206
1443506728180486147
1443506972658069505
1443507205081165825
1443507275478429704
1443507367128092673
1443507397113176066
1443507445985251337
1443507467690786823
1443507551543259144
1443507606073450498
1443507726512902146
1443507744460345351
1443507950316769287
1443508020193882114
1443508184337973248
1443508200276316164
1443508295352795140
1443508475787575296
1443508548088918021
1443508679437799425
1443508930701758472
1443508973303316481
1443509007138705410
1443509328036524037
1443509439743488001
1443509516901904388
1443509652868661254
1443509805478338561
1443509985426612226
1443510095770357763
1443510217161932804
1443510237990772737
1443510240834572292
1443510242797445125
1443510245427277829
1443510246664593410
1443510324095639562
1443510961676034056
1443510977849217025
1443510983650021379
1443510998887895044
1443511229218123783
1443511231516577794
1443511259178024961
1443511261426192390
1443511331286511616
1443511406930788354
1443511517257691139
1443511558294757377
1443511770996363267
1443511989238591490
1443512064715026435
1443512073959313410
1443512095593484295
1443512131727474689
1443512418336870403
1443512425496514561
1443512475727511564
1443512551757647872
1443512752413167619
1443512765927153672
1443512795127975944
1443512860190019584
1443512995351437312
1443513058517610497
1443513262906114053
1443513517449957379
1443513528770445316
1443513584089137158
1443513767518564360
1443513842516983812
1443513859793326084
1443514396542570497
1443514550578417669
1443514568139968514
1443514577640034315
1443514709899038726
1443514720128933891
1443514811535429633
1443514872449298433
1443515077219389441
1443515211374227459
1443515348460859406
1443515457936392192
1443515604124647430
1443515633694433280
1443515734810714114
1443515741928660994
1443515991829323778
1443516005297246208
1443516049551282184
1443516167058911237
1443516245375025152
1443516387469631491
1443516443505532928
1443516488535535616
1443516588330655747
1443516655473201153
1443516690432598016
1443517066493890563
1443517080750362626
1443517160140115968
1443517269452017664
1443517306307371008
1443517313001480192
1443517569583910914
1443517603847176193
1443517733782503427
1443517830830313475
1443517868390293510
1443518569002594304
1443518576548192256
1443518682076876802
1443518695951650817
1443518884921810949
1443518964932374534
1443518972184301570
1443519000302866440
1443519065574678529
1443519168578424842
1443519266658029572
1443519622129459201
1443519651959373826
1443519666140299269
1443519741033779200
1443519785212334082
1443520111093051394
1443520236859256832
1443520264369631232
1443520364252782594
1443520412743135232
1443520692062855171
1443521342834286592
1443521363948441613
1443521982654414850
1443522037943734272
1443522084626337798
1443522144588075008
1443522152133660674
1443522161335885827
1443522253753405445
1443522287928594433
1443522517738557441
1443522579654868993
1443522871930736642
1443522940784443396
1443523144912805888
1443523174197391365
1443523250248511495
1443523452321755140
1443523474253701122
1443523551819026436
1443523573419634690
1443523578754785294
1443523623789031424
1443523830581022722
1443523945630617600
1443524019479744519
1443524060592279554
1443524109644681216
1443524305845772289
1443524312988721157
1443524373164564483
1443524473139843076
1443524715063087105
1443524719345500166
1443524842754494466
1443525120102846467
1443525155246858244
1443526032498245633
1443526407007571970
1443526482983223300
1443526610846552064
1443526645231407109
1443527070970101768
1443527084098293761
1443527589880995849
1443527760807284741
1443527880357543940
1443527919679119362
1443528023467192321
1443528209929158659
1443528230221217794
1443528506722246659
1443528557129396230
1443528681540882432
1443529110089723904
1443529325702119425
1443529334489169923
1443529346564587523
1443529418253606916
1443529821905035266
1443529879195045892
1443529903249379329
1443529999655444483
1443530050792398850
1443530145331957767
1443530248776081413
1443531005457928194
1443531102765813768
1443531244134813701
1443531366918864900
1443531604484190210
1443531620833656836
1443531657772879872
1443531690601639936
1443531720528068615
1443531839205883907
1443532136863043586
1443532217297211393
1443532282518597637
1443532402848980997
1443532528732622849
1443532585053786113
1443532587780169732
1443532605488607236
1443532663529168896
1443532696542593037
1443533069823066112
1443533358089261058
1443533432076713988
1443533486288105473
1443533498971680775
1443533541023772680
1443533645273198596
1443533697601323009
1443533779939717123
1443533837741424647
1443533879298584577
1443533948882022403
1443534123407052801
1443534210615050244
1443534271411417093
1443534308690382856
1443534338889379845
1443534665877377028
1443534729270030336
1443535238651518982
1443535243240108037
1443535524321382405
1443535652679606274
1443535666155962377
1443535734745415690
1443535780106833922
1443535917600235525
1443536001683505153
1443536337353592834
1443536360866861065
1443536403254505473
1443536624227291136
1443536775603912706
1443537009599909893
1443537072556441601
1443537173760774145
1443537190609309698
1443537231323418627
1443537370981154823
1443537516007546885
1443537575331844096
1443537628549169154
1443537709901832194
1443538033358237697
1443538291320451075
1443538297976877061
1443538616907493381
1443538768439484417
1443539147046617092
1443539395752054793
1443539416853585925
1443539775135227906
1443539803551588353
1443540014751571974
1443540024553734145
1443540178388205580
1443540192355225605
1443540239511818244
1443540502939193346
1443540504637935624
1443540535713533954
1443540749102972930
1443540772393873408
1443540817700802565
1443540830002712577
1443540978489442308
1443541397999538182
1443541649120915462
1443541712396120069
1443542298596311040
1443542323690758147
1443542501986430981
1443542577563668484
1443542586443001856
1443542762951831554
1443542861899730946
1443542865037062145
1443542874897874947
1443543083010826240
1443543259733577728
1443543445797175297
1443543483348701185
1443543573903798280
1443543636113690625
1443543645391515658
1443543768095887367
1443543791831449603
1443543824521826307
1443544262457499649
1443544273392050181
1443544275115933699
1443544347102760965
1443544434612719616
1443544490195578891
1443544568343924740
1443544730877366273
1443545200597495813
1443545212295397389
1443545294600228870
1443545337205956610
1443545595147284486
1443545648276525061
1443545717880987651
1443545725443313664
1443545804266868743
1443546125558968326
1443546176842653697
1443546192038690819
1443546355293569025
1443546452697837568
1443546460927119363
1443546593018273793
1443546638425858055
1443546750854201347
1443546771389435916
1443546927627325448
1443547230942552065
1443547412769882118
1443547644593311750
1443547660363780103
1443547888055844872
1443548007777984526
1443548044666937357
1443548157527224324
1443548221557538825
1443548263307567105
1443548262934274058
1443548455410941952
1443548514097655812
1443548652648030211
1443548829005930499
1443549083071700997
1443549107088281605
1443549158594342923
1443549183110115331
1443549309832556550
1443549572140130307
1443549687974219778
1443549861454835718
1443549919923499018
1443550004413550594
1443550015897489421
1443550422023639041
1443550431825698816
1443550838564134916
1443550992042061835
1443551067376029696
1443551067803774980
1443551952067969031
1443551992027103239
1443552130615242754
1443552170347941895
1443552332814241794
1443552518051532807
1443552802718900226
1443552861476974597
1443552897006927874
1443553368375394305
1443553458615996416
1443553622206267400
1443553686190395398
1443554263947354114
1443554686930354192
1443554730714697730
1443555723087003649
1443557752916250627
1443558669233246214
1443558843313582091
1443558990894415872
1443559289038118921
1443560058923601921
1443560288737841154
1443560356362682369
1443560364377997317
1443560606993293316
1443561276240654336
1443561556495638530
1443561586040262656
1443561924323528708
1443562226640584710
1443562481780101121
1443562505050083329
1443562518262083596
1443562535869812736
1443562676307693579
1443562681760247815
1443562754950905857
1443562767613497350
1443562772843827202
1443562833862701071
1443563109931630598
1443563275652788229
1443563473384865792
1443564054618914820
1443564111124578318
1443564259196104707
1443564299528519680
1443564306881134601
1443564311390011394
1443564387998920711
1443564555192307723
1443564558589644800
1443564574196649987
1443564688948695043
1443564717004316677
1443564741985669130
1443564888840761345
1443564950027313153
1443565000786792454
1443565147671261194
1443566311372591105
1443566556424724482
1443567382103007233
1443567914578104331
1443568547255361540
1443569096965058563
1443571153738493958
1443571319539257345