1440304319157325831
1440305116117024768
1440305415191871491
1440305775012769795
1440306220686970891
1440306575554473995
1440307078317285380
1440307273604108300
1440307368630243329
1440307654442684431
1440307695551062030
1440308579387396109
1440309776806645769
1440310361668743182
1440310684944781318
1440311154102837253
1440311684573249551
1440312261290037257
1440312569663672322
1440314608036634637
1440314682112237569
1440314727406530560
1440316123946250254
1440317478677090313
1440317752539901952
1440318031494717449
1440318237426601990
1440318401642000397
1440318476552261645
1440319308370903068
1440319396698746888
1440319483814371336
1440319545684553729
1440319713725194253
1440320151820255237
1440320158791176195
1440320407546957835
1440320467634589701
1440321130372341771
1440321337717755909
1440321501916385290
1440321685106806791
1440322207729651714
1440323228719669256
1440324566174208000
1440324763595853834
1440324875940335619
1440325197463130118
1440325205574914048
1440325214605221890
1440327885936414721
1440328661660438545
1440329083531849744
1440329340097470475
1440329805015117846
1440330528037560326
1440330664717406216
1440330746145640450
1440331126887747585
1440331548566306817
1440331565452521472
1440331893107412995
1440331899897933826
1440331906575261697
1440331912317263875
1440333631600291847
1440334550689742854
1440334564136677388
1440334612559925256
1440334813815197700
1440334935357734914
1440335265344602122
1440336511392620547
1440337204190978054
1440337874243624962
1440338383541129223
1440339053606412298
1440339328073289736
1440339479315636246
1440339945659326473
1440340173728858112
1440340378821947392
1440340659605413892
1440341581228232713
1440342532244709380
1440342999200722945
1440344085282246658
1440344600116301833
1440345028782477314
1440345327224049669
1440345372757426178
1440345765616906243
1440347093936214033
1440348054398271511
1440348255607349254
1440348904394948614
1440349693611950096
1440349811874557954
1440350547517661194
1440351282649202703
1440352488733822979
1440352571055431694
1440352813502984195
1440352938283585556
1440353200511479816
1440357239471022096
1440357622830432262
1440358993080164352
1440359231299801090
1440359459876847632
1440363633255407629
1440365200440320007
1440367435475927046
1440369405179805696
1440370014368845833
1440372775034621960
1440374718524112907
1440375440317681674
1440375885501132800
1440377938172465153
1440378055285903374
1440380535491031044
1440380794501877768
1440386704460836865
1440391785033842701
1440392349780111362
1440394602557566986
1440395971964243977
1440397932642005005
1440402853516828677
1440415766797377539
1440417880592371714
1440422311627149325
1440422739219652615
1440429759024943109
1440434590795976713
1440436322192158733
1440437608362901506
1440437772641189888
1440439345123495938
1440441254282547206
1440445962648915973
1440448813701861377
1440449222038351883
1440450947264573442
1440454318348390407
1440454723346206722
1440455592842174465
1440456203750948874
1440456890534617091
1440456940094574601
1440458082966933508
1440458248272834569
1440458888310976514
1440459170679975950
1440459251055353856
1440459633345269766
1440459956541476870
1440460590007259136
1440461394634178564
1440461495880482819
1440461692291272716
1440461758682910727
1440461819479429132
1440462142738554881
1440462229627830274
1440462633715466244
1440462891908435982
1440463191574675457
1440463352753373193
1440463481573052418
1440463524115845121
1440463728844029961
1440464481516093447
1440464565150445571
1440464979270914053
1440465068487942157
1440465382490324993
1440465510135590926
1440465630151385095
1440103500856250369
1440103606699524110
1440103732205735936
1440104418930618383
1440104446512480259
1440104549449015299
1440104625625911302
1440105691314724865
1440105798751842307
1440106007640768517
1440106234175053825
1440106349166166021
1440106480233971712
1440106904089366531
1440107009223774209
1440107596904427522
1440107599609753604
1440107999725379585
1440108440483815431
1440109354292707333
1440109571436003332
1440110117513400322
1440110216054382595
1440110696570650629
1440111016763789316
1440111038003773440
1440111182950535181
1440111209278107654
1440111224230981633
1440111556037996546
1440111924205740032
1440112996907319302
1440113276315045895
1440113287966822406
1440113693744775168
1440113950981455875
1440114385297412097
1440114717687574531
1440114720699150340
1440114937079099393
1440115159481995275
1440115228184768514
1440115552123453445
1440116013857579008
1440117749670313985
1440117972962476033
1440118144949833729
1440118341641793544
1440118536152576003
1440118797508091906
1440118897735180291
1440119122180788227
1440119145748525056
1440119802060627972
1440119867676393476
1440119978028453893
1440120345952874498
1440120399824449538
1440120707782889473
1440120931091836932
1440121280183685121
1440121451210678275
1440121641795665924
1440121843382317058
1440122729273827331
1440123462404624399
1440123571385159684
1440123822988881924
1440123897077108738
1440123934993633287
1440123982565437441
1440124361235582976
1440124384623005701
1440125107649736708
1440125823944589315
1440126130992783364
1440126130535555076
1440126511030292488
1440126787137138688
1440126954808614919
1440127063906668551
1440127399228624896
1440127668477849603
1440127696369971213
1440127823478345731
1440127864423075841
1440128133554839560
1440128343400017926
1440129035732852743
1440129334988054529
1440129522314067968
1440129532845957121
1440129788186808321
1440129816640901121
1440130312781000709
1440130506943700994
1440130571267674114
1440130775446278146
1440130881411158022
1440130911408853000
1440131123560939520
1440131203814735875
1440132035125735427
1440132071721037828
1440132408842412041
1440132509954543621
1440132564094648320
1440132673524035595
1440132675226927105
1440132698991828992
1440132852650164224
1440132999098486784
1440133000381960193
1440133051820888070
1440133255328505868
1440133451705765888
1440133684808454147
1440133887250685965
1440134965560176649
1440135030634795008
1440135285698822144
1440135724511076352
1440135731771412486
1440135946490445830
1440136457960636423
1440136554354069507
1440136602810937347
1440136913654931456
1440136980398952456
1440137454300848128
1440137590242381835
1440137865627717633
1440137876709134346
1440138174932480001
1440138201549586432
1440138609055584261
1440138729578921998
1440138818699476992
1440138945380057091
1440139518770778118
1440139733829488642
1440139950008115204
1440140037190938642
1440140047169122305
1440140452640870406
1440140552775737350
1440140587982680066
1440140604600504323
1440140808758312962
1440140912303112195
1440141098072956940
1440141169606815751
1440141592753369096
1440142080014053388
1440142095499493382
1440142132224745474
1440142204115177475
1440143202732810243
1440143751632986116
1440143802845462532
1440144657984327686
1440144696609689607
1440144739261501443
1440144775420645382
1440144916076589059
1440145113192144901
1440145606798811140
1440145650159521799
1440145733273808901
1440145948483620866
1440146533467394050
1440146906307465217
1440148221578203141
1440148609417109514
1440148799662399504
1440149026695880719
1440149373317365765
1440149435162378245
1440149441017638914
1440149571976396808
1440150320093433860
1440150952598589441
1440150965873639428
1440150980067147778
1440151055904374787
1440151157209329667
1440151461464182795
1440152134763171851
1440152204443144201
1440152503668985858
1440152903860166656
1440152990187278344
1440153039621353479
1440153068566241284
1440153189672574979
1440153381130018818
1440153413199663111
1440153447823646721
1440153611275702279
1440153629961293833
1440154073911595014
1440154095378055174
1440154169843748868
1440154202269831175
1440154307148410881
1440154356762906624
1440155150681665537
1440155414402715655
1440155488058937344
1440155601468723204
1440155732444278787
1440156351771017223
1440157017440600067
1440157045114609676
1440157215797624835
1440157570858045443
1440157908692451340
1440158019539517445
1440158184094638086
1440158216134938624
1440158285550686208
1440158839723085834
1440158857754333185
1440159399264149507
1440159561684381700
1440160083996921860
1440160106553831432
1440160125658939409
1440160753516834823
1440160942629609508
1440161118559739917
1440161390199664647
1440162334677225477
1440162401177903113
1440163165170384898
1440163180030816263
1440163341305925638
1440163422335688712
1440163502543368196
1440163549876154371
1440163587578683395
1440163628749971461
1440163851014574082
1440163911789993988
1440164055767924736
1440164130124619776
1440164242292817926
1440164474875305984
1440164546698629130
1440165147314511873
1440165146412732416
1440165157011812367
1440165232215617542
1440165507076739072
1440165883863658504
1440166231005274125
1440166294230163529
1440166675400126465
1440166904472080386
1440167053051117571
1440167313500622849
1440167428537737229
1440167547366637574
1440168007100076042
1440168058979373064
1440168283185946647
1440168381097807882
1440168564309172226
1440168685155471360
1440169665842479105
1440169805537972224
1440169872470654987
1440171033621794816
1440171460971012097
1440171540771848198
1440171948290412547
1440172210300145666
1440172280890363904
1440172645903855620
1440172898673512459
1440173039904116738
1440173326266101762
1440173501701242885
1440173670421307395
1440173748884164612
1440173955743051783
1440174176015241219
1440174417905000451
1440175063404191745
1440175140378079247
1440175157876641793
1440175484696883201
1440175548790034441
1440175699898232844
1440175900583022605
1440176378679201793
1440176693684031497
1440176758314057732
1440176855131115527
1440176923032756226
1440177614719635465
1440177702636453897
1440177959575253002
1440178006698323977
1440178468675674124
1440179122714517506
1440179371579379725
1440179681072869384
1440179697816465409
1440179862270988297
1440180192626970633
1440180251250728967
1440180988089303057
1440181062139740178
1440181300506202113
1440181373679984641
1440181594598174727
1440181767403573250
1440181807421419524
1440181852787019779
1440181922626367489
1440182058232397833
1440182101714767877
1440182275614773250
1440182746391801861
1440182790331396103
1440183039707938816
1440183077058191360
1440183137019990017
1440183540356829184
1440183564478283786
1440184298842177538
1440184553369268231
1440185001140572173
1440185088143097863
1440185584656416776
1440185785085427715
1440185827322044418
1440185846884225024
1440185908917985286
1440185912713826312
1440186148832178187
1440186167148748801
1440186194529120268
1440186340256075777
1440186634629103620
1440186839508291590
1440186959670824965
1440187883466354689
1440188232554090505
1440188360371306501
1440188448699158535
1440188479481135108
1440188742950535169
1440188764035248129
1440188807098232837
1440189026732965893
1440189054226624513
1440189556603568131
1440189855980408832
1440190318167560199
1440190464129323010
1440191131828899852
1440191256567578624
1440191472993648642
1440192020606185472
1440192033767919617
1440192037177860101
1440192038972977155
1440192042483679240
1440192457816227854
1440192678369447941
1440193312892153856
1440193430542376966
1440193488436412430
1440194329406967809
1440194441361252359
1440194607128596488
1440194645292552194
1440194783536840704
1440195117176930310
1440195266917797900
1440195351307194373
1440195997200568321
1440196104457388034
1440196443734614017
1440196481395290114
1440196710693675012
1440196945172066321
1440197036729532417
1440197326161657862
1440198559106670592
1440198585753092107
1440198997864374279
1440199028558290956
1440199082576789507
1440199856430092288
1440199965037322240
1440200034117566464
1440201785054937096
1440201964655026179
1440202057739165697
1440202317186285573
1440202812583936005
1440203162657247232
1440203422578319360
1440203481793527814
1440203491301945349
1440203671896133641
1440203912015847426
1440204005687189510
1440204055108673536
1440204076428394498
1440204642449702918
1440204802944761857
1440204930422243331
1440205018657746951
1440205541016420365
1440205674865053705
1440206004369588229
1440206033830363140
1440206058652241927
1440206152013205506
1440206163098816521
1440206192739950609
1440206460005150728
1440206491265343491
1440206524278722573
1440206769351839751
1440206906744659968
1440207017868546056
1440207310941347847
1440207678412783620
1440207721899302917
1440207858939744261
1440207918272450570
1440208283948634115
1440208360821780484
1440208451037118469
1440208452354142211
1440208473271136262
1440208528296210435
1440208585548394503
1440208714523308038
1440208734525943814
1440208755753316359
1440208791094530050
1440209011706527746
1440209106632015872
1440209206171213838
1440209223011368975
1440209397045628933
1440209424048541699
1440209442817986564
1440209553329582080
1440209640218763266
1440209658816327686
1440209789334614024
1440209878253854729
1440209912747880450
1440209945794727937
1440210185092427781
1440210218533548039
1440210464449859586
1440210626245103618
1440210629525073931
1440210640686116873
1440210655462658049
1440210664962682880
1440210685070249993
1440210730897215491
1440210971444723719
1440211779376726018
1440212049900957705
1440212907732529152
1440212965471363074
1440213072786845699
1440213278228054016
1440213300650725383
1440213365255589891
1440213549180014594
1440213836972249092
1440213894715244556
1440213950025535490
1440214157148655623
1440214521616896000
1440214541544013833
1440214570140725255
1440214595029721096
1440214659173269514
1440214948110487556
1440215077265686531
1440215104713228297
1440215471018504196
1440215481865031686
1440215878834950150
1440216243290607616
1440216247082254338
1440216249452011528
1440216256565506050
1440216366422761475
1440216437130293250
1440216513445646340
1440216764315357185
1440216823434154001
1440217058680074249
1440217097997406212
1440217434984570880
1440217471391203340
1440218054005194752
1440218845805834243
1440218928874082305
1440219081378918405
1440219233204375558
1440219294952931332
1440219319183429634
1440219576000659458
1440219819383484418
1440220076297252867
1440220497526984708
1440220524903235592
1440220533350494214
1440220980937322497
1440221037891776512
1440221261271994372
1440221377835855874
1440221421934759948
1440221657323368455
1440221980599324674
1440222090452344833
1440222240709091334
1440222310355537921
1440222783447863297
1440222915044122627
1440223818782425095
1440224369360310272
1440224574205882369
1440224821632114699
1440225053652635665
1440225116659408914
1440225148917800971
1440225422189363201
1440225612757561350
1440225654180515845
1440225845180702723
1440225885529858056
1440226033769193476
1440226040765300743
1440226540415963140
1440226954293039108
1440227045707894784
1440227207570329615
1440227380518211586
1440227621019684868
1440227668344016901
1440227698438066177
1440227738741186568
1440227916931948545
1440228035899232259
1440228104551616514
1440228471871918089
1440228493581635584
1440228508878266375
1440228604177096712
1440228639224729603
1440228855600402439
1440229077055463424
1440229272925335561
1440229359512477704
1440229646260314114
1440229945133842432
1440230162004537345
1440230176177065986
1440230186629287948
1440230242778435589
1440230342921637890
1440230467358257160
1440230502577815559
1440230655460184066
1440230917331554308
1440230972100808708
1440231007483883523
1440231338888421377
1440231670968291330
1440231742606962697
1440231767114276869
1440231907686371329
1440231972056403973
1440231998493118467
1440232159495655428
1440232183260594176
1440232183675777026
1440232296171257857
1440232427654246401
1440232579274207237
1440232647528108032
1440232790188982275
1440232912557776902
1440232959701753867
1440233122667192325
1440233246826983436
1440233322018267137
1440233356789092368
1440233408118943745
1440233502297899013
1440233716823965697
1440233741264113666
1440233921459810314
1440233937909915650
1440233946730483713
1440234399258210314
1440234647523184644
1440234646856343554
1440234717937168385
1440234950519783436
1440235005121232901
1440235108712153090
1440235126101667841
1440235202907803657
1440235484010061833
1440235487243870214
1440235710364065792
1440235715565023238
1440235875372191746
1440235939435978756
1440236020440596485
1440236121510739972
1440236574059290624
1440236645488345092
1440236664811491335
1440236760491905028
1440236855853662214
1440236883351457797
1440236908680921097
1440236949122387983
1440237110322032642
1440237113446834185
1440237355395256331
1440237487624916996
1440237496223162376
1440237506956460050
1440237515634397189
1440237543870455816
1440237610870325251
1440237669586333700
1440237761710022668
1440237825048268801
1440237917503324160
1440238055974060039
1440238185221541895
1440238319737053194
1440238844868132865
1440238856222097421
1440238856373096451
1440238861343354882
1440238887952007173
1440238930142523401
1440239030977716238
1440239063320039435
1440239154210557953
1440239322356011013
1440239515084288007
1440239997613871105
1440240000122032132
1440240005117480964
1440240048817905666
1440240199804481540
1440240344877068288
1440240700973453321
1440240906926366726
1440241013079953412
1440241130516336646
1440241260384587778
1440241263513518096
1440241356350185476
1440241405834584073
1440241409529827332
1440241521500950533
1440241555067924482
1440241640652697601
1440241720860442631
1440241823985778699
1440241904642236420
1440241947193479179
1440241995029434368
1440242199757680641
1440242240798932998
1440242267558604801
1440242271673225220
1440242346231140352
1440242376048459788
1440242504717127684
1440242807076048898
1440242818774044683
1440242905361252360
1440243150640099328
1440243189764399112
1440243317355155457
1440243511043837955
1440243542635417604
1440243559173476353
1440243702597763080
1440243754913329159
1440243817223835659
1440243877215027200
1440243916469506057
1440244256258465800
1440244360663031842
1440244933462396942
1440245097237413896
1440245108146728962
1440245128816254985
1440245171942146061
1440245206176071683
1440245207602065419
1440245218096259168
1440245467472805909
1440245626113953809
1440245757353685003
1440245769475264513
1440245798931873797
1440245842091200516
1440245898722758662
1440246275236974593
1440246540916772871
1440246545157292042
1440246552346316802
1440246557790466055
1440246617479671810
1440246699893551105
1440246719300526089
1440246728607682564
1440247083210997765
1440247460119539712
1440247568399695885
1440248479138205699
1440248681731559426
1440248845024198665
1440249075912175632
1440249231629963265
1440249315113373698
1440249332595257353
1440249476564721669
1440249594504364043
1440249605644427290
1440249880794976262
1440250003427979266
1440250045664673800
1440250237621211142
1440250400267902990
1440250582682386436
1440250750748151815
1440250837960249349
1440250849884717065
1440251455160532995
1440251470079676424
1440251539562512398
1440251581178343435
1440251607581487110
1440251700409868298
1440252047891197956
1440252214224691207
1440252249737809927
1440252443565051915
1440252572820926466
1440252658682449923
1440252945606397964
1440253045594488841
1440253271134801929
1440253279573712898
1440253617307414533
1440253645509984264
1440253659107905543
1440253673037172742
1440253729538674688
1440253848539389968
1440253851081216004
1440253998078971905
1440254018186465294
1440254047827595270
1440254055125717005
1440254178173997056
1440254481493475328
1440254487348736009
1440254518256553991
1440254539014180878
1440254673588346890
1440254690067836942
1440254809802563592
1440254946411048968
1440255148673040387
1440255212325773323
1440255469394616327
1440255541503152134
1440255759988649986
1440255911994413067
1440255914427105287
1440255938074607617
1440256145885569032
1440256203804712967
1440256373766254598
1440256818857398275
1440257009295654918
1440257018472792070
1440257148697530371
1440257155504893958
1440257167269847042
1440257181236949005
1440257274220400643
1440257543150837762
1440257548163055620
1440257574369042436
1440257659983175701
1440257673262288902
1440257964179279873
1440258232375660546
1440258250427940867
1440258366299721731
1440258444624216076
1440258474546397184
1440258599964397581
1440258629161009160
1440258762476974083
1440258850779656195
1440258883356749834
1440258892265492483
1440258903665639433
1440258965950976007
1440258977577586697
1440259014168748040
1440259056250220547
1440259082271670279
1440259155852283910
1440259214723596290
1440259237150560268
1440259385381429258
1440259397763010560
1440259482114613248
1440259936890482691
1440260052279910404
1440260073813512192
1440260470401757186
1440260516581023747
1440260524676030469
1440260653483118594
1440260698374754316
1440260783401627659
1440260996161888266
1440261441894825985
1440261581879738380
1440261744182497280
1440261748729077764
1440261816748175360
1440261850948456452
1440261900898496516
1440261903171735557
1440261908561494028
1440262026593386496
1440262168163733507
1440262325257179142
1440262534624202752
1440262865387024402
1440262879299522563
1440262987642650630
1440263046056660999
1440263052734058497
1440263451004133380
1440263509888016387
1440263548542730241
1440263588803858445
1440263675219087365
1440263686057119745
1440263720513380361
1440264251684233220
1440264541871370248
1440264693789069314
1440264710117421072
1440264842812616712
1440265086635892738
1440265104566542344
1440265351095152640
1440265428387778567
1440265705409028098
1440265818776891399
1440265914285395975
1440266017909837839
1440266263784161281
1440266454176198664
1440266628818608132
1440266677069877249
1440266761618685959
1440266795097595919
1440266822759051269
1440266826206777352
1440267013197209605
1440267280995078161
1440267396187525135
1440267892730195977
1440267914263744513
1440267990394544129
1440268192224464906
1440268190337024003
1440268296104734725
1440268411129327636
1440268556092862465
1440268675454435333
1440268850017144833
1440268895995138049
1440268958821617674
1440268979679862784
1440269180125597702
1440269303966670862
1440269502172721158
1440269590588624898
1440269601091166211
1440269701980901385
1440269826308538369
1440269922060234758
1440269930687987717
1440270056135401478
1440270217431552008
1440270288936062990
1440270844031164423
1440270996808687622
1440271040106549256
1440271068124487682
1440271239595978757
1440271376741396487
1440271390070882317
1440271563312418822
1440271606421475332
1440271690731175940
1440271766824255492
1440271769026187264
1440271912194633741
1440272097167642630
1440272291992989711
1440272583857901570
1440272683170611206
1440272759586656260
1440272906206867465
1440273321858240515
1440273429693825030
1440273440854839311
1440273591963041804
1440273605074436107
1440273639413215242
1440273923149467651
1440273925947092993
1440274035460370446
1440274057149124619
1440274157179064324
1440274484146016261
1440274525732564994
1440274569953116166
1440274574952648706
1440274676765184002
1440274752094945288
1440274846286450688
1440274952247119875
1440275100733870082
1440275168916504586
1440275406758682625
1440275735487209473
1440275754504261637
1440275806245163023
1440275814679859208
1440276049611214859
1440276156331089933
1440276367220768768
1440276381758201866
1440276405682507779
1440276403853824000
1440276496157798408
1440276549492609032
1440276606400950275
1440276698499465222
1440276900581023752
1440276979505266696
1440277129225129992
1440277298649853960
1440277372259864582
1440277594352472072
1440277623557349378
1440277668516139015
1440277718390624263
1440277770009931779
1440277792705318916
1440277932686016521
1440278330360549376
1440278392780177410
1440278473155624960
1440278532848951301
1440278655817510913
1440278692094111758
1440278762835173396
1440279082936066048
1440279290193465348
1440279342232178702
1440279419847790593
1440279550408069123
1440279672697221126
1440279753420730377
1440279910627495936
1440280000175886338
1440280160813547529
1440280236747227145
1440280371879239685
1440280437515960327
1440280518163984396
1440280788373626885
1440281427174576128
1440281463719563264
1440281717374283777
1440281959511457797
1440282028440645635
1440282086854725639
1440282091317391364
1440282260830261250
1440282374051287045
1440282415394476032
1440282474244759554
1440282481375076361
1440282524140249088
1440282563449294858
1440282807415177218
1440282979280953353
1440283077993918472
1440283205345550344
1440283290716422146
1440283301789376516
1440283325575270409
1440283371406454794
1440283374283751426
1440283404352712707
1440283431842181127
1440283427790475264
1440283443389030403
1440283845920636938
1440283882708881415
1440283973318430734
1440284101144051712
1440284417876889621
1440284427809013760
1440284487246438402
1440284570859892751
1440284682222977024
1440284682034184195
1440284686140547072
1440284726263050257
1440284736065138697
1440284735524118529
1440284742948065281
1440284849265205253
1440285289809731596
1440285344801312774
1440285580114358277
1440285756098957326
1440286079861485578
1440286131476590598
1440286383491272709
1440286437438414857
1440286622918930433
1440286635346645003
1440286979216707595
1440287191918264330
1440287211413331977
1440287454586544140
1440287518625177601
1440287833688707073
1440287986583670784
1440288006712135693
1440288207573188609
1440288605654568966
1440288652920168465
1440288651242455049
1440288718317785090
1440288752811737098
1440288789860028418
1440288821036285954
1440288838467817478
1440289004121845761
1440289048183017478
1440289060929507331
1440289205037375501
1440289329490784260
1440289378299830275
1440289387699269638
1440289523301175303
1440289605278863374
1440289610072944649
1440289638271238148
1440289653542690816
1440289776091889671
1440289791627522053
1440289954664366083
1440290157689638916
1440290322978795533
1440290537626423301
1440290579678576648
1440290832314028043
1440290925280837636
1440290927788974091
1440291079845154821
1440291093770240018
1440291161394974735
1440291363459723273
1440291556045430787
1440291795380801538
1440291943141892101
1440292011966296080
1440292121148227604
1440292136943976450
1440292169399488514
1440292226668670976
1440292300618305542
1440292563345293315
1440292642865094657
1440292915176112132
1440292939029118980
1440293007031357449
1440293492572389376
1440293596238778372
1440293626504892425
1440293681240576010
1440293743211339780
1440293793681461258
1440293935637676045
1440293967501807626
1440293993032548353
1440294205566304269
1440294501973577730
1440294524098514954
1440294541584519171
1440294611579068416
1440294843448578056
1440294869549731857
1440294976768786437
1440294977771225098
1440295046671061000
1440295354574905348
1440295353803173890
1440295409016999938
1440295450393731077
1440295764874330115
1440295819236630537
1440295821732237321
1440296072027402256
1440296117602643974
1440296135302651910
1440296349212184585
1440296824141537280
1440296874582315017
1440297143705616398
1440297311968456716
1440297312568299527
1440297371003326472
1440297384542568462
1440297548686626822
1440297769806090257
1440298085226188805
1440298348204867598
1440298361379176452
1440298433361838084
1440298717005770755
1440298839693348868
1440299324156510212
1440299961506156548
1440300021396631553
1440301645640855562
1440301844975128579
1440301953980854273
1440302637795065867
1440302974715064328
1440303118382612486