1436130317341839360
1436135025389359105
1436135871556714500
1436137113502638082
1436140330043129867
1436146163493716015
1436146905705168927
1436157213865881603
1436158063438807065
1436159421999038486
1436160134342852621
1436160782664810501
1436167851061112832
1436169487628128256
1436169696995282945
1436169861764247555
1436170200332652547
1436173270194090005
1436173646456713230
1436175619163713553
1436178374741749760
1436179984582729732
1436184053359603755
1436188904491610114
1436191471116251155
1436191834665938965
1436192174974988297
1436195265686302766
1436195437417885696
1436197373386977316
1436202785352175622
1436203267248189442
1436204067320074245
1436213347427385344
1436213829218701331
1436214555508576280
1436220070045257740
1436220566466301961
1436222241436438548
1436224625336197120
1436225100945133571
1436225369145708546
1436225671567609860
1436228209176088582
1436228547404730382
1436229073559195667
1436236164546007055
1436236809994866729
1436237309356118016
1436239738172678145
1436244997876027396
1436246663056830470
1436248974109773825
1436252257561968647
1436257193062330373
1436259424713142277
1436260565018550276
1436272504197115905
1436275370093776903
1436277433682984970
1436277983740788737
1436280068376985600
1436282848349089793
1436285930126467073
1436286498525966337
1436286703128309766
1436287323071606787
1436296485914628108
1436298538019799044
1436300056076845065
1436300713714278404
1436301064408473601
1436306798168838147
1436309782806204417
1436310844531347465
1436312655698882564
1436312702696116233
1436314054591594504
1436315736411033610
1436318405083078658
1436318472288411650
1436318510272028675
1436321823902167040
1436323886086295562
1436324184741724162
1436326074372149256
1436326182031560717
1436328150682660875
1436328720101376007
1436330510905655298
1436331558999261187
1436332703595466755
1436334496144527368
1436334612167364613
1436335011116896259
1436341731499208706
1436341904870821889
1436343218996580352
1436352625633476613
1436354960107528201
1436356572905553922
1436374785676566529
1436378176578412544
1436387431201210369
1436412295429574657
1436439306479050759
1436441965902532608
1436442687926771712
1436443304384557056
1436443751509987330
1436445316639645697
1436448926446469125
1436449632129716228
1436457018768777218
1436460523449720836
1436467453857452037
1436469557867077634
1436469631716237314
1436476499066978305
1436476840974159872
1436117526828642304
1436117905070977030
1436123679637716994
1436124180102090755
1436126157200506884
1436127807533240322
1436128302230487045
1436129372105162761
1436133946148868097
1436135690039803927
1436136982841683971
1436139732992356353
1436139936122486807
1436140487073677321
1436140675351789575
1436144018430173184
1436145390076641286
1436147257116540947
1436148050917933061
1436149423587803136
1436150388789428268
1436152596733968401
1436153740424200226
1436156997364170753
1436159951123136518
1436160030257004558
1436160171722489868
1436168531805048841
1436168972315992066
1436171781836922881
1436173577254891534
1436174142689054723
1436175459373314050
1436178221259583497
1436178267749244929
1436179119511728143
1436179939678572549
1436180132599767043
1436180341878714376
1436181061495451659
1436182614046437393
1436189295476240391
1436191096757841925
1436192282131066907
1436193988432654375
1436200528682258432
1436204693370257408
1436206071899586561
1436206654035431544
1436208863783575552
1436208886822752256
1436209799801180161
1436209820374220803
1436211849268105218
1436214727210799132
1436215295455105025
1436216697996726274
1436216928394121231
1436220725203931169
1436223421835141120
1436224969009106955
1436225804921311270
1436228021292208153
1436228765433040911
1436231248142241803
1436233086212116482
1436235381003882516
1436236143113113616
1436237014303608853
1436237076643549218
1436239027263340545
1436239649073074178
1436239708808376336
1436245398784409601
1436246664734412801
1436246953587736577
1436247970555461636
1436253251452616714
1436254396451409920
1436254766972084225
1436258724998307840
1436259521400225799
1436259787465838595
1436260662074912773
1436274451071451138
1436274529551085568
1436275678287052803
1436276182203310082
1436277588163395586
1436278269091868672
1436278824962985992
1436280600021790722
1436281913384189953
1436283634139295746
1436286253465440260
1436287667524624389
1436288037357436933
1436292456727736321
1436293097940340737
1436295119586484229
1436295637641748483
1436302481009504267
1436302776267513861
1436303566147231748
1436305630646595585
1436305817339269127
1436306224086073350
1436309179984060423
1436312155859550208
1436316618405990408
1436317161161592838
1436318343363903490
1436319206388080640
1436322160407035905
1436325672444563462
1436325848898883586
1436327098059091971
1436328428827922440
1436328564085837827
1436331060678119437
1436331993747255302
1436333510185291777
1436334182653841411
1436338470209744910
1436338526031728647
1436339758167257092
1436340096685404162
1436343681011752965
1436347913056112644
1436351368365699076
1436351403816013832
1436352949941198850
1436353237469171717
1436354055719194629
1436354459643236354
1436355606101696514
1436356604358586372
1436357601340522498
1436358423889661957
1436359149462319104
1436362986524864520
1436363183053172739
1436363745433845766
1436367357027368971
1436368555843284994
1436373153043738646
1436373399308099584
1436377158897717248
1436377998517694464
1436380900325949440
1436381393123102720
1436386789187416066
1436418225810509825
1436454634315554831
1436456341577424896
1436472841654861825
1436474880774402052
1436475493096718336
1436117940726755331
1436118076534124576
1436118442696863748
1436118609005211662
1436120093193236497
1436120564528148481
1436121029408014346
1436121224099164164
1436122396335902722
1436124034089947140
1436124556649852930
1436124764821602313
1436125210852294658
1436126737532739588
1436132622527205376
1436133432287850498
1436133692431220740
1436133902318514176
1436135046470160386
1436135187734151185
1436135614693326865
1436136088377122818
1436137197829177373
1436137440285114369
1436138116947984420
1436138419055312929
1436138930064146478
1436139256544591874
1436139416548884489
1436139458429001730
1436139998387097602
1436140807971487762
1436145536071974924
1436145608079785991
1436146347514679298
1436146789061595137
1436146970351976453
1436147917711032345
1436149573370593312
1436149682615435269
1436149692123922472
1436150559556321312
1436152453829902337
1436153608068743182
1436154738504974338
1436157909751119906
1436157941191622660
1436157954730835969
1436158113913061381
1436158312312029194
1436159089789190168
1436161373235396616
1436162260871876613
1436162570176524294
1436162940944596994
1436163274102358020
1436163526955991041
1436164236896456711
1436165404641034242
1436166783463919620
1436166976167026689
1436167639546490885
1436167816311238668
1436169464043634690
1436170750512279554
1436171114418302992
1436172454750089220
1436172536891338769
1436173495444992001
1436173832444735492
1436174361535266816
1436174695309537311
1436174711860314114
1436175014903140353
1436177050293792775
1436177635571212288
1436177635478999043
1436178721136726019
1436179265578364950
1436182672569561088
1436182876991549442
1436183087721771011
1436183761004032023
1436184484513083402
1436184511419539459
1436184573549768734
1436184823089885216
1436185114413727746
1436190199478775831
1436190551473328128
1436191853083127833
1436192074282332173
1436192271431503873
1436192714937102337
1436192867664293895
1436192916259500092
1436193512525950998
1436195812703236103
1436196137828904969
1436196953327431689
1436197495726436352
1436198437184106526
1436198878315909146
1436199909040951303
1436201323192487939
1436204933645176847
1436205087924183044
1436207173436993538
1436207814427381782
1436207866973614080
1436208164362358786
1436210683931103242
1436210933802491905
1436211498758541329
1436212096774017024
1436212827249807370
1436212832186494981
1436214356153274371
1436214846907846671
1436215720694616064
1436220528843378689
1436221651209785351
1436221800095039488
1436222842907942912
1436223004468416549
1436223857246064642
1436224154156503048
1436224351582494721
1436225137049702450
1436225654706642945
1436225656732356650
1436225672939200514
1436225670426861572
1436227015158370304
1436230573148749826
1436232222223208458
1436233108718702592
1436233951782211629
1436234552687562766
1436236418028769306
1436237927701311492
1436238264613027842
1436243421992157185
1436245247437201411
1436251942863327238
1436253650100187149
1436264633770283010
1436265860243415042
1436268688928165888
1436274161773547527
1436276560009445376
1436284977637777415
1436285481239515137
1436286378061352963
1436290615130529795
1436291381274759187
1436291650431639559
1436292350624423940
1436292772332326915
1436294154330329090
1436295162737668096
1436299966222192648
1436301478012936194
1436302843716145155
1436303785031200772
1436310192598048768
1436313557486866439
1436319755737001990
1436324697495326721
1436324990173868035
1436334899112280068
1436339374417866758
1436348152559198209
1436348502141902849
1436349838375809024
1436351147648831495
1436357825865846787
1436360539840516099
1436362077900214275
1436365923238047749
1436371496079749121
1436374417148297217
1436419336009228291
1436428990076624931