1434667684080144384
1434670520784474116
1434674185188495362
1434676821468061697
1434679693442048006
1434689099214962693
1434689391964745728
1434697907563728897
1434701198183993346
1434701320917716995
1434708800359915520
1434711530793168900
1434711654210498560
1434713623243362305
1434715486613278721
1434721426666233857
1434729096848678912
1434729590463758338
1434730489596628996
1434730523151142918
1434735372999671809
1434736612538138628
1434736633186701312
1434737498354159616
1434738468135968780
1434739177229193217
1434740147115884544
1434748862456008707
1434749211665444870
1434749268267606018
1434749319354200065
1434752852254101504
1434755309717757955
1434765324222550019
1434766531326459905
1434769921947299843
1434770233324032000
1434770530368819204
1434771149783633923
1434773516360945666
1434773662062678020
1434777151853588486
1434781700110753797
1434783621492064259
1434787996952236032
1434789182627454980
1434789931025530881
1434790342134583296
1434793328575348743
1434795543817908226
1434795652790239233
1434798512265256960
1434800208764825602
1434804160826777601
1434804502712832001
1434804580873695236
1434810475393339394
1434811006010773505
1434811109782036481
1434813276966162432
1434815537477914628
1434817020101496837
1434822071473737730
1434825009088774149
1434825229742735364
1434826547093852169
1434826956260843521
1434829097360707588
1434829924930449419
1434829928231366660
1434834042101268480
1434838705173196804
1434838812182515717
1434839185500766210
1434839453478969351
1434840397205803010
1434840832830414852
1434841495316561920
1434844578113220613
1434845464751312899
1434846666494930945
1434847429292036105
1434848089076953091
1434848867170742272
1434848970619047940
1434849636896833548
1434850886426107907
1434850991611039747
1434851674632249347
1434853365217841152
1434855556364210181
1434856821722734594
1434858956657020934
1434859183334047746
1434860073927516165
1434861667997814785
1434864166469177344
1434867842843766784
1434871823724793862
1434872082655895552
1434872189455515651
1434876292738928641
1434877894417780740
1434878052299771905
1434878123225468932
1434878211364581380
1434878539539488776
1434878630690111488
1434878671542632452
1434879065719193602
1434879227195576324
1434879429193310210
1434879703362400257
1434880026969710603
1434881056285487110
1434886033448087552
1434886392023183365
1434886894496538631
1434888021103583233
1434888539620085763
1434888708122034176
1434888928222273541
1434891303397908489
1434891963153612801
1434892341542748161
1434893334862991363
1434896671608086537
1434898539293802500
1434899359020171271
1434899481942626311
1434902154305671175
1434902358526287877
1434902752803504143
1434905280547115013
1434905532196741125
1434906130199703553
1434906248177090562
1434908754386903042
1434909356038918147
1434909898513387524
1434911150836043783
1434913008120000514
1434913068312453120
1434913567283691527
1434913914907553792
1434915316019064835
1434916114702602242
1434916581180542986
1434916702811136000
1434917874116685828
1434920306989158406
1434927105171763202
1434933410124890114
1434934108543602689
1434939712209256448
1434959763154956290
1434984052210081797
1434986451603578880
1434988916331843585
1434998051584630786
1435001411691954183
1435008981718634502
1435015083352989700
1435015842429763588
1435015994821337089
1435017326135365635
1435018847203905536
1435019506959589379
1435019991745716227
1435023235796520963