1442686687298011137
1442688382774046720
1442689363909873669
1442689958267875331
1442691271663915012
1442693024178343938
1442643970635489282
1442685495889235968
1442729517353603075
1442745894718218243
1442782775950544897
1442787185908850691
1442795152666365953
1442828939186028547
1442640461458403337
1442640486477406208
1442641598110523395
1442642252149448710
1442642639686303746
1442643809347665920
1442643923281739781
1442644634807595013
1442645883682652161
1442646735117963264
1442647365970628610
1442647770834210820
1442648692293443584
1442648912850931714
1442649275972743171
1442649773018808324
1442649859010424832
1442649976773906433
1442650072987013120
1442650574357340163
1442650753391157256
1442650944768921602
1442651711013724163
1442652368852688897
1442653436151959555
1442653754780631042
1442654208189091846
1442654474229608454
1442654643062927362
1442654865809809408
1442655232031223809
1442655305561776131
1442655374172049410
1442655467629543428
1442656209891332099
1442657032100716552
1442657498708598787
1442657520779083784
1442658174205521921
1442658189560848386
1442658235379380232
1442658432260001793
1442658902177320965
1442659147640573954
1442659486041206789
1442660138263801858
1442660372142383104
1442660761537433601
1442660801991507968
1442660954982912001
1442661114542583811
1442661892074270725
1442662447769292808
1442662774341976066
1442663304967516165
1442663946133983234
1442664235067080708
1442664262241947652
1442664266994122752
1442664745216135170
1442665006391185410
1442665061500141573
1442665073323827204
1442665410470367234
1442666081798148108
1442666233661325314
1442666264183275522
1442666481884360710
1442666768514781188
1442666891571388417
1442667009448157185
1442667125462552578
1442667280056270851
1442667568410480642
1442667767950233601
1442667937014292483
1442668233257984001
1442669313689735171
1442669481201999872
1442669966419918857
1442670021415604227
1442670089791176709
1442670198788481024
1442670246704205826
1442670396025683972
1442670395618963457
1442670398940852225
1442670718869651460
1442671048709718025
1442671263994957830
1442672096329408513
1442672446327320579
1442673164870356994
1442673310198759424
1442673323083583492
1442673823673765891
1442673903986372611
1442674792721571840
1442676395641954306
1442676749452537863
1442676851634147333
1442676919414099968
1442676950607142914
1442676998753570818
1442677737961918480
1442677940999786496
1442678001309650947
1442678287126327303
1442678448338583556
1442678540646825984
1442679091170217988
1442679305671102472
1442679438412374017
1442679906945564675
1442680678206738433
1442681162611126272
1442681327547863043
1442681336511168514
1442681504027463688
1442681555424481286
1442681621828681729
1442681682637721600
1442681842109272074
1442681996656918530
1442683195103842315
1442683201403580418
1442684155146346499
1442684209441640453
1442684212553809923
1442684264613498883
1442684503068082176
1442684778025676807
1442684847843995649
1442685218729639938
1442685258822918146
1442685513371095041
1442685722004103177
1442685943073239044
1442686145955987464
1442686186066100229
1442686196069507073
1442686283973738498
1442686907096264707
1442687237074735104
1442687299246907400
1442687463630139393
1442688000945623045
1442688088463998981
1442688386540605452
1442688559467544577
1442688594196320260
1442688654569132035
1442688681643425800
1442689610589487108
1442691571305140228
1442692085564383234
1442692145979093000
1442692441220399116
1442693059653685248
1442693432695148545
1442693562055884803
1442695979229016067
1442696174109020165
1442697278586716167
1442697425664151556
1442697846734557186
1442698590195908611
1442698806991089670
1442699090551132161
1442699267823398921
1442699296801914881
1442699447641673734
1442699473419833347
1442699738395054082
1442699766664601603
1442700135788519428
1442700621661024265
1442700748299464714
1442700980777144325
1442701476569051144
1442701583314083846
1442702953354182659
1442703122070220803
1442703122158133248
1442703664796160003
1442703772317151233
1442703919663091716
1442703985597689859
1442704703561756674
1442704758528045058
1442705026565083151
1442705065647558656
1442705245386141703
1442705665479249923
1442705823256309762
1442706110088028163
1442706162751717378
1442706359150006275
1442706500154130436
1442706745013399555
1442706855931695104
1442706945014517763
1442707305896681475
1442707694641549318
1442707887063662595
1442708115468685312
1442708648514359297
1442709071027572736
1442709535563522055
1442709777189015556
1442709856574640131
1442709885913690116
1442710403562172420
1442710713353453568
1442710790432169986
1442711634149974016
1442711655733809153
1442711715523612676
1442711732883841026
1442712155086745603
1442712295839199235
1442712322745667586
1442712466752819201
1442712576190603268
1442714046873026567
1442714698609164293
1442715208883920901
1442715547909591042
1442715628268244992
1442715664813150211
1442715739069190147
1442715944682463233
1442716057127436289
1442716388716548103
1442716602416332806
1442716972794322947
1442717346724921346
1442717560667922438
1442718994885005314
1442719185482694656
1442719562403745806
1442719786186600452
1442719808231858187
1442720107390595072
1442720376186826753
1442720932150145030
1442721316096733190
1442721923234889734
1442721961910571010
1442722166861037568
1442722574874513410
1442722804172931072
1442723064370765827
1442723158373453826
1442723242565902336
1442723368428457984
1442723557130358785
1442723808465481732
1442724027508748292
1442724159386112002
1442724238427770880
1442724283805933569
1442724434842841090
1442724626019192835
1442724744558780419
1442724977631842307
1442725370415902722
1442725669813714948
1442725782434947073
1442725979273658370
1442726074501124097
1442726192289763328
1442726268022104064
1442726328512311297
1442726412117368839
1442726813852004352
1442726880369537026
1442726912716017666
1442727038557700105
1442727160016302086
1442727230832988161
1442727273258381317
1442727608660070400
1442727666264657923
1442727879188488194
1442727932699369472
1442728052409069570
1442728158902374400
1442728268675747840
1442728316729839616
1442728364486238208
1442728437425209346
1442728814958710784
1442728964590424072
1442729011843518468
1442729062519042049
1442729070559576066
1442729103665233926
1442729251552202755
1442729321211199489
1442729544465543172
1442729645208526853
1442730054056755201
1442730237683396611
1442730292997812226
1442730792640151554
1442730796863746054
1442731129346281476
1442731283126185986
1442731601167675395
1442732032115634177
1442732335321915395
1442732475323609088
1442732842337726467
1442733013922549760
1442733391389024256
1442733589158793220
1442733607664058369
1442733671736250370
1442733797145923587
1442733810798379008
1442733898748731392
1442734100578639875
1442734340903817225
1442734941071085568
1442734994435149828
1442735070519824384
1442735328133980172
1442735339148234755
1442735600927272960
1442736226700722182
1442736258489352193
1442736434410975232
1442736437288337419
1442736597850464256
1442736600899731458
1442736706084425731
1442736737386516480
1442736740754620418
1442736914637803527
1442736923848568833
1442736960670339078
1442737070254952449
1442737467078156289
1442737690340827138
1442738499556241411
1442739001090199554
1442739099580841988
1442739191142440963
1442739249162305539
1442739607473311744
1442739997757480960
1442740120310870019
1442740159280156674
1442740227588513794
1442740283918196736
1442740744200994818
1442741333320290305
1442741501163819011
1442741757859418113
1442741777711058949
1442741798720311296
1442741872460398593
1442742047983636481
1442742157069074432
1442742672045707266
1442742713992966147
1442742759492710406
1442742793764438023
1442743142948638724
1442743197134819329
1442743273605402629
1442743278026166273
1442743660676726784
1442744136805675011
1442744468851986437
1442744509478031362
1442744549634240513
1442744922105270272
1442745962879864838
1442746026855649281
1442746035810435072
1442746149492822019
1442746522156761092
1442747000777154561
1442747055764504582
1442747079873290245
1442747092322041862
1442747220823056385
1442747232734810116
1442747256394895366
1442747655721930756
1442747971540426758
1442748409769705473
1442748425909403651
1442748847420100613
1442749164408868865
1442749875347550212
1442750097754832898
1442750104172179457
1442751126835589123
1442751353541967872
1442751971086135299
1442752064619044868
1442752351480135683
1442752597564088321
1442754210232102914
1442754282885840907
1442754813612072963
1442755240374140935
1442755415637315586
1442756194796408835
1442756344537251840
1442756466998341637
1442756999662366723
1442757599191965697
1442757635921514500
1442757754238562308
1442758028437049347
1442758526879690752
1442758547444355078
1442758790789533697
1442758944099758080
1442759006431289346
1442759064665088003
1442759124911988738
1442759533835603971
1442759825859833858
1442759975386841090
1442760241095974913
1442760367378104322
1442760380430708736
1442760600791121922
1442760973106831363
1442760995911323652
1442761831001432067
1442761917831864320
1442763040735170562
1442763037824335875
1442763799669338112
1442763839842439170
1442764126443376641
1442764638232330246
1442764838774530059
1442765062788239362
1442765178110570496
1442766472661504000
1442766549903822849
1442767849672507395
1442768630639255554
1442769177450737666
1442769401820815362
1442769465632907270
1442769629563158529
1442769836904308738
1442769858119176194
1442769923185340416
1442770077351284736
1442770077674131459
1442770270343733252
1442770308511907840
1442770332511657986
1442770430054461446
1442770460446375941
1442771077516578817
1442771086534270976
1442771293804261388
1442771596750430208
1442771620607582211
1442771652303982593
1442771870370070531
1442772202688970753
1442772637688623106
1442772906769936397
1442772948671090689
1442773337067831300
1442773428763652100
1442773446002298880
1442773702819532802
1442774258833309697
1442774491583504390
1442774798644301830
1442774859382026250
1442775064785522694
1442775501194465282
1442776091182059524
1442776142474354689
1442776182462758912
1442776296983912452
1442776306253385728
1442776798173958152
1442777427277606913
1442777876433047552
1442777884251148289
1442778725813153805
1442779062515101697
1442779315658133504
1442779475997970433
1442779536739864579
1442779539919175682
1442779694793781248
1442779703882891271
1442779865812328455
1442780125771276288
1442780693889650689
1442781026737000448
1442781088733024262
1442781325056884741
1442781478429941761
1442781940147499011
1442782110931046403
1442782366884249600
1442782745097211904
1442783143363158017
1442783591402901507
1442783643831730179
1442783671123988487
1442783885520113666
1442784026595528707
1442784480213667840
1442784835014049794
1442784893050638336
1442785227928051718
1442786171537354755
1442786944065228803
1442787049703043077
1442787954267619329
1442787951780384769
1442788614757179399
1442789164731154432
1442789528884813828
1442790244202336257
1442790736894705672
1442791016579297281
1442791077606350852
1442791236780400642
1442791565550755847
1442791792231923715
1442792109661048836
1442792255849332741
1442792791524868099
1442792813301620739
1442793007032324098
1442793018122072065
1442793205578092545
1442793361774039041
1442793412533501952
1442794496593326083
1442794637110906891
1442794639354957828
1442794985208877059
1442795013444829184
1442795174128586752
1442795532296982529
1442795850934075396
1442795949013618692
1442796332335370244
1442796503664193543
1442798957571162115
1442799657311092746
1442801494453981186
1442801681087885315
1442802002140958726
1442802713712988162
1442802794180722688
1442802870516994048
1442803168061140996
1442803638997450756
1442803713064595459
1442804204532236288
1442804303593312259
1442804318550122496
1442804339739824133
1442804355330187269
1442804542983139329
1442804957103591432
1442805133318840321
1442805960452411398
1442806300656635906
1442806314036383744
1442806897665478661
1442807140624715783
1442808088315109380
1442808093453082626
1442808163539898379
1442808215276638209
1442808282767192067
1442808455018921986
1442808460148555779
1442808785299394561
1442809262921584642
1442809416114311169
1442810049055715329
1442810335182745602
1442810597536518148
1442810726251327498
1442810849337352193
1442810887581024265
1442811020787945477
1442811504777064449
1442811964556599299
1442811984785805321
1442812646361747460
1442813227948199937
1442813610602815490
1442813887053582344
1442814259763757058
1442814748899229697
1442814757862461440
1442814788380200975
1442815402984165387
1442815594680631300
1442815746887745538
1442816224035958784
1442816264691351565
1442816359168024577
1442816403468259331
1442816656405786629
1442816852300795904
1442816907728486404
1442816962514489348
1442817160728903686
1442817171852173321
1442817489541369866
1442817546835480579
1442818712906596363
1442818869249200138
1442819178331721737
1442819354790301697
1442819927312764928
1442820232511475717
1442820325356433419
1442820571503357952
1442820825531379713
1442821396518748167
1442821585090449410
1442821891710849025
1442821904314736642
1442821919586152448
1442822143020912650
1442822326538563584
1442822416766361608
1442822436886663168
1442822945554894855
1442823175075553286
1442823227986776070
1442823348640124932
1442823371935424523
1442823513388109832
1442823555394072584
1442823658544648195
1442823691813867525
1442824200859705356
1442825066463449092
1442825434035462158
1442825846872444939
1442825859019149313
1442826313329303564
1442826440911720448
1442826463359606784
1442826547165990913
1442826930110222340
1442826955619921921
1442827192048648200
1442827248898232323
1442827609759358981
1442827849056940037
1442828027692421124
1442828181254279178
1442828353451425794
1442828646616481798
1442828653012742147
1442828650630443014
1442829316325138437
1442829375989161988
1442829628989579268
1442829633548783619
1442829631506157582
1442829946376769541
1442830130678681600
1442830232331821062
1442830411764142093
1442830607923310600
1442830779680129025
1442830810986340355
1442831057665945603
1442831179493740548
1442831591718330370
1442831647125086214
1442832225473499139
1442832268590870536
1442832411021037574
1442832601375330306
1442833009644802054
1442833193523040256
1442833697997148162
1442834114860617731
1442834135618183171
1442834324680626182
1442834399939088385
1442834738847223811
1442835104393428994
1442835510678867973
1442835568388239367
1442835672297992196
1442836702142160897
1442836849500717068
1442837308319813647
1442837343501570048
1442838049012940803
1442839389462089728
1442839699253456901
1442839789502226434
1442840795917144069
1442840872110878727
1442840998560759818
1442841042231828484
1442841060988751872
1442841531061129219
1442841698984345610
1442841714897477634
1442842004577087499
1442842291320733699
1442842683681099778
1442842898186203137
1442843801865887744
1442844043361329164
1442844057227735048
1442844176110915588
1442844315319943169
1442844722699988992
1442844797312528387
1442844871170183168
1442845027705688072
1442845267959685124
1442845312666804225
1442845435601715201
1442845720034283528
1442845768268791814
1442845808932569091
1442845883066953737
1442845893418487823
1442846066341253136
1442846274479443971
1442846426539642884
1442846514930454535
1442846834423058435
1442846832665767944
1442847092930748433
1442847450964844549
1442847664643743746
1442847736810795009
1442848213309050890
1442848684555870211
1442848682425167880
1442848940303560718
1442848969802096648
1442849576185212938
1442849637761757186
1442850136787456002
1442850715328819202
1442850877300224008
1442851159170031627
1442851236911353856
1442851335976726528
1442851485063204881
1442851500397522944
1442851597034348547
1442851644199346191
1442852087461818370
1442852655412523019
1442853788025454592
1442853841918038016
1442853920368381960
1442854145376014346
1442855033947623429
1442855311962828803
1442855555920322566
1442855720953729034
1442855888209940480
1442856057529937923
1442856231777931267
1442857308963278854
1442857320334049281
1442857321713967113
1442857601218203655
1442857770810707975
1442858176349544450
1442858275377016841
1442858421632503811
1442858801195982849
1442859131879116803
1442862482247217155
1442863462590271495
1442863647894556673
1442863932964675591
1442864853241106437
1442865851938459657
1442866113394589709
1442866168604213248
1442866384199839747
1442867646995726345
1442868107383488519
1442868187247243270
1442868387495874560
1442868930897346570
1442869584105594884
1442869711599923205
1442869911210971143
1442870322571538440
1442870684384829447
1442870684980428802
1442871284711366671
1442871502391504902
1442871704498307077
1442872340610568194
1442872343626334212
1442872348961501192
1442872784015613966
1442873248308334596
1442873447986569216
1442873547404177416
1442873744645505025
1442873742854483971
1442873801880920068
1442874052205420558
1442874211928723456
1442874490178785281
1442874899563831297
1442875362770231297
1442876266206490629
1442877802814971910
1442878433873195008
1442878577049960450
1442878765290319872
1442878848841011201
1442878932022222850
1442879760678350852
1442879926177189889
1442880087917957120
1442880345775300609
1442880838052556810
1442880907879206914
1442881005283512323
1442881378350075905
1442882372924416003
1442883502240788480
1442883686811140096
1442884619049717769
1442884836897669121
1442885195527426051
1442885334497329152
1442885415904612355
1442885524130131969
1442885581927706628
1442885930038095877
1442885969900802052
1442886060132823044
1442887421327122435
1442887462745886724
1442887790585212932
1442887907174273027
1442889731851784199
1442891410886184963
1442891923992166411
1442892074907422723
1442894050290388994
1442894952308961283
1442896657591390214
1442898142807003139
1442899446635794437
1442902614878789633
1442905327687532546
1442907374033915908
1442912677836124160
1442914932220055552
1442916340503777282
1442916499606228997
1442923529482039300
1442927703892525058
1442928912103710720
1442929295542788104
1442930310451105796
1442937893157105664
1442940031082004482
1442940036719120387
1442940415695462405
1442940706935373826
1442940941501800450
1442941476904730624
1442945992047796226
1442947511254073351
1442951060608339969
1442955532218691584
1442969259693395969
1442973542555918339
1442975081597079560
1442976159436873728
1442976913937494018
1442976991553089537
1442977169341227009
1442977270482694146
1442977461562609669
1442978299773284363
1442979045948358656
1442979514095595523
1442981797583720450
1442987385285799937
1442987586398523393
1442987791965585414
1442987942109085698
1442988044034863110
1442990297202364421
1442990570683572226
1442991479316631561
1442992420161949702
1442994412749869058
1442995700086697984
1442995959563120640
1442996041259765761
1442996741314207745
1442997747133521930
1442998242409545733
1442998844422193153
1442999353585516547
1443000728641945601
1443001055638290433
1443001236198887424
1443002149907009536
1443002278076579840