1433595894285234192
1433599508567322630
1433602319334010902
1433604727564955654
1433609598548602935
1433610507382976546
1433610849487187976
1433611282276446235
1433623479555747843
1433624234123694088
1433624368194539530
1433625147458555913
1433625896968081410
1433626601745387541
1433640900782030849
1433643207879913474
1433653377204817921
1433655882940780544
1433656285648457733
1433660206836338688
1433660812091035655
1433662922429906945
1433664255635558408
1433665059918544897
1433665126708572163
1433666418055081989
1433667418606354436
1433669728455692288
1433671123594620965
1433678452222164998
1433685947384692738
1433686337845035017
1433687696719982594
1433690798873219072
1433691049994567681
1433691060073496576
1433691582524444691
1433694613630423041
1433694711236087809
1433695691780460546
1433699016781430787
1433699455631462403
1433700951056007172
1433705302319271938
1433705603323469829
1433708059600187393
1433710518825472003
1433710814381297666
1433711861287899137
1433712307335417856
1433715903498129411
1433716540935852037
1433721418437390338
1433726246920155140
1433728235888525313
1433729429037936641
1433731070222995456
1433731596813692931
1433732258263814147
1433735097950216193
1433740593683853322
1433743327279476736
1433745756096061440
1433746474945245187
1433746698623324161
1433747920566718475
1433748809645920257
1433749193336655875
1433749360764805129
1433749966858584064
1433752005302882306
1433753822170472453
1433754218137993224
1433754591468736528
1433755597963358216
1433757570385149962
1433761803213832197
1433768173283602434
1433768873539485701
1433769652379783175
1433771481809383426
1433772194945855491
1433772480036945921
1433774149730639877
1433774289459859466
1433774458632695812
1433776829509234688
1433780006686126080
1433780291269656584
1433780299716988931
1433780546375598083
1433782526741336068
1433783519050756099
1433788537237696514
1433789178299379716
1433790514755620865
1433793964776165376
1433813286135287808
1433821717936230403
1433842722981302273
1433864387589283849
1433866857828679682
1433872838059077637
1433880617574404098
1433918848021905408
1433920128920391681
1433920290468237312
1433925588251598852
1433930824378839040
1433941549272817670
1433942282286157830