1437586214165438468
1437648715724984320
1437571888000077825
1437569213657276417
1437574914370793473
1437576930459406343
1437576937665220608
1437585314076266502
1437592811050659843
1437595938504073217
1437610554114273282
1437614464405164033
1437615817017868292
1437616867946876931
1437617396324261890
1437617450569252875
1437624655775354883
1437626432444715008
1437626552032792582
1437626891070967815
1437627902196006914
1437633228983005188
1437636800743239683
1437636838848565249
1437637997311102977
1437638134485766147
1437640788179968002
1437641049334296578
1437641753704554499
1437645077157867520
1437645598631497728
1437650218552422400
1437651432941916164
1437655331195088901
1437655498656862209
1437656478169452546
1437660280452833281
1437660488544886789
1437660895614681089
1437662266598387713
1437662760372879360
1437663816658030592
1437664654482837508
1437667058737508356
1437668491574738945
1437669614616342533
1437673345944719360
1437673762128908288
1437673770144178176
1437673788708171776
1437673805078487042
1437673820991770630
1437673833796972549
1437673837374713863
1437674969098424320
1437675276960350214
1437676537936072710
1437676648296448002
1437678580855554048
1437680566942326786
1437680930940801029
1437682228251799553
1437682308195106820
1437686321091256322
1437686784511463429
1437689465409978368
1437692788024348674
1437694175386898432
1437695093381550082
1437695489156075523
1437697730130759689
1437698738739286018
1437699119443689473
1437699260766556165
1437699739785461760
1437701845950951426
1437702177439436803
1437702938793680896
1437703061409988611
1437705793755697155
1437706249424883715
1437706250985168901
1437708051935477765
1437715511043760135
1437715551527190528
1437716434767937538
1437716969847803904
1437718373652045827
1437719543594450945
1437720912699158529
1437722920667664386
1437729566580097026
1437729604735627264
1437732073427521540
1437734423596703744
1437735331051180035
1437735605329219586
1437735728964722691
1437737653126926341
1437737966860865540
1437739064413749250
1437739453439627268
1437739498700296202
1437745556894457857
1437746684688142339
1437746808621436938
1437746842746327041
1437747507073720332
1437747922938974208
1437747940064313346
1437747959312101376
1437748200496979981
1437749340873711623
1437751900200337418
1437756645673603076
1437757189309956105
1437758014455382027
1437758689117564930
1437763030499020809
1437764467153006592
1437766807205470208
1437767575165825029
1437768294887354368
1437769901775613957
1437769984730701825
1437770067786276868
1437770899718017024
1437771694119260172
1437772458652807176
1437772669303279623
1437773110502064128
1437774471461425152
1437774642517790722
1437775089777446923
1437775124770471941
1437775535862685701
1437775608772190222
1437775614455525379
1437777507495858182
1437778898931130372
1437780330556104708
1437780728113246226
1437780836385009664
1437782032952791054
1437782970795008011
1437784543373766657
1437787451712495622
1437787633724399627
1437788662985596929
1437789146135896081
1437794659804192768
1437795457158107139
1437800154132668417
1437802357127979010
1437802498975158280
1437803728195649536
1437806824623771650
1437806926465667079
1437809161836789763
1437809306187952129
1437811453449228291
1437814757998804993
1437816780366376961
1437820509681373189
1437821080853311489
1437823097420144642
1437826795487653888
1437845583323025412
1437846222719512576
1437849781116620800
1437862813523927044
1437862858096709633
1437885294326345731
1437911137559859200
1437912245363625987
1437917012043337729
1437917197284765699
1437917761334755328
1437919410543489031
1437919473789403138
1437919614499835909
1437922624663789568
1437925182354563075
1437567477395849217
1437569021679833090
1437569593422200832
1437571397962776580
1437573104096595972
1437574589219893250
1437575178163081220
1437577704371597322
1437579186969874436
1437579206079119364
1437579291688988672
1437579619532562433
1437581880203821061
1437581952056315906
1437583266752598018
1437583856710733827
1437585049805733892
1437585265506205699
1437585740137787394
1437586186432770048
1437587629348843521
1437588195894464515
1437588393047646209
1437589117592748033
1437589762882166788
1437589883539783680
1437590289053409282
1437591957736361986
1437592531189977088
1437592816033538051
1437592887177273348
1437593414275461122
1437593591551971333
1437594420258361345
1437594440609136641
1437594885868032001
1437595018630287360
1437595136142184450
1437595313368301571
1437596402327060488
1437596464339841024
1437596533306761219
1437597216273747977
1437597515247874050
1437597567878008832
1437597570365202444
1437597724535308288
1437598750453628933
1437599299630559237
1437599612416585729
1437599835306147841
1437602908124553217
1437603453639876612
1437603732460560387
1437604213622665218
1437606965421563904
1437610239268851719
1437610997317992449
1437611959898107909
1437612005972602883
1437612275800559621
1437613624479023105
1437615342159683584
1437615772629549056
1437616305767530504
1437616679006072834
1437616803232948224
1437617067239231489
1437618463116193795
1437620871040884739
1437622409524174853
1437623025092882438
1437623586710167553
1437623789022441473
1437623948959645699
1437624027007238151
1437624613995831300
1437625137239498755
1437625179782332416
1437625221054275589
1437625587426680839
1437625618573627398
1437625758327836674
1437626035512635393
1437626305718087680
1437627024453955594
1437627164577255425
1437627322543140866
1437627551376019457
1437628675160096768
1437629249226088452
1437630057854357504
1437630069422190597
1437630084987326467
1437631085949505540
1437633565370372102
1437634344508551173
1437637075705073669
1437637521874165762
1437637619022589954
1437637876708036616
1437638112927117316
1437639712273944579
1437641248471355396
1437641782888591361
1437642160082276355
1437642916609019909
1437643421364076545
1437643712989786112
1437643775698825216
1437643815175606279
1437643911044894723
1437644436129812486
1437644786043801606
1437644818100850690
1437645646157139968
1437645697143111680
1437646517582512129
1437646957632102400
1437647005463945220
1437647063525642240
1437647253972275202
1437647553546231808
1437647950260293634
1437649099096924160
1437649936179339269
1437650098918330370
1437651548528525321
1437652028734377991
1437654295655026692
1437655513810882569
1437655968758652932
1437657614146539520
1437659595837607938
1437660369497911296
1437660922567294977
1437661163794223107
1437661310217424896
1437661454266617857
1437661707044732930
1437661990504198144
1437662222939951108
1437662317370437636
1437662413390696449
1437662430155345922
1437662525764427778
1437662667678707718
1437662783567400960
1437663151047151620
1437663350360399879
1437663487115685894
1437663623854264323
1437663650366386179
1437664066651049984
1437664243629760513
1437664289330905089
1437664526783041538
1437665446124154880
1437666361904222210
1437667119219412995
1437667587110825989
1437668488366022656
1437669577387692038
1437670528127418372
1437670816951390209
1437671094580772866
1437671663949156354
1437672370584522754
1437672628060307458
1437672688986648579
1437673068432814083
1437673212175806465
1437673416895594496
1437673774518870018
1437673812598927360
1437674773589356547
1437675555801866246
1437675925143896065
1437676015929618437
1437676528603594754
1437677272165535746
1437677475207602176
1437678259290836993
1437678600493285382
1437678693485215746
1437678796807671813
1437678887010324481
1437679595122270208
1437679993832632321
1437680284829302786
1437680786468061187
1437681021974048775
1437681286030643203
1437681424203542532
1437682117991821318
1437682159825743875
1437682278453284869
1437682939123453952
1437685082873995267
1437685514870525952
1437685943507435522
1437686187754340359
1437686240145379329
1437686464855216130
1437686645369671682
1437687418921050120
1437688378955210754
1437688639421509637
1437690149790388224
1437690352551428096
1437690829263413253
1437691134042468354
1437691174777593861
1437691712063696902
1437691986031497218
1437692654641242112
1437693535927484424
1437693711127695362
1437694522566209542
1437695112620953601
1437695125535133703
1437695167209771011
1437695823429595147
1437696224203665412
1437696386149928967
1437696988284293124
1437696985012719619
1437697871931850759
1437698099242102785
1437699006537240577
1437699253820821506
1437701217258409987
1437701547949912065
1437703079445479427
1437703612063354886
1437703959783690240
1437704104646565896
1437704202231300099
1437704618255912963
1437705351743225862
1437705589530849283
1437706671527120901
1437706888385159169
1437708692346978304
1437709670022455297
1437709757951840266
1437709930702671872
1437710808146796545
1437711161563119619
1437711536575770625
1437713001918857224
1437713528425639937
1437713948682305547
1437714322948382724
1437715220323995651
1437715911205523464
1437716429403344898
1437717563887083520
1437721115346964481
1437721179087781891
1437721308192669702
1437721475247591424
1437722555737993219
1437723129581694978
1437723975455416321
1437724604840046594
1437725356593614849
1437726878622642176
1437727237025898501
1437730527675486209
1437732811193020421
1437732974913458182
1437733157927743489
1437735245583769610
1437735282493702150
1437735568608169984
1437736036763934725
1437736128363175941
1437736277919498240
1437737600115040265
1437737874275794948
1437738055096438784
1437738132955303937
1437738367832055808
1437738895785873409
1437739342068281345
1437739350343643140
1437739875164250122
1437740481169874944
1437740542272495616
1437740709822435328
1437740922825961481
1437741198035210243
1437741628844699660
1437741812328779782
1437743011207663616
1437743311674957833
1437744488596733965
1437745408646606850
1437745504297705480
1437746090527232011
1437746573492965380
1437746709572976647
1437747705015459840
1437748447919050755
1437748809807712256
1437749689235828746
1437750688470077441
1437750763384565767
1437751423056318471
1437751660252520452
1437752066634489856
1437752252551221249
1437752325204963333
1437752367408058368
1437753759048691717
1437753795929260033
1437754104646823941
1437754724527181829
1437755427467395077
1437755695332356099
1437756065425158145
1437756078352060417
1437756223932092418
1437756321034498060
1437757485188739079
1437757507456307210
1437757542717747204
1437758215026974720
1437758876561018881
1437759318984593408
1437759655812296715
1437761481097940997
1437762037501739018
1437762689246261249
1437762812978221056
1437763118776479744
1437763780344094724
1437764061563809794
1437764177766936585
1437764316191617028
1437765216213733383
1437766058081808395
1437766424739467266
1437766648002330630
1437767142577827847
1437767416939892748
1437767711656873986
1437767937234853889
1437770025360928778
1437774108796784645
1437775152910151685
1437775298192416777
1437776071575941137
1437776172838948868
1437776470995312646
1437777088317202437
1437777464395276296
1437778830345789455
1437778943034200066
1437779228251021318
1437779442693193731
1437779447822815240
1437779598104748043
1437779766694797318
1437780218597580814
1437780521505984515
1437780997265891328
1437781086407467014
1437781126811095045
1437781393241739266
1437781532702302215
1437781667767271431
1437782252772020234
1437782268769095695
1437782762954559489
1437782783586414603
1437783153037516810
1437783180292116491
1437783909404655622
1437784161503297541
1437784410204557320
1437784759065788419
1437785125853536265
1437785540036812809
1437786578231992339
1437787497828921352
1437788006010822658
1437788562540404751
1437789129547395079
1437789164129460226
1437789442513772562
1437789739181088776
1437790258406567942
1437791059791204361
1437791144985993216
1437791176745173004
1437791519361089539
1437792460323831810
1437793270373945356
1437793482949767182
1437793610502754307
1437794201001922573
1437794363455721476
1437795120565272576
1437795215960576012
1437795439659692037
1437795496484028416
1437795501697425408
1437796842683592713
1437797192299806726
1437797933097750532
1437798127323410432
1437798354969190400
1437798554836221953
1437799310549127168
1437800284172865536
1437800602063409155
1437801637385420801
1437802543690620929
1437803450088112130
1437803612965507081
1437804037257064448
1437804415172296705
1437804530196832258
1437806218530025472
1437807283283509249
1437807318037565453
1437809139539873798
1437809403424501765
1437810757823959040
1437812932478320640
1437812939432423427
1437813408775081984
1437814034980478976
1437814337465458700
1437814518273359876
1437815125252005889
1437815534108610561
1437816122942754816
1437816875195371521
1437817114866290690
1437818787688943620
1437819035442311170
1437819207630999554
1437821819566706693
1437822457935634432
1437825058278305796
1437828284163637248
1437828585805418496
1437830218597605376
1437832190910472202
1437833201670508549
1437835577114513410
1437835692369870849
1437835975732842497
1437839741118869508
1437842196611284992
1437842266949763074
1437843476159209473
1437844553994694657
1437848731265605635
1437851846446518273
1437859930908725249
1437861847353286657
1437865868000645120
1437868814058749954
1437875560760463371
1437877210312941569
1437878311028334592
1437894207687954433
1437895051531599877
1437899162737991681
1437904475105095683
1437905354667397128
1437909053854781441
1437910245376806913
1437910348745433092
1437913096400474114
1437913227900297216
1437914546480377856
1437915257767219201
1437915331347902466
1437915854331547651
1437916923715407879
1437921222260445186
1437921883567976451
1437922793564168197
1437924376595230723
1437924604882739201
1437925216785555458
1437925346880339971
1437926135636000768
1437927183830302721
1437928544462512128
1437567220624683008
1437569622958501890
1437570077528760322
1437574189435678720
1437575047711846403
1437575228058710016
1437575833749647360
1437575860056256514
1437576186540933129
1437577757840531459
1437578537163059204
1437582048827346946
1437582093102419971
1437583389578575872
1437584516839665668
1437585546612666374
1437586127007870979
1437586559608311808
1437587348514955268
1437587982664429572
1437589414499131394
1437590660467466241
1437590969004683264
1437591089427275776
1437591314472718342
1437591320202153986
1437591631314575360
1437594138736611334
1437594278746677249
1437594755270021122
1437595415281487872
1437596866254753793
1437596967803129858
1437596968990257153
1437597086753558539
1437597253296738307
1437597971277697024
1437598328976330752
1437598408575885314
1437598988530716675
1437599663150956545
1437599852766978050
1437599995809599491
1437600218724196353
1437600464137117701
1437600480947949575
1437601319787765761
1437602992799191041
1437604486613123072
1437606609144868868
1437607962659500033
1437608093601333248
1437608908177039362
1437609877149417485
1437610436568834052
1437610766006296579
1437612068564312067
1437612276580708354
1437613446485319681
1437613883275964420
1437614277792174080
1437614912390385670
1437615381439414275
1437615840468168707
1437617002600755200
1437617757210611712
1437618033003012098
1437619223593820170
1437619614272274437
1437619613487960067
1437620268386512899
1437621006101737473
1437622273041526789
1437622913604063235
1437624799300251652
1437625089638350848
1437625847100280832
1437626067070578693
1437626257911418887
1437626337573761036
1437626615983263744
1437626650368176130
1437627187285434370
1437627189118132231
1437627350213009408
1437628305155366912
1437628428891656198
1437630186099396610
1437631109076946944
1437632205463822336
1437632774970626062
1437633823341088769
1437634272131796996
1437637344211857408
1437642264940105728
1437642977086611457
1437643141406855175
1437643226853167105
1437646083895615490
1437650484253265923
1437651298447355905
1437651318013763584
1437652257575620609
1437653530542706689
1437654504929837062
1437655611991158786
1437656212305158144
1437656430899707907
1437656545563529217
1437657004835631105
1437657367588470788
1437658379409788933
1437658867278630915
1437658901227343875
1437658994399580162
1437659728687947779
1437659759327408133
1437660591414415360
1437660835476754433
1437662885803528192
1437664330242162693
1437664912847904771
1437666087760392193
1437669919194181638
1437670440801947651
1437671257072304135
1437671386370084865
1437671666578968576
1437671841716338691
1437671999002722304
1437672384526491648
1437673476727328776
1437673546029748225
1437673727370559491
1437673785495261185
1437674954326040579
1437675163835850752
1437675185449152514
1437676239137824772
1437677857245851652
1437678595669852160
1437680402206887937
1437680903619166214
1437681099421880328
1437681280729104385
1437681488850415616
1437681669260017664
1437682600735215623
1437682802388992003
1437684146646798338
1437684475463454720
1437684554865668096
1437684579389689860
1437685817317593089
1437686436308733953
1437687035922288643
1437687405830553601
1437688064990539780
1437689679348834306
1437690369815179265
1437693269597507587
1437694862858534914
1437695402099101702
1437696304931479554
1437696797497982982
1437696870382379009
1437697132203442178
1437697310868205570
1437697367474507784
1437698003398115333
1437698004299907072
1437699035951890437
1437699215891701761
1437699260095500288
1437699316219478019
1437699518980526081
1437701169913028611
1437701475040256001
1437701536310718467
1437701948904378373
1437701947394383876
1437702670119284738
1437702693380927490
1437703533512441858
1437703730724364291
1437706428530130945
1437706951706624000
1437710157677400066
1437710212190781441
1437710638860492801
1437711368107425796
1437712774621061120
1437713609287634947
1437715258848657415
1437715448800296961
1437716775022563329
1437717010499076100
1437717651069956101
1437717814861869058
1437718807183708164
1437719669440335876
1437720334363283458
1437720686072516614
1437722916490256385
1437723298905739264
1437723723302268928
1437725376516485128
1437728947328872451
1437729575593668609
1437730136028180482
1437730739265564675
1437730737482964993
1437731708900499459
1437731813263216640
1437733003531194369
1437733052071829507
1437733819226804230
1437733845026050049
1437734129882238979
1437734438788497410
1437734537543495684
1437734543201538050
1437735385577238534
1437735818068586500
1437736901184671745
1437737273341067266
1437738086444634119
1437738987477614597
1437739524134621189
1437741000676446208
1437742999354544134
1437743607247630337
1437746795354886147
1437748991962206210
1437750151100076035
1437752113522614274
1437752915112824842
1437753487119372307
1437753978608095238
1437755512557240321
1437755842359545861
1437756061243437056
1437757989172043785
1437758549342314501
1437761020437483523
1437761198456393731
1437761621745549317
1437761766377746438
1437763202993967106
1437764903104757763