1441916186216652812
1441916937655631875
1441917301712846850
1441923519885967362
1441929695625289733
1441930596272328707
1441936054450221063
1441937603549282308
1441937995330846725
1441940711188824064
1441948389617258498
1441957629522165762
1441959910376280067
1441961018167480321
1441962206455746568
1441967309879341057
1441972067780349957
1441972399042293765
1441978749298216964
1441979197262417925
1441980706687635457
1441980866209599493
1441980916771872772
1441980980261109764
1441982861884616708
1441983506125504512
1441984061111627778
1441984835715665922
1441985518019829762
1441986099182653445
1441986285841702912
1441986555833323520
1441986643217420296
1441987595332816897
1441988162528505866
1441991543070461953
1441994013632983045
1441998257794600962
1442001138270629892
1442002501494968323
1442003029880758280
1442004283939979266
1442006364381794304
1442006421571211269
1442007791120490500
1442007964269776897
1442008667750952960
1442010873304784896
1442011312444227590
1442012357169799168
1442012589202939906
1442013621324713984
1442015932310716421
1442016013717889025
1442016686836649985
1442017766190452739
1442018929648418818
1442019518511865859
1442019889363836930
1442021979012304902
1442022610372497414
1442022705084043264
1442023233054674947
1442023259466203140
1442024168472539139
1442025320924602377
1442025780280586242
1442027581298020362
1442027891617898496
1442029708795801602
1442030945427542069
1442030965690302469
1442031189833883649
1442032751998234629
1442033081766932484
1442035368824434691
1442037812048498690
1442040016973152263
1442045556440719365
1442046818683011078
1442047942924247046
1442048360534319109
1442053209057423370
1442053639737016332
1442056326893301767
1442059217360224257
1442060077284823053
1442064936851558411
1442068056822333441
1442070480731574272
1442075849948160003
1442079454843441154
1442079526989668355
1442080561846112266
1442087348179652616
1442091434274799616
1442093756673511431
1442097505508855812
1442099489465008129
1442105651992227845
1442106897243410438
1442108001716826112
1442111842885591043
1442116339716349953
1442118963064836111
1442121214672072706
1442122265022271492
1442122885955342340
1442122958747537413
1442127036668018695
1442128438853177356
1442128783574585351
1442142425225383941
1442146327983321088
1442151988154695682
1442154408213577736
1442154533849731077
1442156845087424512
1442160134109609984
1442161998662234119
1442164612665802753
1442169526968197124
1442235863576973313
1442252374358171651
1442259668387074056
1442267126857809926
1442123600132071439
1442123874334699528
1442124114970300420
1442124149955063819
1442124529342373890
1442124848793149440
1442124894230044672
1442125262850695174
1442125907569745934
1442126152361865223
1442126380213309444
1442126514531692553
1442126679506239491
1442127921573863431
1442128171520851977
1442128269579472911
1442128491231649803
1442128711734611969
1442128745049952257
1442129172713721864
1442129273771331594
1442129785790996481
1442129990204604419
1442130172191281161
1442130370456023044
1442130810358829057
1442131079456968714
1442131163355570181
1442131262030770179
1442131774662795266
1442132590782074883
1442132594594762761
1442132649712054274
1442132649284304905
1442132748848668672
1442132941740470275
1442133179834396690
1442133380418588673
1442133733973192710
1442134079336448010
1442134345171357701
1442134544866369549
1442134748705411079
1442134941236482057
1442135190428553228
1442135294543745027
1442135349426229248
1442135519811588099
1442135733708279808
1442135758492504064
1442135920170266627
1442136320592146434
1442137201341468674
1442137222954717188
1442137479377653766
1442137713541468167
1442138206900670464
1442138506122305543
1442138576242630664
1442138701375574017
1442138714369445896
1442138752248283147
1442138908305678343
1442138989230641156
1442139317686599686
1442140400622313475
1442140661931675651
1442140767674245120
1442140781213458442
1442141412594577408
1442141420681195523
1442141428797169668
1442141680468037643
1442141716962689025
1442142356287987712
1442142403402485774
1442143253168472075
1442143711933075474
1442143790425206795
1442143958411333637
1442144320069378049
1442144417498873858
1442144576525926421
1442144903274774546
1442145830777995264
1442146313546571786
1442146801914552321
1442147532545544195
1442148152220389386
1442148202929557505
1442149043556085764
1442149085222342658
1442149858748497924
1442150270855639043
1442151115911360515
1442151279984218118
1442152544277450754
1442152746728124426
1442152785273708548
1442152830077341699
1442152976001425409
1442153408836747268
1442153428717740032
1442153537799028736
1442153548049956869
1442153650617417734
1442153667231027210
1442154029841326083
1442154220199759881
1442154555215519746
1442154644470263833
1442154811885977601
1442155397389770757
1442155584388698122
1442155611681026055
1442155614319173635
1442156132613513224
1442156545081368586
1442156591633952775
1442157297388560386
1442157504935256064
1442157798091988999
1442158057752956930
1442158396619182092
1442159075710562306
1442159238873116678
1442159370393976838
1442159652582531073
1442159730604969989
1442160792506306562
1442161700006871043
1442162039770673158
1442162635345068036
1442162977239539715
1442163212988731398
1442164179473817605
1442164412941418501
1442164432436563983
1442164713983336453
1442164718777470976
1442165439203737601
1442166537075314692
1442167191579684876
1442168088284184586
1442168223588225033
1442168529118056455
1442168958304489473
1442170303862484994
1442170464881811460
1442170514789703689
1442170861859971074
1442171851782844420
1442173236570099715
1442174611613908994
1442176056270589968
1442178065241559045
1442178390514036737
1442181372265701379
1442185282887970820
1442188632807264256
1442189523211878401
1442191196487442434
1442193698805071878
1442194681392091139
1442198685337538567
1442198822302539781
1442219100197982211
1442223380279615493
1442224837078945805
1442227102871277573
1442234777105428485
1442243149871472644
1442243898647060480
1442244951509651459
1442245282742276098
1442251145435508742
1442252199250194432
1442254962017275911
1442257335615852550
1442260570900631556
1442261131410608128
1442261526790868995
1442261547368292355
1442262209153757185
1442264072309805058
1442264139070525441
1442265568095047686
1442265668997447687
1442265797183770630
1442265897738014720
1442266424131481602
1442266597347913731
1442267484229287939
1442268389053923332
1442268549829955586
1442268586362355714
1442271219236028419
1442271882867208192
1442271990342053892
1442273448860925952
1442273479177355264
1442273769255419904
1442273771973341189
1442274710494998531
1442275388336394241
1442275416538902529
1442277011381096452
1441915495679082498
1441915596610834433
1441915632652484608
1441916589943652358
1441917084779237379
1441917190089834497
1441917457862590471
1441917788096925698
1441918602777489408
1441919335283396613
1441919856064925697
1441920568928833542
1441920635144339460
1441920736361279491
1441921535237713923
1441921657384226816
1441922129000218628
1441922483158859777
1441923239735791616
1441923830243495936
1441925416428605446
1441926534588088320
1441926889732382720
1441929950857211912
1441930426734419972
1441930486327099397
1441930575074381824
1441930738182459398
1441930901097627650
1441931214701563905
1441931300701491203
1441931663366180864
1441931880304046080
1441932033572343810
1441933242362306567
1441933672794378249
1441934065762852865
1441934294247612418
1441934334907224068
1441934666689253381
1441935796395671555
1441936060301262855
1441936627832479746
1441936706710634502
1441937047359348737
1441938261379665921
1441938296783785987
1441938702788272128
1441938726192508935
1441938794081505283
1441939368592089089
1441940823508094979
1441940820878262276
1441940932048261123
1441942254629765124
1441942525133025280
1441942749452722177
1441942971012714496
1441943705695387655
1441944882034008069
1441945607048871944
1441947117325471744
1441948996356894723
1441950044148568076
1441950146661523462
1441950268329844747
1441951752828317698
1441951922492039177
1441952436176883712
1441952796694044675
1441953096452620288
1441953643935133701
1441954438734913537
1441954473107021824
1441954581680775168
1441954695744929799
1441954870034976773
1441954876519424001
1441954992638730247
1441956009304477705
1441956160718794758
1441956197981061120
1441956403120263169
1441956704636129281
1441957212121800704
1441957605669158914
1441958131341271046
1441958325508210693
1441958359431716870
1441958682930020352
1441959215967326208
1441959484406972419
1441959886451994628
1441960014260830211
1441960062923141131
1441960072410664963
1441960253394853889
1441960442822217734
1441960710687232012
1441960860721860608
1441960888714477572
1441960967760273416
1441961140796358665
1441961256743686146
1441961512940158978
1441961916809711620
1441962201548427266
1441962393299390466
1441962455102418950
1441962788989984774
1441963024798019588
1441963364108832780
1441963739989770248
1441964096211939329
1441964173861085190
1441964312499666948
1441964705589854210
1441964719829512195
1441964814264193033
1441964857079701509
1441965134138654720
1441965242741788683
1441965437038718977
1441965573663911938
1441966163416666117
1441966391612018693
1441966581475516421
1441966755509719044
1441966830298361861
1441968105614282758
1441968306705997837
1441968506375835651
1441968708969136129
1441969111286779910
1441969440996806660
1441969500623028229
1441970126027296780
1441970288468520965
1441970587757264908
1441970703520047106
1441970780598796296
1441970791642398721
1441971573540343808
1441971595799515139
1441971701907030020
1441971908942045189
1441972536216981511
1441972702231756800
1441972768161996807
1441973169422680069
1441973176058007562
1441973257666654214
1441973593244463104
1441973671871057922
1441973718180265985
1441974051568713729
1441974369148829707
1441975126510080002
1441975280210300936
1441975995729276930
1441976255432171526
1441976488614502405
1441976735042457602
1441976992102957058
1441977595650666500
1441977958512484352
1441978777538424832
1441978835453444096
1441978945138794499
1441979739741192194
1441980928645951493
1441981299091070980
1441981785903038465
1441982125834596354
1441982447743164426
1441982497068179458
1441982729763975178
1441982819052527617
1441982942545276929
1441983741895725058
1441985026808180738
1441985177501134849
1441985327682363396
1441985342224011264
1441985827588902916
1441986039019565056
1441986558341496833
1441986644404408321
1441986755935150080
1441986951771394052
1441987621010374659
1441988083235254274
1441988268157902850
1441988266555686916
1441988408063234050
1441988500492984326
1441988798246572032
1441989169023119360
1441989416482861057
1441989726412496905
1441989803524833283
1441989890242084868
1441990086686494724
1441990176406835204
1441990281159581707
1441990346179694594
1441990810640076803
1441990890986164230
1441990935097663491
1441990973903425540
1441991018702782469
1441991022746107906
1441991334479335425
1441992921268383744
1441992923294277637
1441992924896497666
1441994176363589632
1441994393511088135
1441994614081159181
1441994713632940041
1441995080651325443
1441995081783803904
1441995190110097409
1441995661965070337
1441995880840663048
1441995921403695108
1441995956644286476
1441995959777386498
1441996433750585352
1441997074048774146
1441997231058407433
1441997397433880581
1441997541134921734
1441998122905862146
1441998539521884161
1441998796628455427
1441998838328270851
1441999068117430272
1441999080582901760
1441999083397255168
1441999621098639361
1441999934656430082
1441999944299155458
1442000409615233026
1442001138912432128
1442001208747565057
1442001285318733830
1442001794192662540
1442001854229999618
1442002344061718531
1442002792160194563
1442002915636379650
1442002994900307974
1442003178438856706
1442003934369837060
1442003958487138304
1442004148224860162
1442004210283778051
1442004606092038144
1442004883280850946
1442004897696608256
1442005234365071371
1442005443132354563
1442005576179851269
1442005768811597832
1442005888429031433
1442005909459255303
1442006028652929024
1442007512073457666
1442007815933947914
1442008063309860864
1442008145786593282
1442008464809598981
1442008573827944449
1442008636813758470
1442008667264479240
1442008727649808387
1442008838882820102
1442009354895388672
1442009435115692032
1442010222495551488
1442010281882701826
1442010510707159044
1442010681759334410
1442010744187351043
1442011066381127683
1442011092675293191
1442011436633313283
1442012829700087809
1442013338901176323
1442013612453761026
1442013660986052613
1442013734763831300
1442013759623495684
1442014002746314766
1442014260796657665
1442014376177790980
1442014701190189061
1442014845935636480
1442015096167809025
1442015745664110592
1442016065798639616
1442016092151451652
1442016100930113546
1442016286624468998
1442016322544537605
1442016518829535233
1442016713558556675
1442016781741146118
1442017122427699202
1442017160738447363
1442018129652027397
1442018606108184577
1442018721208233985
1442018933725224961
1442018999911403521
1442019227188097026
1442019337406062600
1442019581891989508
1442019807486877701
1442020258550665222
1442020268528988163
1442020340058648576
1442020528403857410
1442020682603253760
1442021008030924800
1442021198762627072
1442021516795805696
1442021712535568385
1442021735369302020
1442022618769461252
1442022620606521350
1442022638134562817
1442022655423488007
1442022683877642247
1442023019493281798
1442023052938657796
1442023055627198470
1442023096576200704
1442023150577852416
1442023399090360331
1442023425506045962
1442023816130011137
1442023846752575493
1442023869368266756
1442023872153341968
1442024176785649667
1442024197807501314
1442024361465028612
1442024468226793472
1442024739472437248
1442024810100375554
1442024822632976386
1442025562365693953
1442025752786993157
1442025989442138112
1442026422046904330
1442027103818448898
1442027299356905476
1442027342897893383
1442027906868318208
1442027927986606082
1442028394405773324
1442028399640207362
1442028414395813896
1442028493475233793
1442028808110948354
1442028860015398913
1442029113598885890
1442029392704663553
1442029490482208768
1442029557620428806
1442029626709065732
1442029985972178947
1442030476554752005
1442030810291269636
1442031356020547589
1442031496462696448
1442031610509942791
1442031860385677316
1442031965079703556
1442032077759660036
1442032886320754691
1442033440669372418
1442034232197484547
1442034869358379010
1442035108941205504
1442035244564029441
1442035504044646402
1442036001799475201
1442036435360514051
1442036897526599687
1442036944729296898
1442037388004323330
1442037703881547787
1442037706700120068
1442037816519639041
1442037848593469444
1442038209945370625
1442038366204088325
1442038475398676490
1442038545816834054
1442038698409742344
1442038702243401732
1442039016224739332
1442039207355060226
1442039257959260165
1442039558909038602
1442039865248567298
1442039941928603652
1442040327557169152
1442040602783191042
1442040674015006721
1442040883575066631
1442040998729863169
1442041096532463622
1442041193659994113
1442041549236293634
1442041629888507905
1442041686754947076
1442041971002933253
1442042541835096067
1442042903816069127
1442042914167660546
1442043293341143040
1442043297434898433
1442043507699437572
1442043787790864389
1442043789879635972
1442043993349509130
1442045086519291909
1442045093452472327
1442045373527179265
1442045536803049475
1442045689123557376
1442045686350901255
1442045858141257728
1442045871781122048
1442045960910114819
1442046163092328452
1442046549534466052
1442046565137276936
1442046674038259716
1442046735426076673
1442047055271133186
1442047196187090947
1442047215510298629
1442047524471140352
1442047932740489217
1442047962993942536
1442047972917735424
1442048065376964610
1442048394512400397
1442048866983964674
1442049199634141188
1442049756692299783
1442050305521184770
1442050447762595846
1442050455601774597
1442050578549395458
1442050635159904262
1442051366650851329
1442051612935999493
1442051620640997382
1442051672017039363
1442052259894816768
1442052936780038147
1442053262371295233
1442053473072078858
1442053767512277000
1442053846654545928
1442053864966877194
1442054057581953026
1442054101416640516
1442054204793647104
1442054314378203136
1442054440484102145
1442054567982559232
1442054671787462660
1442054682625470465
1442054920908075018
1442055090701885440
1442055102932525057
1442055363965046785
1442055779339497472
1442055951570243599
1442055955596804104
1442056082608689153
1442056554484625413
1442056611988590595
1442056906688786438
1442057047638306818
1442057230413484036
1442057263250694145
1442057298302488590
1442058117655642116
1442058190095478795
1442058301856878604
1442058371843059719
1442058374883917832
1442058531490783241
1442059178248327176
1442059220208087046
1442059264428707850
1442059556754919428
1442059742797385734
1442060097266413570
1442060173414002698
1442060175964213254
1442060464381300747
1442060470697955335
1442060942661996545
1442060983363522567
1442061017907793922
1442061134429777922
1442061528081960967
1442061985571491842
1442062254908739590
1442062257886695427
1442062744610435072
1442063714396487681
1442063733530890248
1442063790237896709
1442063795711475716
1442064186163429387
1442064273929244673
1442064933340934144
1442065291337297921
1442065332441477121
1442065417007079433
1442065788861517825
1442065963843608582
1442066188398256133
1442066780881502208
1442066789802786829
1442066923202617346
1442067268972670977
1442067274194554881
1442067483972673537
1442067689657229312
1442067885644402688
1442067980867620866
1442068229099188226
1442068258224414721
1442068314402869250
1442068328311185409
1442068362704535552
1442068441012211717
1442068654292570120
1442068674949509122
1442068701058985985
1442068714774413316
1442068866943762435
1442068915975188480
1442069139384901633
1442069416804454402
1442069445392814080
1442069601169276929
1442069732052463617
1442070152246226949
1442070189550587907
1442070292994478086
1442070398649045008
1442070434300588034
1442070473668390922
1442070524650164231
1442070888157892612
1442070995582402567
1442071631417856007
1442071694596661249
1442071707901063174
1442071802348335111
1442071952567402508
1442071982481100803
1442072071660441608
1442072087758135302
1442072238623129600
1442072404906311691
1442072525945532418
1442072551946010628
1442072845996027905
1442073012270891019
1442073038300737536
1442073115392192512
1442073189887086596
1442073246635991041
1442073404987695112
1442073575406522374
1442073636282589187
1442073713394868225
1442073731824640000
1442073757481246721
1442073848287952898
1442073980802789379
1442074004534149129
1442074148205854727
1442074328468578309
1442074355379228681
1442074504189001735
1442074506432970760
1442074515681415171
1442074519607205896
1442074941667483655
1442074941378031624
1442075397231841286
1442075566480375814
1442075764787068928
1442075994567823366
1442076216400363520
1442076258452467714
1442076366258769920
1442076620723048449
1442076663760654341
1442076671603994626
1442076718911557638
1442076829460824071
1442076875698806785
1442077154209009665
1442077200954499089
1442077679713349634
1442077716346392581
1442078263686221829
1442078307520970760
1442078353473691657
1442078672500887566
1442078844165365762
1442078988843634690
1442079010788298752
1442079016681295884
1442079093474820105
1442079214132346887
1442079330343870484
1442079551316639744
1442080069904601091
1442080218718425093
1442080233918586887
1442080722232037376
1442080793870798848
1442080876121059331
1442081146745933824
1442081310965579780
1442081674192252930
1442081729028640769
1442082042770980870
1442082067420831750
1442082087918452748
1442082266566430727
1442082903295348748
1442082977010257928
1442083017602703362
1442083054567124995
1442083160531955724
1442083223106777090
1442083656760053767
1442083881306312707
1442084022960619524
1442084059027365888
1442084062517243904
1442084073753640960
1442084158302416902
1442084173657751559
1442084240850444291
1442084250715508741
1442084274723643394
1442084489576914951
1442084734046138371
1442084785837457410
1442085289514524678
1442085355931328512
1442086346126880780
1442086460669104131
1442086567623856131
1442086683583795204
1442086732854222861
1442086975092051977
1442087072794230786
1442087242504101888
1442087439489593349
1442087664111403008
1442087722483544066
1442087786056609804
1442087850363686915
1442087854222413829
1442088018299420683
1442088197563957257
1442088201598894087
1442088237380423680
1442088259224440833
1442088595817336832
1442088904388055047
1442089045744488462
1442089113486716936
1442089130150690818
1442089623744704517
1442089713683222534
1442089756641222667
1442089865101733899
1442089871892312064
1442089903471296516
1442090035952508937
1442090168945496065
1442090185827651594
1442090383417044993
1442090431613788160
1442090452522467342
1442090502526885890
1442090564430614529
1442090611461349382
1442090718818811913
1442090936754860032
1442090958594592773
1442091343652671492
1442091389123055617
1442091566667952133
1442091637975310350
1442092300419489800
1442092566178979841
1442092593160998917
1442092842755653635
1442092916399247362
1442092931754586112
1442093063606718469
1442093160549666819
1442093179256262659
1442093335963836424
1442093611126980614
1442093653699096579
1442093951352180738
1442093996516335626
1442094394438348802
1442094417293230080
1442094434238164996
1442094573115752449
1442094579440766981
1442094611380326404
1442094989798895618
1442095206141095936
1442095424882425862
1442095437159165963
1442095464279523334
1442095524530642945
1442095638510854155
1442095648791089160
1442095658534506498
1442095707448508418
1442095843071328264
1442095926596620297
1442096091835424776
1442096115206144008
1442096176975732739
1442096179576074245
1442096420895346689
1442096465870868483
1442096616152858632
1442096613573419009
1442096640400056321
1442096707630600197
1442096776589152261
1442096788085755904
1442096865638592518
1442097070672736261
1442097100120944655
1442097206861860873
1442097217607589892
1442097297014226947
1442097329708748802
1442097484461850624
1442097738703773699
1442097777551429640
1442097883222663171
1442098044497895425
1442098071739924481
1442098135166119939
1442098270549934082
1442098508886990848
1442098512624177153
1442098510728368134
1442098554021945355
1442098745403789316
1442098835707158536
1442098835048714249
1442099199101661184
1442099267892486150
1442099280626393089
1442099429075402755
1442099499111837701
1442099542854303748
1442099593408249868
1442099618074877952
1442099673053863940
1442099907217670154
1442099921880895500
1442099930101780480
1442099938611978244
1442099979078668290
1442099984346742798
1442099980861272070
1442100098217885703
1442100144065822726
1442100146804695047
1442100259673444358
1442100625630662656
1442100636170874882
1442100665208147970
1442100767423221776
1442100789950902276
1442100992162426882
1442101378411687938
1442101381876256776
1442101662307344390
1442101722638217221
1442101857959038984
1442101976146210816
1442102182292062212
1442102455186038785
1442102742017667072
1442102936629219342
1442102935849091079
1442103113846902788
1442103356965543944
1442103563157528586
1442103608636424218
1442103967291301891
1442103972303544325
1442104029916504066
1442104040893005830
1442104095817420801
1442104352634650630
1442104848925659144
1442105020841820169
1442105233849552907
1442105318486339599
1442105481225392139
1442105532672708608
1442105687375429632
1442106162770432006
1442106176892669960
1442106199252426756
1442106276444475399
1442106417813471239
1442106462478630916
1442106476479193094
1442106481550057473
1442106922082078723
1442107133944758279
1442107357819912196
1442107437746561030
1442107611210387460
1442107645792456705
1442107795160002574
1442107868581220360
1442107940970774537
1442108008620703753
1442108027427962887
1442108229605937153
1442108545915179011
1442108829915758601
1442108845384355850
1442108893060947973
1442109221223362560
1442109375842164747
1442109559036801031
1442109583275675656
1442109683033014274
1442110040127672322
1442110079537352713
1442110221816451079
1442110343564517380
1442110400619708416
1442110506555240449
1442110578705633284
1442110824961609732
1442110944633524232
1442111103572451332
1442111271210344453
1442111357374005253
1442111543240380418
1442111628363718664
1442111713130786822
1442111712753164290
1442111747893071876
1442111785566294023
1442111806042886156
1442111874141601805
1442112152001597458
1442112550582173701
1442112561059549185
1442112560380071948
1442112605393326082
1442112739527172102
1442112826126991369
1442112856275644424
1442112871949766661
1442113032662904835
1442113450235236360
1442113455830433798
1442113479842807810
1442113501166637065
1442113508007505931
1442113515980931084
1442113526869331982
1442113660009148426
1442113757279186946
1442113761381261314
1442113890779754501
1442113892176433156
1442113908454555659
1442114046564569089
1442114067116675076
1442114261824667658
1442114260927062018
1442114301439873025
1442114566842818561
1442114605933740032
1442114699449942023
1442114989687382024
1442115021547335682
1442115118712582149
1442115303119355907
1442115825918377997
1442115879957766147
1442115877403459588
1442116090474098691
1442116198590648325
1442116237136257025
1442116592934866954
1442116699428462592
1442116805862952969
1442116929376841738
1442116963098972162
1442117215608729605
1442117551085948934
1442117640747503631
1442117639711510530
1442117662327259143
1442117726030364686
1442117819496165378
1442117947338592265
1442117988061122565
1442118059699752960
1442118195024777220
1442118391871930368
1442118416605671433
1442118623296819200
1442119038956539909
1442119405937197060
1442119427856556037
1442119725924773894
1442119782476574739
1442120126208249857
1442121003128160259
1442121544143032342
1442121900197511177
1442122003838689286
1442123107515318275