1434309579551113216
1434312792287240196
1434313491502944256
1434317739330469889
1434323626220670976
1434324052668149763
1434332353417994246
1434335571757785090
1434343312022851584
1434347521589972994
1434350105604157440
1434350865159131141
1434355997938630659
1434364898465648641
1434364997497339909
1434365159791751171
1434365488042184705
1434367887767048193
1434374879659188231
1434377366889848838
1434380615231553549
1434384312460140548
1434388461780230147
1434390652024807425
1434391678710808586
1434392748321239042
1434394314071703556
1434396097712062465
1434398108163600387
1434399008542183425
1434399704322764804
1434399772576665603
1434403429426757632
1434404366895616004
1434404668965212162
1434405958600429571
1434406051382640640
1434410222928347137
1434410628714663938
1434410975751516161
1434412453987819521
1434412457724944388
1434412467380232192
1434416549369024515
1434418246380396544
1434418256467615749
1434418624152817671
1434427048034852865
1434427892709015553
1434428930996400129
1434432176389595146
1434433023345414144
1434433405115150337
1434436388552904707
1434437508754857988
1434439139760369666
1434440474710790149
1434441963726467073
1434442395555282948
1434442771524317185
1434443014433230857
1434443928321757187
1434444019753369600
1434444143330168837
1434444905040932864
1434445930405584896
1434448022801317893
1434449735251681281
1434450062659055618
1434450909833035777
1434451310976196612
1434451798304034816
1434456184145125378
1434457034380902407
1434458144571228162
1434458777604935686
1434459916664590337
1434462524980674560
1434471452200243208
1434478462677381123
1434478790126673921
1434482551842754570
1434483349725204482
1434483502007799811
1434483821689278470
1434484045979684865
1434488576146698246
1434491518027321350
1434492377331240961
1434495431342395400
1434496788346466305
1434498115428503562
1434498903970234376
1434499076469317660
1434499081779384325
1434499190248251406
1434501770751873043
1434503312468942851
1434506534600409089
1434512630626938884
1434513272107978760
1434514460480180228
1434514803582668806
1434515919695323142
1434517618904338438
1434518843624357889
1434522325752238095
1434523890114433025
1434526534908350466
1434530799689342976
1434543147892166659
1434548251949088769
1434550974434078722
1434551714275741696
1434552634225004544
1434596830256324608
1434605788933365765
1434627095716532225
1434629971452960768
1434640224840212481
1434655762970595330
1434656222414716932
1434656823336845314
1434657161095757825