1439392944935473153
1439414347009200136
1439443792067588096
1439476659363532802
1439479810892333065
1439488420783423489
1439489953579225091
1439490323294556162
1439490507433037827
1439490754565468163
1439490965668970498
1439491466036793349
1439491577257218050
1439492201755471874
1439492411739181065
1439492608112222210
1439492808394436617
1439493155532034048
1439495632436088836
1439495939287236609
1439496223962984451
1439496229386211330
1439497879928725504
1439500017937514501
1439501776646901767
1439504422871060486
1439505567081369605
1439506366897410054
1439507384435494919
1439507871297773577
1439507988792836105
1439511846415843338
1439512288390619142
1439513900135768064
1439516019366658051
1439516278062911488
1439516815508459521
1439517319684759552
1439517757133901824
1439518130171039746
1439519120374910977
1439519952843644932
1439520927851548676
1439522321790685187
1439522526791540741
1439522884385263618
1439523241647767555
1439523646653943818
1439523840120348674
1439530968122073090
1439531151257845760
1439532484908048389
1439537069848625162
1439538279406182402
1439538518653550595
1439549450200903689
1439551489081430019
1439551611961954305
1439552318504980486
1439555303574577155
1439556878980108291
1439557399266820104
1439559889966166016
1439568364649598978
1439568799724818432
1439574270804332551
1439574659616239623
1439577541795356675
1439577758305120260
1439579270108434440
1439581601902383112
1439585235222470656
1439587704346275847
1439588292492607489
1439591749165277189
1439595601163743233
1439596451022049286
1439597720734367753
1439599027683684357
1439602780025458693
1439603273669828608
1439608968758792194
1439611259146539009
1439622802537992197
1439626057506721798
1439650538862391299
1439709098732232711
1439709388248272897
1439718126178865152
1439721824967749632
1439726606344278019
1439726800859398146
1439736184628924418
1439379298230566914
1439380168242462723
1439381905498009602
1439383475786715138
1439383956902739968
1439384684299833350
1439385163696263172
1439386318094540804
1439386538832392194
1439387168573583370
1439387906896896003
1439388789672071170
1439389427663446022
1439392492789518340
1439392558908465152
1439392697681285125
1439392927738785793
1439393080189222913
1439393116541177861
1439393489360343041
1439393794303029250
1439394056170319878
1439394208616378373
1439394216400982019
1439394390045196288
1439394766622322688
1439394833483788290
1439395357700415489
1439395973965303809
1439396235442409473
1439396420226727936
1439396700720750593
1439397039868055557
1439397038647435268
1439397283213180929
1439397426079559682
1439398902914904069
1439399405283512323
1439399514880630794
1439399866929532930
1439399962895257601
1439399988098846730
1439401128752390153
1439401258683486212
1439401271773990912
1439401524732436481
1439401893751504896
1439402359369527298
1439402723133165571
1439403042319716353
1439403439138619398
1439403713731387401
1439404028513816579
1439404030153744388
1439405324838981636
1439405436126388225
1439405945595981830
1439406447905816579
1439407226506989569
1439407227681611784
1439407351702769668
1439407415187972097
1439407765168934915
1439408076562468867
1439408257223647235
1439408594223390722
1439408753829310466
1439408812407013377
1439409821862621187
1439411083421224962
1439411547311206401
1439411750122622980
1439411830951079941
1439411901629231105
1439413882213191682
1439413968913592325
1439414069727924235
1439414156852035585
1439414736173600770
1439415401423667200
1439415859668082690
1439415996268175366
1439416123695403008
1439416655700914179
1439416729155694592
1439417221411840000
1439418169177698313
1439418247095324675
1439418645684256769
1439418753465257987
1439419172761444352
1439419436109234178
1439419706146885637
1439420126906834947
1439421465279950854
1439422637202022400
1439422991759069184
1439423058121408515
1439423348249747456
1439423428398776323
1439423470060720130
1439423608573468676
1439423620413984768
1439423867311640580
1439423923041406980
1439424017392406528
1439424138309898245
1439424293822033925
1439424903057317894
1439424975601999880
1439425223581831168
1439425954179211265
1439425981584789506
1439426146865606658
1439426155703009286
1439426412927062016
1439426703747473411
1439427458084659208
1439427734665510918
1439427870049259524
1439428048156123136
1439428230562205699
1439428694007713800
1439428769068900358
1439429083088125958
1439429240403808256
1439429985463193600
1439430332952965120
1439430748805550080
1439430922361704448
1439430998471503883
1439431759297318912
1439432547989999616
1439432557758537735
1439432824872857601
1439433303388426242
1439433332211662851
1439433558322343940
1439433709116035081
1439434388786216961
1439434674154000388
1439434691338067974
1439435111859060736
1439436034891083785
1439436821864222722
1439437666747969542
1439438062996447232
1439438132139610112
1439438267661783040
1439438767908016128
1439439303965249545
1439439327306522629
1439439354494001158
1439439535645937676
1439439758480994311
1439439766676656132
1439439798532329476
1439440460137709583
1439440564412420100
1439440610876743690
1439440623950389252
1439440621584863233
1439440626299199498
1439440631722438665
1439440638622138369
1439440644800331780
1439440642690596865
1439441154752266241
1439441950004838406
1439442065025167364
1439442105638682629
1439442310303940617
1439442465526665216
1439442851306217478
1439442925797068801
1439443115828342785
1439443251631591424
1439443376672182273
1439443496784449537
1439444208759107589
1439444798759264260
1439444941168545800
1439444965193490441
1439445283742519299
1439445349551067140
1439445500189724674
1439445639922810881
1439445678212612099
1439445778011852800
1439446086842654720
1439446125900025856
1439446306561220610
1439446722665541636
1439446896121049090
1439447311877242885
1439448003979276292
1439448880911814660
1439448936645754882
1439449003796484098
1439449055675895812
1439449121958469634
1439449531817463810
1439449588033732610
1439449795706306560
1439449890979860485
1439450169536233474
1439450252164042753
1439451121051787264
1439451128744198149
1439451198642274310
1439451276010393605
1439451357497282560
1439452168243736582
1439452221326909448
1439452330538135553
1439452505931345926
1439452653646270469
1439452799188680708
1439452958756794372
1439453225824907267
1439453763152973825
1439454404126527498
1439454558518874113
1439455172107792385
1439455271781224453
1439455695586226182
1439455934430912515
1439456464683163651
1439456959598514179
1439457055480238085
1439457473707094020
1439457491666948096
1439457506695122944
1439457609099227138
1439457729765003268
1439457808320118786
1439458371132747783
1439459099108798468
1439459436959961090
1439459574721826816
1439459678530904066
1439459824463278082
1439459902762545157
1439460079128875008
1439460197441818626
1439460376102334465
1439460736846086150
1439461792703336452
1439461972139859978
1439461994306830336
1439462683800006656
1439462740393795584
1439462827211706369
1439463865679429632
1439464359034449932
1439464901626384388
1439465221626601472
1439465647965032455
1439465861694181377
1439466399374606341
1439466815558610945
1439467042222981126
1439467181423542274
1439467970900606978
1439468899976691713
1439469199248683013
1439469220274737155
1439469235684601856
1439469321583939590
1439469553516433408
1439469902734102530
1439470352371896320
1439470413868797954
1439470464510803968
1439470587319971843
1439470745550082050
1439470969358225409
1439471407209975815
1439471581638512640
1439471660805996544
1439472043544571905
1439472124364656643
1439472179507175425
1439472250080559106
1439472356297097218
1439472475855736833
1439472766592307200
1439472854135832577
1439472928098172935
1439473363101970448
1439473420824023040
1439473975990448129
1439474017367314434
1439474147478835204
1439474821088223236
1439475092233150466
1439475104795095041
1439475468953026561
1439475501765062658
1439475730962808832
1439475750659235841
1439475951591514113
1439476126212968448
1439476262313988098
1439476412398723076
1439476483542568966
1439476554237571075
1439476670541430791
1439476949219360773
1439477041716289538
1439477365231415301
1439477634346340358
1439477711072731136
1439477759550504963
1439478107115687940
1439478450604023808
1439478547337203716
1439478588953165826
1439479068131430403
1439479224817963012
1439479363406163969
1439479893742346247
1439480567028805632
1439480620791439361
1439480984051802112
1439481082101964800
1439481349182660611
1439481897709572099
1439481911450030082
1439481933566660619
1439482012155273224
1439482181995220998
1439482376623697930
1439482417018929152
1439482735861452800
1439483062358740999
1439483186593992704
1439483306538520577
1439483719887163395
1439483737629028354
1439483815001411586
1439483910681812994
1439484065954996224
1439484404347269125
1439484596731584515
1439484682429612032
1439485286841421825
1439485430462758912
1439485566655950856
1439485566978912256
1439485727025156098
1439485844209942536
1439485855861772289
1439485865118642182
1439485871640748032
1439485884198445057
1439485886912151553
1439485889554550786
1439485900103172096
1439486964865003521
1439486975245910016
1439486988218875906
1439487259938418688
1439487308865044480
1439487372672974855
1439487809610420232
1439487993299943425
1439488268261740548
1439488471937138689
1439488491792973826
1439488503604289536
1439488510784770050
1439488818239848456
1439489011530166275
1439489434626392064
1439489657171943426
1439489981790126085
1439490036114735115
1439490241795006465
1439490729303179265
1439490854251421696
1439490884064534531
1439491030668111878
1439491080811020292
1439491453265137665
1439491565223821313
1439491589412462599
1439491641367138309
1439492455603212289
1439493322473566208
1439494455296356360
1439494554512592899
1439494554919612417
1439494602839392257
1439494662180380675
1439494996449644546
1439495308346417157
1439495346363592706
1439495686001594372
1439495998129070083
1439496017007693828
1439496068887035909
1439496920100003840
1439497161813622785
1439497259339501572
1439497360648794118
1439497381695799299
1439497419008274438
1439498352383520770
1439498447929806849
1439498470369361920
1439499113305808899
1439499453476401156
1439499752408748033
1439500013688688644
1439500271801958400
1439500440412962817
1439500942412423170
1439501068577042436
1439501135597883399
1439501262634946568
1439501286513135617
1439501386157150214
1439501580496109571
1439502307427708933
1439502972556218368
1439504167639285768
1439504723384565766
1439505357659729924
1439505373157728257
1439506293660602368
1439506305895448577
1439506592362283010
1439506602738995202
1439506720376586242
1439506823510257664
1439506851352047622
1439507217707769859
1439507396682928129
1439507492677906435
1439507543814860805
1439507699864010752
1439507748782174211
1439507798795042821
1439507875680772105
1439507936435265536
1439508090722738176
1439508213452345351
1439508591937916930
1439509008398766084
1439509031492591617
1439509105161371648
1439509216633315331
1439509367980580865
1439509498234687490
1439509550453825539
1439509558070677508
1439509646486622208
1439509653327540224
1439509664811470850
1439510000259383297
1439510014369013761
1439510052746895364
1439510331093487624
1439510370821894148
1439510758509875200
1439510846745427970
1439511471881216002
1439511479737192451
1439512277657391105
1439512390303838215
1439512514161610757
1439513095089451011
1439513332617150467
1439513391471624195
1439513490167791620
1439513634976067588
1439513710125404160
1439513812281921538
1439513823279419397
1439513967047557124
1439513977373954049
1439513999922454532
1439514216210198530
1439514358367674380
1439514433391247362
1439514489041276929
1439514491440431113
1439514776653078534
1439514863324258305
1439514892130684930
1439514951350042625
1439515513336463362
1439515546358222852
1439516515947089924
1439516531826651140
1439516645345558536
1439517130974646273
1439517302093877250
1439517689857249288
1439517761592459270
1439517888281337856
1439518185389105153
1439518331023753220
1439518649522409473
1439518804560674818
1439518898802417668
1439519034882486272
1439519084647890946
1439519166701051907
1439519185357328390
1439519528451379206
1439519802029080577
1439519820479811584
1439519893250994178
1439519924523732993
1439520306398253056
1439520600490270723
1439520941311070208
1439521154809483276
1439521193510330372
1439521451099394052
1439521562407825414
1439521636051394560
1439521769715486730
1439521888498159621
1439522280887881729
1439522538732679174
1439522647365218310
1439523060063735810
1439523427426078723
1439523854892687364
1439523965064544266
1439524552044736519
1439525561676623874
1439526902209802240
1439526913454665733
1439526990160162820
1439527051300524038
1439527117042028545
1439527885526552582
1439528103089348609
1439528213584089088
1439528304093007874
1439528568933867529
1439529083453407232
1439529244762193921
1439529294997254147
1439529333127725057
1439529727656615936
1439529898603732992
1439530352372944899
1439530805257138181
1439531333789708293
1439531672211386370
1439531870610345987
1439532110440660994
1439532282381934597
1439533023079268354
1439533745590075393
1439534085257322496
1439535246949552136
1439535482354892803
1439535618803916802
1439535635224686594
1439535639565791233
1439535762760888322
1439535846542090245
1439535980696858632
1439536197555015682
1439536496084758535
1439537010453082123
1439537443179405319
1439537551199535112
1439537888673222664
1439538053576491008
1439538270698831875
1439538659582111748
1439538850838159361
1439538977258631169
1439539321409732611
1439539493799743488
1439539784943378433
1439540033489227779
1439540047292686342
1439540491087855623
1439540583240896526
1439540768612315141
1439540778343096324
1439541211509841920
1439541354338693123
1439541622560092162
1439541966706860035
1439542142351773696
1439542239110176770
1439542512973082627
1439542603905519620
1439542640194699266
1439542727624957962
1439543588359000067
1439543660840767492
1439543706349031427
1439543834224959489
1439544026739326978
1439544305958285314
1439544700776505348
1439545059368603653
1439545089827639299
1439545170358259714
1439545228596113411
1439545242437423107
1439545973450031105
1439546158406270977
1439546161371574275
1439546303415865345
1439546608887033859
1439546773500874758
1439547524595863552
1439547994626408451
1439548239955447812
1439548425901465609
1439548498651881475
1439548567799042049
1439548645188145159
1439548662061756417
1439548713727258626
1439548792743731202
1439548864080461829
1439548955197468672
1439549027586957318
1439549061766336515
1439549235284692998
1439549553007497219
1439549652693491714
1439549715461263362
1439549874375049216
1439550107544739843
1439550667861872645
1439550679178043395
1439551061614759944
1439551079306256389
1439551277017575427
1439551501056180228
1439551607411077121
1439551823271006209
1439551957434126342
1439552268676653068
1439552754368724997
1439553038377619461
1439553060817104897
1439553201557016579
1439553208242769926
1439553307454832640
1439553468067352591
1439553635092893699
1439553790844170248
1439554200464072704
1439554714534772737
1439555133214318604
1439555154135580673
1439555560056049665
1439555606042447874
1439555727887003650
1439555913036165127
1439555986109255689
1439556193240981505
1439556341731717123
1439556589338333190
1439556771735957513
1439556932365217793
1439557030901993476
1439557077005783042
1439557127538757636
1439557422188621824
1439557704385589249
1439557918630629376
1439558251981377538
1439558574284283907
1439558595390033921
1439558720489353227
1439559108156215305
1439559369692119040
1439559496041259015
1439559601309945862
1439559622231265282
1439560022044725249
1439560103741386753
1439560123232370689
1439560162948177926
1439560552095780864
1439560623130431492
1439560722493575169
1439560894975918080
1439561323294048258
1439561561966714881
1439562151811694596
1439562201212145666
1439562335950041091
1439562457333133318
1439562464044015625
1439562716759281668
1439562727693832200
1439562980090208260
1439563047576633355
1439563282801565702
1439563333967900672
1439563358131273736
1439563710104625152
1439564056302551046
1439564506644901895
1439564562542460929
1439564577738354688
1439564644251680776
1439565020732428296
1439565141519974401
1439565435599392776
1439565497280839683
1439565776399179782
1439565840056152070
1439565846922231817
1439565849531076608
1439566040627748870
1439566108357398540
1439566227819532289
1439566481851781125
1439566622432264195
1439566831388225539
1439566968462319619
1439567052017078274
1439567236855840772
1439567317025771526
1439567617438584832
1439567673495482370
1439567708203278346
1439567718630318081
1439567902277992449
1439567989070729217
1439568238837317634
1439568451706626057
1439568481180028932
1439568527149592579
1439569548991107078
1439569858451042308
1439569873059794949
1439569878587883523
1439569908753317891
1439570056451538944
1439570618916036612
1439570661194670084
1439570931169435654
1439570980549001219
1439571025306390535
1439571108072550411
1439571130767982593
1439571259864481794
1439571343557599232
1439571771225559043
1439572312479600641
1439572623596261382
1439572692462489602
1439572700549185544
1439572867339808778
1439573064316952579
1439573345872265216
1439573484691021829
1439573499568291844
1439574056173400068
1439574226705391626
1439574321026850816
1439574611209773057
1439574779204280323
1439575075745718275
1439575395712450569
1439575441069674503
1439575482345742343
1439575597047422978
1439575936916082692
1439576185818664960
1439576216365797380
1439576328705957901
1439576527637671937
1439576704251404290
1439576944450826248
1439576989128560645
1439577436216127489
1439577474363367425
1439577490263982084
1439577593477402627
1439577912944988165
1439578137269051395
1439578150740971528
1439578232639004676
1439578396275609601
1439578527100137475
1439578879883038728
1439578912820920327
1439579117167394822
1439579191809216524
1439579330238054400
1439579622954319879
1439580017764093953
1439580074429218824
1439580393288527872
1439580849398157313
1439580984635101199
1439581067657187331
1439581119842689030
1439581184506298372
1439581591991316480
1439582001464426497
1439582234835513350
1439582422094336010
1439582526322839555
1439582559327821825
1439582577963061248
1439582682086666240
1439582721068572681
1439583328584273921
1439583493651148801
1439583824007020545
1439584013321076737
1439584185694388234
1439584520341057541
1439584615488901125
1439584665942126595
1439584910881091584
1439584916073635848
1439585063994216457
1439585152745631761
1439585284379709440
1439585326503133186
1439585480496934912
1439585497077088267
1439585819635838984
1439585983901487107
1439586077350588418
1439586169809870857
1439586229968801795
1439586426052497414
1439586462899470342
1439586785378521089
1439586896217210885
1439587042271191051
1439587296127250441
1439587375907106819
1439587836211040261
1439588354614460422
1439589333866975239
1439589421813100549
1439589534585409538
1439589934629679113
1439590203010654218
1439590416966242304
1439591121441591296
1439591501541957638
1439592117085487105
1439592121623715845
1439592315157319683
1439592400796590084
1439592674411962373
1439592746294005762
1439593059314921474
1439593257827123201
1439593706479185924
1439593733465403393
1439594371020591107
1439594827528564742
1439594954645409792
1439595078943600640
1439595411270864898
1439595544544899075
1439595799864754178
1439596307300028425
1439596349666697227
1439596564087926784
1439596747152506880
1439596872885100549
1439597217455640576
1439597293678645251
1439597348972236805
1439597748295127045
1439597771485429761
1439598039971233799
1439598157994758155
1439598196037062658
1439598515181608963
1439598714448801795
1439598762087763973
1439599233548500992
1439599296505057288
1439599742544072708
1439600186527911941
1439600466506047489
1439600793372426246
1439600872904790018
1439600899219808262
1439601235670155271
1439601369602686976
1439601870150922247
1439602473233125391
1439602692234485764
1439602895528202242
1439602917854494720
1439603213326422016
1439603292577808389
1439603356503199752
1439603559805296645
1439603562053443586
1439603758246236168
1439603970217897994
1439604402403246085
1439604489086910470
1439604487979606017
1439605160653639685
1439605393689169922
1439605584358096897
1439606262061092871
1439606528688852999
1439606740916400137
1439607213086052354
1439607356736749573
1439607759276634121
1439607823143301123
1439607822182871050
1439608603590074372
1439608952556118030
1439609073117237254
1439609112166166538
1439609140972720134
1439609448423518210
1439609607601594373
1439610034846011396
1439610352111476737
1439610394838921221
1439610447783628803
1439610452439298048
1439610500271075329
1439611056066732032
1439611114916962310
1439611236686073862
1439611697023500291
1439612082006028289
1439612444205215748
1439613477627195395
1439613618920722437
1439613647509069825
1439613684423159809
1439613935666171908
1439614208769871873
1439614485782667271
1439615886000738308
1439616600290705409
1439616626429607943
1439616662622195712
1439618119148867585
1439618280759513091
1439619130626248716
1439619298184478721
1439619987237265415
1439620072889196544
1439620483238875139
1439620874936537088
1439620926111301639
1439620971241951233
1439621193343004679
1439621393780338696
1439621966135062528
1439622623487430664
1439622718479945735
1439622838973964291
1439623242939977728
1439623268940484612
1439623290708922379
1439623637590368256
1439623998342504452
1439624130379218947
1439624565743779840
1439624671075307526
1439625633793929217
1439625690429542401
1439625839822311424
1439625983200415749
1439627966879649792
1439628080390103045
1439628643387338754
1439628768566415366
1439629262416277505
1439629710204436480
1439629934696095747
1439630775243075586
1439631084413591552
1439631427230961665
1439631666885005315
1439632185976246272
1439633681685962752
1439634827091714049
1439635093526499329
1439635373341118473
1439635647203983360
1439635794872786949
1439636402275188737
1439637491376549888
1439637708448563202
1439637925528961026
1439638861412388869
1439640216478777348
1439640917078462467
1439640941334126592
1439642678581346308
1439642941681668097
1439643668919558146
1439643695863771140
1439643965062410242
1439644911498792960
1439646598783373312
1439647790297059328
1439648074758967304
1439649492106571778
1439649809569300481
1439650403117715457
1439650911542972417
1439651150161080323
1439652874179416064
1439657135332233217
1439662094073303041
1439662855368761348
1439663030690746372
1439667988202856454
1439670188522160128
1439673462344220674
1439674920812699648
1439675327698010113
1439676734090014721
1439682744578187280
1439683489742401539
1439688153338499072
1439689711094730755
1439691974647373830
1439703032065888268
1439703059400122371
1439703760373092352
1439707938000543746
1439711495760199681
1439714378291372034
1439715532379357186
1439716121905545217
1439718462780162048
1439718729508548617
1439719233345114112
1439720145371340804
1439720508069539843
1439721116935671808
1439721401720598530
1439722583121973253
1439722587198681090
1439722606060519424
1439723604799733760
1439724813723922433
1439725399169134592
1439725800538923011
1439726628905447424
1439727764756566019
1439729234381926401
1439729826642817024
1439730716993101831
1439731371933528066
1439732056028631046
1439732211855540224
1439732399668023296
1439733172238004224
1439733220652711938
1439734025996828679
1439734214581112838
1439734523739082752
1439734649316646912
1439734844989136897
1439735087818428416
1439735333516496909
1439735456854282242
1439735590728224768
1439736078299062276
1439736157080743940
1439736649496207361
1439737266306490369
1439737500105265157
1439738074943004674
1439738145768022017
1439738197483745285
1439738470725873666
1439739068737200129
1439739081223778304
1439739754724020224
1439740934875353092