1440626178621014023
1440466135606910978
1440467772882837507
1440467893020364811
1440467898691063824
1440468282931253252
1440468758007410694
1440469436218044416
1440469623074222084
1440470232183689218
1440472833033834498
1440472910104182786
1440473030690439171
1440474161114009606
1440474432229625868
1440476670406713349
1440476716879646724
1440476856579289095
1440477207294398475
1440478292876742671
1440478570082496515
1440478998325186567
1440479400055619587
1440479471564308480
1440479870484500491
1440480067117666305
1440480251704795151
1440480505439211524
1440480602608726026
1440481069640282126
1440481261588385792
1440481486784774146
1440481833288749059
1440481940679708676
1440482675249201154
1440482716634411008
1440482796137435142
1440482990140788736
1440483020532715523
1440483357335326729
1440483887059124228
1440484363100057605
1440485487215403012
1440486756504137732
1440486957751037967
1440487672905039873
1440487720145412102
1440487939931185163
1440488047989035014
1440488448679239694
1440488995087994884
1440489412974940160
1440490700173299722
1440491887501004811
1440492003641360385
1440492116983963648
1440492271627952137
1440493691525689350
1440494252362846212
1440494965377753091
1440495163281850372
1440495738622918667
1440496418330853382
1440496427931635721
1440496763912159238
1440496902022197260
1440497331225260046
1440497378939731973
1440497417363746817
1440498153715683328
1440498424198021121
1440498565067857926
1440498748052828165
1440498791820382212
1440498934871252998
1440499531397808139
1440500288075415561
1440500673028657156
1440501905629741064
1440501976286990340
1440502059636117505
1440502094050463746
1440502262091038725
1440502447240212483
1440503125748555776
1440503315758870533
1440503465189339141
1440504071647989776
1440504727494557702
1440504760344330240
1440505118424657921
1440505387220811779
1440506431644450820
1440506786730053642
1440506901205118982
1440507590706753547
1440507630951145475
1440508017150074882
1440508258796531713
1440508558320168963
1440509505792462851
1440509649015373826
1440509864111853568
1440510673763516424
1440511361507754006
1440511686662758405
1440511806242394119
1440513007138664453
1440513291986423811
1440514219816853511
1440514275336810501
1440514448318349314
1440514975542300684
1440515386311467009
1440515581325701123
1440516367527002123
1440516597378998288
1440516913231138819
1440517713693007874
1440518122755162113
1440518156225638414
1440518561294786561
1440519187986714625
1440519260200079360
1440519439628181510
1440519621325438985
1440519753055965207
1440519762396647436
1440519968697634822
1440520797475381256
1440520981496295431
1440521088211951622
1440521093312245771
1440521422741205000
1440522730776842242
1440522818983129089
1440522844031500301
1440523024826966018
1440523088714629128
1440523844461105156
1440523958214795272
1440523989093289984
1440524096098365454
1440524407294750732
1440524887920021509
1440525019302424576
1440525374220214275
1440525509738176514
1440525572950544395
1440525764089159688
1440526001126080514
1440527324898680837
1440527585457278982
1440527707163402241
1440527736448032773
1440527947853537285
1440527975938617348
1440528333737906187
1440528482941890570
1440528715813834761
1440528760722235396
1440529288243998729
1440529410784776198
1440530129139089408
1440530318004346883
1440530334420926464
1440531007271161859
1440531864960126980
1440531983675707395
1440532037312548871
1440533083367690250
1440534623587483651
1440535266305871875
1440536125206982664
1440537670971584513
1440537912253169669
1440538421840072704
1440538537443545090
1440538692284665861
1440538736987496456
1440539233064656903
1440539698351390738
1440539709503987716
1440540716967424006
1440541082320728064
1440541916341235721
1440542103696592897
1440542196956995584
1440542360539074567
1440542906658418688
1440542910647201799
1440542931077644289
1440542998744367104
1440543172745043968
1440543525498605568
1440543545102782471
1440543875102171143
1440544017071030277
1440544033340751873
1440544256544833537
1440544433770958861
1440544647676190721
1440544896062873610
1440544999175700485
1440545046789439491
1440545287714398211
1440545335835725824
1440545538034733057
1440545553893367812
1440546062280790020
1440546614028824588
1440547669982658564
1440548916663963650
1440549546442985474
1440550304395632642
1440550352621686785
1440550582658363392
1440550694558208004
1440551228572766215
1440552699708129280
1440552731509362690
1440552878976868360
1440553565517275137
1440553912046534663
1440553968338292747
1440554048353030149
1440554718577659909
1440554742732574725
1440555468624044040
1440555772962762756
1440555803228860424
1440555953888239616
1440556059106557957
1440556241558724613
1440556318960406531
1440556547109634048
1440556795731210247
1440556957006401537
1440558026629345283
1440558138239832071
1440558985841496066
1440559397265031168
1440559903035166728
1440559957393379337
1440560195550146567
1440560291180281862
1440560294036606981
1440560782631006210
1440560999262658560
1440561411034210309
1440562124607033347
1440562886925905934
1440562974788251649
1440563309015560196
1440563357308764169
1440563367257673731
1440563379198779402
1440563388631842823
1440563397058183174
1440563398698098689
1440563765980778500
1440564097209102347
1440564417800785922
1440564658495115273
1440564962162659334
1440564996086198279
1440565345324990468
1440565527903039490
1440565684426010624
1440566603251261441
1440567493899153412
1440568284919701508
1440568528793313289
1440568828472147971
1440568999314550793
1440569385458884610
1440569476605300745
1440569557777719302
1440569629596786689
1440569888712527875
1440570446882095104
1440570654181322762
1440570681683439617
1440570761723342853
1440570879612579843
1440571349617963008
1440571710369976323
1440572065539526666
1440572136372858884
1440572349653274635
1440572451977510919
1440572552842145799
1440572663747911690
1440572930174316546
1440572954086051842
1440572960436224002
1440572957630210049
1440573028736266243
1440573275239714819
1440573476134273031
1440573519159390210
1440574535556685833
1440574906727501832
1440574925434081287
1440575054643806212
1440575082745655299
1440575157601398785
1440576022072598529
1440576863546449921
1440577022388887554
1440577067943297028
1440577613953585152
1440577712070934533
1440578089323433986
1440578406043697154
1440578624604684293
1440578691545780226
1440579201682137094
1440579369898954752
1440579450727399434
1440579815082323972
1440579820224532491
1440580201897881611
1440580262925008903
1440580842179346432
1440581009221685254
1440581135348559872
1440582362316693513
1440582448731938819
1440583548247818249
1440583854297731077
1440583987605368848
1440585210924453891
1440585364259807232
1440585787897049089
1440585884340867076
1440585968315076610
1440586100372742148
1440586097742913545
1440586183621316613
1440586412902924289
1440586477050548227
1440586592356212740
1440586850947645445
1440588052401831939
1440588580808642571
1440588703848558603
1440589208490446855
1440589275301486594
1440589934960672773
1440590398502490113
1440591088557780998
1440591304266682374
1440591802835222535
1440591867192569856
1440592086554742784
1440592283590488069
1440592660360617986
1440593035016900610
1440593406036570121
1440593477293654018
1440593786539679756
1440593906157031432
1440594431468466178
1440594717339635713
1440594785417396224
1440594848776536068
1440594884163821570
1440596707578839043
1440597179765125128
1440597551502147585
1440597884307607552
1440597991656620033
1440598003782352898
1440598376085553153
1440598540246417410
1440599542294933513
1440599713351286798
1440599963486941191
1440600014242254851
1440600386197344265
1440600674924855296
1440600811436797957
1440600913123569671
1440601205160349702
1440602460611956750
1440602981397786630
1440603246582648832
1440604352457035781
1440604584959832077
1440604625208414210
1440604739205431299
1440604875339960339
1440604929270247429
1440605147558604809
1440605622379048961
1440606330708901891
1440606341794463745
1440606339047116808
1440606458098323462
1440607059913818124
1440607072106663941
1440607826393534473
1440607845574078466
1440608003003093000
1440608309740859400
1440608394910441476
1440608449776082950
1440608600594935819
1440608641887793167
1440608672476893185
1440608709420347396
1440608737723445252
1440608817805365253
1440609298485153799
1440609688266018820
1440609707899588609
1440610444767490052
1440610457857916937
1440611341614477319
1440611615947177985
1440611723635945476
1440611784591757322
1440611939596468231
1440612077463166985
1440612173722517508
1440612193863540750
1440612499804463107
1440612758895009801
1440612844458766340
1440612923668262923
1440613603879514118
1440614011234516996
1440614124388380691
1440614757740912645
1440615615635472398
1440615810528018449
1440615852357734401
1440616091667951620
1440616606233608193
1440616904981299204
1440617237803454478
1440617451138400259
1440617911438098450
1440618140413485064
1440618986605977608
1440619149881851905
1440619677357535245
1440620019327528962
1440620122566119426
1440620761207562255
1440621169271394309
1440621460024823808
1440622371438661647
1440622414996463618
1440622720195072001
1440622873337425930
1440622914693263364
1440623259028840450
1440623354499649540
1440623998979567617
1440624228076711948
1440624646550802436
1440624902835302420
1440625073606443017
1440625773505777666
1440625775690977285
1440625873355345921
1440626048001970182
1440626079215939593
1440626110853615627
1440626287421243395
1440626578396889111
1440627457283936264
1440627611030343684
1440628034067841030
1440628333545332746
1440630319011405844
1440630369900843011
1440630566622089228
1440630863390150662
1440631112619814914
1440631661046108176
1440631974540898314
1440632204820840458
1440632219337330697
1440632502087868424
1440632759974707202
1440633132319793152
1440633413170384899
1440633938255380493
1440634619880034314
1440635101365161984
1440636760405340170
1440637155026427923
1440637282470416390
1440638051017916425
1440638287811543046
1440638586194333697
1440638592599027715
1440639393618804749
1440639767616516099
1440640259000176647
1440640381574541315
1440640677130354690
1440640681035198477
1440640930877370378
1440640947541331968
1440641429466877953
1440641452057325569
1440641502841958411
1440641673537589250
1440642260933103619
1440642268285714446
1440642464214237185
1440642566119059456
1440642727184535557
1440643148984643592
1440643645120471041
1440643676124835846
1440644245396672514
1440644622842142730
1440644650021183502
1440644768862642178
1440644952086564872
1440645491872571394
1440645767023136771
1440646139691208709
1440646147060633617
1440646470856699913
1440646623424487431
1440646746711867398
1440646806900146176
1440646806518464514
1440646836637732867
1440647304906637320
1440647575271473153
1440647687682990082
1440648161123463169
1440648337036701708
1440648353335820299
1440648472869302278
1440648925753462787
1440648927838048265
1440649313315541002
1440649345196433412
1440650180710133763
1440650329331167233
1440651023744262145
1440651461038252032
1440652010391425032
1440652725360873474
1440653276333043713
1440653331551031304
1440653953260158979
1440653991277318145
1440654305220915202
1440654817118937100
1440655830592806924
1440655937941897222
1440655989477310468
1440656116988334085
1440656324019163137
1440656403090206721
1440656459696541705
1440656761954832385
1440657075764285445
1440657163509108752
1440657169095880706
1440657165744697358
1440657313044439042
1440657573766594572
1440657599142060032
1440657663625351177
1440657730700644355
1440657810392420360
1440657808970579986
1440658077410160654
1440659042590867459
1440659259906088966
1440659532472991753
1440659582225813504
1440659598919147525
1440659760429211657
1440659841727356937
1440660435724759049
1440660530016899078
1440660926294724622
1440661393548537856
1440661572964139027
1440661697702682650
1440662375401607178
1440662866852335622
1440663368386289664
1440663544853262350
1440663554328174601
1440663676134977541
1440663835115810827
1440663947011448836
1440663982340116501
1440664008810323977
1440664081942286338
1440664448822218753
1440664485287510016
1440664584012980231
1440664741005836288
1440664844898758660
1440664880378368009
1440665003745366021
1440665179222462474
1440665378980384768
1440665394004443143
1440665663446544389
1440665692668264451
1440666087973003264
1440666188011294724
1440666727604359174
1440666769073459217
1440666808202133504
1440666973831004169
1440667922863562753
1440668116648796177
1440668335679565835
1440668517422952457
1440668566370471940
1440668672062677001
1440669013034504202
1440669079421874190
1440669637063020547
1440669864423673864
1440669927619260436
1440670145563615244
1440670374446780428
1440670980871839751
1440670995375816706
1440671024920420356
1440671632142471171
1440672255378219025
1440672587961405457
1440672663920267264
1440672842538835973
1440672908234280964
1440673691319214090
1440674129376526336
1440674134468358148
1440674811903025162
1440675121325166592
1440675182100684807
1440675188698349577
1440675344986505222
1440676280936980495
1440676721078853634
1440677209459412992
1440677283732148238
1440678331725144080
1440678383357030406
1440678807455756290
1440679417013891076
1440679422722383872
1440679958347542535
1440680191278206989
1440680336921280512
1440680543465598976
1440680543276781580
1440680725582278670
1440680929077301265
1440681079413764107
1440681173890465793
1440681293138653197
1440681347836637192
1440681479629987844
1440681755388702724
1440681769913630720
1440682187892801538
1440682267504885763
1440682306033774601
1440682446828171278
1440682763607154695
1440683279116488707
1440684039581552648
1440684062390116356
1440684360236032012
1440684904505769986
1440685131295903772
1440685474712981514
1440686424747958275
1440686870271127558
1440686932846006273
1440687020968329233
1440687437131313158
1440687668656885766
1440687681155977226
1440687796998455299
1440688027945226257
1440688045716434959
1440688678376906761
1440688981432143874
1440689516986077190
1440690253765824515
1440690269893001226
1440690328890003476
1440691082388410368
1440691486664769553
1440691493262356492
1440691500061376524
1440691598354837504
1440691987158429711
1440692034617036804
1440692135791980544
1440692562566606857
1440692760739127302
1440692836202999810
1440693419987255300
1440693869939605510
1440695109880741890
1440696461935583239
1440697222304186371
1440697522373103622
1440698068391776269
1440698519979921412
1440698853255114756
1440698970062266375
1440699092510797836
1440700478694641671
1440701130908991501
1440701294239358979
1440701297900937228
1440703448454860803
1440703694295625748
1440703705758646275
1440703739673726984
1440705045754834945
1440706546011291648
1440706554580246532
1440706768812740610
1440706992276787219
1440707000485101571
1440707188519890950
1440708367530356737
1440708376023863310
1440708566411726855
1440708814244769802
1440709421487640582
1440710328522735618
1440710384038465547
1440711416281845761
1440712172485550091
1440713249893191684
1440713589958995980
1440714287719219207
1440715491392114694
1440716012098187266
1440716830490857483
1440720162500460547
1440721524109938688
1440722379815075843
1440722539601272834
1440722857324003333
1440722909333311497
1440722982578446340
1440723820168376328
1440724564246290433
1440725145920815110
1440726668625149958
1440726737990471684
1440726908157644800
1440727211770744837
1440727346210697221
1440727349452894211
1440728208140242953
1440729196079157255
1440731443940900869
1440731543001985034
1440731590926110727
1440731619891957764
1440733054306172941
1440733326956847109
1440733582289297412
1440733731388416002
1440733996590067712
1440734068019105794
1440734916472234001
1440738276512460807
1440741545242554383
1440742184085426186
1440743987912982528
1440744100991361026
1440746083454308353
1440746467900026885
1440752092717613064
1440758164362706950
1440764335366705157
1440764450416431107
1440764927552016387
1440774941637365760
1440775447441117185
1440777052655808516
1440777697609674755
1440778370661322755
1440779624535904259
1440791640369557507
1440794298929205253
1440796937834225669
1440798737215852547
1440800079263064071
1440806012013858818
1440806774274101258
1440806830255472645
1440810059903029256
1440811624135159811
1440812040176562176
1440814030143197186
1440814290961723400
1440816082609082377
1440818836412919809
1440819434986168320
1440819454317764615
1440821910204420099
1440822567334387717
1440823248548028427
1440824240115093508
1440824376207634446
1440825036282077184
1440825137620684816
1440825300560977922
1440825713322389504
1440826013500379140
1440826210490077199
1440826378715209738
1440826500391915520
1440827177621098502