1439076960626302979
1439081616509476868
1439137764319154176
1439160533228220416
1439172631056375813
1439212713062789127
1439219619949023236
1439250236241694726
1439253977657315328
1439272092231352322
1439274649221693452
1439067347210231809
1439069351592677381
1439070147105353734
1439070871302414337
1439071087208243201
1439072146014101505
1439072328122441728
1439072456166105092
1439072592472596482
1439073357081690118
1439073992455770113
1439074269997121537
1439074413446500354
1439074875176472582
1439075427436220418
1439075600509980676
1439075738368442370
1439075860384923650
1439076028391968770
1439076253928091653
1439076345678422021
1439077765437820929
1439078479333511173
1439078627820277760
1439079021958991873
1439079124878852098
1439079153316163594
1439079322069831683
1439079400859856896
1439079569030451212
1439079929577041920
1439080175199686659
1439080381261627395
1439080589194190849
1439081130758598658
1439081182923083784
1439081292461604865
1439081622658326529
1439081716937895937
1439081864250068992
1439081925449117696
1439082433127727106
1439082721288998912
1439083178350632963
1439084862586060803
1439085232590766088
1439086868948086785
1439086997738455042
1439087258519310341
1439087366010900482
1439087470944026624
1439087595992993798
1439087958577999873
1439088310421364736
1439088347293519881
1439088378780131331
1439088617192771589
1439088795333259267
1439089011239178245
1439089065706418176
1439089067153506310
1439089237329022979
1439089360767369225
1439089712732401664
1439090027854659590
1439090038474563591
1439090523449430018
1439090770519023618
1439092078118465541
1439092106979463170
1439092248193343493
1439092480352210945
1439092542214053891
1439092707670978562
1439093022512201728
1439093081102372864
1439093265303625735
1439093575363399684
1439094248687607814
1439094596730982403
1439094682466746374
1439094719544381440
1439095488398041092
1439095702332723208
1439096101777203200
1439096544951635973
1439097584883142662
1439097801695129604
1439097960931811331
1439098420875067398
1439098450335784961
1439098452177129476
1439098560436326404
1439098599292358659
1439098596704456705
1439098745627439110
1439098744939573250
1439098771187503107
1439098786689605632
1439098824379666439
1439098881963278340
1439098923243618307
1439098966390411270
1439099055309672454
1439099220594593794
1439100038383239181
1439100405137297413
1439100582359277568
1439100830196527108
1439100888702881796
1439101268614529029
1439101393579622405
1439101572504375297
1439101625763651589
1439101743057408001
1439101837492178948
1439101897315536899
1439101976738885635
1439102091809607684
1439102157131632647
1439102689879625729
1439102766337589251
1439102861078458373
1439103265644285953
1439103307465641984
1439103420921614336
1439103727579774976
1439103959013068805
1439104540565856262
1439104813715771395
1439105006657937414
1439105563518853124
1439106241951768581
1439106733213847557
1439106953599352836
1439107587211870211
1439107818309758981
1439109666366115842
1439110094986235909
1439110400180514817
1439112049670434819
1439112891404279808
1439113246804353024
1439113829149929472
1439114545969053696
1439114909464207366
1439114913188700168
1439115970514014217
1439116875204415488
1439116879616901120
1439116901473341443
1439118836033212426
1439118884481556485
1439118929847193601
1439119090187005957
1439119139352629251
1439119151772045314
1439119278024781824
1439120477226635266
1439120524655796224
1439120632915005441
1439120737147625477
1439120841329942528
1439121778178084865
1439121832410431493
1439121957295886340
1439122145729134592
1439122145687212039
1439122540924837891
1439123217835184128
1439123532756275202
1439123548895858688
1439123588347428866
1439124393372753925
1439124870680518657
1439125512077647872
1439126007349321728
1439126229756620801
1439126246382874625
1439126714076917761
1439126997645418496
1439127091627237386
1439128141251764225
1439128183358459905
1439129085091860488
1439130082602192896
1439130442481864705
1439130470805958658
1439131136760811521
1439131174048202753
1439131507583426560
1439131596049682436
1439131619609047045
1439131880708730881
1439132535145910272
1439132768433287171
1439132909563088896
1439132977397747712
1439133130410000385
1439133418139176966
1439133928942489602
1439134089408180224
1439134765802672133
1439134769858564097
1439134774057070599
1439134853916598277
1439135150168678402
1439135268615958530
1439135466461167616
1439136591079874562
1439137539399421958
1439137585268281346
1439138455624118276
1439138511219658752
1439138760919183360
1439138857040039941
1439138979945717760
1439139473594347520
1439139653295095812
1439140206649634817
1439140282134528005
1439140536510648325
1439140702961627136
1439140722842775557
1439140731529039872
1439140895983427586
1439141160719564801
1439141346271395841
1439141850133131264
1439141911315378177
1439142435888660482
1439142621067169796
1439142641506025476
1439142654227345408
1439143373588205572
1439143624462061572
1439143695081738242
1439143963110227970
1439143977924501506
1439144166840098818
1439144550828707845
1439144603773374464
1439145521721987074
1439145557482606598
1439145925385994244
1439146023935352834
1439146039743635458
1439146482888704004
1439146676241895428
1439146992366616580
1439147475474927619
1439147526574120962
1439148003676225536
1439148625968254988
1439148783409897475
1439149398345216010
1439149509230006276
1439149882850168838
1439150453829226496
1439150598826315777
1439150716216438790
1439151039236562949
1439151304526352385
1439151483379851270
1439151732697681921
1439152072838897666
1439152236559572993
1439152297708179456
1439153458980917250
1439153478484566018
1439153787558531074
1439154066194513920
1439154267823095808
1439154493212348416
1439154541321076741
1439155220378914826
1439155855228760067
1439155863495720965
1439156471837573124
1439156733822128128
1439156923874512904
1439157327068729356
1439157443007692800
1439157785854238722
1439158349665214464
1439158567907430402
1439159270709207040
1439159896394534914
1439160098090147840
1439160232219799553
1439160709888102412
1439160787608629248
1439161110037352451
1439161112172187650
1439161972138790912
1439162497064325120
1439162737305677835
1439162872840421379
1439162967778463744
1439163482851610635
1439163970594639877
1439164242502950913
1439165002989015040
1439165045024321538
1439165078738063360
1439165334032764930
1439165936188080135
1439166005712850949
1439166269501022209
1439166435608068106
1439166537647071238
1439167212493762560
1439167312016420865
1439167533832044548
1439167743991812097
1439167903887073285
1439168011009605634
1439168425612361730
1439168820556406789
1439168904450883589
1439169039310331904
1439169122550497280
1439169772101324800
1439170516728750084
1439171256448786434
1439171434966753286
1439172051927900162
1439172444577669122
1439172954680528901
1439173199850209280
1439173607842668544
1439174288007856128
1439174404601044992
1439174419901865985
1439174636558712833
1439174941925158912
1439175339633037313
1439175374995267594
1439175450404671490
1439175713710505988
1439175748372205574
1439175910251327489
1439176613669715968
1439176849381228553
1439177024774414342
1439177247051509761
1439177828268793862
1439178159820181507
1439178190178582539
1439179198900301824
1439179322510561281
1439179807292411904
1439180316514533376
1439180363302010895
1439180630432968706
1439180704093388802
1439181056934957057
1439181388645691396
1439181656988917764
1439181785816973312
1439182398931955713
1439182520180895748
1439182603286810624
1439182620189855750
1439183854355431424
1439183874681049095
1439183937406787587
1439184141279383554
1439184557400477699
1439184831938584578
1439184917053591559
1439185269769396224
1439185346705584135
1439185493044854789
1439185897530920962
1439186247608586247
1439186374079352838
1439186582636883976
1439187100599930883
1439187205113585672
1439187227037224967
1439187240781893633
1439187309434322946
1439187476392804353
1439187929528553474
1439188283414614022
1439188312372088832
1439189119867834374
1439189537742229511
1439190579154407431
1439191032806010881
1439191868428861441
1439192228581183493
1439192521708478470
1439193063721562115
1439193378797748224
1439193432740687882
1439193832277430276
1439194044161085452
1439194478108045313
1439194935123603458
1439194998621315073
1439195665620340746
1439195764064862214
1439195989726961671
1439196693430300682
1439197073153404928
1439197343656472584
1439197461801623552
1439197646896336897
1439197764869517319
1439197762814316546
1439198096584425479
1439198938993598469
1439199681083441153
1439200034264813569
1439201596500414466
1439201635750744068
1439201978274369540
1439202088328695817
1439202154191876096
1439202167617847299
1439202210357792771
1439202389941121029
1439202632111824899
1439202808364879875
1439202901621030916
1439202988002734084
1439203077949591552
1439203084320706561
1439203221986103302
1439203253770543104
1439203944270483456
1439204058712068101
1439205027331993603
1439205967111999492
1439207131119452162
1439207204607856640
1439207224945958912
1439207469247451141
1439207673505873926
1439207824794390530
1439209134075772934
1439209274547183616
1439209421016485892
1439209832939098129
1439209910248505346
1439210114452320256
1439211237506633730
1439211415240253443
1439211526070538242
1439211591061307398
1439211941562515461
1439212142272688135
1439212202074935304
1439212366550294528
1439212395159687168
1439212435945127938
1439212914833911822
1439213028298280963
1439213448726913025
1439214157958565889
1439215885890191362
1439216364036583430
1439216476330741762
1439216751426686982
1439216849908998144
1439216998328664072
1439217126905028611
1439217166088237063
1439217277287600133
1439217285885952002
1439217318295261188
1439217724962443267
1439218432273051650
1439218523427905542
1439219062060449794
1439219470149447686
1439219607701655558
1439220475742208017
1439220641857638404
1439220942555660288
1439221439693946884
1439221442864762880
1439221738563260420
1439222156529860615
1439222171469971461
1439222631576735747
1439222896325394433
1439223126999453697
1439223132984729607
1439223180338466818
1439223229214703616
1439223664801554432
1439224068541075456
1439224190171697159
1439224304747499522
1439224332140486660
1439224436721262600
1439224620020686853
1439225255705280518
1439226248866107393
1439226338418696196
1439226498318176256
1439226513086246912
1439226567218008069
1439226926858571781
1439227096421650443
1439227598094016530
1439227764100374533
1439228217332682756
1439229000702779396
1439229608117739523
1439229746521337860
1439230459687305221
1439231604010803206
1439231738983501827
1439232596097978369
1439232906002505731
1439233251055337472
1439233376070766602
1439233418663845888
1439233473416286214
1439233923561656328
1439234106445877259
1439234226457513987
1439234228089081860
1439234483216011274
1439234982229151751
1439235267160797187
1439235688721879050
1439236762845396993
1439236979787403269
1439237877401993220
1439238238292561934
1439239072220729354
1439239119423500292
1439239267046150147
1439239505630810117
1439240088286683136
1439240181488496643
1439240309469159427
1439241032588169217
1439241127157067789
1439241492686458888
1439242151544569860
1439242312987537411
1439242316292648960
1439242420013568005
1439242641225371651
1439242869932396550
1439243417305812993
1439243734898528264
1439244060804325376
1439244076122091523
1439244292489318404
1439244292577538052
1439244388203302914
1439244456771809283
1439244564083064839
1439244723445698563
1439244784489558027
1439245246517239819
1439245573991723023
1439245628937179136
1439245760281788418
1439245990377054210
1439246134761771014
1439246157067087875
1439246244493234177
1439246861538267139
1439246952919494656
1439247481317986306
1439248452265734151
1439248585237827591
1439249236839657479
1439249334466330627
1439249682811686913
1439250576311603210
1439251302442156040
1439251423007412230
1439251755301146628
1439251811504771077
1439252191080968199
1439253098325692426
1439253360121507845
1439253403272577030
1439254005591396352
1439254722196557826
1439254997900746754
1439255023351861253
1439255034504495114
1439255514647461888
1439255885725847553
1439257252372779010
1439257544153726979
1439259083761078276
1439259522405601286
1439259623576408072
1439259724449402884
1439259893190389764
1439261194414559234
1439261513055981575
1439261858989412353
1439261999746019334
1439262120562999298
1439262473425620998
1439263251393515528
1439263802906710022
1439264411487592454
1439264621408497669
1439265044189966337
1439265619119984644
1439266335804981256
1439266383284428810
1439266875079233539
1439267046043254784
1439267312792530947
1439267345193521155
1439267374385885192
1439267438781030404
1439268794145202186
1439269033828777988
1439270423342960642
1439271053205803013
1439272306941972481
1439273216145432578
1439273218561347585
1439273415983181825
1439275973522956296
1439276192104779777
1439276427195543554
1439277870384181248
1439277999539376129
1439278726122926087
1439279370057633804
1439279434125783041
1439280017817550848
1439280433066217475
1439280710104150022
1439281022936387586
1439281337655910400
1439283267622998025
1439284042755543041
1439284395764903938
1439284567093891072
1439286352852312065
1439287218531614721
1439288107837370370
1439288182370193411
1439289892517777411
1439290051154771968
1439290088068825092
1439290996743806984
1439291147239575554
1439297844372901893
1439301278337626115
1439301672207994885
1439302743634501633
1439304234491514882
1439304769961541633
1439306581649215488
1439306921886973956
1439307237252648964
1439307649749766152
1439309258068135937
1439315604914069506
1439317917707821056
1439319720071553024
1439321894956773381
1439327603098148875
1439327662422462465
1439335719760191492
1439344893411803138
1439350954025967616
1439351540494454788
1439355144806694912
1439359482962722819
1439361637597659136
1439361722872000513
1439364969267482634
1439365852093059073
1439366542865489921
1439366851528589313
1439367339061833730
1439367376135458816
1439368499768348672
1439368854312943618
1439369838057574402
1439371743685079044
1439371841106178048
1439373016366927873
1439373664969912327
1439374588173979655
1439376563535892488
1439378031953338368
1439378687242031107
1439016452007215107
1439016454045650947
1439016459686989825
1439016573503746058
1439016687529984001
1439017202410147840
1439017309268439041
1439017859494023171
1439018118194421761
1439018369005490177
1439018597636968451
1439018640171433984
1439018715417247745
1439018744911577091
1439019390242942977
1439019422895669250
1439019457699930113
1439019610548826116
1439019868112572418
1439020129929478145
1439020325753081857
1439020483756781568
1439021078093856770
1439021714621407234
1439021776382529541
1439022165668421637
1439022529323044872
1439022585446993921
1439022631403933697
1439022697791492099
1439023122452135936
1439023143767576578
1439023190529896450
1439023290979258370
1439023308125605892
1439023322281308169
1439023492217786370
1439023634945691656
1439023795038085120
1439023876319629313
1439023926953136132
1439024137796681732
1439024189176836096
1439024241815392256
1439024293325643778
1439024302917967872
1439024788245135362
1439024993434681346
1439025094538317827
1439025265674375169
1439025271730958340
1439025428572868608
1439025569279066112
1439025954257391616
1439026640869212160
1439026755856060421
1439026791717343238
1439026835598155779
1439027862971957255
1439027929975975938
1439028174034063365
1439028449423728642
1439028533003685891
1439028911799607298
1439029025297428484
1439029703038291968
1439029733572812805
1439031210374676482
1439031459893981187
1439031522317586439
1439031524691623938
1439031543280771077
1439031668225028097
1439031802874662915
1439031841135022082
1439032091283320840
1439032182274596865
1439032194236706821
1439032375875301379
1439032474533724163
1439032549855010819
1439032648928686085
1439032843343044609
1439033151582474243
1439033180812562436
1439033185048793097
1439033183425622019
1439033622153949184
1439033670866649088
1439033959044640768
1439033992062267394
1439034193090998277
1439034213924106247
1439034345864372231
1439034364285779970
1439034380228304899
1439034601649827840
1439034621816016905
1439035027002589185
1439035176412082176
1439035191360557060
1439035529023000579
1439035525894066176
1439035563827335175
1439035646455156739
1439035916148871168
1439035966006591488
1439036211906023428
1439036224589615108
1439036454177366017
1439036464604450816
1439036678484606976
1439036989525790721
1439037133835046912
1439037371115130880
1439037383559634945
1439037876717568002
1439037956405137408
1439037967335452674
1439038068053319684
1439038108972978181
1439038183157604354
1439038354654326788
1439038445578375169
1439038514604097537
1439038625849622531
1439038893106499584
1439039072354193414
1439039209059221505
1439039272200273921
1439039416031277062
1439039435664867328
1439039702464483330
1439039816784498692
1439039924913664000
1439040042198917121
1439040431065485322
1439040599257014272
1439040687194861568
1439040739694891009
1439040771810750467
1439040799434428417
1439041131849781249
1439041397412089859
1439041445579558916
1439041813092843529
1439041912653037569
1439042034388529158
1439042041682358273
1439042058908360709
1439042165187903499
1439042175254216711
1439042813690212354
1439042856484687873
1439042874591432705
1439043004593885187
1439043020255469569
1439043076270419970
1439043135158378497
1439043313160450050
1439043317346430984
1439043570908819458
1439043593000288257
1439043658490073090
1439043668325765120
1439043679595872256
1439043704581357571
1439044146572840963
1439044328328859648
1439044516279832580
1439044520994238469
1439044522965540865
1439044545325395971
1439044570604400646
1439044675889889282
1439044755384463366
1439045040794312707
1439045075112181764
1439045392310554626
1439045623152398338
1439045983699181571
1439046215220424709
1439046342152622081
1439046499694907403
1439046509475942400
1439046515796873216
1439046678946873352
1439046866860085254
1439046952155373568
1439047428812914694
1439047786448580608
1439048058944196610
1439048077160038401
1439048663091740672
1439048750446505984
1439048935272632320
1439048951362043904
1439049011101536256
1439049047780708352
1439049199417376771
1439049479794032644
1439049589651226631
1439049676519395332
1439049769666551814
1439049943113617410
1439050273024970756
1439050290716499969
1439050430617505794
1439050457591078917
1439050545071726596
1439050615837974529
1439050658854801412
1439050671324495872
1439050683181768706
1439050680962928640
1439050772201627648
1439050849922142208
1439050916162801664
1439050947443847171
1439051067761717250
1439051159952527362
1439051275455197185
1439051321668030465
1439051365888643074
1439051364437430273
1439051763584102403
1439051791656579074
1439051831577956353
1439051898863030273
1439051993608118272
1439052145299386374
1439052288920743937
1439052312148779008
1439052814420905986
1439052815817535492
1439053155111604226
1439053426113990660
1439053431801454596
1439053498583109635
1439053934375538688
1439054135509151748
1439054365919088644
1439054389604282370
1439054597738283009
1439054686863069185
1439054747693039619
1439054831944077316
1439055043458523139
1439055221229965316
1439055312951021571
1439055431435833346
1439055493717168130
1439055666677620740
1439055707060404225
1439055744569991168
1439055778074136577
1439055906096893954
1439055932567162882
1439056327993556998
1439056554062274565
1439056644835446784
1439056698665148421
1439056795629015041
1439056800368762883
1439056974058967045
1439057252183265280
1439057259963695110
1439057342583115777
1439057542924046338
1439057555448238086
1439057689913397258
1439057842116255750
1439057882268385280
1439058055270785026
1439058130290155521
1439058161386680320
1439058191275409410
1439058246531104769
1439058376126828544
1439058446498758657
1439058460352544770
1439058549535961091
1439058568607514624
1439058878268723206
1439058926075400194
1439058974410641411
1439059054790266881
1439059109886578690
1439059124503789577
1439059186663374848
1439059234851733509
1439059372626223107
1439059434286686209
1439059599823233028
1439059794984198147
1439059886831071239
1439059927297785856
1439060054024491013
1439060057434427394
1439060196802772998
1439060208332931075
1439060317040828417
1439060399286984704
1439060620112850944
1439060665004552195
1439060833217093636
1439060900472709127
1439060923017154561
1439061001052180483
1439061010808147974
1439061022342463488
1439061071663276033
1439061130639380484
1439061327163510784
1439061337104007172
1439061628948029445
1439061688460857346
1439061748946915329
1439061834326167558
1439061902978543616
1439062149997887489
1439062155018457091
1439062206176382979
1439062220948709379
1439062424858992644
1439062443636920322
1439062494463492096
1439062552969768961
1439062621496352771
1439062888275193858
1439062950367555595
1439062952913432583
1439063011285602310
1439063379541323786
1439063402421231620
1439063503495565312
1439063604704149508
1439063874490093568
1439064100936433667
1439064120301551619
1439064142137069569
1439064157890826247
1439064355564232706
1439064502406811648
1439064540994437122
1439064785052602368
1439064820993519623
1439065195838644226
1439065390223482881
1439065798387986432
1439065898606739458
1439065899642671108
1439066192786886664
1439066760192217088
1439066878702276609
1439067492127686661
1439067579608289284
1439067845975965701
1439067893677780992
1439067925499944960
1439068140843913225
1439068149035323402
1439068721054502917
1439068837194854402
1439069749229596672
1439070353481863169
1439070562312077314
1439070948842369026
1439071252920950785
1439071989461704715