1435030159006986241
1435030670015799296
1435035492261584897
1435036960632934411
1435037325054996480
1435041858804064256
1435042269355130881
1435043224276455424
1435043228588253185
1435043610454478849
1435044053238775812
1435044512229855234
1435045151626326017
1435046385892540418
1435046602901581824
1435049321976647686
1435049451610017802
1435049862454603779
1435051890350252036
1435052340046819332
1435053707561877507
1435054875579076608
1435054883795714051
1435054880603848706
1435055213035986945
1435056109623013378
1435056827939516421
1435059379447894017
1435059925256839171
1435060305160196096
1435060774909595650
1435060857973530625
1435061109585629184
1435061114581053445
1435061610276524036
1435061783132180481
1435062367079915528
1435063640583933952
1435064425267044358
1435066586113531908
1435068627951054853
1435069252352897029
1435069457886416897
1435070461780451328
1435071710294802437
1435072363561775105
1435072533909237767
1435072786607734788
1435072938043068420
1435073422871044097
1435073800165462025
1435075367392448513
1435075485092827141
1435075516902477826
1435076225605636097
1435076324750548993
1435076943242686468
1435077206883987459
1435077338031525891
1435077974945005569
1435079117158895617
1435081326688825345
1435081771662467072
1435082480298561539
1435082919324700676
1435083225106321408
1435083498222600193
1435083938188251136
1435084069340020737
1435088556842569729
1435090478035255300
1435090704896647169
1435090950548647937
1435090963119017984
1435091126290051073
1435091435624157193
1435094520429830145
1435096866081820673
1435096893546057730
1435097999030439937
1435098218044428291
1435100200675069957
1435100203489529859
1435100214801547265
1435100707485405185
1435100725080576004
1435105551390633989
1435105588430589954
1435107167128883201
1435108936084910081
1435109612491993089
1435109690199871495
1435110200168484868
1435110946838507524
1435111291069218818
1435111303014584320
1435111583739375618
1435111765990207492
1435112053786644484
1435112187480010764
1435112437791932423
1435112913660874755
1435113097430175748
1435113790056529921
1435116520246366211
1435117581107531778
1435119395311738883
1435120596048703489
1435120653116469250
1435121917531459584
1435123169812115459
1435123203479728131
1435123962896273409
1435124439339843586
1435126108815454208
1435127860759437313
1435128554392408067
1435130351903330305
1435130434476666883
1435130931652677634
1435131269122199560
1435132071588995075
1435134783017742336
1435135057841176577
1435135066246582279
1435135596905713673
1435135911893745666
1435135914909442056
1435137011036213251
1435137018078638080
1435137125159260160
1435137135376584705
1435138219352354820
1435138529151963142
1435141172519849986
1435142101210058752
1435142595080949761
1435142831157522434
1435142841462820865
1435143132727758849
1435143296540631041
1435143905608097792
1435144050181492737
1435144649404870656
1435144887964479488
1435144989567164422
1435145082789773313
1435145251409121287
1435146536837545990
1435146633121910784
1435147054985060361
1435147246123634688
1435147622046654465
1435147720205893633
1435148452367769603
1435149749745717251
1435152742561943561
1435153039543832577
1435155432994062337
1435156329836974082
1435156337843863554
1435158679834095618
1435159444841717760
1435161934202949634
1435163455422668802
1435166080469647360
1435169055372046337
1435169423183077377
1435170553636134920
1435172955323920384
1435173284719562752
1435175830875893763
1435177584103354371
1435178740917567494
1435180976364163073
1435182008871768066
1435182401253036035
1435186151761985548
1435187783786647552
1435189002085154821
1435190957020901376
1435193531832758272
1435196567112196101
1435197346250248198
1435197343805018118
1435198104152653834
1435198200655147008
1435199339693936641
1435200170627518465
1435201724487069700
1435201828682027008
1435210963196596226
1435218553314054147
1435221935575605256
1435222161820569606
1435225641922613251
1435226745272029184
1435226741849538561
1435227053473759294
1435229279009181700
1435231244833361927
1435231280778645506
1435232086118514692
1435232581495238657
1435233737650884616
1435234941592350733
1435235731820224518
1435236770220761104
1435237449865773059
1435239204099960832
1435239773237440515
1435241159232606213
1435241601232609282
1435243099211513858
1435243524841082882
1435244411617615875
1435244766095052802
1435244830662139913
1435246238610313219
1435248457866891266
1435250411103875075
1435252036702904321
1435255328883417090
1435255827380596747
1435262428426637312
1435262928513486858
1435269529643327493
1435275114111770626
1435280172496814086
1435286583620497408
1435293671935545350
1435316223164633089
1435377474154627073
1435379253235699717
1435379661047926784
1435381896356118531