1437240211671588871
1437246913749848069
1437284310843752451
1437289224672198659
1437344380831084545
1437457511682957313
1437486530914918403
1437405316832845824
1437213804136263682
1437221845044895746
1437230364036984832
1437242756175474689
1437243999128018945
1437252512088608776
1437259849725726721
1437261500918370306
1437263667112730624
1437265083822866433
1437265882820931589
1437267936415154177
1437269091681665034
1437272847886393345
1437272862826528773
1437273370916048901
1437275047178108932
1437275635383103488
1437287343728197637
1437287578927992833
1437293745162969091
1437294036226752513
1437294206242856962
1437298119322968065
1437304196953362433
1437305175413166087
1437307096710586369
1437307604858904581
1437308481116131334
1437309085116878849
1437309218332168192
1437309261655134210
1437309315807789057
1437313484543311873
1437314244874104832
1437315679519010818
1437320816505417730
1437321198107385857
1437322008006574080
1437325290166915074
1437327053079023619
1437331678595141634
1437331819322482689
1437334153020657668
1437334413109448705
1437347341455945731
1437350717233123330
1437351618538840064
1437351753985376258
1437351822667227138
1437351881479581704
1437355130504945665
1437355348797509632
1437357436944351233
1437359207607586817
1437365013736411146
1437366915920371716
1437367796380229639
1437369928474980355
1437372496492122117
1437373922047975427
1437375067214651401
1437376237391859714
1437377555011571722
1437378487296294912
1437379560052379654
1437382671349403658
1437382714475245577
1437383811243728896
1437383941405642754
1437384104761196546
1437384758904844291
1437385539552903168
1437387338670174210
1437388474089234432
1437393898242932750
1437394192045678592
1437395999257812993
1437396201381384193
1437397555046801416
1437398318812782604
1437399115927736323
1437399798848507906
1437402585070071809
1437403855134724096
1437404557261172736
1437404853702053894
1437405069226381319
1437405176042770434
1437409355146555394
1437410996331573252
1437412498546642953
1437412582344724480
1437415849061584899
1437418084990537738
1437418175117811713
1437418401211711488
1437421795217313802
1437425817441636361
1437428550789840899
1437431076108976129
1437432788781699074
1437435058038525959
1437435576039337984
1437436534676856833
1437439673551360004
1437439737342480386
1437442140645122055
1437446130611097610
1437449884370571266
1437463489954545664
1437468360174829570
1437472825648902146
1437501474183938050
1437536905545928707
1437538680969711621
1437550052805799939
1437555151846268930
1437559565273366529
1437561675243085830
1437561779845046275
1437562965071331328
1437205020940771332
1437205497917104128
1437206589669183488
1437208229780492289
1437208833617657859
1437213552230633475
1437214188414271489
1437214400381816832
1437217212096409603
1437217461095387137
1437219118126493698
1437220104312274944
1437221756880654342
1437222310704939009
1437222641551564801
1437223147464364034
1437224277124599813
1437226329313734658
1437226746944712707
1437228766774788097
1437229715392061442
1437230161364013058
1437230584401514501
1437230821325172736
1437231104163868675
1437231797717192713
1437232990866735104
1437234828286517250
1437234872666394625
1437235135280140288
1437238176658046978
1437238875886272513
1437239881529323520
1437240530237157376
1437241152843902985
1437242189524832256
1437242344043024386
1437242460690739200
1437243184086614019
1437243282141192193
1437243370246578179
1437246522953928705
1437246636636323847
1437248818471481346
1437249489341874179
1437249603829592068
1437249928275841025
1437251455971254273
1437252531663503363
1437254785795719168
1437254804749774849
1437254881727815683
1437255019007381505
1437255084866347008
1437255442367873025
1437255864511975427
1437257197629493250
1437257403670556674
1437258253872746502
1437260720391946240
1437261997008035845
1437262598685147136
1437262944044126208
1437262985328611334
1437263701539581952
1437264192478670853
1437264427582038018
1437264774790668288
1437264820990996487
1437264928751058946
1437266312397348864
1437266313420808192
1437266338062364673
1437266464658968577
1437266727197286407
1437266769714958339
1437267105984831489
1437268388041003008
1437268564503891970
1437270829880909827
1437271304671952897
1437272544428498946
1437272797311504384
1437273702408724488
1437275990862876672
1437277056153260036
1437280476671086594
1437280687896215552
1437284651278614533
1437285701624631296
1437286269709475843
1437288080361156613
1437289764525203456
1437289898734604292
1437290384053313538
1437290938166964225
1437292003805388805
1437292333121241088
1437293190671847430
1437293299681931270
1437294763271725058
1437295916847824896
1437296618630385664
1437296720468086787
1437297758944169987
1437298321916264452
1437299801335349254
1437300230274236417
1437301664143138818
1437302416391610370
1437302524348751875
1437303316719964161
1437303345081843716
1437303435460689929
1437304125180428292
1437304184680816644
1437305439402663937
1437305921852432390
1437306679549313026
1437307566015590401
1437308741716635651
1437309697942441989
1437309822974582785
1437309976381296641
1437311516630417420
1437311525467869189
1437311534628286465
1437311568149090308
1437311862656229380
1437312387468595203
1437312634106253316
1437314252126277635
1437315633054502916
1437315724284882944
1437315814135263232
1437317441172873221
1437317457283203075
1437317751651987462
1437317930409099266
1437318155815174146
1437318900887080966
1437320236814929920
1437320548124540930
1437320882385350659
1437321430551568390
1437321816993792000
1437322310764011523
1437322679380418563
1437324221105852422
1437325214761701381
1437325271388942338
1437325792262778884
1437325831383175173
1437326052909412352
1437326922829099016
1437327597537431560
1437328275391406082
1437328523748724743
1437330216049733635
1437330406315941889
1437330829965889537
1437331407311757312
1437332724465893378
1437332883509702657
1437334525277663234
1437335200610930693
1437337261922668544
1437337322945531904
1437337736621346816
1437337802031517696
1437338401296945153
1437341430557536262
1437341435045441538
1437342805286801409
1437342826820358147
1437343737001037824
1437347420656918529
1437348759545937925
1437352210870857730
1437353132619534336
1437353173329403904
1437353453915828226
1437354281250828290
1437354358090330114
1437355381957677062
1437357899236397061
1437358205294637056
1437359834601455621
1437360184678965249
1437360853632753664
1437360893113683976
1437361407700443139
1437362528699367427
1437362565516906497
1437362938256367622
1437363989034401792
1437365426812383234
1437366420233351171
1437367583066320904
1437367774137831429
1437368371293483010
1437368467343118336
1437369866638401539
1437372532798083076
1437373102258745351
1437373412490428419
1437373890355818496
1437377689350901760
1437378071456219138
1437379347950702595
1437388370204786689
1437389435922903042
1437390490786144258
1437391063983874048
1437391310801883138
1437391350274555909
1437393652200792066
1437393891313946628
1437393939552616449
1437394278217486345
1437395215040483334
1437396356713181184
1437396596606504960
1437397649418719232
1437397646998573060
1437397944555094025
1437399806234664962
1437400735050723331
1437400737198215169
1437400856677138438
1437402685808910340
1437404361374638090
1437404796294602754
1437405046484844559
1437406179601248265
1437407039630704642
1437407259361906693
1437407266869706755
1437407936016359430
1437408716618305542
1437409034273902599
1437410385414410243
1437410678344540164
1437410772758392836
1437411290331299851
1437411309671354373
1437412914424549380
1437414038154010632
1437414798447157252
1437414867019780101
1437414980958052359
1437415132699631618
1437415154459701248
1437416847452766215
1437417592864395268
1437418123418693633
1437420140421812226
1437420215164293122
1437420427161206788
1437422763493396482
1437423100111458312
1437424455299469318
1437424468641472512
1437424840244219908
1437426038154293249
1437426255876472838
1437426377897103364
1437428059750109185
1437428698060365827
1437429705917956100
1437431891339014146
1437432080435089408
1437433984493887493
1437434443480764427
1437435895993421832
1437437271402110977
1437437270848512003
1437438744311721985
1437439583436771336
1437440180831457294
1437441222608519177
1437443228022673415
1437444080322023430
1437444393586233353
1437444506832412672
1437444967144722440
1437445239313035271
1437453979219161091
1437454761813364737
1437454942663438339
1437455567635714049
1437456112886845443
1437457161374736386
1437459089647292418
1437461139483357187
1437475486909665282
1437475923209572354
1437477574431555584
1437477975532847104
1437478823486885892
1437489516386963462
1437498734087049219
1437500792060080129
1437532794163318789
1437535896333533184
1437553032154148865
1437553780346658819
1437557015119687680
1437559681107464200
1437214840817291270
1437218675627474946
1437219795221450758
1437226516899762177
1437230836353470468
1437232213666402309
1437233537770409986
1437234580583555072
1437234580491284480
1437234735369973761
1437235500939558916
1437237363705466882
1437237754652336133
1437238174028238853
1437238743211995139
1437239808850497537
1437241459099398145
1437247580711227392
1437248335971188741
1437249332466503688
1437250240390725634
1437252114934239232
1437252251748294659
1437252302813892608
1437252616912654338
1437252642149847040
1437253009101185026
1437254593725927424
1437254918637703168
1437256719298486277
1437257420334452741
1437258609709105155
1437259856470167552
1437259936732385280
1437262725676077061
1437262938092441603
1437264622818496512
1437264793002463234
1437264923139084291
1437265320993968133
1437265626507055106
1437268103092588547
1437268699161849859
1437271056545423361
1437272056056336386
1437272568537358339
1437272669880139779
1437273097967529985
1437273197980753922
1437273526512197632
1437273817018105858
1437275177277005825
1437275935959437313
1437275942196371457
1437276746332524547
1437277295815770113
1437278390894010369
1437280291136049152
1437281130458222592
1437281370519130114
1437282625354276865
1437282667121168385
1437282811279380482
1437283060018401280
1437284339197251590
1437284576225857537
1437285684566315010
1437286478250344451
1437288565893996544
1437288707539685377
1437289623256911877
1437290090212958213
1437290156738826245
1437292620460400640
1437292782939348996
1437292986153324544
1437294969014812682
1437295008785125380
1437296040198082563
1437297540374818818
1437298087467241472
1437298538539413505
1437298801534849046
1437298973773996032
1437300059725434884
1437300131120881667
1437300633107767302
1437302157800206337
1437302433785413638
1437302531386970112
1437302828809158658
1437303003971604480
1437304106205384704
1437304862560047104
1437305068588462081
1437305860720496641
1437306593364701184
1437307555563196417
1437308931995410436
1437309286783197185
1437310517224226822
1437311177256628227
1437311423919452162
1437311472657473536
1437311556891578369
1437311793190240257
1437312355134697473
1437313893576036353
1437314268064468992
1437315004089262081
1437316644368388097
1437316804020367364
1437317571888308224
1437317583171035141
1437317585393963009
1437318617247346690
1437318628794253313
1437318944897961984
1437320377395417090
1437320956003831808
1437321507546415108
1437321883817431042
1437322268783235073
1437322473125531651
1437322481996492806
1437323145740906496
1437323437517639689
1437325731864866821
1437326266437304320
1437326887756259333
1437327242753830912
1437327716378820608
1437329064277151747
1437329271450521607
1437329571397857282
1437329781675085831
1437329924398874626
1437330445687934980
1437333699138260992
1437333784349732868
1437334042945343491
1437335300057956359
1437335725607841794
1437336194736476160
1437336729908699137
1437338941808472065
1437339555728924672
1437340034064072705
1437340152439848963
1437340531063869442
1437340659426357249
1437340933205348352
1437341835542900739
1437342001951772680
1437342845744996357
1437343516988899332
1437345147604267010
1437345645895970816
1437346285879644164
1437346323548631040
1437346504801329161
1437348263099654148
1437349143660269568
1437349201600339974
1437349809757642760
1437350092009209861
1437351486904684547
1437353578125873153
1437354715520536576
1437355112708538372
1437355374592462849
1437355585561714692
1437355633787871232
1437355705556615178
1437356428151250948
1437357313115897857
1437358388065693698
1437358616215003137
1437358754123583492
1437358926706610176
1437359096382902276
1437360651005927424
1437360772741414912
1437360859009798152
1437360938462498816
1437361636004614146
1437363593595342849
1437364075508297733
1437364106609057794
1437364178331660289
1437364291464613892
1437364403599384586
1437364656809541637
1437365035223773188
1437365150340694017
1437366401153388551
1437366967606788097
1437367519904288768
1437368586805207042
1437369228596629504
1437370555783528448
1437370627908726784
1437371878570561546
1437372118170169344
1437372429618221066
1437374073848225794
1437374232191590402
1437375850832269321
1437375885145894915
1437375922701680643
1437377510250061834
1437378027801878528
1437381229309923329
1437381597242683399
1437381940403834880
1437382186638868483
1437384162315362305
1437384703577772032
1437385072017960967
1437386336126717952
1437386644236107778
1437387280948236291
1437387853130960900
1437388447044493314
1437388476937170947
1437388827140628480
1437390504455405573
1437390705924587528
1437391731885056003
1437392399454457867
1437392442781691908
1437393502254469133
1437395196426129416
1437398618617487367
1437398909094023171
1437399219183108099
1437399357511245830
1437400098560872451
1437400228278145024
1437400950348521472
1437401154149761025
1437401751812915201
1437402263098515457
1437403102194241547
1437404208576167942
1437404277060747267
1437405698615222274
1437406776815616000
1437407416006500361
1437411643940429843
1437415001459855362
1437416027831234561
1437416600349466625
1437417440355368968
1437417667745521670
1437424008689946626
1437424869445029890
1437430212396916737
1437452495823978498
1437461908458668032
1437472784582471684
1437475890741403649
1437476234066231297
1437479691665870850
1437490505391214597
1437500263896686593
1437501133338169349
1437508506102349826
1437509265673969668
1437516285282332675
1437529933258141697
1437546071152992257
1437552629580660739
1437552628829876227
1437553064446029827
1437566346351366144
1437566403926650882