1438404360845811715
1438291545174810625
1438292867059879936
1438293552040120323
1438293862125027331
1438298139614593024
1438298939267194881
1438300173998825472
1438300451049459715
1438301091347804162
1438302550684418050
1438305264801705984
1438305544226279426
1438305633632079872
1438305899299295237
1438306277961048064
1438306841604210691
1438307028741414912
1438307596738314240
1438308188357496832
1438308204035731456
1438308372412051461
1438309443079335937
1438309956076249090
1438310122711773185
1438314348145876992
1438314646314749958
1438314715495624709
1438315432520282113
1438315652045893632
1438316068703932418
1438316431813218304
1438320034053439490
1438321510830071810
1438322481564057602
1438322763509338113
1438326556233908225
1438326589788327936
1438326938028822531
1438326941908570112
1438326940167901186
1438327022543986688
1438328146151886848
1438328421495435267
1438333985596133377
1438334467823702017
1438338265245896705
1438338900808790017
1438339077778993152
1438339320545349633
1438339453555077122
1438339591468032004
1438339836826451968
1438340184899133440
1438340270806867972
1438340942709153794
1438341299204026372
1438341314068631553
1438341509288378375
1438341927338852356
1438342043055665154
1438342095371063298
1438343007195983872
1438343099059556354
1438344913423192064
1438345151177379840
1438345758646804482
1438348054008983553
1438348425758605318
1438349892980658178
1438352148291469315
1438352827412140034
1438353262772637696
1438356416952078336
1438358231814836227
1438359544808181764
1438359954168057859
1438360853619744771
1438361516349161473
1438362321118646273
1438364150627856384
1438364753525559297
1438366881295921152
1438368318746890240
1438368459256045576
1438369334225616897
1438370364476645377
1438370435335286784
1438370719897841664
1438373583743434752
1438373942335475712
1438374389355986944
1438374852474204162
1438376478161309698
1438376688413409285
1438378871221489665
1438380008540626945
1438380030522904578
1438380105072447489
1438383291434881028
1438384591128043520
1438384899669463042
1438385243803643905
1438385592270680065
1438390875709579264
1438391206195593216
1438391891020574724
1438392251445493760
1438392969241894912
1438393728687738881
1438395318463197192
1438396053590401027
1438396679418368001
1438397370291556352
1438397502110138369
1438398550384250885
1438399491002884097
1438400200624644097
1438401441857736710
1438403000909717508
1438404733987745792
1438405007859073030
1438405028184612865
1438405130135609346
1438405237182590978
1438405738129342464
1438406613132406785
1438408016047579137
1438409999273787393
1438410181180727299
1438410441320026117
1438410856572805122
1438410981743362051
1438411564164558856
1438411852338270208
1438411981086543872
1438412058219843585
1438412517223456770
1438413975100690433
1438414569148493827
1438415044459438082
1438416005013794850
1438417552183480324
1438419919931125760
1438420016739745795
1438420105633800192
1438420141138608130
1438420183161270272
1438422891784130564
1438423014501072900
1438423487664693249
1438423786995392513
1438424017854103552
1438424898347618306
1438425340179714048
1438425587698188293
1438426126251036672
1438426249043472387
1438426691961901057
1438427148516085763
1438427418033754114
1438428430396104706
1438428603138527233
1438430996920078338
1438431068885901312
1438431439121534980
1438432352066211843
1438432500787732483
1438434227834396677
1438434616268886016
1438435380714377220
1438436015547445255
1438436014108729346
1438436102055075847
1438436421589614594
1438436817892610050
1438437859497709570
1438437875889033217
1438438692691984384
1438440338700464129
1438440464269516801
1438440756843216899
1438441120145444867
1438441983454842884
1438443505106391043
1438447417716666368
1438447811326971906
1438447922064945155
1438448649718038530
1438448749924081669
1438448896678645762
1438449052480204802
1438449272559595520
1438449445792731137
1438449444211417089
1438451181106319361
1438452976562049027
1438453688033366020
1438453754110504960
1438454313362210817
1438455991251574784
1438456024793378816
1438456670917595142
1438457489138208768
1438457558931439620
1438457809675321349
1438458541203853312
1438458726512427009
1438459428299153408
1438459555332038668
1438460299195998211
1438462498949111813
1438463627946721285
1438465330238529536
1438465361364471809
1438465437147172865
1438465602557906947
1438466399576363010
1438466494178889733
1438466681739702277
1438468251202195459
1438468264749723656
1438468799603232770
1438468885880082433
1438471248548274178
1438471525821128709
1438473485915803651
1438473493713076226
1438473518845464577
1438474910762950657
1438475755185344517
1438476046005727233
1438476077433643008
1438477598934196224
1438477963134078978
1438478330144047109
1438479634442567680
1438480193757204481
1438480271762878471
1438482198080802826
1438482493032656896
1438482707307061251
1438482810122113028
1438484703430918147
1438484811904008201
1438485433617248258
1438485841421111297
1438485968382660610
1438488290215141381
1438489243098046468
1438489322563403782
1438490141715279878
1438490925819318272
1438491205222895619
1438491267462098945
1438493856962547716
1438494331233452039
1438494467565129729
1438495019627790339
1438495595929296906
1438500994032168964
1438501518592724992
1438501516810223623
1438502473757429763
1438503670199455746
1438503745621422084
1438503958050336783
1438504729487630336
1438504821846265866
1438505279319003136
1438506458610487304
1438506671123226628
1438507131439706117
1438507969063178245
1438507975132344320
1438508340489842689
1438509321491398668
1438510222495010831
1438510512879267840
1438510791888539662
1438511743253168140
1438511883728744456
1438512401289146375
1438513678228152326
1438514196979740689
1438515333837385746
1438515433217265674
1438515872042127374
1438516285885665282
1438516524537376778
1438516680519348227
1438518092196311041
1438518114069610515
1438518200153477131
1438518427254071304
1438518630531010568
1438518954398339076
1438519352521723905
1438519490845630471
1438519696559542273
1438520346240450567
1438520682745192451
1438520877998501900
1438521056117936145
1438521324490543115
1438521660240367626
1438521665315434501
1438522457716002818
1438522610942300166
1438522631855042573
1438522968473145350
1438522979869097987
1438523086152744970
1438523849914548229
1438524164520906758
1438524195915243520
1438524260486582282
1438524605757411334
1438524989876039687
1438525085913006087
1438525515170648065
1438525649568759810
1438525738529931268
1438525780116443142
1438525941844570116
1438525998279000072
1438526086694903818
1438526267960094722
1438526939908567040
1438527120049725450
1438527420613545989
1438527694841409538
1438527719369633800
1438528373727191041
1438528464164831232
1438528862665658378
1438529181210447878
1438529745625382915
1438529794581229570
1438529858909310981
1438530100593455110
1438530189386940422
1438530421654888449
1438530497504632835
1438530546510880768
1438530730980638721
1438530843677315078
1438531529756401669
1438531599998468101
1438531649004703750
1438531855817445379
1438532021966368772
1438532333364121602
1438532335922671619
1438533294753075206
1438534870632853510
1438534888525762563
1438534974307663872
1438535257121177604
1438535998359543816
1438536790344880129
1438536876038639617
1438537278805082114
1438537564546224131
1438537905316634635
1438538271550672899
1438538680650518530
1438539080438980615
1438539930804764683
1438540288780169222
1438540737319084033
1438540907758850050
1438542222056513539
1438542226749988876
1438542259398471682
1438542380915826692
1438542728132894720
1438542762895286288
1438543177170886663
1438544289101856770
1438544911549157376
1438544998618869769
1438545306614861827
1438545912280727556
1438546037874909184
1438546035677155335
1438546494764642310
1438546689585938434
1438547400595939329
1438547889291075585
1438548656534134787
1438549329837367296
1438549640949866511
1438549846441414656
1438549993426604033
1438550270812712960
1438550921345048589
1438550958888263700
1438551511332651008
1438552208568557569
1438552246992576517
1438552640561029139
1438553089733107715
1438553265340239873
1438553598414102541
1438553692802740224
1438553983006613505
1438553987733594127
1438554012412899328
1438554436301824024
1438554553142562816
1438554791693590555
1438555121118421002
1438555841259622400
1438555859320119329
1438556158889918465
1438556808184942604
1438556827021570049
1438557109319208963
1438557479319707654
1438557550224445444
1438557979461054466
1438558265479028736
1438558353945337856
1438558461986443265
1438558868309610501
1438559190604156928
1438561068201091072
1438564110468206604
1438566015655235585
1438566045648769049
1438569973828374558
1438570355770085378
1438571101869592576
1438571302999117843
1438573253581164558
1438573815307522067
1438574071466299404
1438574850465943559
1438576580851224604
1438578855413895181
1438585113235755022
1438585422129496069
1438597723528171542
1438600107012808704
1438601417141497860
1438603701942292508
1438604215165784064
1438606089772277765
1438607693627854850
1438612287242313733
1438619411967971348
1438619462245093377
1438620844650078210
1438625587581628416
1438626045389795332
1438629008007053318
1438629838051426305
1438629938941153290
1438630949382545412
1438631508248457219
1438632304100872193
1438633105355522050
1438634996680384519
1438636335560941568
1438637851659227137
1438639326045171712
1438639356932091904
1438639361206022148
1438639982353084416
1438640340819267584
1438640509077975044
1438641392822091776
1438641415660048385
1438641418055008257
1438642207305592834
1438642227626971140
1438643438929395712
1438643572782166017
1438644196814954496
1438644410275663873
1438644588915220481
1438644769354235905
1438646583386468353
1438646878145429504
1438647118911078400
1438647683762196482
1438648145911549953
1438648287964241922
1438650135769059329
1438650223744618499
1438650921202843648
1438651085606965249
1438651447122411524
1438651448825241604
1438651633223618573
1438652701915504643
1438653176471691266
1438653251730108420
1438291544398708737
1438291626401488896
1438291675239968773
1438292599857504258
1438293590711492608
1438294202786275333
1438294217491628032
1438294291391131649
1438294680865738756
1438294785131876356
1438297110424670208
1438297495600345092
1438299643083845632
1438300057099378692
1438300353020239880
1438301577169809412
1438302781782126595
1438303698015379456
1438303934347497475
1438304486699802628
1438304938686246912
1438304981640044547
1438305390874148871
1438305886041116674
1438306604345020419
1438306829243535363
1438307059976454145
1438307144571359232
1438307574340730884
1438307808055730179
1438308675085422599
1438308870040944643
1438309537182715904
1438309827294339072
1438310072736645120
1438310678251589632
1438311013124874245
1438311463764987904
1438311942934781952
1438311975944024066
1438312096215683074
1438312954600980486
1438313174344736768
1438314105262145539
1438314235549917187
1438314266159837190
1438314462218375174
1438314545072664576
1438315070866419716
1438315129922211841
1438315313477480449
1438315336973967361
1438315684249759744
1438316185490182146
1438316416717950977
1438316981094998016
1438317639168716803
1438317734077427714
1438318004270366725
1438318079499390983
1438318202988101635
1438318499491823619
1438318816665104387
1438319422955921412
1438319427422883840
1438320253482721281
1438320311905112064
1438320477856956418
1438320600582402048
1438320820963713025
1438321031362453507
1438321662269657088
1438321991937835020
1438321991921057796
1438323034364911623
1438323937830584320
1438323987537297408
1438324277120356352
1438324354736017409
1438324625939722240
1438325476758470657
1438325565367336970
1438325785077563393
1438325842401107971
1438326522541051909
1438326827815034880
1438326945834422272
1438327146041069571
1438327160494645249
1438327419585368064
1438327461113069569
1438327510299594752
1438327855843188743
1438328435089100801
1438328703839207426
1438329366656679938
1438329365134143488
1438330003381374977
1438330474745634816
1438330734708596738
1438330742501564419
1438330799841955844
1438331020428734465
1438331123021402112
1438331139932889091
1438331191409532933
1438331235705577473
1438331490840969219
1438331511187533825
1438331731854041088
1438332268380971010
1438333004204568577
1438333047980523521
1438333934933217280
1438334102986362880
1438334403583774720
1438334480415035395
1438334561142775811
1438334972738162688
1438335071186874370
1438335359390142464
1438335582313271296
1438335975663575045
1438336371777671171
1438336855255273476
1438336871939985409
1438337001862746117
1438337117948547074
1438337206922350595
1438337294159671299
1438337375545880576
1438337461432696836
1438337548766511105
1438337642542690305
1438337703616024580
1438338178918744072
1438338245444599808
1438338512235864066
1438338836912742400
1438339884385648643
1438339904971239425
1438340255199875080
1438340390797529090
1438340614593056771
1438341006391328770
1438341357475672065
1438341490107830273
1438341487805218820
1438341830089662465
1438342533118058497
1438343213597691906
1438344019851894791
1438344447289225218
1438344580546449409
1438344771898994693
1438344876144271364
1438344921136599041
1438344986924224517
1438345007795113988
1438345077957398531
1438345160505450497
1438345181078568962
1438346080857456641
1438346427973832708
1438347347574939650
1438347607588311043
1438347674734919680
1438348606432432128
1438349086176935936
1438349505619918848
1438349957392568320
1438350015106203658
1438350280366510082
1438350350847594496
1438350688921153542
1438350727114489858
1438350991733133313
1438351145869582342
1438351283128176641
1438351406663036930
1438352261864837127
1438353293978181632
1438353601924009986
1438354041646419968
1438354447835430915
1438354499123355650
1438354759006646272
1438355017375698952
1438355790637637632
1438355811856617475
1438355950914576387
1438355952604827648
1438356082125017090
1438356188068925447
1438357797645684736
1438358383111774209
1438358699945259010
1438359046319337472
1438359268533497857
1438359378445225987
1438359502395478017
1438359669362200579
1438359715394719748
1438359920261275653
1438360004650696705
1438360367239942150
1438360778369757188
1438361935859179521
1438362171012907012
1438363002277826562
1438363060821848067
1438363143219007489
1438363148709363712
1438363147094552578
1438363151020355585
1438363445015945222
1438363535247962120
1438364169833570306
1438364210191224835
1438364775868604417
1438364925663985666
1438365272302231555
1438366044922388481
1438366867983241218
1438366889944621056
1438367111391297537
1438367279155089410
1438367340119293953
1438367618285539334
1438367748120199169
1438367808606257152
1438368545788686336
1438369212645486594
1438369952571039746
1438370057810153472
1438371012106547200
1438371059577749511
1438371065072214019
1438371311479185415
1438371442052120576
1438371446930219008
1438371885696184320
1438373376855138307
1438373429774741507
1438373776190627841
1438373923117092865
1438374026376663043
1438374210452135938
1438374541877678083
1438374701630296067
1438374746341605376
1438375275721420801
1438375438867316736
1438375917785522176
1438375955563565059
1438376004452380672
1438376099742769152
1438376188385189891
1438376569194483713
1438376702812426240
1438376824996724736
1438377029880086528
1438377084250832896
1438377269949460485
1438377592424304640
1438378239668285445
1438378243669692416
1438378279619104768
1438379365222346752
1438379438165528577
1438379543715213318
1438379770908086275
1438379897462738946
1438380188509765633
1438380460950786050
1438380913084141570
1438381193624371200
1438383033287995394
1438383033644580864
1438383410813157376
1438383622487117825
1438384244447797249
1438384349661982720
1438384677425856512
1438384718102233090
1438384867742416902
1438385030372347904
1438385168713072646
1438385348040482820
1438385417062027267
1438385437744062464
1438385816829456384
1438386010484662273
1438386364429467648
1438386486806679554
1438387714433318919
1438389006123683840
1438389605758226432
1438389904803655682
1438390519151742978
1438390586315141123
1438390631060041734
1438390961327902720
1438391426660716544
1438391498307878919
1438391664582615043
1438391927867543552
1438393229905256450
1438393359245008900
1438393371060424712
1438394025279569923
1438394078735966211
1438395091077382144
1438395798098624512
1438395813214908418
1438396394692173827
1438396855776284674
1438397337651482625
1438397855127932931
1438397888820772865
1438397958035152896
1438398272012390400
1438398533040812040
1438398565961900034
1438398887748767746
1438398901602512903
1438399108318838790
1438399249184481283
1438399508908441601
1438400340773142529
1438400342715105280
1438400395299078144
1438400856152428546
1438400870782210048
1438400938138497025
1438401012390236160
1438401396919848968
1438401425155842049
1438401432558968834
1438402367183986689
1438402512705540096
1438402845108170752
1438404140204388353
1438404231996710912
1438404348883742722
1438404373378256896
1438404453225304067
1438405044815101954
1438405119675039750
1438405203754057729
1438405898058092544
1438405939128795137
1438406054287654913
1438407130982195204
1438407398532608005
1438407929552461825
1438408325884899328
1438408579665514496
1438408769524809728
1438408900810665984
1438409119979827203
1438409975550808071
1438411960769384448
1438412058660278274
1438412296871546882
1438412641450356736
1438412679014539269
1438413486409801734
1438414422968451072
1438415226639028226
1438415545628463107
1438415845848281092
1438416118746546183
1438417830534283264
1438417961396711424
1438418118875901955
1438418359733813256
1438418618199339013
1438419163999997953
1438419208216268803
1438419440220180481
1438419467290099715
1438419491457617924
1438419580565786629
1438419801974603782
1438419884229029890
1438419886758195201
1438419900796657667
1438419943989465093
1438420281899380740
1438420617770926087
1438420770682589191
1438420902085988352
1438420912353603588
1438421679739338752
1438421676962639874
1438421852808830977
1438422014331551748
1438422608924479491
1438423792569643008
1438423868314583043
1438423876954820612
1438423889923624964
1438423914770669570
1438424140122259458
1438424415419523084
1438424793078927363
1438424920015310853
1438425018082344962
1438425110952611847
1438425112487755784
1438425308688912385
1438425929605279744
1438426602740670466
1438426640070021121
1438426679404232707
1438426722437795842
1438426749696548869
1438426876351954951
1438426947810304010
1438427072230158336
1438427369618903040
1438427471246938116
1438427496328806403
1438427527245008896
1438428570628460547
1438428672227041288
1438429211211952131
1438429215615905800
1438429697294041090
1438429707825926146
1438429719687413765
1438430077226676225
1438430140770361349
1438430276032483330
1438430414775873537
1438430587140771842
1438430721241063427
1438430742816583684
1438430940041134083
1438431182547341322
1438431211450355721
1438431294321426440
1438431294359162882
1438431736753393666
1438431786468470784
1438431865094893568
1438431935362048009
1438432140509671426
1438432201637384192
1438432260949164036
1438432793562804234
1438432964988133379
1438433471379263492
1438433524491558917
1438433607714893824
1438433757938155527
1438433769141129217
1438433808848539652
1438434184050012160
1438434421829373956
1438434901460537347
1438434947857977346
1438434955722301443
1438435330948939778
1438435387907588106
1438435884190158849
1438436058320883712
1438436159722381315
1438436522823340034
1438436675827343362
1438436862050197509
1438436893922787335
1438437256939802624
1438437468773122048
1438437607516430337
1438437696968409092
1438437721933074438
1438438034408570883
1438438584705454083
1438438603051331601
1438438641718546432
1438438852264271879
1438438923332513792
1438439058963791872
1438439333866786825
1438439591439044609
1438439862210752518
1438439922130509824
1438440058785206274
1438440256269815809
1438440304848224269
1438440391611539458
1438440681215643649
1438441231269253127
1438441353189285889
1438442771220611078
1438442770843115520
1438442985218142211
1438442990494629896
1438443325137178624
1438443517664108549
1438443654348107776
1438443954060476417
1438444553791365121
1438444806582063104
1438445345860509699
1438445446339301378
1438445521589264385
1438446364480864261
1438446929927495682
1438446961019875328
1438447561803644932
1438447576517419014
1438448055229947908
1438448079095566338
1438448292019326976
1438448444868231169
1438448480943427585
1438448765518581760
1438449432266084354
1438449509474910209
1438449586964553728
1438449794486194176
1438449837205241862
1438449977806573569
1438450086569144321
1438450105493848068
1438450109948203009
1438450747587190788
1438450862418845697
1438450934049165313
1438451680022913024
1438452058328236032
1438452330400305154
1438452756759474183
1438452866344050692
1438452869619863558
1438453425612546049
1438453673546305541
1438453871316070404
1438454005525454851
1438454084634234887
1438454564307431425
1438454636327804929
1438455307223535629
1438455823592689669
1438456150697992195
1438456394080948224
1438456628408320006
1438456680723869701
1438456786915364872
1438457017656438791
1438457137420648448
1438457213601796096
1438457599733612545
1438457614728196099
1438457719023833097
1438457804621156356
1438457890235469824
1438458044858322947
1438458071718645771
1438458206309666820
1438458351642312705
1438458611961720834
1438459202377162752
1438459265216221184
1438459275458662400
1438459655240380417
1438459659078156293
1438459813961232385
1438459813097132036
1438460162059083777
1438460380682997761
1438460534035079179
1438460721096900608
1438461047745093637
1438461142150443011
1438461235788349441
1438461244311146498
1438461284995911683
1438461327014383618
1438462103510306822
1438462195063427074
1438462565135183877
1438462658143920130
1438463081604993027
1438463280188592135
1438463411466092550
1438463546799521793
1438463650302345220
1438463712436703233
1438464063093153801
1438464268580622340
1438464378920071174
1438464763403530250
1438464909419761670
1438465090777276417
1438465220779802631
1438465303579660293
1438465527249309703
1438465720644374531
1438465726977773573
1438465778114646020
1438465870523731968
1438466176233869314
1438466460297285636
1438466717307441154
1438467060850257921
1438467294712119296
1438467328853692416
1438467336839700483
1438468149716787200
1438468249209901057
1438468393594544134
1438468525262192641
1438468558707572741
1438468564764139530
1438468689880236032
1438468877827002377
1438469163530526723
1438469528455827459
1438469609846284291
1438470513148317699
1438471085821874182
1438471217300733961
1438471237336854533
1438471370476716036
1438471805551857665
1438472413994315784
1438472690826842112
1438472744664911874
1438472825573036035
1438472846833897474
1438472897714999300
1438472953830674432
1438472988932771842
1438473008864063492
1438473087029170179
1438473156965113868
1438473182923530242
1438473267128397828
1438473359956733958
1438473564189986824
1438473570930151432
1438473752287715330
1438473870957166592
1438473898618605573
1438473949487058949
1438474026267996161
1438474262097002499
1438474288466563072
1438474396444729348
1438474571133304834
1438474580645974020
1438474633980915714
1438474700930228225
1438475008016216070
1438476133817716751
1438476649218019328
1438477117340086277
1438477528952303616
1438477955693375488
1438478072320172032
1438478090485723136
1438478337618284553
1438478531399274496
1438478539431419905
1438479225963515906
1438479312965959683
1438479519799656457
1438479770493210630
1438479872733552645
1438479874906157067
1438480231745003520
1438480319749918721
1438480543298031624
1438480593596162053
1438480752459464705
1438480752727842820
1438481301699383297
1438481435506053121
1438482151301808128
1438482285263605763
1438482309666074624
1438482346018160648
1438483032868933635
1438483128226623496
1438483347408187398
1438483377045184522
1438483526987382785
1438483537141768194
1438483737532977167
1438483921675558915
1438484155214569479
1438484228044308488
1438484251029094401
1438484284222754822
1438484298340864002
1438484340833280004
1438484505451401226
1438484562082893830
1438484837153730561
1438485065151905794
1438485157569122304
1438485289253498880
1438485501447589892
1438485627419299842
1438485785745842178
1438485904021020675
1438486054202269696
1438486188449415175
1438486279486722056
1438486667933851653
1438486780458651654
1438486834028310530
1438486875006660614
1438487088077238272
1438487380508352517
1438487391950364674
1438487761628000259
1438487779827073029
1438487945669873668
1438488011365236741
1438488040117207040
1438488574274387971
1438488603127005186
1438488700959158282
1438488879816863744
1438489061237293057
1438489823417823232
1438489923128938498
1438490152502890501
1438490501234106368
1438490708764205059
1438490927752826891
1438490953229033475
1438491054915788801
1438491127347175425
1438491271098630144
1438491289108975621
1438491642130960389
1438491675127517187
1438492042447884288
1438492772730769408
1438493357412524041
1438493373124399113
1438493431051931649
1438493557556330501
1438493620416311300
1438493860179574792
1438493869193134083
1438493948243165188
1438494087158525954
1438494088727171079
1438494718657110018
1438494770049867777
1438494875540877312
1438495271244034048
1438495319881228291
1438495472289665032
1438495916223176714
1438496053687324685
1438496063032225798
1438496479555960832
1438496527144476674
1438497131598213128
1438497440034746374
1438497462239387657
1438497536596070405
1438497575959621635
1438497574478958597
1438497638945472515
1438497886862409732
1438498108082585600
1438498123823796231
1438498333639659524
1438498354187554816
1438498479588868101
1438498603102707714
1438498740533301256
1438498803548524550
1438498964697796611
1438499020515647491
1438499158294294529
1438499223855517696
1438499290196758533
1438499292843368449
1438499729193660427
1438500058983403523
1438500385698635785
1438500489201524740
1438500671318212616
1438500817137377289
1438500904500547590
1438501046414839811
1438501642094006279
1438501740471484421
1438502029714812931
1438502131397324802
1438502426357616652
1438502700019109901
1438502827211460613
1438502850250768386
1438503808993165326
1438503944209063947
1438504011536105476
1438504163009122321
1438504793027141640
1438505066088992779
1438505339696017409
1438505741367660558
1438506013498306562
1438506936593313809
1438506978062397448
1438507093410009099
1438507528837500932
1438507526690009093
1438507597691174930
1438507963124117513
1438508001623642119
1438508223447789573
1438508294767665157
1438508309829484553
1438509014527066119
1438509054939185154
1438509098216005639
1438509235902418958
1438509346355175427
1438509703470845954
1438510011257266183
1438510201544404993
1438510292615319558
1438510421548224522
1438510809865338894
1438513080325984262
1438513176035803150
1438513236567945216
1438513838593167362
1438514780424212494
1438515277960933377