1439748542583640066
1439751554798538753
1439753384395886593
1439755925930209282
1439756038928879617
1439758214661292039
1439758636306386947
1439761292261150720
1439762090361643014
1439777405795659783
1439779298580123648
1439780828746223616
1439790988210290689
1439792571203477508
1439796705763872771
1439797003576221696
1439798246881173504
1439798485159530496
1439799544565284865
1439799620721278978
1439801027809529857
1439802619631833090
1439803243681366019
1439803444815142914
1439804118025977862
1439804380404850691
1439804405025415175
1439804626476277762
1439804698630844418
1439804864213651456
1439804951207690240
1439805198717784067
1439805689145094144
1439807372222873603
1439807941591199745
1439808175671156740
1439808440554049541
1439808816862806019
1439809075928199168
1439809202361303045
1439809597426917377
1439809656671522820
1439809839991984133
1439809995562885123
1439810774763917313
1439810815561900037
1439811034257129479
1439811616401346564
1439812441685168131
1439812478309781505
1439812958901575681
1439813381339287553
1439813849847267333
1439813870177054724
1439813873813524484
1439813951353614336
1439813959654150153
1439814034249846785
1439814185215422466
1439814355776770052
1439815251898159107
1439815410002522114
1439816066289455106
1439816440329109507
1439816590707412998
1439816685448413190
1439816856911499264
1439817153440456709
1439817217000886272
1439817751975981059
1439817989688233990
1439818317477208071
1439818410389475331
1439818681614176256
1439818901815132164
1439819033075863552
1439819171785699335
1439819659939758082
1439819688872058882
1439819770593886209
1439820165273636868
1439820650093297667
1439820866007683084
1439820906025472006
1439820963604951047
1439821118437683205
1439821129477017601
1439821224524206082
1439821320208801792
1439821383148584961
1439822092510187520
1439822960638914566
1439823401728634885
1439823502010314753
1439824140316274692
1439824346202075136
1439824634124247043
1439824643532025856
1439825273956954112
1439825473463205892
1439825850967363586
1439826077845626880
1439826263942651904
1439826470474375170
1439826543669243908
1439826742256947202
1439827423336419337
1439827428793143301
1439827554026754048
1439827685065179137
1439827744112590854
1439828000938160130
1439828138846945281
1439828233768169473
1439828345932242946
1439828408318377994
1439828518863454209
1439828642322808832
1439828857461174275
1439828967226109954
1439829434991734792
1439829509738401803
1439829651099054081
1439829865302138887
1439829909728231424
1439830282257928192
1439830488961585156
1439830618196439041
1439830776233684993
1439830841052499969
1439831731138269185
1439831941377835008
1439832199440699397
1439832266344075264
1439832556279586817
1439832625808646146
1439832654380101633
1439832666799439873
1439832688639176709
1439832787268214789
1439833240043286534
1439833900369334274
1439834280998289408
1439835060136341505
1439835821595447300
1439835841669390339
1439836821228195847
1439837222304292873
1439838270544756736
1439838873564160000
1439839331015741440
1439839348967370759
1439839743793979393
1439839870134800385
1439840312151605250
1439840498395410436
1439840603575967754
1439840652682940423
1439841232021123074
1439841484325339139
1439841790719234051
1439842003966038020
1439842060488503298
1439842156303110146
1439842227149164544
1439843004974465024
1439844282958065665
1439844790649061377
1439845252844580877
1439845505459122179
1439845948977344514
1439846109531152392
1439846112630697989
1439846247041404935
1439846525727690758
1439846851486887937
1439846975118077956
1439846996349624329
1439847410730037253
1439848200077197313
1439848207203422212
1439848212496539649
1439848214803501063
1439848224811110403
1439848246822715392
1439848244197068801
1439848367849230336
1439849270602080258
1439849437606469635
1439849611103854592
1439849831464194052
1439849938100232197
1439849969045757953
1439849991925747712
1439850201309593607
1439850576901120000
1439851008826478595
1439851235251613697
1439851949793300492
1439852548106571776
1439852573196906496
1439852682873769985
1439852849266003972
1439852880442245124
1439852936889176070
1439853088223875072
1439853455951032321
1439854055107567617
1439854273941041152
1439854790532419589
1439854879913115649
1439855161317396485
1439855262135820288
1439855381006602240
1439855547017097225
1439855937905434626
1439856331305861123
1439856391284396034
1439856493453463555
1439856608645840897
1439856728749662214
1439856937475080198
1439856953031749637
1439857006370648076
1439857047017721861
1439857162038120457
1439857208221573127
1439857366644658180
1439857447636594688
1439857569028194306
1439857663718789122
1439857844648513540
1439858240737595392
1439858346639564811
1439858615142125576
1439859059507675137
1439859355050921987
1439859653349810178
1439859670278049793
1439860649538973706
1439861310993305600
1439861371009527809
1439861488676573186
1439861660634673155
1439861954147807241
1439862306347778048
1439862509981212672
1439862669796773891
1439862859098247170
1439863033367465985
1439863332467474434
1439863564584439808
1439863625905160194
1439864470910558208
1439865145618931716
1439865538239340545
1439866112552751106
1439866147784957952
1439866337250070529
1439866427821809664
1439866715303645184
1439867428050063364
1439867517397131266
1439867824051089415
1439868010722836480
1439868210581409794
1439868272044752896
1439868378764636167
1439868508322480129
1439868664883208194
1439868887835676676
1439868943301107712
1439869099052388353
1439869159723048964
1439869254950555648
1439869380263768067
1439869454301663238
1439869599629991937
1439869835270230018
1439870412624568325
1439870522175545349
1439871235437989891
1439871608269594632
1439871796006719490
1439872036445122562
1439872064693751811
1439872173787672578
1439872604781703170
1439872762198179844
1439873139345817600
1439873641303314433
1439874035463057413
1439874204623466503
1439874475214848001
1439874476481540099
1439875223210192900
1439875277950119947
1439875821141827585
1439875843916898305
1439876179121475590
1439876263754158080
1439876514032480258
1439876703501709315
1439876989733715969
1439877097795702786
1439877323726020615
1439877399194177542
1439877663154315270
1439877694733176835
1439878009628946436
1439878551956721669
1439879094775140365
1439879398744748035
1439879433083502595
1439879513014513667
1439879514293743616
1439879520626954245
1439880581148409867
1439881473692110850
1439882668422795265
1439882828406083591
1439882863122386947
1439882912955047936
1439883515147943936
1439884014890852354
1439884190703521793
1439884537987731458
1439884944734507019
1439885068684566535
1439885582059012100
1439885723100844032
1439885730357022729
1439885882559852545
1439885929791983624
1439886277311041537
1439886402951409669
1439886729339498499
1439886748444610560
1439886863196512257
1439886951448920072
1439887032495403008
1439887068931387394
1439887315812249600
1439888420080263168
1439888554121777155
1439888764029980674
1439889110445871106
1439889192679448583
1439889383281233920
1439889505457082368
1439889535685459968
1439889937155833858
1439890288986628100
1439890652616032258
1439890900553912321
1439890995001262087
1439891166640496640
1439891219513888775
1439891698625093639
1439892478375563268
1439892503625228290
1439892705044144132
1439892875232223234
1439894301840855047
1439894614291501058
1439895306468876288
1439895324399603718
1439895337271918595
1439895347661139970
1439895383476297732
1439895460462821376
1439895479844675592
1439895525176668161
1439895523809394695
1439895661827149825
1439895846837911557
1439896658800640003
1439896990314156034
1439897116793401345
1439897341113208832
1439897544360804359
1439897554750033924
1439897815019184129
1439897856639311874
1439898179240017920
1439898325075984384
1439898939579191298
1439899497274888196
1439899715433160704
1439899990109741062
1439900019214090242
1439900261049241601
1439902421413609481
1439902456880582657
1439902884754124801
1439903173414506496
1439903244390522883
1439903359620685845
1439903432664510465
1439903464746745858
1439904552820490240
1439904638476566532
1439904832664469508
1439904867502362624
1439905382521053188
1439905474581655554
1439905545087963142
1439905669566500871
1439905757516890116
1439905987780091905
1439906138456158210
1439906143975866372
1439906404853116928
1439907225326145537
1439907350102659076
1439907507506319366
1439907737127821313
1439907816190320648
1439908785955299333
1439908915651645445
1439908933653598215
1439909146996842497
1439909184586145794
1439909271966154757
1439909351343362048
1439909632223313924
1439909718311407620
1439909725173260295
1439909799928352768
1439909891838070784
1439909967536951298
1439910435604496384
1439910468441624579
1439910772314816512
1439910926996541443
1439911213446701058
1439911280001703941
1439911336054460419
1439911382170812418
1439911572055289866
1439911661570117637
1439911844987105283
1439912036624834561
1439912192967462912
1439912203289645060
1439912322428928002
1439912652851990539
1439912692228124672
1439913123624984577
1439913356270268416
1439913363903942658
1439913386989346825
1439913415745499140
1439914397204246530
1439914833306996741
1439915193610366983
1439915290817531907
1439915569738702848
1439915635924889604
1439915724361789446
1439915808851779584
1439915893480321024
1439915916192464904
1439916002616102913
1439916128411652099
1439916157687848967
1439916198246825995
1439916256316903425
1439916267482214402
1439916341587107843
1439916736304668675
1439916842370228225
1439917259561000962
1439917293610278919
1439917903059382280
1439918546654359565
1439919014495485954
1439919495250808833
1439919687484116998
1439919830526693379
1439919976429805568
1439920063096655883
1439920504333340679
1439920532443467777
1439920996467703808
1439921124096184322
1439921287615459334
1439921433161830400
1439921502565007366
1439921556457762816
1439921610136293377
1439921699827245060
1439922136747966470
1439922173875871748
1439922242117275657
1439923145347977220
1439923469118951424
1439923516090900485
1439923983659384833
1439924191826898951
1439924474535579651
1439924535814356992
1439924573735059461
1439924732522942472
1439924775841722382
1439924877272788992
1439925256068603915
1439925434498510851
1439925634826858498
1439926145856671764
1439926529509629952
1439926835857399808
1439926994133651458
1439927017445609475
1439927269854642179
1439927323759833089
1439927652282818565
1439927733161578515
1439928030718095368
1439928166617784323
1439928211819749376
1439928225551904772
1439928326382964737
1439928355650899971
1439928643883462658
1439928809621364740
1439928899207532547
1439928919235313669
1439928990500732929
1439929353266073607
1439929528571162626
1439929565833428996
1439929580509286403
1439929630559932422
1439929639174950917
1439930055979765765
1439930059440066562
1439930247999225863
1439930306358767617
1439930312415322114
1439930380627283968
1439930513565749253
1439930628334522375
1439930648697786369
1439930748908150784
1439930799550197764
1439930936263540742
1439930965355290626
1439931045772550147
1439931054379311104
1439931143206232069
1439931157362057223
1439931216782782465
1439931498853912588
1439931518621655044
1439931929856385032
1439931979227557896
1439932840699838466
1439932869615374346
1439933651144228866
1439933707649880065
1439933746770104322
1439934263135064066
1439934489640124419
1439934760361496577
1439934917538840579
1439935138574438403
1439935147239829510
1439935306929610760
1439935483602104325
1439936080577327113
1439936247435194369
1439936328506875905
1439936505137426443
1439937129312751621
1439937461694521351
1439937631140208645
1439937638325112838
1439937723255562243
1439937735809142786
1439937924766732295
1439937971491274760
1439938242783039494
1439938266019639306
1439938284734484490
1439938372542210055
1439938650586836999
1439939185910050816
1439939191635275790
1439939359520669702
1439939548495028229
1439939651909812225
1439939755030953985
1439939860370845697
1439939922673111041
1439940509791784962
1439940769335312385
1439941397168078851
1439941718778863623
1439942043325714447
1439942066377658376
1439942590044913669
1439943051586072579
1439943064617828356
1439943354964328453
1439943740307640321
1439943896876781578
1439945345727754247
1439945347451613191
1439946881551925249
1439947440212168708
1439947597427269635
1439947845386207237
1439947910272016479
1439948088303443985
1439948553716068352
1439948560389197834
1439949038116225026
1439949148283834375
1439949341729300495
1439949512533950464
1439949602526937088
1439951451061559296
1439951456291807233
1439951752212762628
1439952070585376775
1439952388727533570
1439952624116121605
1439952702344097793
1439953160089452560
1439953346018758663
1439953440176685065
1439954558453649415
1439954924624744458
1439955167944663043
1439955678756425738
1439956028313903112
1439956384305455107
1439956734735314945
1439956870668570624
1439957093692235783
1439957725715177477
1439958323130892289
1439958330747723782
1439958347436920842
1439958356442050564
1439958982056046593
1439959262755655690
1439959391185227776
1439959434281709573
1439959871466528774
1439960491267268617
1439960515606761475
1439960867450208260
1439961119469170690
1439961283973967872
1439961770840322051
1439961791467978753
1439961813370638336
1439962028848812038
1439962556974567436
1439962711345885184
1439962771802648582
1439962816736219147
1439963504035778561
1439963511438790656
1439963518149611525
1439963525091192838
1439963605479215110
1439963772496465928
1439964097043390465
1439964407157592068
1439964532751798274
1439964552209125387
1439964908808929287
1439965547785977860
1439966185060175872
1439966453218746375
1439967376141783044
1439967854837702658
1439968405407162370
1439969818623369224
1439970085762785280
1439970719048241159
1439970752036413443
1439972429393182720
1439972467716411400
1439972514306813959
1439973378778038279
1439973557287591936
1439974044179185676
1439975044445130753
1439975066276487176
1439975087835213828
1439975463191859205
1439975464852987913
1439975822354382849
1439976190811377668
1439976204124053508
1439976263465279489
1439976286890303491
1439976550133223428
1439977691927564288
1439977775926964224
1439977896240553990
1439978119994089472
1439979709031337984
1439980304102400001
1439981269601816579
1439981327994867716
1439981618035265541
1439982621904175105
1439982840070897666
1439982858941059078
1439983129117138951
1439984147875778566
1439984199637819394
1439984299692859392
1439984435705769989
1439984907820826630
1439984946488041474
1439985548060282886
1439985636786638853
1439985690578620418
1439987013483057161
1439987112648970243
1439987496104841219
1439988644983439372
1439989237525319684
1439989664656416768
1439989961772523525
1439990939636809728
1439991469608091651
1439991779944660992
1439991778107527170
1439992079518556172
1439992913920880642
1439993395884314626
1439993971455918084
1439994099428253697
1439994779945689097
1439995324047712265
1439995365944545286
1439995444541603843
1439995924541968384
1439995999410266116
1439996224514387968
1439996510968680455
1439997483581534211
1439999180403924992
1440000358571413506
1440000804954394624
1440001686169272323
1440001688018964482
1440001693626757125
1440001698773168132
1440001700685762563
1440002111257907205
1440002294418792452
1440003535756726281
1440003688550916101
1440004787185991680
1440004976516878336
1440006444208713728
1440007129180426246
1440007382386364418
1440007882473312258
1440008194869415948
1440008728015618050
1440010005407690753
1440011163346034692
1440011383383416835
1440012793269272581
1440016441286266882
1440019190497177602
1440019192833449985
1440019198931968001
1440019201947701257
1440021955386613765
1440028308947673094
1440028362479595525
1440029525614600205
1440029783023259656
1440032803299598347
1440033334734688259
1440033438942126087
1440037236775342080
1440038275608055816
1440054365725675523
1440055704094588930
1440057262878257156
1440057950911954949
1440058068125970438
1440058839873687562
1440060236279083022
1440062691901521932
1440069313231134727
1440075772484407296
1440077160308379655
1440078914022363146
1440080086426812427
1440080765190959109
1440081072537047055
1440082233394663424
1440082888943226886
1440083791339565056
1440085190550851586
1440085213275574273
1440086585484193792
1440086656481218560
1440086813302038528
1440087161231986698
1440087690418876419
1440089378089365505
1440089499342540804
1440090248839532550
1440090331257577472
1440090870431158283
1440091239076929545
1440091660482801669
1440092041229205510
1440092558718164993
1440092979570495492
1440093800219643909
1440094630666596357
1440094895461453832
1440095023798702080
1440095322231894018
1440096843224862721
1440096849918971916
1440097664335376384
1440098260585095170
1440098793924431881
1440099472957075462
1440099482331332612
1440099745335103492
1440100846126223362
1440101280706297859
1440101415066607623
1440101736660692999
1440102168246177792
1440102418176372736
1440102678378397698
1439741542046916616
1439741655263834112
1439742197729955840
1439742348708102144
1439742352436842496
1439742350771720195
1439743091217293313
1439743808908890112
1439744088190771202
1439744168167755780
1439744398066028546
1439744436829765632
1439744997440450563
1439745208762056704
1439745628951568395
1439745693292240898
1439745802813857792
1439746146717495296
1439747014657409025
1439747197705228288
1439747494238248963
1439748053561331713
1439748515832291330
1439748835660632065
1439748853511516160
1439749716015677448
1439752020567617538
1439752951019442180
1439754027189690368
1439754141354500097
1439754321759899648
1439754541122015238
1439754557114904577
1439754736605925379
1439755317319856131
1439755666416037893
1439755808485437440
1439755835521986565
1439755910243442688
1439756200950702082
1439756341053038598
1439756445071777792
1439756655923642368
1439756842146537473
1439757460441546756
1439757701840474116
1439757992656654339
1439758084075921415
1439758413341151233
1439759062132932612
1439759101706182657
1439759744655192067
1439759751437455363
1439759872061427714
1439759946619441152
1439759978424791042
1439760190975320069
1439760267814916096
1439760573420302336
1439760610753859586
1439760775719968771
1439760940392615938
1439761030142259200
1439761520456470539
1439761723284549635
1439762301842718724
1439762355492048899
1439762484232024068
1439762484915630084
1439762707410944000
1439762875547992066
1439762917717516289
1439762983408734218
1439763741709537280
1439763753692712967
1439763906235305990
1439764037659598849
1439764562647998465
1439764568696262656
1439764579899383808
1439764629979217927
1439764628142116864
1439764632940417035
1439764631480778754
1439764637092777984
1439764701743779840
1439764741400903681
1439764831066722305
1439764939116212227
1439764964219113476
1439765425454129153
1439765430436909060
1439765456110297091
1439765569973088257
1439765710347988993
1439765708158636032
1439765822155673601
1439765978917842946
1439766068097011713
1439766186690973697
1439766198405648395
1439766286687375363
1439766416991850497
1439766564744556545
1439766704079323140
1439766712203681800
1439766799537487877
1439767001648427012
1439767083835805698
1439767188877893642
1439767333438771202
1439767336689405952
1439767516692189184
1439767656568004615
1439767659189452806
1439767663857700864
1439767750855909378
1439767879579095041
1439768204029558788
1439768625473224706
1439768782168158211
1439768840229982210
1439768872853204992
1439768975869571074
1439769078856491008
1439769142639292417
1439769161647857665
1439769227464826882
1439769242522505216
1439769287426646024
1439769290085842947
1439769311875264515
1439769410210648068
1439769468213686278
1439769584219799553
1439769591954042881
1439769601592619011
1439769606768369666
1439769641065222147
1439769651848761348
1439769671385837569
1439769816965869569
1439769823530029057
1439770209212977153
1439770289798148100
1439770389148672002
1439770494618804226
1439770615943204864
1439770656619462662
1439770688466743299
1439770910454534149
1439770915600957443
1439771017237385218
1439771113588854789
1439771245524885505
1439771331789160453
1439771336264626179
1439771407106281475
1439771448072032256
1439771520616722443
1439771524433543175
1439771718671765511
1439771730864586752
1439771788196540417
1439771820199067648
1439772115914289159
1439772119919783938
1439772198307184642
1439772265642557441
1439772467338219520
1439772503337885696
1439772628932128772
1439772736428122114
1439772778723307524
1439772843202334720
1439772852761219075
1439772896256135172
1439773018855591939
1439773191908610050
1439773749054562306
1439773820047413249
1439773829585244166
1439773895519731717
1439773897788854275
1439773914746417153
1439773927958478854
1439773934820343810
1439773940121935872
1439773999827849220
1439774026247786496
1439774107797647365
1439774283509612546
1439774378837770245
1439774416477450246
1439774422496284676
1439774535008460800
1439774823748550659
1439774850092990466
1439774867587354631
1439775054569435136
1439775066410029061
1439775167287341058
1439775308014505985
1439775319381057537
1439775379842084866
1439775381586780162
1439775576974188546
1439775690044416002
1439775725054095360
1439775802434854918
1439775839403470848
1439775857241780224
1439776044190289928
1439776114642075650
1439776143054311425
1439776149433831424
1439776199627001861
1439776264651370500
1439776326668328962
1439776570105733123
1439776580704739330
1439776634433781761
1439776661877125130
1439776716575019011
1439776797646745602
1439776860989100033
1439776868735995907
1439776930224431107
1439776929670856710
1439776956141096961
1439777025095454726
1439777323159412738
1439777328654028801
1439777357309480960
1439777471549767682
1439777546116100102
1439777598448357377
1439777693382316036
1439777771685699586
1439777826614353923
1439777951990435853
1439777954536443906
1439777982264999940
1439778002091462656
1439778084715040768
1439778153128361984
1439778230148354052
1439778253351243784
1439778270182920195
1439778291922071553
1439778454564532224
1439778480657354759
1439778492816576513
1439778616716398594
1439778655027150848
1439778716691824643
1439778823017570311
1439778854621663233
1439778859407187970
1439778939883307013
1439779275884826627
1439779302011138051
1439779352892166148
1439779367802990594
1439779365269557252
1439779437122256901
1439779462510305283
1439779492818419715
1439779495230140419
1439779494886207492
1439779497230823426
1439779501144084482
1439779499210514435
1439779503107047425
1439779625819725826
1439779630609620995
1439779724704694277
1439779875150127106
1439780070227255305
1439780223692640262
1439780345772007428
1439780499975655428
1439780539980926977
1439780630598852609
1439780902972710912
1439781010573602818
1439781091460538370
1439781212466253826
1439781224696872962
1439781593455869953
1439781846728929285
1439781928488431616
1439782010851971073
1439782063075299332
1439782118301659139
1439782140145590279
1439782395360595973
1439782435919581189
1439782544635875332
1439783168165376003
1439783223840571401
1439783247156690947
1439783384834740226
1439783394347417602
1439783708047732740
1439783758094168068
1439783782886694915
1439783796056805384
1439783884783116294
1439784152430112768
1439784183451119618
1439784180896845829
1439784412095283203
1439784444412321792
1439784556727468038
1439784567385169921
1439784665917706241
1439784710897475587
1439784866208370690
1439784917013958656
1439784927013138435
1439785019518554113
1439785078687612930
1439785218194350080
1439785411522404358
1439785731665190917
1439785747729448966
1439785766381441025
1439785823201751047
1439785844940832773
1439785902302056450
1439786002214756352
1439786182498340873
1439786254120349698
1439786277922955273
1439786356054528003
1439786397443903488
1439786520982876160
1439786572266704896
1439786577589276680
1439786575546617861
1439786602398568450
1439786605003239424
1439786615224733697
1439786847752777735
1439786883333038082
1439786945698172930
1439787160249405446
1439787310711656450
1439787392924205063
1439787413514035207
1439787452692979715
1439787481839202306
1439787569718259717
1439787804154728453
1439787808105791494
1439787825222668292
1439787828909527041
1439788058296025093
1439788081079410695
1439788135567683592
1439788276278169602
1439788358994071552
1439788501944311819
1439788524023128066
1439788714075451393
1439788739266371587
1439788783537246215
1439788791657496582
1439788860142014465
1439788919348891650
1439788930639937539
1439789316914356229
1439789361243906049
1439789377287196675
1439789393636511750
1439789397663117316
1439789499114876933
1439789531067150350
1439789739532427270
1439789741579276290
1439789845040164864
1439789952439447557
1439790077337501704
1439790303238492165
1439790379465789452
1439790442996899840
1439790568620523531
1439790582218444804
1439790820408762369
1439790887760908288
1439790999438454787
1439791024541343747
1439791085585195008
1439791177058770946
1439791227163983875
1439791330314506240
1439791433653837826
1439791571382124548
1439791758821380100
1439791844670332936
1439791880145825795
1439791946310950920
1439792033682497540
1439792093908508673
1439792165345894407
1439792187265335303
1439792192365555720
1439792202016702464
1439792422221860865
1439792531978563843
1439792620499132418
1439792767681581057
1439792890473947145
1439792903811829763
1439792982539055110
1439793022837805058
1439793046195896320
1439793216576909319
1439793253063163905
1439793262466777094
1439793511977521156
1439793538200260608
1439793771374206986
1439793790156374024
1439793834662109188
1439793872872243205
1439793914639052805
1439793952064827392
1439793953822367744
1439793964765233159
1439794126426230790
1439794190645223426
1439794267770085384
1439794435642986498
1439794501447421955
1439794736085159937
1439794804150321156
1439794849700405252
1439794854863671298
1439794976695586817
1439795058878738433
1439795172921921546
1439795253196861442
1439795254215905284
1439795364857409544
1439795669812793348
1439795872280170499
1439795900176486404
1439795978819686402
1439796104376119296
1439796359729586177
1439796388926087170
1439796555641344004
1439796837406306307
1439797138729279493
1439797344745103365
1439797508197142531
1439797641060093955
1439797669463871491
1439797726925971456
1439798014109831175
1439798214815715333
1439798303269351429
1439798333841633290
1439798447062671363
1439798498044485638
1439798690579845125
1439798841046274052
1439798910839517195
1439799068583071744
1439799292827344897
1439801320819466246
1439801337818931204
1439801761003294727
1439802664263450628