1433219573319409669
1433219637823434763
1433219897497202689
1433222086936326146
1433222317098811395
1433227527204577283
1433229637954400264
1433230135994499072
1433231146322735105
1433233485179674628
1433239798374965252
1433243522962911236
1433247702184128512
1433248964543795203
1433250954766290951
1433257252362735619
1433259758983606273
1433260049124581380
1433261171952349188
1433263497689767941
1433263708050886659
1433268173156065280
1433272453669793801
1433277956340674563
1433279047044194305
1433280605874126856
1433282077735075842
1433288205197971462
1433288718505238528
1433292825311862788
1433296636239749128
1433297332808794121
1433298005294125060
1433298592052039683
1433301071560994817
1433302015812067329
1433302179738054662
1433303073363939328
1433304692436574213
1433305517175152641
1433305753784250372
1433308213013712898
1433308695090253824
1433309081691774976
1433312470383226880
1433314026897821705
1433317524456677379
1433317662348644354
1433321196808900610
1433323833209982982
1433323941334949889
1433327612420497409
1433330645749563399
1433330886301212680
1433331065217638403
1433340687844458503
1433345321891885056
1433345537529368581
1433350968217796610
1433354112683241472
1433355060952461313
1433355853659205636
1433358099721584646
1433361184523055106
1433364394847526912
1433374623559610371
1433377076870975488
1433378575483211782
1433378656219385858
1433379815948632068
1433381001883910145
1433384216381640710
1433384373798146049
1433384945687293956
1433385657410359297
1433390329055436805
1433390655808495622
1433391446883663872
1433392566188351490
1433395219102240779
1433395365210771462
1433396892436598786
1433399448298668040
1433400927872897024
1433403713331208193
1433407385716940805
1433408588727291906
1433409389214326791
1433409675052023810
1433411838142672903
1433414627879112706
1433417440960991246
1433418977242353672
1433419153973469186
1433419198798065668
1433421275951599618
1433423010527023109
1433423736636522497
1433425916500144130
1433427444325752835
1433427743497080834
1433430596349423635
1433430869432098842
1433431128778543105
1433432308690788354
1433433251666796553
1433435802009145348
1433440689774202881
1433444874376806401
1433445412564660228
1433446647468486669
1433446645815922693
1433447386722930690
1433452987704172549
1433455127285755911
1433456613583585280
1433457284345106434
1433460476189413379
1433460484502605830
1433464272240009219
1433467211637661701
1433477546771841024
1433478485062737922
1433485597708980227
1433487666725588993
1433488741654417408
1433491118990102544
1433515626450980866
1433528647651151875
1433549935966777383
1433556589626081287
1433558604850741262
1433565545933148167
1433575828399407111