1435755997243478022
1435758299899592705
1435765131850366979
1435771118502088708
1435771185942331397
1435772478853320707
1435776535768666113
1435783965856600064
1435784443814244354
1435787229264187401
1435790056560607237
1435794754499801090
1435795635983163395
1435799414082203651
1435802024835108869
1435805495240151041
1435805677608476674
1435807792972115968
1435809401193984007
1435811494021660672
1435817748546871296
1435820827631501313
1435821412275474442
1435822416664530944
1435830447150231552
1435830621872394244
1435831622289350665
1435833942364409857
1435834234719989766
1435835243064266758
1435835526557290498
1435837917499256839
1435838133841502217
1435839763110670337
1435840872902389761
1435846445790285824
1435846620424278019
1435848581009735689
1435848638505181184
1435848768226672645
1435848930613284865
1435849192111415296
1435852545952419843
1435855356379369476
1435856326794440706
1435857947444146176
1435861619515346946
1435861791662280704
1435866153557970945
1435869382987583489
1435879927249653763
1435880627211935747
1435882453801922565
1435882714981232646
1435887498618544128
1435888060634259464
1435890891529457669
1435891515734200323
1435891715567587329
1435892791050006529
1435895043005419522
1435899110310117380
1435901143117275136
1435901956451569671
1435902032099954693
1435903286977056770
1435903810078085125
1435909428130185218
1435909619138789376
1435911277180719109
1435912447093710853
1435914550365200389
1435915531626844165
1435916905886281735
1435917431747219459
1435917732382265353
1435931383319302146
1435941289099345933
1435944128517316611
1435945331963793409
1435945719811117057
1435947498120437771
1435950143396741120
1435950636051226626
1435951377818079237
1435953667039895554
1435956029716533249
1435956105704660994
1435957681055879170
1435957841978740741
1435958185290973186
1435959794003677198
1435961250547003398
1435963844921212930
1435967124183289865
1435967541780770823
1435969052602613763
1435972995466424325
1435976456954277893
1435977912860041220
1435978173875777536
1435980280196579332
1435981593663795203
1435983791713972229
1435984915082870785
1435986117904375809
1435988059384737799
1435988412079562761
1435988471814840331
1435991679220076548
1435993125382619136
1435996182954725380
1435999377395372032
1435999935539781638
1436000085763002369
1436000134395875337
1436001022451744771
1436002834550456330
1436003236259897351
1436003901984047108
1436004835522871296
1436005904260874248
1436008751136317453
1436009332827561985
1436010646697484288
1436011033617788929
1436014692493762590
1436016955379441664
1436017503973429250
1436019318068682772
1436021363731431424
1436022649696624672
1436022955205533708
1436023508614610944
1436027209563578392
1436028635073290276
1436054191315701760
1436095772961894403
1436105144756695040
1436109284769624101
1436113399188910105
1435757841910878209
1435758300704825345
1435758932710985730
1435759620736253955
1435759727342866432
1435761089287839745
1435765313077858308
1435766237565374467
1435766352225005569
1435766509448704002
1435770150142152708
1435770217775321088
1435771627401203714
1435774982064246786
1435777120446427136
1435777620604456960
1435777618792509440
1435777665374380033
1435779283465617414
1435781368311541761
1435781377757114368
1435784025306591235
1435784516426076161
1435785204149350403
1435789506351828996
1435789768818843648
1435790076923891712
1435791007329652736
1435792008828784646
1435793176145514496
1435793921448112128
1435794293147553796
1435794303293353986
1435794364454916099
1435794793020280835
1435796081997062158
1435796594360680448
1435797639073714176
1435797851641057281
1435798822454661126
1435799619229782018
1435800097279733768
1435800242113290242
1435800632615600131
1435800664379064321
1435800783971184646
1435801212369076229
1435802348752818176
1435802374858104832
1435803899449917441
1435804247681953802
1435804570500800516
1435805509383196674
1435805922908008450
1435807973020897280
1435808294841425923
1435808330862116875
1435809066853404679
1435809975293468677
1435814402825994241
1435815244115456002
1435816406327586816
1435817899575451649
1435818184163033092
1435820581413216267
1435821955253346307
1435823338333507591
1435826465426264065
1435826816267153408
1435826831098220545
1435828187427004417
1435829014392758276
1435829237223550977
1435829637972701184
1435830578700447748
1435830763367272450
1435832538950365188
1435832621192257541
1435832916509020162
1435833570849804288
1435833677498368003
1435834522562531331
1435834562039345152
1435835761471877122
1435835865612177411
1435837009931616257
1435838042258821122
1435839030155833345
1435839722639609858
1435840448862437378
1435842078295003141
1435842293764812801
1435843192176320514
1435845028127989760
1435845723279429632
1435846126507229190
1435847639782735876
1435847820280352768
1435847988748996612
1435848508997726208
1435848925085245441
1435853107972362243
1435860275995955202
1435860640069931013
1435861912772825088
1435862596658155520
1435870655409373185
1435872424843636737
1435873397175693313
1435876723275362305
1435883171652853762
1435890640705916929
1435890644384288771
1435890642652041217
1435890726299176960
1435890795794423812
1435893052996943875
1435894585289367556
1435895047682068482
1435896103413510148
1435896725802127366
1435899159584731137
1435899964102569989
1435902502092750854
1435907271905533953
1435909779554242561
1435910782928097280
1435913318552637442
1435915055581876227
1435917379981111299
1435918856879423501
1435922610269741057
1435923972424486922
1435924830360989696
1435927457144524805
1435930993697779713
1435936716531982341
1435938774295384067
1435939551168450564
1435940798147620869
1435941811160170498
1435942447373172741
1435943372569530381
1435943542979891205
1435944184209305602
1435944393899266051
1435944725115125760
1435944974017699861
1435945199323140096
1435945539929972739
1435946603936952328
1435948092675608587
1435950179564363781
1435950339610447874
1435953749344899076
1435953764674854916
1435954302670024704
1435954489677156352
1435955063176892425
1435955089236062215
1435955481973903366
1435956114789568520
1435956755633111040
1435957000974725127
1435957890905350150
1435958175254016002
1435958497158467587
1435958704860319744
1435962888477237251
1435963156711440384
1435963204434202627
1435964344764747790
1435964392177160195
1435965593849532426
1435966664713986056
1435966671764656138
1435967630720966661
1435969467029147653
1435970735835516938
1435976980453724163
1435977550103150593
1435978540407689219
1435980244679151623
1435980648062144529
1435981887952932870
1435982628708970504
1435983114120024068
1435983251185700864
1435983629390204935
1435984173697691649
1435984609225809922
1435985326623772673
1435986677772677128
1435987516184662021
1435987559541137409
1435989287263105029
1435989615417053185
1435990142028763137
1435990381863309316
1435996362873589761
1435996439834882055
1435996902705692678
1435997357741522947
1435999959384399877
1436002626668089346
1436003380317462536
1436003858388422667
1436005288868335619
1436006139238383621
1436006514502762498
1436006639677493249
1436007057711243275
1436012152536535041
1436012617512853504
1436012883150704642
1436018269341642752
1436022901812043822
1436023364607352835
1436024891195596802
1436027060141498392
1436033317749460996
1436033604056862732
1436038027827040256
1436040083711221760
1436041819733708800
1436044285246263304
1436047529804648453
1436049303097659409
1436049586569695246
1436051909454942219
1436054814618636294
1436098339469029376
1436102120814505990
1436102220328562722
1436102266730147860
1436102389761667081
1436107434775375895
1436109665469820929
1436110131062730765
1436110688406102017
1436110822141423644
1436113166283403287
1436113407414046723
1436113434857385987
1436114252167737361
1436116600785039375