1443166835541643266
1443175488264933382
1443351325836648449
1443025233666101256
1443070532165980161
1443161129547567106
1443183778579419146
1443104448734109703
1443127619789021193
1443003695688343553
1443003768681816066
1443003872729911300
1443004610096951305
1443005320146472961
1443005866995707907
1443006359297933314
1443006805022412807
1443006847200366594
1443008009517428742
1443009127958163456
1443009227295891457
1443010008849862658
1443010021638348802
1443010406482546690
1443010459729158146
1443010821492072451
1443011081669001217
1443011325420920834
1443011439791263744
1443011436746137600
1443011761506963456
1443012040646217731
1443012909353758722
1443012993139167235
1443013037699448838
1443013619503943682
1443013769894850561
1443013782054191108
1443013820776026118
1443014029996224513
1443014046714777611
1443014067262672899
1443014712506007553
1443015772511424517
1443015915398782977
1443016065827500032
1443017335309160450
1443017345006403584
1443017685625827335
1443017818249654273
1443018145153753098
1443018369699962880
1443018945309536257
1443019691677519876
1443019870287716355
1443019958695329794
1443020097270923266
1443020517389193219
1443021351359373317
1443021470888722433
1443021695426564098
1443021733288546314
1443022270989942790
1443022285628063748
1443022347871473672
1443022611672227843
1443023003051118593
1443024093398413313
1443024976517292041
1443025311050960898
1443025329279291393
1443026572936577025
1443027203633991688
1443027604156542976
1443027704110989315
1443027871845421061
1443028088535740416
1443028170228199427
1443028462705381380
1443028953854210049
1443029801330044930
1443029844124569601
1443030007731744773
1443030134517219329
1443030248493228041
1443030413941751812
1443030486729723906
1443030809049321478
1443031813220233217
1443031869407125508
1443031890508668938
1443031896657522693
1443032049607065605
1443032224975122433
1443032364955750401
1443032664454230024
1443032742808014853
1443032750991179783
1443032841659449348
1443033251044478981
1443033455265136641
1443034033097744388
1443034169416712193
1443034235242115074
1443034796066701312
1443035427099738115
1443036168518455297
1443036300982960136
1443036443778039814
1443036557254955009
1443036812008570885
1443037248576901122
1443037913285947395
1443037924614807552
1443038016667209728
1443038042210455552
1443038295030525954
1443038417676242944
1443039264833343493
1443039438913753088
1443039533201641474
1443039606878867456
1443039623110815747
1443039763229921286
1443040097696321540
1443040834237054976
1443040955280490497
1443040987639476227
1443040989807996929
1443041473897787394
1443041541098901504
1443042474805497861
1443042952268288001
1443043128466759686
1443043250256838656
1443043816613703681
1443044131727548422
1443044748437061635
1443044823288533001
1443044911327039490
1443045200947941380
1443045463452618757
1443045886964101124
1443045943587213320
1443046298999869441
1443046331379949573
1443046381350838274
1443046778551504900
1443047566195642369
1443047668289191942
1443048392393834496
1443048422802477070
1443048470336528394
1443048523281276933
1443048659998760969
1443048858611687426
1443050418968285186
1443050870501888008
1443050983488061446
1443051300694867969
1443051668505956354
1443051710478315524
1443051772264665094
1443052560554741764
1443052599540731907
1443052917213171722
1443053374748827649
1443053959845847041
1443054143959015424
1443054688107057153
1443054702904549379
1443055273224986629
1443055286143520772
1443055432025526277
1443055563663831042
1443055821022056448
1443055864026337284
1443056056301543430
1443056370396270592
1443056596922159107
1443056747929751559
1443057003236974600
1443057126566289410
1443057364068749319
1443057492821303297
1443057596806533129
1443057788222013445
1443057887740190721
1443057945726500868
1443058304821780483
1443058309309747205
1443058724847845378
1443058905337135104
1443059114632876039
1443059299194785796
1443059987123634176
1443060003141677059
1443060554407419904
1443060669608194049
1443060839427104768
1443061290805563401
1443061464302952453
1443061489305198594
1443062323791351808
1443062983051993091
1443062983777730561
1443063051612160006
1443063405540040704
1443063694183649283
1443063998992113668
1443064233676005379
1443064451528224768
1443064580251406337
1443064778985906186
1443064869184425987
1443065044900610050
1443065603225382913
1443066103291203592
1443066143405531136
1443066353586298882
1443066529097027589
1443067024012288009
1443067885681737728
1443067979923550209
1443068056809340929
1443068310585679873
1443068512893759495
1443068908794101764
1443069061181497347
1443069133130645504
1443069287912992768
1443069293231366147
1443069671465385989
1443069709373509632
1443069891515326464
1443069924750987264
1443069922100215813
1443069926827196416
1443070020049801219
1443070373919014914
1443071060945948673
1443071262574714881
1443071285970358277
1443071362399027201
1443071361996374020
1443071985471262720
1443072115867930625
1443072350623199234
1443072465106661378
1443072563534389252
1443073121703972869
1443073639616630789
1443073724119334913
1443074214735482881
1443074250873532417
1443074540637016070
1443074640591548417
1443074667045027843
1443074936638095363
1443075351563833346
1443076220250255360
1443076293709348864
1443076438123376643
1443076483845484546
1443077397490765824
1443077421238943744
1443077439052152834
1443077567834058759
1443077740630994944
1443078079329431554
1443078121729765378
1443078513146273792
1443078819707908096
1443078840771768324
1443078960284200962
1443078976679776261
1443079030618550273
1443079077796069377
1443079227008425985
1443079384135454725
1443079628034248704
1443079645964816385
1443079871597453313
1443080224460005376
1443080511778291713
1443080510402560003
1443080662324428801
1443080714363179010
1443080815957528576
1443080850296348673
1443081207080636416
1443081235740332032
1443082029264822273
1443082039448588292
1443082083866271745
1443082840418127876
1443083189350658048
1443083377297408000
1443083649927110656
1443083828751319043
1443084298349801473
1443084427756597249
1443084810688237573
1443085179476529156
1443085343289319427
1443085830680055810
1443086243252768768
1443086688440385537
1443086857114292227
1443087735963537409
1443087981305217024
1443088037492117505
1443088064264376325
1443088109395058689
1443088260473896960
1443088316237160448
1443088470440759296
1443088535670575106
1443088589022056450
1443088933441585152
1443089060713549826
1443089601233518592
1443089627078795268
1443089636784422913
1443089729826615301
1443089788551131137
1443090629878169602
1443091272596537344
1443091416075231236
1443091424627490819
1443091431489347585
1443091813187866625
1443091867394981892
1443092096856969219
1443092216272936961
1443092252960575490
1443092854683750412
1443092996929454083
1443093183982940160
1443093203821813763
1443093591736258563
1443093712955797505
1443093979323535362
1443094662000955394
1443094765080252419
1443095554246938624
1443095842605256707
1443096046356217858
1443096291240656899
1443096898898857986
1443096957111603202
1443097363711594502
1443097654934728712
1443097853262393349
1443097914616606722
1443098370923393028
1443098896301842437
1443099762622828544
1443099907582214145
1443100241935273986
1443100348940374018
1443101296320413699
1443101678882852864
1443101767286231043
1443102195381989376
1443102290936623104
1443102428912517129
1443102503277502467
1443102569308459008
1443103046490148866
1443103181727092738
1443103190497460227
1443104033464414214
1443105700318642176
1443106071153819649
1443106098207027200
1443106297717530631
1443106546766864387
1443106635338059776
1443106711305216021
1443106749800542208
1443106842477957120
1443107045020942337
1443107345614073859
1443107494457270277
1443107578783748098
1443107928437780482
1443108013183803393
1443108342704926720
1443108363420639234
1443108483398705156
1443108682594664455
1443108753071476739
1443108772075900928
1443109071796666374
1443109154571239429
1443109493240320000
1443109496348307459
1443109764620292105
1443109875446272002
1443110123765833732
1443110143202189314
1443110244729589763
1443110276430135296
1443110566063607808
1443110798423826437
1443110944133976068
1443111207922069505
1443111400335839233
1443111482170822661
1443111639079739393
1443111793790836740
1443112129695936512
1443112232267567107
1443112526669963266
1443112724070690816
1443112820862685190
1443112974793592833
1443113024533909506
1443113154850951172
1443113486775578625
1443113661657083907
1443113815520931841
1443114346024869888
1443114515634163712
1443114606096891904
1443114674929627140
1443114758006198275
1443114827635777544
1443115006988468225
1443115030279430144
1443115217123115008
1443115263931531266
1443115602608996353
1443116056848044032
1443116126540472322
1443116157553152000
1443116665600811008
1443117015871352832
1443117153251577861
1443117280032788482
1443117650863792130
1443117828647751686
1443117952392302598
1443118274955206656
1443118890876223489
1443119230044360704
1443119432511877125
1443119873589071874
1443120486460923906
1443120521348988929
1443120816317632514
1443121112880087040
1443121572919726080
1443121645049184258
1443121697792540676
1443121927980077061
1443122225649909760
1443122465178279939
1443122734574145537
1443122802119221251
1443123287744151552
1443123343079591937
1443123874011353089
1443123880911007745
1443124266782707716
1443124416372637696
1443124444948357132
1443124474107236352
1443124687496695814
1443125219539832836
1443125311369973761
1443126159873495040
1443126819092262917
1443127074726678528
1443127101670838273
1443127941488168963
1443128094324187137
1443128378467360770
1443128504342626304
1443128545631358982
1443129185875021827
1443129879424221190
1443130168969555972
1443130223139037184
1443130389308968960
1443130456325509124
1443130462600372225
1443130466639491080
1443130464810721283
1443130654149935104
1443130695203778561
1443130763340247049
1443130884476055552
1443131150583549952
1443131210901774337
1443131424589103107
1443131668634628105
1443132085506433025
1443132619802091521
1443133089085939715
1443133376370774019
1443133712783216640
1443133781049630724
1443134062844014593
1443134212232466437
1443134307929714691
1443134421930971147
1443134705587474433
1443135215912689672
1443135298192359428
1443135428572286978
1443135473753329669
1443135704201105409
1443135715122954244
1443135736232898565
1443135800816791554
1443135823788998656
1443136152492404739
1443136339155640327
1443136369748963330
1443136388296110080
1443136517904293888
1443136538326491139
1443136615740698624
1443136694757126149
1443136858104336386
1443137019715088384
1443137074324930562
1443137104381288449
1443137182521180167
1443137256126959616
1443137392429318144
1443137412461314048
1443137509660114944
1443137559253585921
1443137618670022659
1443137636529442816
1443138062490353671
1443138272079724545
1443138298881331206
1443138330586087424
1443138668466622468
1443138843218165762
1443138866626514944
1443138911153184768
1443138935383728131
1443139575963013121
1443139633181720578
1443139686873010182
1443139724567203842
1443139837737922561
1443140316874170368
1443140325543841793
1443141477165531138
1443141617645355009
1443142005916200962
1443142253711663109
1443142527872233477
1443142537003212802
1443142804570468354
1443143377575284741
1443143684090859520
1443143889880170503
1443144371310710785
1443144399009947649
1443144491674660870
1443144796311228421
1443145717111930881
1443146169584996352
1443146189814185986
1443146670066188294
1443146751079108609
1443146772021329923
1443147205213233158
1443147214117769218
1443147506985046016
1443147504682356737
1443147575029157896
1443147741777911811
1443147901308313603
1443148273875775490
1443148714734804998
1443149376331796482
1443149439820992514
1443149973491617799
1443150056241070084
1443150066957512706
1443150071281770499
1443150250982592516
1443150802529361923
1443151071594037248
1443151314494451712
1443151412586631169
1443151737682948098
1443151754292461568
1443151933674565636
1443152193876496384
1443152910850748416
1443152998708826113
1443153106737324035
1443153133660606472
1443153151914217476
1443153720754073603
1443154041089839104
1443154106177056772
1443154223332409345
1443154414810714122
1443154446419066886
1443154789412392961
1443155110478036995
1443155312836427776
1443155314195382278
1443155572845469705
1443155578465886210
1443155844460285954
1443156480144773125
1443156718096056320
1443156977715007492
1443157045998350338
1443157197786025989
1443157424483934209
1443157683238891530
1443157810586521603
1443158158751387649
1443158505603538951
1443158606698856454
1443158671182098433
1443158749238022146
1443158846944407555
1443159027823697926
1443159251728297989
1443159650845691904
1443159842940620800
1443159912817651718
1443159973471539204
1443160196952383488
1443160431418220544
1443161014027964418
1443161037469995013
1443161129681768452
1443161133968281603
1443161408917573640
1443161522339921926
1443161646289997825
1443161672227561474
1443161835524407300
1443161958933360650
1443162074964627463
1443162192069545991
1443162268598878214
1443162739799572485
1443162826818797572
1443162882527535109
1443163317434867721
1443163561824374790
1443163887432577027
1443163889496035340
1443163900933926912
1443163900304789507
1443164009713180674
1443164027320823812
1443164566829944832
1443165104648773637
1443165298387939336
1443165681889857540
1443165994353000448
1443166058899144706
1443166198489698311
1443166543840362501
1443166799705427973
1443166859172343809
1443168685749784579
1443168751784919041
1443168797410480133
1443169128026546177
1443169333463564289
1443169339302023169
1443169354271498241
1443169413251796992
1443169517169905669
1443169522383425538
1443169530985938948
1443169801824653312
1443169807927414788
1443170035057364996
1443170115437010950
1443170727167860742
1443170767785512969
1443171066671624199
1443171085684510721
1443171273060749312
1443171643296075776
1443171772329717770
1443171830693462018
1443172139201228804
1443172542575890438
1443172594648186881
1443172677548609539
1443172713581875209
1443172722691829760
1443172732422680579
1443173046894796812
1443173261232144387
1443173302676045824
1443173341708238852
1443173562945179649
1443173665756045314
1443173778461114370
1443173819317772288
1443173882291052546
1443173944576512008
1443174035962032132
1443174061354278914
1443174212261138432
1443174326392393730
1443174445401608201
1443174539928559619
1443174930963570689
1443175084449927171
1443175291577245698
1443175299462545409
1443175375098417155
1443175636688728070
1443176176189538308
1443176184594911237
1443176527894511617
1443177094985355271
1443177348694634503
1443177454126780417
1443177774575849478
1443178196036325377
1443178700422275073
1443178716591378435
1443179162303299585
1443179289524899841
1443180276536938499
1443180408695230466
1443180564324892676
1443180668196843524
1443181302841102337
1443181511226712065
1443181591673524227
1443181778496196609
1443181803750125568
1443181948759801856
1443182265110986755
1443182302524182535
1443182497420890117
1443182525052948489
1443182568644374533
1443182657404211203
1443182696369299469
1443182719987425282
1443182947750727690
1443183192333189121
1443183299044655106
1443183717929795586
1443183863715536898
1443184038504665088
1443184059660730376
1443184432966299657
1443184447168319491
1443184784293851141
1443184855341142017
1443184972949454856
1443185127450836993
1443185189568462852
1443185322922164224
1443185382435135493
1443185435878907904
1443185507672813570
1443185819062210561
1443185891644637187
1443186010355953664
1443186148319186946
1443186281677131776
1443186880439218190
1443186898218864648
1443187076397092867
1443187107506241538
1443187184358494208
1443187195922190340
1443187329829511174
1443187687276486657
1443187819107680258
1443187876057939974
1443187905472598016
1443187930118295556
1443187938552991747
1443188232972169218
1443188546668355599
1443188737375014915
1443189609274429450
1443189771757445126
1443190276659429382
1443190509455876103
1443190569065332740
1443190587482468353
1443190725307355136
1443191018812104708
1443191113871888390
1443191180284477440
1443191398178590721
1443191410132357121
1443191541825097730
1443192003638935558
1443192033884053510
1443192107124989952
1443192168659652612
1443192278571368453
1443192316915695622
1443192377263284226
1443192441662689280
1443192672785555457
1443193369472106499
1443193415546511363
1443193634275225604
1443193639992127496
1443193727715926024
1443193859572318211
1443193910453366784
1443193917264957440
1443194259948007424
1443194477892423685
1443194521886420995
1443194559941394433
1443195050783956993
1443195137551585282
1443195408679780358
1443195560488419333
1443195621846913024
1443195781918298112
1443195808392826883
1443196029877174274
1443196073128775691
1443196492169166851
1443196796268806145
1443197004222328835
1443197085541535744
1443197501570367490
1443197556901629952
1443197747914444805
1443197865308745734
1443197960263700485
1443198176031170560
1443198475655532544
1443198534879043592
1443198550293114882
1443198680404840453
1443198879055458309
1443199149877329926
1443199265879199745
1443199365640691717
1443199628304814086
1443199821704151042
1443200086926761995
1443200198528811013
1443200206737068038
1443200262852603913
1443200442385649666
1443200459267739648
1443200736234401793
1443200855860137988
1443200864060010504
1443201046948372485
1443201162933456900
1443201769249464322
1443202269818724355
1443202494771826695
1443202606721945601
1443202648631508996
1443202703824338951
1443202787215495171
1443202954777882628
1443202984360304642
1443203017344356361
1443203159988396035
1443203651644768259
1443203709916225543
1443203818192191489
1443203855404044289
1443203922596753410
1443204105728524289
1443204111185309699
1443204528879259654
1443204606641819655
1443204660274229250
1443204905607446538
1443204982535196674
1443204984615567370
1443205087233413124
1443205139653820421
1443205719885377538
1443206428068511747
1443206580711743494
1443206700794744834
1443206858500567043
1443206889790009344
1443207149614628868
1443207840672276481
1443208022273105929
1443208210358231042
1443208322165850115
1443208422682337284
1443208462524194823
1443208488247709702
1443208539908968449
1443208799410548740
1443208876241735684
1443208880683511818
1443208981577486341
1443209012934164480
1443209274646138883
1443209498638917634
1443209563709186052
1443209583707656194
1443209721356247040
1443210015221948428
1443210208906387460
1443210224081387524
1443210316486115328
1443210486770774023
1443210706103402496
1443210906226204676
1443211359080960001
1443211391721115655
1443211729270231048
1443212072922140675
1443212256695623687
1443212302635790337
1443212604147572736
1443212625458786317
1443212760959971337
1443212802076733446
1443213026593701893
1443213110962102273
1443213174522540036
1443213378499928071
1443213673384722432
1443213829073031170
1443214013911891970
1443214512451059719
1443215245560795140
1443215461160681474
1443215719848501250
1443215947272130574
1443216437040992259
1443216558646386689
1443216558520557572
1443216563394416641
1443216565818724362
1443216645447512064
1443216726821257218
1443217689443328004
1443217746666266628
1443217870637338630
1443218465779687429
1443218490307973122
1443218731136552964
1443218792968953860
1443218842050707457
1443219210746744836
1443219384235823104
1443219520617807872
1443219663182176256
1443220284509589508
1443220600864919552
1443220795698810881
1443221224029515777
1443221231004651521
1443221234368409602
1443221301607297029
1443221625399250952
1443222191277969411
1443222497860673545
1443222623266099206
1443222915168620548
1443223087600730113
1443223233495396354
1443223693514084352
1443223832911773701
1443223870702374913
1443223932685807621
1443224232654094337
1443224366334971904
1443224433192144896
1443224536955060228
1443224597533392909
1443224844607242241
1443225560876941312
1443225572344143876
1443225580560785408
1443225662597124103
1443225671006711815
1443225669157097474
1443225684512423948
1443226197714817026
1443226269089296386
1443226329843789830
1443226380330618880
1443226552532029440
1443226740726243342
1443226758245875714
1443226817502986244
1443226839397257217
1443226993835737092
1443227047686406145
1443227352020914180
1443227369330806791
1443227372489043972
1443227412129480704
1443227507113619456
1443227753390620675
1443227754820894721
1443228059843313665
1443228080441491458
1443228173169168389
1443228757246943236
1443229601501638657
1443229728328982531
1443229945795276807
1443230315623841792
1443230341448171522
1443230575330955271
1443230657723789315
1443230855325908994
1443231635336425475
1443231687018565636
1443231813472702465
1443231830036004864
1443231851938672640
1443232004456136711
1443232102363762689
1443232126330048516
1443232155207831553
1443232341376188427
1443232593617424389
1443233108128514048
1443233132329594885
1443233463511908356
1443233506885136387
1443233640935165952
1443233882690637824
1443234003662761988
1443234133774274564
1443234138081796101
1443234141730861056
1443234454554640384
1443234543218028546
1443234626114260993
1443234663506477057
1443234685681758208
1443234759673401354
1443235139270496256
1443235474663895043
1443235492930097153
1443235633950969856
1443235669543833601
1443235796354359298
1443235871054974978
1443236080401084423
1443236090555428864
1443236138236342275
1443236203218673669
1443236406483062787
1443236622665850882
1443236716936982528
1443236760704602112
1443236835296038913
1443236894016348170
1443237195741945858
1443237325010399232
1443237603428294658
1443237613561733120
1443237677067767817
1443237782709698569
1443237860514037760
1443238092136009728
1443238328619335682
1443238464477011971
1443238597373665282
1443238665468133382
1443238939087622144
1443239489405476866
1443239513199812616
1443239781933088772
1443240056693526530
1443240334943678464
1443240686405369861
1443240838843174917
1443240856001998851
1443241433721290752
1443241872982376452
1443242789668409351
1443243208662663176
1443243363700908034
1443243374534795265
1443243476565516290
1443243508312141827
1443243643158949891
1443244581684797440
1443244620914171904
1443244650974695430
1443244999018041344
1443246035401265157
1443246182105423872
1443246298400886786
1443246398057508871
1443246766829170688
1443246901332045825
1443247013265502217
1443247484872978433
1443247523456425989
1443247533728227331
1443247707712212992
1443247996947271689
1443248168490057729
1443248595214299139
1443248802282934273
1443248915768176641
1443249115333214209
1443249579592327173
1443249704503062534
1443249828230664197
1443250999066431491
1443252165695270913
1443252345840697344
1443252490028269568
1443252910805053442
1443253912354451458
1443254068969803776
1443254142961532928
1443254281897873412
1443255416092127236
1443256467750981634
1443256906529718272
1443257529060843529
1443259373933895682
1443259386055434241
1443259571863121924
1443259608399712257
1443260043235782659
1443260042493366272
1443260500939194376
1443261601079967744
1443261924129402883
1443262196197199873
1443262286160797699
1443262583331385345
1443263884744220675
1443264585947963400
1443266785751359488
1443267053230583812
1443267558862299136
1443267714592620545
1443269002604650498
1443269900089233409
1443270378491580417
1443270932512923648
1443270954000568327
1443271725144150016
1443272050705981442
1443273587012485120
1443274106896408576
1443274574934597634
1443275441243140096
1443276193717911553
1443276564427259905
1443277091999404033
1443277098580201473
1443277132306604034
1443277190724915200
1443281437927493633
1443281959245922304
1443282368161202176
1443284297893310467
1443285874075078656
1443287354794332166
1443287673599299584
1443287936003293184
1443288354359898113
1443288702491451412
1443289900523024385
1443290671155187718
1443290713345576961
1443293022880415749
1443296127864872961
1443296811200954371
1443299374784733201
1443300331404681217
1443301974124875777
1443302184859234309
1443303099683131393
1443303860290818049
1443303914107858947
1443304105103925249
1443304216395534336
1443305581796810753
1443305664697159680
1443305941043134466
1443307798360592385
1443307870347403271
1443308276792315917
1443309131759190018
1443311473862664194
1443313049562075136
1443313371802001409
1443316069356220421
1443320647841550339
1443320721854251009
1443320781723766787
1443320827286487040
1443321951364079618
1443331597789384705
1443332073272459267
1443332076879577092
1443332783108079616
1443332980617859075
1443334047078436865
1443337463104081923
1443338186063679489
1443338361914101762
1443339917111672832
1443340193566625793
1443341721895538697
1443343834553847811
1443344129795055620
1443345164857057289
1443345775623237636
1443345861581459470
1443345893911142406
1443345999334805507
1443346246194712580
1443349787827261446
1443349789622497281
1443349826842738689
1443349877497368577
1443349936674729984
1443350205944918024
1443350481363877894
1443350763799912448
1443350944498925575
1443351054943326216
1443351283776176132
1443352160691888128
1443352323590295553
1443352892815986691
1443352957496348673
1443353885691711489
1443354695997796355
1443354796073779201
1443355489207681024
1443355587874463744
1443355652496105472
1443355660318433284
1443355675019538435
1443355942830030851
1443356541776707590
1443356931142213633
1443356934766088194
1443357686385364995
1443358024169447428
1443358282714734593
1443358609161789441
1443358733791154184
1443358942436814852
1443359251716460546
1443359565966462983
1443359674842198016
1443359869407350787
1443360028732248064
1443360256088629251
1443361424504332292
1443361610764935169
1443362313772228608
1443362712495398913
1443363816687869962
1443363818021613568
1443364479496966146
1443364720438775808
1443364963301543937