1454833444400209922
1435439310778421250
1465102663255617537
1442688681643425800
1450820113020559368
1441266562271354884
1455783029624827907
1468586758648385547
1465377280302018563
1439819033075863552
1445656734010204161
1459412558037667844
1467685400642654208
1468809650183163906
1465142585899438082
1468397410984595457
1439509498234687490
1464835278271483911
1449252485936259076
1445992847556038663
1455668550555758595
1465900879475740677
1443439671590092800
1456083741743353857
1458697200058257408
1469605989833863171
1443656253750710277
1439153478484566018
1461389512559317005
1439783384834740226
1448532728081620993
1455378674212130821
1465472552155770885
1439506602738995202
1451080949802749955
1467337666756710405
1454805945796612101
1464007636270010368
1446388229813379073
1438113976605237248
1446329744845201412
1441680973125488641
1455139889083731974
1445322321498148868
1462618789447561220
1447780509283590146
1467437955945959426
1464979919880933379
1450358211937062920
1435112053786644484
1434721426666233857
1434902358526287877
1434526534908350466
1434939712209256448
1434106601359609863
1435575391972782080
1435942447373172741
1436737770043502596
1436621475285372928
1436571550589898753
1438100029072281604
1437736036763934725
1437415132699631618
1436377158897717248
1436123679637716994
1436925596848644097
1438066544982958082
1437426255876472838
1436536130053099521
1438469528455827459
1438450105493848068
1436140487073677321
1439043076270419970
1439037383559634945
1436553314271776768
1438882326717480968
1438701316541333504
1438683999589699585
1438293862125027331
1438694911428030465
1437966278988206083
1436848233880297476
1437758014455382027
1439044146572840963
1438847176113672198
1438698151423082500
1438098388541530117
1438708688219361281
1436300713714278404
1438306841604210691
1439040599257014272
1438704514047954949
1438818412705189889
1438996100082376704
1439763753692712967
1439315604914069506
1439268794145202186
1439212202074935304
1439147475474927619
1439087366010900482
1439798303269351429
1439214157958565889
1440255914427105287
1440189054226624513
1440155150681665537
1438457017656438791
1438423889923624964
1435892791050006529
1438059497319124992
1437612005972602883
1438979070675406849
1438784089390084105
1438151109319688194
1438100882105663490
1437794659804192768
1438878603299622914
1439059927297785856
1439212395159687168
1439778002091462656
1439777471549767682
1439262120562999298
1439408076562468867
1439075427436220418
1439226567218008069
1439555154135580673
1439470413868797954
1439961791467978753
1439983129117138951
1440983859080822796
1440556795731210247
1440872579246346240
1440663835115810827
1440693869939605510
1440679422722383872
1440870601736916998
1440870247951601670
1440602460611956750
1441937995330846725
1441702408992669698
1441729944657092612
1441431449320652802
1441577213418082310
1441624621401325573
1441712653106176000
1442045093452472327
1441760387221782532
1442425801408868358
1442456584219623434
1442341434242179080
1442399091397255176
1442325789194612748
1443522579654868993
1443045886964101124
1443451373635260418
1461288901645979649
1442670718869651460
1442871704498307077
1442891923992166411
1443236894016348170
1443152910850748416
1444171238021074955
1442365706276786178
1444167932410417152
1444164740746383373
1444090917577637893
1443807257750163458
1443953804290842632
1467324227271331844
1445283846295998466
1445564623453704195
1445710269749940225
1445709928388182023
1445680264621932558
1444228980530298884
1444713277385175041
1444710080943853572
1444707303064694789
1444704692118822913
1444936629127299076
1444901309300178946
1444950469395337223
1445277578864979970
1447031733224820739
1446812412858945544
1446871929697148931
1446781218951892992
1446323151265153029
1446488560907866115
1461663461138571272
1438830122094628870
1450752232090062853
1446350819951972352
1436257193062330373
1450690831740858373
1436178721136726019
1452233956548648970
1452277422590767114
1452444390044045312
1459489584903950340
1443444634403753984
1467466442656284672
1467716563650297859
1467156909530566659
1446266884656013313
1440631112619814914
1445301003440377861
1469475130912886785
1468603784527974401
1435602831847739400
1446481326597574657
1435909619138789376
1448881387306512389
1469631606105247747
1456052245775060992
1469591113396748293
1454744806551277575
1443032364955750401
1456761496378109952
1454159872514093059
1465477857392533505
1446825748493340680
1462458941028274178
1465228595622645762
1459172177429680128
1460600521782226945
1457370844473163785
1450105753285529602
1457546624704544772
1446063371816603651
1440931295693983753
1441442401248104458
1461256087244443654
1457695071705317385
1439019610548826116
1445560242402562063
1466448097215541253
1452621573022650370
1469355352147726336
1466652262621585412
1448885861970374664
1450632334080765953
1449906311852748803
1453779735465500687
1448646496698601484
1448186582805008384
1442842004577087499
1459173943324000260
1456297587045138437
1454751371790405643
1438161673169166338
1440254047827595270
1465568779430027271
1435558530447069187
1447419558994726917
1443733555033489414
1440611939596468231
1439245760281788418
1468500074544046080
1465131990085107713
1458339028076429316
1436880498064769029
1441727339616825350
1447127827011104771
1443240056693526530
1455106467208437760
1438870035263410178
1446472331006668807
1442003958487138304
1445288408616632327
1450809592036745226
1451546019930390533
1448899750737027077
1441788339749748737
1447953445403586562
1469593871499755520
1458254308512657413
1459313527861440513
1448619500136386563
1449051625910194176
1440968606318092289
1444875196960153605
1463781102653374466
1449001487238000642
1444225953492713477
1456431762519691265
1453989937158627331
1441874018894696451
1442234777105428485
1448997834280222723
1461516672523649026
1447190192582901760
1468252198853234691
1448092035689422850
1447081589423296512
1454077562741690379
1445227819294814208
1446677920299188224
1456098876809572358
1457638818220163076
1441639120665645058
1463315235259904003
1437775608772190222
1455509510169120768
1448649968089063430
1440563388631842823
1456695572581142529
1443136152492404739
1444869888971980806
1444951769440657416
1454001101636714496
1450109135911931917
1458356006975533057
1439570661194670084
1444835672758501382
1447521653722779654
1467422432843685890
1447911767883931650
1435059379447894017
1468561836970680321
1464911885380190210
1464801295395483650
1453889626452549634
1439935147239829510
1447197818133762048
1461723056750018560
1440255911994413067
1455395596273999876
1441980928645951493
1438850545322799108
1441371847115816960
1439886951448920072
1458372610325024769
1450072694544691210
1445379717834493956
1437044813514219520
1437688064990539780
1440298717005770755
1452052880878456832
1463037933334642696
1447550630164262917
1461562962951303172
1460814784325046276
1460493469630152710
1454968593901252612
1442108001716826112
1468016858859450371
1447150897931247621
1461493587648995332
1448581162146811911
1442373206829002757
1448097812676239371
1460940805166833665
1463838808969936901
1444239585018449924
1457573610500022274
1462411206975574020
1445399400528990211
1461527683481812993
1440996913554153480
1462779547649150979
1449989796265283584
1450751640558993420
1465665399152730113
1449963824702902272
1433421275951599618
1464847506655760386
1466623153690472452
1438379543715213318
1462690023635968006
1463894751787184138
1463692722137493509
1461195555665690627
1449949352709943299
1456282984370163723
1458377840659812355
1446472801397854213
1462793110874845189
1451175784769486849
1455134458181423106
1449958051453095940
1457587876523167745
1460047380296790018
1459374506204491778
1444151003436044290
1463331537454186499
1437843476159209473
1446643731478704128
1465917001088454660
1458682180033519617
1444904259019890689
1458812322068123658
1442814757862461440
1441381751222272009
1460548264294371339
1441387399074902029
1438841635928895499
1459398424797741057
1469162384610643969
1446699796757164032
1439177024774414342
1439424138309898245
1448238504555646977
1461674435744710671
1444144986065276929
1451776949810991107
1446870511955238915
1460812829695508486
1434878630690111488
1449716156181331970
1453180138611298306
1461239822790500353
1463332651784278017
1469160617751695363
1468039736522469377
1464280755568197635
1440594848776536068
1456875977649242112
1469185965109362689
1444968939738439681
1464581582530899971
1438150761834180611
1448978843436421131
1452481703222525955
1447721077447168004
1454085226917863429
1450089086098624522
1466259997805871104
1460067203345125377
1448084466564538371
1468127434247577603
1438136132206678018
1449519310569762817
1440956431734349824
1440657313044439042
1458001178487259139
1449755817910026248
1467156140161060865
1464452529383612419
1464937933379489792
1469612913631510531
1468820738601734146
1449358879825956867
1462607117311885312
1456437558565507075
1453924781179297795
1467342267971162119
1463026272188059651
1451134289555324929
1449224528966537216
1448502296074067971
1453356606259798031
1456425443377041416
1465259434062450692
1463876652946001923
1469541771973595138
1449185115045720066
1441361467425447942
1469563715179581447
1458353936105021441
1451090319382958081
1452519754875342851
1449698598900305924
1469198535698440196
1463868677267226630
1455580379222462466
1462277260585496583
1442863647894556673
1467516430165819393
1442998844422193153
1441023877908348931
1454262360697303046
1447107212703252481
1449371877927911427
1438518427254071304
1446303599244439553
1446748176598253569
1443093979323535362
1456933676013408259
1467834427942133765
1443234138081796101
1466997125527801856
1443472626228203521
1462604510958964742
1445699849408552966
1440593906157031432
1440941018753417218
1438482151301808128
1440001688018964482
1456801283512229890
1453746481685352458
1453325307281227779
1439024293325643778
1449292628558712832
1460607410209374209
1462217900861784064
1455818230749011971
1443142537003212802
1449363829452775425
1463511964051644416
1458325528880893952
1443439140813426689
1442092842755653635
1446422023643693059
1455376424089628674
1468564712174469124
1454153582295404544
1460253676581244932
1442135190428553228
1452892154859196416
1466517411364884481
1453361560609378317
1467847027157393412
1463514347112521729
1465687647553159174
1465235579797340167
1451055814458822659
1459077865878605825
1468800876789714945
1466228664001986563
1450768007878168579
1464414507082543110
1445363997532835840
1436674266389356555
1464071808525606917
1451023868311728130
1463820651517689858
1459728386658476033
1437939724899926019
1453222900354326529
1455129682236489733
1438327022543986688
1450433666757185537
1460453529932296200
1439471407209975815
1444109824803762176
1468611740975828993
1453278450119168000
1465576527483969539
1450323376984113157
1440569385458884610
1469309837611659269
1450319992126271489
1464429243622993920
1453220037993566210
1452982419846352903
1465138092910977024
1453254755652972546
1467678151236997120
1451070759460225025
1456077470667468800
1441373290669375488
1461997548995026944
1467493538883465219
1448567599260864512
1465898798354370566
1466805648990126082
1451449788818358276
1456413871334309888
1447405814856044547
1460407748621860865
1469514086991937539
1462240383056764930
1446461053143973891
1463708516619669510
1469660450891517952
1469315941884317696
1451731376969961473
1462673544572145664
1444978409315074051
1438356416952078336
1433624234123694088
1465881845002752002
1449739779315208194
1446836260195082241
1463332132185509890
1441992923294277637
1451082076535459842
1461153967820324869
1437993974162022400
1448864860687650821
1451780628710526979
1440553565517275137
1462594718831820801
1469659641634168832
1443147205213233158
1466204139046670336
1447029682788921344
1459415837295538179
1457549407834935296
1469271156037500931
1460222101692895242
1460559691747110913
1463405961217916928
1438456628408320006
1451700867715919875
1456850448258932740
1452076691778523141
1452476530509049856
1443070532165980161
1443161129547567106
1443025233666101256
1451067931622666242
1443448267027587077
1446024222472429568
1469635420577165313
1455389161817456641
1452493205660860418
1441278056891498499
1452468867645640709
1449994473765687298
1435187783786647552
1440156351771017223
1438307059976454145
1466634395754721284
1468071772398387203
1444122232217739265
1450448871830605824
1454470851915550729
1442869711599923205
1439244060804325376
1439592121623715845
1453324431489581063
1451550108210778119
1438474396444729348
1446853909373358084
1469176039528022017
1457555781427945473
1449854568133632000
1437049318452518923
1463010131302617089
1443088064264376325
1451353187013771272
1459694597227962370
1450758712751112198
1463816606262259719
1469523864220672001
1455740807470845961
1463076185986846720
1462986602955689987
1466961124708872195
1442446450592399369
1466813030084145153
1461182886749655044
1448137757008687105
1463856458005565449
1460617013341011969
1449547501128851467
1455804755255562250
1456548300421664776
1462077444899311616
1452166134875049986
1439443376672182273
1466934775617245184
1448165883847720962
1455797221199335425
1448582051553103874
1461288177319165952
1440981528389902342
1446751650824269827
1459437321741221890
1461923685699227652
1468949501876396035
1466384971736633344
1461706676772298762
1446320394625900548
1451866315510063109
1440993421347352584
1437390504455405573
1452418770266247170
1451902593962332160
1468852813056806913
1449198717089685505
1448876496781672453
1468565430545510400
1439116875204415488
1455467941290467330
1468751048508686337
1443952493562527747
1453698248879718407
1466571399699390464
1445239372538793993
1441775028023005186
1443472157791571969
1456735011210764298
1436603847686844422
1449208687692693504
1465323383738961923
1439825273956954112
1467324127077814273
1454010115523170306
1437655498656862209
1440283427790475264
1456686905303736327
1465853668884766720
1459172511959052293
1446471843020361740
1464159735641370624
1465850131786338306
1466317629455429632
1465538831055155205
1444862364050878467
1439809995562885123
1457115475322671109
1464418721586319367
1442770460446375941
1444837172914364417
1436246663056830470
1435967541780770823
1462956970969763840
1462631684193533953
1461614526869082113
1450077726354911236
1433277956340674563
1441366527815524352
1441376665146314758
1446704656759996420
1469092250911137797
1466018205764251650
1437277056153260036
1446691904465240072
1444906712327081988
1446280298476408832
1462945377313693700
1438359954168057859
1439936080577327113
1464031882597711873
1440352938283585556
1464325113872928770
1441205157421748229
1447892729246015493
1450100561341079565
1469589144938553345
1439972467716411400
1454759386782437376
1441754097066004480
1455050412994678786
1442894050290388994
1440837518249791502
1438344019851894791
1442319408227971072
1454753927757320196
1446664520848461828
1463089284349530113
1452500716497604614
1440826500391915520
1452577897328222220
1443858435574050821
1455454375657328641
1440885546289483782
1437307555563196417
1449924034812989443
1462217753109032960
1451214126248710147
1461682950735495168
1467018612070236163
1456541809946075137
1454856999619862528
1445226656306585603
1438607693627854850
1460220335333076996
1448505693300871168
1458277309979381762
1450666256894365702
1442383608740675587
1457951585460490248
1456264337069203483
1462990982878674945
1460836354779197452
1449399638054694916
1449192906036707330
1438114268285583361
1448979651800432642
1448970358384586754
1445766376790978579
1447780020563296258
1435468337388023808
1462589603265716226
1439518185389105153
1454367480567279616
1456445226235543555
1440216243290607616
1468497616052932609
1448698609097056260
1462057226453938178
1440515386311467009
1455709292368052224
1443776481226756115
1462597184977715206
1459106702356221952
1455356763230769156
1463415548792827907
1460403311828353025
1458378682804940802
1463714813104717828
1463531410958925829
1466715382073348097
1466734228536631301
1466674297808637955
1465922356530974721
1453933179421663233
1453894255366184963
1469648854031106052
1439928919235313669
1451009261899685892
1467777712190156801
1460070178633306115
1460936096867446789
1459029432585228289
1465914802669113347
1467041405910814721
1448921292946612224
1446782339254652935
1462787930129256449
1457296833382805507
1453916316683829249
1453282224804147204
1459850225632169984
1453583971535577090
1452553116780433409
1450103340000448513
1450823424796889094
1458419855913226242
1452076748628107267
1468764094412976130
1441727986256912388
1438539930804764683
1447400649432305669
1451746851141545988
1468830182765051907
1440153381130018818
1439766186690973697
1465133762698625026
1461149946376167426
1455367849002872840
1462951044502020096
1461484365511376898
1469096752103903233
1466904569036693504
1447013588586020865
1452775189188468738
1450255251588616197
1468563027263848449
1445665091202936833
1443929543354376202
1468503422890491904
1439619987237265415
1458072915862192139
1438061631200587777
1454055465344651270
1469590504622940164
1468595903510441985
1459410368766230531
1459691170695503873
1457157397231800323
1456226229229477889
1438518954398339076
1438391498307878919
1468162220857061378
1463431346227793927
1444954355149381635
1436173646456713230
1458457974561665026
1457264269922242564
1465294513363034114
1442763040735170562
1439476659363532802
1460986283459690496
1454322412506402821
1458251420046483458
1454278317855502341
1445310178606206979
1467766427994116100
1455438705355677698
1447863013214613506
1446675500663930882
1439852548106571776
1442040327557169152
1468518940548554756
1469529748548116486
1434755309717757955
1439004823886569472
1466633461528096769
1437029386193039368
1439041131849781249
1457903323588202497
1455101253294247936
1460605535577796609
1454362295333572611
1458287173694734340
1453636129723338758
1438359268533497857
1438740002481991684
1441610491202203650
1454415218851807233
1450807959265574913
1447545710312779780
1438170753913004036
1442508244618858501
1455866953193517056
1455883785082269699
1456075837128597508
1455972043007143938
1456063526267719682
1456087877582872595
1454446785582157835
1438515333837385746
1438098748396105729
1440945026758897669
1441669751562924034
1456441134754922504
1468431008919801859
1454802802392190986
1454783627120680970
1465957532187316228
1453232333562204167
1440983738121400321
1468022392043626496
1468758601275961348
1441580830401253378
1440242199757680641
1454678361112940548
1443397358071390211
1453699066408304642
1453668929813970945
1442382916315533312
1458626777350225920
1459108944505233418
1442341874480541707
1454013478641958922
1463859766954840070
1451092581404659714
1456877655987392512
1438808207544127489
1447154743629938689
1452483939059314699
1442671048709718025
1441376788047745034
1441182925630808073
1463726474008023040
1468066646216511488
1447117574982946821
1435950179564363781
1465259783410237444
1456576314240995339
1440153611275702279
1453956358600986628
1446167210439811085
1454663000866971654
1465277557805240321
1467151080370888706
1451019391303225347
1465190014216642564
1460538783649001479
1446674561508904965
1469682685912125440
1455202626312626183
1468975631123685382
1468472401679695872
1468472407488827393
1458422270624296961
1462592523839291393
1439423470060720130
1465284206502764550
1447964157525905409
1457600684077895681
1458128856267718659
1455032475621543939
1445025360714743813
1439642941681668097
1455335868252639232
1439146482888704004
1444637761126862855
1444910109868519427
1454069296020086789
1448999500006060037
1464402720849235969
1448910299478704131
1440951787784007692
1467841666463764485
1441306129577828360
1458680564945342466
1439070147105353734
1464956217793544198
1455556179225047040
1455536978854912005
1461811242360844295
1439981269601816579
1465388746262691850
1445528419706425346
1455403144158998539
1458989152804892675
1443856363717738503
1458077052658143232
1459897014808768516
1456192431657873410
1436283634139295746
1438471805551857665
1455895067407708170
1440606339047116808
1455518620524507139
1446441817164038148
1438824303789633543
1445226745846644737
1463481497529159682
1439202088328695817
1442041096532463622
1458743349943300103
1467838306897444870
1460919359358988290
1451857292211617793
1453373144413081600
1455937990128136198
1455865583648460804
1455432725377126401
1467776814869221379
1460889463635079168
1442382520109002762
1468841345590587393
1469264260903571456
1452909127097745409
1461833543789596678
1444687047747268610
1457708459680432129
1463286225993797637
1468100787901546498
1448357077739474945
1444266302198009860
1464923139171774470
1441722188285894662
1440852070391713796
1455741335508451335
1458242090043789318
1437005650446327810
1445641927274102792
1455763133620899841
1459663241701826560
1438724438782922756
1465953640095436807
1460527504326725633
1442979514095595523
1444894053728808964
1442481120017145858
1448545942865518597
1465599384012267521
1452860886633238528
1434483349725204482
1466738933820104707
1439140206649634817
1439121832410431493
1438496053687324685
1444884480448032768
1464946654985949187
1439628768566415366
1469722524166488065
1469116571163389952
1440293743211339780
1441351870321098767
1443692809740034049
1446883703272001545
1466648695865184257
1450636162607955969
1464649975246123010
1446816578415304709
1449350712110899200
1443493072025776132
1465190754100203527
1458990220737593348
1464434502281822208
1449678339623374858
1447733199665197056
1438426249043472387
1456175677363802117
1456579081949097984
1456846670470148097
1456893373957099530
1457192093286162439
1457144985287938052
1457357608940032006
1457249360253632512
1457899070488416260
1458232407404912642
1458631514493792262
1458608440608116737
1458464374889218049
1458688648065388544
1459181685883301892
1459355492094857216
1459348997680754690
1459123772095565825
1459526046202486784
1459498581254021126
1459531146899853313
1459562351724617730
1459805099069358084
1459733827098583045
1459926527349444611
1460041433377693698
1459868022710038539
1460106414647435268
1460230553416790018
1460816295650553859
1460880207544340481
1460846510162153475
1461331678891327495
1461539278769385474
1461520338970288128
1461360683992248323
1461913315303559179
1462027565946716162
1462052475146436609
1462044827432873995
1462567581353533443
1462406952177127427
1462435205944262659
1462786908333887488
1462785794284818432
1462973992139059206
1462750723259596803
1462980808868651013
1463018714064904201
1463332426214633473
1463140297085358089
1463695210207010816
1463649076629565442
1464387988893278210
1464116398074908672
1464189921271287812
1464611095352516610
1465148789010812930
1465021290717147140
1465142434325622787
1465227833584730113
1464068498577973250
1464067520680239115
1464049007555006468
1465907621177614337
1466281482968702981
1466268595571212290
1466560755969699840
1466620779257233416
1466641472900325380
1466662183404593156
1466948182743547908
1466943460645093377
1466699941707870208
1466951457479880706
1467184781251145728
1467150313853382662
1467095494304272384
1467032844283219972
1466990111061516290
1467106987322187781
1466637524638466053
1466420642102845448
1466686316398059522
1467664127636111362
1467754238667210755
1467988037774675969
1467794702590038016
1467744350620700672
1467718212091473924
1467747186532253699
1468214159678394368
1468129301979615233
1468099067087507456
1468122363166289920
1468534520890605568
1468806252763312128
1468567422932189184
1468812830312779777
1468582686251909121
1468556551405277184
1468858032968798208
1468896375978881024
1468872336405188611
1469121408148119553
1468938475667738625
1468918591261057027
1468883943923412994
1468953668216967174
1468885139916787718
1469167257091809281
1469505899609788416
1469266152266231810
1469201437368324101
1469252516445519873
1469879877142663169
1432969560894816260
1435587482100252681
1436752233048141824
1437010232673071111
1436953643417096193
1437766058081808395
1438123435956211720
1438440304848224269
1438306604345020419
1438417961396711424
1438544998618869769
1438880189174452225
1438752203523592193
1439157327068729356
1439727764756566019
1439570056451538944
1439779494886207492
1439934263135064066
1439989237525319684
1439813873813524484
1440272759586656260
1440206033830363140
1440132852650164224
1441044757858320389
1440830375605850121
1441341643249102848
1441726173625520130
1441590770155196421
1442088595817336832
1442375630947958784
1442314567950876673
1442404906837630978
1442616929743618052
1443482604024446981
1443571319539257345
1443872198087692292
1444100219327500292
1444477799599726592
1445014947495243782
1444937091809349642
1445778926471581700
1445557234780409859
1446518458020106245
1446473208148885515
1446985849904590848
1447187978514694153
1447558630945947655
1447544912161894406
1448304057320284165
1448409869871206407
1448140746393980935
1448500619061334018
1448660697076809728
1448994243662462981
1449382977465581574
1449546458579955712
1449954131985063939
1450058964213895168
1450554160470904833
1450845061369925636
1450844915659784195
1450725315106336769
1450670613215866894
1451140691120123907
1451365006855917574
1451843914143453189
1452088144451411973
1452302460316495872
1452086419262828548
1452845930772779010
1452954355473305600
1453575107327057920
1453663567538917378
1453607473026273281
1453678885543972871
1453923508442918914
1454270256780742658
1454622958014529544
1454895461861560320
1455176415066791943
1455356911784652805
1455505594236878856
1455913285107085320
1455769158403207170
1456062163991289863
1456187967534366722
1456444039360749571
1456481679506247681
1456447297747755010
1456550842551586818
1456577414058811396
1456827929132822530
1457520388456402946
1457639965114855426
1458321197532278786
1458330176140419074
1458319836929425410
1458324497451212804
1458370881890127874
1459074606099144704
1459366889256206340
1460599778857742340
1460569128649977864
1460981202437820416
1461230214227574785
1462371053418663938
1462623851188264965
1462734090034049026
1463543759157686275
1463643980105535494
1463447853821427716
1463747824131067907
1463781515582603268
1463771941286776832
1464158887746048003
1464531098650742788
1465257375288348677
1465671158460649477
1465662344424476673
1466025774964621313
1466318768414486528
1466643287477948417
1466788568764805123
1466674129390604301
1467145981972025347
1466974628757204998
1467330888899842050
1467450395144253447
1467492992433139713
1467808047984623620
1468578989954375683
1468578197621014529
1468581480817258499
1468675890183692289
1468550947399823363
1468961371312119808
1468970509119332355
1469673372917252100
1469678504270729219
1469580887054450689
1433768173283602434
1435625294656798724
1436247970555461636
1436298538019799044
1436828036939141120
1436825732785729536
1437223147464364034
1437272862826528773
1437685514870525952
1437788662985596929
1437595938504073217
1437996915191341058
1437979467310264323
1438194622631591937
1438297110424670208
1438328421495435267
1438300173998825472
1438410181180727299
1438828725122985987
1438977353418375169
1438710386719551492
1438709969314934787
1439266335804981256
1439462683800006656
1439814034249846785
1439864470910558208
1440570879612579843
1440593406036570121
1440521088211951622
1440943261636448260
1441372972258758662
1441337076549505024
1441543841148858370
1441425616847343624
1441744699228708874
1441594215469752322
1442120126208249857
1442396551536513027
1442290441068580864
1442478369828859910
1442714698609164293
1442805133318840321
1442876266206490629
1443404090873049092
1443593067215290370
1443958026612789255
1443779849726824467
1443883375702384643
1444175208496070657
1444100729145229312
1444182259712417793
1444268234140569603
1445352953208971264
1445767355347320838
1445761558567477259
1446347057187332099
1446398998730838016
1447041992622411786
1447085209728413700
1447057536511664128
1447097894587158537
1447895055071539200
1448515197946134529
1448500518548951040
1448630713016729602
1448993938317070336
1449080056228188166
1449059177188319232
1449762801702948864
1449717006685536256
1449935576245813256
1450041246479577093
1450014540163215362
1450816537120575491
1451018363547766785
1452396953929539589
1452099358707503105
1452265769002278919
1452789800927260672
1452972700423503873
1453709198278103053
1454033968920076290
1454027632069074950
1454276606394961923
1454306280009519109
1454311745598623744
1454325244747915265
1454982061672992768
1455021638890647557
1455975419996344327
1455825399586246658
1456059889441116162
1456289045403746311
1457195995528192001
1457152513757499400
1457333397928349700
1457325414557175814
1457920333038555136
1458001066121838598
1458079874984382468
1458449103382216710
1458328924870504451
1458360327200903170
1458373294143328257
1458771497451868162
1459010053546012675
1459046616128651267
1459077646080348164
1459104893885501441
1459162215945158656
1459495478865711112
1459709556276318212
1459692969284419586
1459714719104012288
1460057621168152584
1460545368819593221
1461271014675939329
1461503378358353920
1461577086292746245
1462631145955233792
1462801493967261698
1462955788939325441
1463098398924369923
1463495484014620674
1463424684700045314
1463661623801892868
1464055209106178050
1464574600294002688
1464851753589899264
1465131761541783559
1465605667293597699
1465675287807463428
1465870429290074123
1465963659117490182
1466225606866006019
1466695664193064961
1466721263414484997
1466678742013513728
1467086287421067268
1467052818699751426
1467031854062571522
1467321556174970881
1467403367169339396
1467784859733028864
1468121025560788994
1468102025363660804
1468597190381559817
1468690154961309698
1468508295216254976
1469134109146435584
1469284005019193349
1432992571001696262
1434192975706267653
1433748809645920257
1434846666494930945
1433345321891885056
1433384216381640710
1432953870435504130
1434701198183993346
1433754218137993224
1433556589626081287
1433395365210771462
1432945022874251269
1433419198798065668
1435604925828907008
1435558195963912199
1435180976364163073
1436182876991549442
1436158113913061381
1436536145681080329
1436626523675455488
1436903275778002944
1437378027801878528
1437364075508297733
1437722916490256385
1437613883275964420
1437682600735215623
1438480543298031624
1438398887748767746
1438292599857504258
1438154395422584834
1438425018082344962
1437443228022673415
1438346427973832708
1437997393312501769
1437637075705073669
1436140675351789575
1438861377792352259
1438841639162703883
1438364753525559297
1438817380147236873
1438480193757204481
1438776561495273474
1436277433682984970
1438045318344437760
1438766995533545474
1438750284184842241
1438732593982099463
1438723490123698178
1439795669812793348
1439768975869571074
1439759978424791042
1439143624462061572
1439607823143301123
1439483306538520577
1439146039743635458
1439640216478777348
1439501068577042436
1439794804150321156
1439179198900301824
1439776199627001861
1439477711072731136
1439319720071553024
1439623242939977728
1440243877215027200
1439492411739181065
1440282091317391364
1440215878834950150
1440283845920636938
1440132675226927105
1441345378436009984
1441355232273854465
1441342952769396750
1441340051963580423
1441004728670842888
1440934192372539399
1441004460331831305
1441290472937254920
1441327689302827010
1440845861672525829
1440655989477310468
1441255202707828743
1440899282740015112
1441745551301566469
1441733322850271232
1441689270599622659
1441711133329559554
1441700991833759746
1441566112974397445
1441624295185125377
1441657106352914433
1442111271210344453
1442110400619708416
1442078263686221829
1442074004534149129
1441895690104291336
1441828013524484101
1442098071739924481
1442420406778925056
1442283624078868486
1443162192069545991
1443531366918864900
1443403355225616386
1442976159436873728
1442651711013724163
1443397412890963968
1443166058899144706
1442479933763178499
1443545200597495813
1442709885913690116
1443369373704417280
1443488803377745923
1443960612753588226
1443968979324735492
1444141507355680772
1444172797194891273
1444129106220634112
1444180091219578888
1444132537261981697
1443954956650762246
1443810047033847830
1443770319991279619
1445567591750070286
1445712873682923525
1444887667888439304
1444210325453033476
1445774420069412864
1445711411540201481
1445078475388317703
1444577415716499457
1444510803931983872
1444863803393380355
1445241840890875904
1445405051904827402
1445735563848400911
1445750082658193412
1444841856727015424
1444574927873449984
1445177114223726595
1444874107267391491
1446797660308996099
1446834090540290051
1446480422792167425
1446918824121360385
1446875999233138690
1446413437509140480
1445962073431691268
1445903801026691075
1446437328042356742
1446636559839596555
1446390190751109124
1448128475898867715
1449160455478341634
1449033610640564226
1449033214408867847
1448877402097029125
1448855665187835909
1447391135719038981
1447529081965252614
1447527314028437508
1447420069894508548
1447141171453575186
1449047299393421322
1448999622525943808
1447575727566508039
1447491702520909830
1447114947754819591
1448280927918968835
1448813816779730946
1448610000251748359
1447103605194969089
1449291859289722884
1450157975499206658
1449981410119323649
1450002171668275203
1449968528077979649
1450164723878559745
1449771644466040833
1449594726470995972
1449280044333891594
1451080354975010820
1450753074629210116
1450760820434956300
1450480716735664135
1450480244310228994
1450701267693555716
1450668234340847629
1450356332440088581
1450368181013413888
1451861929249558532
1451416612335013889
1451451140957110277
1452152543505633288
1451131237762883586
1451128446998835201
1451883313535225868
1450023373463953408
1451897064850223106
1453130569219391498
1452812069569400832
1452545691406856195
1453289658171990022
1452828327908192265
1452658230170054656
1453289196379115522
1453235709196881923
1453374322614030340
1453522369343995904
1453401900519329795
1453351976909955073
1453988320766140426
1454629205531054081
1454672245469548554
1454802961943568398
1454869364893646863
1454991455349456901
1454723199153836035
1455198498886803456
1455196314472357891
1455188830730944517
1455148808812175364
1455146402686779394
1455495714209812481
1455613474428493825
1455933396127928331
1455793903341211648
1456149024034025479
1456489011648761862
1456416429075435556
1456293946028482560
1456164467306233864
1456793581054676992
1456810342076411904
1456506185381670914
1456633618411839499
1456864371653545988
1457009503489064963
1457015317125746689
1457515690382946307
1457986023896481794
1457928820997033998
1457700331878449161
1457689452285870081
1458007431099740162
1458266813431574528
1458558837464518656
1458525927793627148
1458388991560982528
1459048128674340868
1459163940676517893
1459322706256564227
1459035122221522945
1459383757127884801
1459368772779712514
1459412897017184263
1459680825385971715
1459446998944272389
1459509942000357376
1459695667782164482
1460091900606627842
1459842470389248000
1459891325768122374
1459845730122682374
1459843455367016452
1460026885706956802
1460155602781421574
1460137994669608965
1460300747623604230
1460253549393154048
1460209851515105281
1460448331319037954
1460450489493983234
1460252969648091141
1460436965489139713
1460609908382994434
1460479166915112963
1460795549506932736
1461278459120873473
1460971511678844934
1461315387878903815
1460937386620178434
1460893591031533569
1460944426943930377
1461211939426607110
1460941866216554500
1460872083710218246
1461325588434538500
1460957790969630720
1461496661725761541
1461874110162604032
1461884920616259585
1461733952683655169
1462242240483393537
1462283164764704771
1461918758704848897
1462316213741047810
1462059576337989639
1462621568492654594
1462347315591757826
1462600466492116996
1462433061006569475
1462390618961813507
1462558820886990854
1462806504784875526
1462772867192406016
1462980606006988801
1462827427260862469
1462981523095752705
1462651075194855425
1462796785487736840
1462943197479407619
1462896775254077447
1462733472183689222
1463293197690437632
1463064023901949956
1463317032795922433
1463144132650541059
1463159480552771585
1463701713370554368
1463707613640548357
1463705798270341123
1463516737211486213
1463526700776505348
1463426913146490880
1463564296718331910
1464433641807749126
1464412446009872390
1464410739477606403
1464278305218064394
1464424175947292672
1464445718114959368
1464525165602033669
1464799698531676166
1464744596940877828
1464604712888532996
1464805949093269508
1464567793873920004
1465129836649742340
1464924498898010113
1464836602270650372
1465137463957987328
1465073070486343681
1465087518399864839
1464880807894523905
1465447830110101504
1465304223424266242
1464015926844485640
1464068273834651650
1463910723797458950
1463871101902065668
1463881627235348480
1465771977474519041
1465881718200541190
1465794373535223808
1465532013079773193
1465889137525809153
1465888699007209474
1465871501744238593
1465852962543079426
1465617919275003908
1465846317268168704
1465961787799396357
1466041890709467137
1465985260412301315
1466115372936007692
1466061738768437248
1466633008060854279
1466623870861938688
1466454405905932290
1466626328040402945
1466626302052470786
1466425418186117134
1466597246166700036
1466578362529304577
1466700658837372930
1466736243975155712
1466641341882896387
1466957679490789378
1466934764695261184
1466740552020365313
1466721988731236352
1466647647016480770
1466646684016910337
1466754637814386688
1466813152348106755
1466670737918345220
1467044440032247811
1467065041182773249
1467283788572942337
1467129856970399748
1467105151471308801
1467046933663416323
1467002520392196098
1466924917274804225
1465327649526484995
1464880397649526785
1465250170887565313
1467027949224300545
1467025884158779393
1466973981513183233
1466741680292327427
1465656636681252878
1467276528429846529
1466700921468080128
1467403366179475459
1467988472191352832
1467815565569839108
1467806515184627712
1467806117283590145
1467804717854048260
1467731217554415616
1468039973160980482
1468046717157187585
1467829927651119107
1467805742614810630
1468078024960913410
1468431121478139905
1468134265560788995
1468131265056366594
1468128173887930368
1467773672018620418
1468555560266067973
1468798970767941633
1468728423912656897
1468658940216950789
1468566187625701384
1468536193797136387
1468812161153597442
1468792285655564288
1468919854367326208
1468869188991143936
1468942006642634755
1469107490281299969
1468846987302735872
1468888772439728136
1468958829152899080
1469456743256133632
1469331790724669445
1469324963014266884
1469348271105712134
1469494736302243840
1469492760785068032
1469611765512105990
1469859139459248129
1469689797161619458
1469686238286278656
1469679994485968901
1442111713130786822
1457920887668215813
1435255328883417090
1437750151100076035
1454409792944889860
1459055074487902211
1467328121556725766
1457019666686038022
1438546035677155335
1468424481248976901
1436184484513083402
1437322481996492806
1437624613995831300
1444564258692349954
1453395709470724098
1453357440443899917
1459368493933944833
1464397561293271045
1468779531410444289
1441788907322966022
1441962393299390466
1442419076450566155
1469242374882611203
1432895304987123725
1433015357061488642
1433248964543795203
1433317524456677379
1433452987704172549
1433292825311862788
1433433251666796553
1433423010527023109
1433772194945855491
1433711861287899137
1434513272107978760
1434886894496538631
1435130931652677634
1435436971883581443
1435577152976482306
1435830763367272450
1435804247681953802
1435941811160170498
1435899964102569989
1436212096774017024
1436177635478999043
1436133432287850498
1436125210852294658
1436124556649852930
1436294154330329090
1436330510905655298
1436807584380448768
1436686432479825926
1436567419988832262
1436942660305051648
1436891021795676168
1436887301167083522
1436846755656527876
1437196837585395714
1436855561140654086
1437263701539581952
1437743607247630337
1437699260095500288
1437687405830553601
1437806824623771650
1438151571477467142
1437954891083776005
1438139409581305857
1438336855255273476
1438324277120356352
1438509235902418958
1438359544808181764
1438443505106391043
1438536790344880129
1438950436225028099
1438804988382285829
1438775762518097928
1438876688025198606
1438827395910275072
1438905337793290245
1438882107158249481
1438843227537231872
1439061628948029445
1439023322281308169
1439100038383239181
1439532282381934597
1439457506695122944
1439407765168934915
1439569878587883523
1439485430462758912
1439446086842654720
1439556932365217793
1439787413514035207
1439769591954042881
1439760267814916096
1439835821595447300
1439807941591199745
1440029783023259656
1439958330747723782
1440281427174576128
1440236020440596485
1440163911789993988
1440148799662399504
1440145733273808901
1440211779376726018
1440539709503987716
1440681755388702724
1440703739673726984
1441003002144247821
1440878175165108227
1440898445615644673
1441009231092596736
1441040334893432837
1440881294037061640
1441375166248861712
1441370538631307268
1441362573366939655
1441350999558393864
1441349270406270981
1441251071352053768
1441198539141378051
1441193666396123141
1441495954956296196
1441411227305984000
1441494746426347525
1441744197170581507
1441716842439970818
1441706353643294722
1441750010949869576
1441662511749685248
1441782037472432135
1441785727713308679
1442110944633524232
1442110343564517380
1442068229099188226
1441970703520047106
1442024176785649667
1442004606092038144
1441961140796358665
1442251145435508742
1442424205622984705
1442296186598158338
1442445052920225796
1442444060547944457
1442359059680616458
1442464885737017355
1442302351830777858
1442613522404241408
1442699296801914881
1442700621661024265
1442711634149974016
1443182568644374533
1443210486770774023
1443183863715536898
1443369840060682244
1443513859793326084
1443490009818927110
1443498097464643587
1443490448668966923
1443626136232075296
1443585916442853387
1444086864076435461
1444042355472957443
1443878245414236160
1443964799826595847
1444125151247757314
1444118977173590017
1444107742285762560
1444103775589847040
1444135916138745856
1444357627060781057
1444754255362076675
1444617931678109702
1444492028750880769
1444579408501641220
1444533529644208128
1444891940378406918
1444975315080548355
1444961435524599808
1445356969640955911
1445468261307465738
1445432384506105859
1445673939527561220
1445761399515348995
1445753590597910536
1445673329566760964
1445791109007937537
1445714918628474890
1446003089605992451
1446129120425902083
1446084336189513730
1446007152561180684
1446112639671685151
1446011817281556484
1446088320895700998
1445926257993007106
1446355418796625926
1446309388470439936
1446315429186588672
1446530526399975425
1446597615605338113
1446510412254486540
1446478577185148936
1446842110288617481
1446818163010666504
1446894861425287172
1446884581550870536
1446920364379021314
1446742267109289984
1447072897382555649
1447046985144537096
1447117571468128259
1447231769858633730
1447548756786749444
1447973632622223361
1448269916415533056
1448224235642494977
1448099412354424835
1448147597613416449
1448170447506337794
1448213549298429952
1448280820687454218
1448211864593129477
1448589459595857920
1448569735898025988
1448732609438117909
1448684936752353280
1448570252015460352
1448879924719226885
1449041443641774086
1449042881205792770
1449238657366257666
1449230473729753098
1449261628571021313
1449425621491146760
1449602661838299142
1449682961096269826
1449709953195806727
1450051351556202497
1450143348791017478
1450109916123860993
1450077240784392199
1450279496486035461
1450764308791508999
1451030227749064707
1451067665762582529
1451028304274726917
1451076899841605632
1450992703269859332
1451042763550515206
1451156590208323593
1451361661848154112
1451482291222376451
1451412073364164611
1451543553025265673
1451811066875351041
1451979187477041153
1451780201046691841
1452056269112496128
1452207068295929858
1452289344631345153
1452237084413075464
1452194168567107592
1452839508521586693
1453005605199810568
1453105737983533060
1453273011352752130
1453301154440531974
1453392107217948672
1453517166662197248
1453611519883702287
1453619192024862721
1453700891039600640
1453694525746991111
1454051678332751879
1454105210872205314
1454227301160259586
1454077120934649867
1453935433490919429
1454281919173103619
1454492377922473984
1454448812915789825
1454457068924981249
1454629322296152074
1454812192302264331
1454998700170702851
1455207850813190149
1455318576752050176
1455254851990994945
1455308790685966342
1455209045975920644
1455179863015313409
1455069200343465988
1455207675730354177
1455088828687978500
1455341383682695168
1455326677861429252
1455556320052924425
1455529152069709830
1455528972360503304
1455539476860739587
1455423837571477504
1455837209660215298
1456028853776920579
1455800365912186880
1455799171634511874
1456111985305612288
1456369558470623232
1456368218608582666
1456437577217556480
1456456250091319329
1456552445291728897
1456540570902417408
1456527350670118912
1456818632458113027
1456833732896296962
1457181022538420224
1457168984470540290
1457149714910961665
1457252784915447808
1457465909530935302
1457418008213684227
1457250984225349632
1457558638894084101
1457610589266612224
1457966145294585861
1457942295668346881
1457920896325361664
1457933760016515073
1458007679071260680
1458097439211130889
1458030070576996354
1458268187536117761
1458239068672704516
1458356076789731328
1458347378730147847
1458377358059048968
1458327512623157252
1458304167391338497
1458412211760623620
1458583756176957440
1458347718762536962
1458616763575255040
1458768634415771657
1458758415409315842
1458684289420120064
1458939908190457858
1458669151858298883
1458966865888387073
1458979634494672902
1459230218485481482
1459067860655882242
1459377534001303552
1459552042230292481
1459504046901841922
1459467064544874503
1459714866265006081
1459711476545966083
1459845612958932993
1459960169446608901
1460055362409680897
1460081424946454530
1460303676682252290
1460141150585561090
1460409366394277890
1460586382875717633
1460624394598764547
1460477510513090561
1460548499284525061
1460566365153103878
1460505106684678148
1460623097149603843
1461021778113794050
1460858371242872836
1460899326926852100
1461058431222120451
1460904159884963843
1461265338671112193
1461264287758893057
1461149914537201666
1461198636839161860
1461484305281175556
1461354666902515718
1461638499413544960
1461665627932872708
1461675863515275279
1461673518047899650
1461669193011638272
1461642751976554496
1461619248653025285
1461592403131842561
1461562412218273805
1461669464110518272
1461907195482689538
1461905841133547521
1461904623950708747
1462055004529856516
1462076739857760257
1462019404879650820
1462122151889178630
1462094123532369921
1461932862228209667
1462052474274005000
1462306332107698176
1462257068765634560
1462344309865271296
1462443702094336013
1462638262997032971
1462790807350566924
1462757961416290316
1462745148597624832
1462733804959850498
1462709911930818566
1462633566815154177
1462701698699325447
1462796681716682754
1462791728239239172
1462814769438760973
1462992422175084548
1463051347272495104
1463125333058539524
1463066313677582340
1463130863269560322
1463127114891206664
1463169329466331145
1463120716941848581
1463322372337926147
1463324900228100100
1463344129455181829
1463356621912875019
1463529728174870536
1463528712272420875
1463527083259281418
1463523280141185026
1463523016059408384
1463670550224457732
1463700183770824704
1463764594355150854
1463890549715480576
1464169688968011781
1464402426392309760
1464493904049233924
1464597907743535105
1464657572242210819
1464645041243049991
1464565506678034432
1464468951803568128
1464587006239932418
1464764304540897280
1464788834084741121
1464999613920804866
1464984033025302529
1464971641067290631
1464904310815264771
1464809110801563654
1464929133973049347
1464955976209952773
1465160279667265544
1465324176982482947
1465230764459446279
1465229921446363140
1465229615937449988
1465371634257186818
1465326194937634818
1465209358363480065
1465224081234530305
1465203222973337607
1465214560831299584
1465529000453754884
1465523499406028804
1465475601116979201
1465511686014586880
1465498259250507778
1465517500343328776
1465495994129260549
1465504898468876293
1465538371493711872
1465477126157709323
1465681767168421895
1465652795030196229
1465797764072226816
1465722299865313280
1465651057279836172
1465834762669461505
1465930058443288579
1465950563347042308
1465919061859078146
1465951015308386305
1465919173289070592
1466286678167855104
1466288833989808129
1466284981253115907
1466227512657121281
1466619533704110089
1466618196752957445
1466624541153640448
1466599113873518603
1466631156070174723
1466621121042665479
1466634472770584579
1466578752658284544
1466625286275956742
1466918145659002884
1466646375307776000
1466784377568858117
1466708849361145860
1466739055350136833
1466674234638229507
1466738943626407936
1466645120715935746
1466775791493005317
1466774928074498052
1466680287933263874
1466606362721280004
1466638987624288258
1466638801841786882
1466745983186857988
1466672287814406146
1466952657713590276
1466970533157752833
1467062666825203714
1466993593399189509
1467086728234106883
1467210968606261248
1467105285500063746
1467101402010992645
1467046103547744257
1467018565710581760
1467338703647305734
1467331780541706241
1467339832426778630
1467453103993540608
1467357853111373825
1467557657900830721
1467555746824921088
1467668330148687872
1467691644690440197
1467652095855632385
1467716656692707330
1467848893865947138
1467992440804020228
1467816005502074883
1467806254546391047
1467739025695932417
1467733760338968579
1467672757341089792
1467753952703877120
1467841342529097732
1467815450344050689
1468069386816667650
1468078868984598529
1468075293734670340
1468035118426046464
1468072332237238275
1468025883252252676
1468013283466625028
1468038709639401473
1468168848452976641
1468211215037984773
1468204652785070080
1468152964007165952
1468085632144592902
1468253977036816385
1468152286358556672
1468098610797559809
1468206892656705536
1468139421379686400
1468253046752911366
1468385627343228930
1468427596803178496
1468378881161760768
1468572845844275206
1468572848234979330
1468520774566830080
1468603194758467587
1468709701911150596
1468502410410610689
1468483374637481986
1468460461305720836
1468490926007848966
1468792530078773253
1468733100800634880
1468778165577281543
1468758859489714181
1469090638217945089
1468874870133907457
1468839042275954690
1469122085733605380
1469098938028355584
1469160391229935616
1469295720310001664
1469268089057398785
1469312844680163331
1469475304146026496
1469499296617689089
1469607919805255681
1469641106480517121
1469698123538829315
1469862140563521536
1469880113588162560
1433072462887931914
1433488741654417408
1433314026897821705
1433575828399407111
1433219573319409669
1433813286135287808
1433789178299379716
1433643207879913474
1434124758027694080
1434162480171782145
1434656823336845314
1434548251949088769
1434886392023183365
1435053707561877507
1435056827939516421
1435046385892540418
1435554171428605953
1435789768818843648
1435798822454661126
1435847820280352768
1436192074282332173
1436167816311238668
1436146789061595137
1436303785031200772
1436691222106558467
1437046303997923338
1436923777955164161
1436864661983404033
1437304862560047104
1437302157800206337
1437250240390725634
1437409034273902599
1437352210870857730
1437439673551360004
1437403855134724096
1437261500918370306
1437383941405642754
1437696797497982982
1437625847100280832
1437781126811095045
1437756321034498060
1437651548528525321
1437725356593614849
1437779766694797318
1437701547949912065
1437758689117564930
1437645598631497728
1438113781469495296
1438013708039458823
1438161399985815560
1438155347714138117
1438104911174987779
1438285986312589323
1438127240630308877
1438042031217995777
1438439333866786825
1438345007795113988
1438463712436703233
1438315070866419716
1438505339696017409
1438499292843368449
1438340270806867972
1438465602557906947
1438566045648769049
1438341927338852356
1438489243098046468
1438471525821128709
1438316068703932418
1438525998279000072
1438537564546224131
1438448649718038530
1438879866577821698
1438785629156872192
1438816039458918400
1439007662465683456
1438768341573795840
1438872021132201990
1438673692196704258
1439045983699181571
1439185493044854789
1439378687242031107
1439158349665214464
1439649492106571778
1439565846922231817
1439512277657391105
1439469902734102530
1439587836211040261
1439505373157728257
1439415996268175366
1439620072889196544
1439523060063735810
1439521193510330372
1439450252164042753
1439427458084659208
1439790999438454787
1439798214815715333
1439937924766732295
1439853455951032321
1439967376141783044
1440289954664366083
1440288006712135693
1440233502297899013
1440201785054937096
1440210185092427781
1440113950981455875
1440380794501877768
1440679958347542535
1440537912253169669
1440608394910441476
1440599963486941191
1440660435724759049
1441029291169304583
1441025522243293187
1441189647007182857
1440945865561034755
1441008235247378440
1441076318557257733
1441357002232328200
1441373751925370889
1441365895415144453
1441254100675411972
1441388115931774979
1441365895415144453
1441332214516436995
1441260320404557824
1441394964731072526
1441412017064067072
1441709985524862977
1441715303092604934
1441644106472562691
1441734477785538561
1441597544136515588
1441581531055616002
1441612852788273155
1441677589660139528
1441753346591789062
1441743266756456454
1441588898241515530
1441753098171478023
1441641311958749188
1441908041570422786
1442117551085948934
1442115879957766147
1442111785566294023
1442096865638592518
1441997231058407433
1442086460669104131
1442096179576074245
1442121003128160259
1442189523211878401
1442450016581259266
1442441327640121344
1442408561896689673
1442465511556612096
1442372580959215617
1442429054427205632
1442448017341050882
1442360662479360005
1442752351480135683
1443212625458786317
1443194259948007424
1443231813472702465
1443321951364079618
1443018369699962880
1443182947750727690
1443125219539832836
1443483024578924547
1443455841386983424
1443458332082069511
1443533645273198596
1443514568139968514
1443487329994174471
1443539416853585925
1443706820443336718
1443841688720470021
1443960236931387398
1443777657645142035
1443966976515141632
1443805965199966213
1443833809011494917
1443828754350936066
1443741886884184072
1444106227705778177
1444149357071110144
1444135843942207491
1444120576788860928
1444145380707373062
1444111368446099457
1444208662784794633
1444794975896563716
1444543728463454209
1444572166146519045
1444510539305025536
1444666973925695489
1444673427248353290
1444948685121474563
1445062966366248965
1444862566862254086
1445016453560745986
1444961410945978372
1444960623394115585
1444914342881685508
1445386705217982469
1445195554800095233
1445389853894578195
1445669852048285700
1445764859719610380
1445763079095021576
1445757764928630785
1445751959235948548
1445759982805213196
1445725056307400713
1445592542007889925
1445574482349879297
1445690731255918604
1445563045040689175
1445922925077352454
1446013226764812289
1445913889510551553
1446053604754817029
1446035642807324673
1446336216983478273
1446306211570225156
1446611909365534720
1446326784845254658
1446530690875412482
1446620043752529927
1446505912366092291
1446463777180848133
1446388610001883140
1446337124618280966
1446480752007278595
1446836825079771139
1446835545703792647
1446820198367981571
1446701417436041216
1446729798483542019
1446664319815487488
1446672022692454407
1447022967188123649
1446998678128844800
1447024140309778433
1446993320887009281
1447155415813222403
1447185904909438979
1447121473965940739
1447249119542579208
1447560818376146960
1447448070786990080
1447445317083828232
1447461117895213059
1447547739194097666
1447378701792911360
1447402676468150276
1447449581856247810
1447765081681379330
1448034733741379590
1447786382106136577
1447886780942864389
1448338343985508354
1448331680817684488
1448295807313006594
1448642004305399810
1448633339917733891
1448486252559278080
1448450146690240512
1448645122753646593
1449025778679570436
1449012343413698569
1448889034189656074
1448915631735144448
1448863921641648131
1448854856907706372
1448969695701319683
1448875332933615620
1449188287030042629
1449353931088269314
1449297834793050116
1449384472646860801
1449365164734631943
1449546372948975617
1449696738634199040
1449605963590209537
1449986050206486535
1450246408372584451
1450108919913672705
1450248463807967235
1450099332087119876
1450139747100155908
1449972424154304520
1450030395240505349
1449976382990086147
1450128771676213251
1449990926718275587
1450031738403491844
1450257203403780100
1450281342365691907
1450299291193331713
1450355530011082753
1450330828806918147
1450375160800837632
1450756653305892870
1450778477230055430
1450764706235355139
1451076693519581189
1451056750761676803
1451025206219194368
1451069515140194309
1451035853640253447
1451001657723023360
1451035753413152772
1451094977887436802
1451096166209261568
1451095740013449220
1451095372084830211
1451418523608047624
1451421201075605505
1451433563220373504
1451553546285969414
1451576535148728328
1451955663559528450
1451880139172683780
1451804185595240455
1451803424622743553
1451808747748151298
1451826888897220616
1451829327515971587
1452235919432601610
1452197780034838532
1452289737197330443
1452229654811656192
1452132645714808837
1452226053334880264
1452518086054084609
1452686721062039556
1452841802914938884
1452961297612431365
1452966901819207683
1452991904614862850
1453228994938159116
1453177163901923332
1453283818861912068
1453238910167965708
1453157666688102405
1453344945591357450
1453160020690882564
1453219844254355457
1453214099022630913
1453264390006972418
1453261866344538119
1453242661230493700
1453373462198689800
1453355442902429702
1453382820974391297
1453355626411614212
1453747422966870020
1453863774926958597
1453775924810248192
1453573515634905092
1453877616759349248
1454063965764419590
1454124771734536198
1454201261142646788
1453971796252708866
1454293811039924228
1454399811260596225
1454401206005035018
1454373175991537670
1454396273285419010
1454625711558254596
1454661089535295488
1454837586317299726
1454829196417536002
1454819997407072261
1454820627823484940
1454928052677349378
1454767164603256836
1455007050451279874
1455008198058938373
1455069974725201922
1455181583405617155
1455168059379912708
1455060813249609733
1455170506420744195
1455373727454179331
1455595582630739971
1455720402827694080
1455690073752498183
1455720079585267714
1455891350897840131
1455775873945071620
1455916096712699907
1455848624823291910
1455803469789466629
1456078910970421256
1456079120421449729
1456067543672578050
1456282365613932554
1456271530510340104
1456147962967453697
1456275345385000968
1456219615999135747
1456270744933920773
1456469024515133446
1456467389889929216
1456458922307424258
1456640203234238468
1456504795582255105
1456540012892155915
1456810398666006532
1456887112125452293
1456987673390764039
1457130778949652483
1457190843815645190
1457189065950785542
1457160789014441984
1457168577585242119
1457234264903192576
1457217088901160964
1457201444491202565
1457295261504475141
1457380723942248451
1457309129794416648
1457550250516779010
1457563020192669696
1457509471815553027
1457711661582721024
1457629109115183106
1457847899690180608
1457678821700767751
1457938858373378048
1457879429003112448
1457896571207499776
1457926672385118208
1457974517582598145
1457896571207499776
1457896571207499776
1458195230889426945
1458106946788073473
1458251078869217283
1458278634074955779
1458233826149158913
1458477403144003588
1458438943985205253
1458460576582012931
1458301651199021061
1458589465052520448
1458627874286551043
1458617835102507009
1458599528534212608
1458627909137014791
1458806910736424982
1458806116565934082
1458896142222061597
1458841539132678150
1458680845036777473
1458973971114651652
1459309806213165056
1459186301018599425
1459119021949784065
1459040697747607554
1459151706126647296
1459059902861565954
1459334890277670912
1459339003111477252
1459380584992620545
1459405309231841284
1459400753634705410
1459711572364783621
1459684658149429250
1459778465855520771
1459778126821486606
1459904186183663618
1459852082958143488
1459750172154490884
1459766704485982210
1460090484966129668
1460067060000591873
1460090045172310016
1460261587432792067
1460258702569529354
1460231198651731974
1460285471590813700
1460638479507853316
1460599325470326785
1460504893991493636
1460479781309272070
1460473723815809024
1460795076469088257
1460901935872049155
1461236423349063680
1461322688228519939
1461229505897320448
1461200050302832648
1461327546520195073
1461505006213820416
1461591843456446466
1461830152401260544
1461766755978604546
1461637087703171072
1461897904570781708
1461881068953300993
1462104308611047425
1462097383592845313
1462086629208649728
1462076844061040643
1462016792159686659
1461929497184256004
1462245693494464522
1462280337145221121
1462280912452734977
1462210931589406721
1462469868834353154
1462371165876326408
1462435841117089800
1462616859690233858
1462613237883555845
1462748592179859457
1462758384155852806
1463016829350137856
1463103129939972098
1463029118115610626
1463316883784941568
1463307743415058438
1463434790401499136
1463551298419101700
1463702415786405889
1463696350164369415
1463678044619436035
1463704552155189248
1463709490230874114
1463852462062792706
1463803582134718468
1463803288772431875
1463850038161936387
1463999879814869010
1464364486312087554
1464249855325315073
1464130331020185600
1464124746597949440
1464248518621622273
1464246921166344196
1464440118094094338
1464421459187548160
1464792420546228227
1464811831231344644
1464811495087165446
1464773688536883202
1464951557338796038
1464881340281765892
1464986249542782980
1465124711256322051
1465192243854077954
1465337409696985091
1465218912467898374
1465174068731125764
1465286295266070529
1465241380498796545
1465512388833071109
1465530416312426500
1465503861603389443
1465525402156343297
1465516059113394183
1465498336794796033
1465490645892562946
1465481563303415812
1465582569844477954
1465621444168085505
1465648973528518658
1465628435154300928
1465588676331663360
1465684567604359190
1465623056932478977
1465633425939861508
1465843388658249728
1465884795909459969
1465850664521662471
1465886253333639171
1465973257874468865
1465961898029903874
1466108943747334144
1466062481143435268
1465957610733981696
1466195180877324291
1466002939676295173
1466276973492129792
1466259094180806658
1466261265664249861
1466221375069196290
1466276874376527872
1466265526724747270
1466258877540823040
1466200998230126592
1466312169331388422
1466244694711562245
1466236497309290498
1466619695113461760
1466621351096057862
1466603795845054464
1466593799459639302
1466589049783664640
1466621647620771841
1466592286012166148
1466644525292552198
1466600420462129159
1466772204192866304
1466730954391633923
1466714284671455236
1466674301642240001
1466814675517992962
1466768773353025547
1466736822839484416
1466834291292192769
1466677343263477762
1466730139589365760
1466751444464242690
1466733717875937283
1466729849821675524
1466643344868536322
1466639368118882305
1466622999625285634
1466921256289112066
1467163504608104453
1467097700327854083
1466997249225805826
1467069378935984131
1466972496239169537
1467329541597278208
1467321155539202048
1467320480767963136
1467309008428040193
1467322314752610307
1467488944396718081
1467469435053113346
1467466744805556225
1467509164314267651
1467706067828162561
1467714852491649025
1467709926772338689
1467756019891671041
1467828288961716224
1467826230158192640
1467838877725454338
1467768356329590784
1467768350595960834
1467772130011992064
1468026220717789191
1468022447127633922
1468014374883250178
1468174711360217091
1468222489784246273
1468174681001762819
1468094622358405123
1468177002494509056
1468254091939774468
1468382239608033282
1468411687317372931
1468724189834059777
1468603178220326917
1468628875865321481
1468508713560330241
1468807594311503876
1468745111269888001
1468817983648632833
1468825274829602820
1468820080947458056
1469089863517409280
1468977943984541696
1468945561675976709
1469308145612644356
1469303476450586628
1469230411188514817
1469420490875887622
1469351629874892800
1469211761631166464
1469287836650131460
1469523615796264963
1469480061262651400
1469479550492889088
1469637244491239425
1469590369994035203
1469835766599585796
1469893181042921473
1439828408318377994
1440339053606412298
1440686870271127558
1440640677130354690
1440632204820840458
1440630369900843011
1440627457283936264
1440624646550802436
1440586850947645445
1440530318004346883
1440476856579289095
1441021904265957376
1440942907150639107
1440870684821909519
1441346663537283075
1441343546703761413
1441208573598461956
1442447747848675337
1442447083659673604
1442376814836416516
1442371206401773577
1442371164374896645
1442365417205342215
1450712918421491713
1451085574970871812
1451082005173530624
1451026674439503876
1452145293198184454
1461208493604552708
1462429475031846913
1462747100425293828
1462981436135260161
1465545572484476928
1465952159615184897
1466258050633768961
1466961357123702787
1467368764207349762
1467507088834191367
1467656666724196358