1460815578726166528
1460814136472838145
1460813360333688832
1460810364199706627
1460810188579999745
1460805199803650065
1460801198039044098
1460798905558265866
1460795732668010499
1460795014074617863
1460794205698093056
1460790400235425796
1460786890676654080
1460783520205271044
1460782996798074880
1460781982795767810
1460781326999588867
1460779062247378953
1460778463187582983
1460775229383327745
1460774705296822277
1460774592339800065
1460772735282409474
1460771001688461314
1460769001085173767
1460767663693524995
1460766526878150656
1460765301981650944
1460763705105281027
1460762080668094467
1460759910942056449
1460751139578662914
1460749039956217856
1460748053996990466
1460747551347331075
1460744078862077954
1460739306750758914
1460730975340548097
1460721882836062212
1460717712405979136
1460716346962972675
1460713341140094977
1460710307085656071
1460673654400847876
1460662869016690690
1460656566269534211
1460643328374935554
1460642245296545800
1460642128804024322
1460641741141200898
1460640728321708038
1460626030146699265
1460622518402772994
1460620930925797379
1460620703787483143
1460620049115324419
1460620034577866756
1460616882294194182
1460615950336606209
1460609592518266890
1460605020664053763
1460604582686433281
1460600280295243776
1460597788593442819
1460594986295037954
1460594984793501710
1460594349356371972
1460593159583330310
1460591624644222981
1460589946616438787
1460588800590057482
1460588477490221057
1460587745760350208
1460586090276929555
1460581918295031809
1460580465438380032
1460579519815831559
1460578954390212609
1460577146661847043
1460575757667766272
1460573253408227334
1460572272058527751
1460571398171095041
1460569090179809282
1460569046794092545
1460568745177346051
1460567627005239297
1460566786424721408
1460564686206767108
1460564562504130560
1460564483651244032
1460564288364417028
1460564244030656512
1460563816559775746
1460551727539646467
1460551582269861894
1460548264294371339
1460543530812645376
1460541107159265283
1460538783649001479
1460536417856090112
1460534951565090818
1460533451740749832
1460527537365262341
1460527421262733315
1460521600122556417
1460521080737566722
1460520833009393664
1460520221391745024
1460518315256958976
1460511825238183939
1460509508237545476
1460503298805354497
1460503165963751427
1460502099469340672
1460501524312846342
1460499204934037505
1460498914478465024
1460498612022956035
1460498584499933191
1460497580727549956
1460495858428899328
1460494829297618946
1460491059574685698
1460489211501420545
1460489125493030915
1460485493494202370
1460483569072029698
1460476795010965507
1460476110399885312
1460476097896742912
1460475607045734402
1460472910456393728
1460471553246720000
1460468651279093762
1460465318090838022
1460465202038595585
1460465026498584578
1460464604518096899
1460462972728274953
1460461735249211395
1460461019440971781
1460458912713375750
1460458624426328065
1460819928160735235
1460819163514126338
1460814608709545985
1460813169392193536
1460811848354172929
1460810958427738118
1460805961468108804
1460804917786923011
1460804093417459718
1460799433864478720
1460790062979813380
1460787320538292225
1460785399291203587
1460782900853440512
1460782353480040455
1460781817519169540
1460781809558556672
1460773452340600835
1460772857454088196
1460767580101259268
1460760003296391168
1460757387837464577
1460756628228108291
1460752303195967489
1460748815917408265
1460740177291358213
1460740147562139652
1460729183160598528
1460694931459096583
1460679163795292160
1460662150364422144
1460648653991731200
1460645248263065602
1460627896469393418
1460623251139448835
1460623099578097670
1460618985548906499
1460607381205762053
1460607009942740999
1460606636683313154
1460606532639285261
1460605223349727235
1460604104762269699
1460604092254855178
1460599764211228673
1460592442646798343
1460590040652734467
1460585945539903498
1460585206075641861
1460580536418660353
1460577476208312326
1460576139877834757
1460575622946643968
1460569973802168321
1460562130348904450
1460559691747110913
1460554963034066948
1460545892381982720
1460544878144724992
1460544877666586624
1460542170016870404
1460540771887505412
1460533365430382594
1460527612002914307
1460525670816047105
1460521466399703044
1460520391806537732
1460517817560682496
1460515807922769924
1460511983963230209
1460510138146557955
1460510056416378885
1460509596057964544
1460509386581807105
1460508987879673860
1460505684932444162
1460502943648530433
1460495362045751301
1460494691456086019
1460494408109809664
1460493149407637508
1460490566131761155
1460486269822144515
1460481013998522377
1460479968970874881
1460476934295482373
1460474292856971275
1460467610970206210
1460466682598625282
1460466353677037574
1460465133495328770
1460464013192486913
1460461707227136005
1460458353969225744
1460565441651232769
1460565439742758917
1460820001326256131
1460811146810724362
1460798549902475266
1460787467317960707
1460783942777278466
1460766193157951490
1460754190544695297
1460621371122151424
1460614482896441353
1460609908382994434
1460607030255751169
1460597849935081477
1460590766871310339
1460590764333752324
1460578404730695684
1460565619720425473
1460563054450544643
1460557739038445569
1460556574062088195
1460548347312451588
1460543707183140871
1460540924153372675
1460530829210238980
1460526280562995200
1460522789077540865
1460522125161238539
1460512476471070721
1460502181388242947
1460501107562532866
1460495170453970949
1460494790932324352
1460494140253163521
1460494095260872704
1460493461140897794
1460492344382287874
1460488389455581185
1460484332804476930
1460483194659094531
1460478825293176838
1460476029307260930
1460462902926733315
1460461073492955142
1460801298828201987
1460599720393383937
1460574381600428041
1460532769403006976
1460511304012079104
1460501040260792322
1460500314692329477
1460469242633981957
1460812829695508486
1460801442722168834
1460793562744852489
1460786763723513857
1460782119207129090
1460777971392737280
1460755619024146435
1460647354260881411
1460625974588960775
1460616731215294467
1460600819376558082
1460599778857742340
1460598978404253700
1460598976139313154
1460577236935790594
1460574801005711360
1460565998269083656
1460560419991351299
1460557631211274240
1460547809321500679
1460547655818379264
1460510458834739205
1460503955020996609
1460476257745793024
1460467907104628740
1460818973486817280
1460815405610672131
1460811177433309184
1460807417755668480
1460804606083014658
1460804140603351041
1460803643746127872
1460803362580942855
1460802654528020483
1460801437944848384
1460798560257990659
1460794852262617088
1460794479548325890
1460793563101421571
1460784329747943424
1460783024895782916
1460774696476033024
1460772561822748676
1460769130181586948
1460754095258554371
1460749631365677057
1460748336114241538
1460739328083066882
1460680076475789312
1460666052468043780
1460664805916770306
1460651064609239047
1460641559712452614
1460627361133514754
1460623334354345992
1460613106820808708
1460612517097472002
1460610478867042311
1460610148708151297
1460608427533602820
1460604705197887499
1460599195077799938
1460597545571258372
1460594675937513480
1460592225339904007
1460590769157197825
1460589608920502275
1460587991961784323
1460587181383114752
1460586382875717633
1460583868298260481
1460582698137780227
1460581100594647048
1460580439349813258
1460579693095055361
1460578444308144136
1460577242384199681
1460577072095453187
1460576521605685252
1460575350249832457
1460574356434657286
1460571776748908546
1460569200062128130
1460567733209235463
1460567321643212810
1460563009835704322
1460561534816456713
1460557736521789442
1460557504950124552
1460552646809423872
1460551238081122305
1460550522528616451
1460550035246964736
1460548428631400454
1460541832832565251
1460541379742863361
1460539153041424387
1460535957912911877
1460525136050724867
1460521520187412482
1460518966871396358
1460518217328201731
1460517290244333573
1460505499225395207
1460503236457033735
1460502927794188289
1460502900547883008
1460499073769738245
1460496092424900610
1460494554310660097
1460491620583837699
1460489579543285764
1460488136874553344
1460483950908870656
1460482154324914180
1460479166915112963
1460478337055219712
1460478279677190154
1460476519227084805
1460475536950452224
1460464249256308737
1460463158884065280
1460459666542972932
1460459235230330886
1460818104557064196
1460812018571640832
1460810517077889032
1460809940298174465
1460798090026184708
1460781501872697347
1460770921279492104
1460769739140120579
1460745756701196290
1460743013068525569
1460739146297724933
1460715753372405760
1460713044502216704
1460625995984084992
1460609097263292420
1460603525386305539
1460602698101772288
1460600175945125890
1460597515326218243
1460596029913374724
1460595244005838853
1460587566436995079
1460547823103987715
1460516869681520642
1460477604851449856
1460813718627835908
1460813715750547462
1460809258971267075
1460806517846728711
1460803677044703232
1460802634902740996
1460799993908850690
1460791289847418885
1460790632989872135
1460787107245420544
1460784233803227140
1460778408904851456
1460772002512388100
1460768423273644032
1460767140022206471
1460758468558680064
1460742916846931976
1460689702822965249
1460683900884172801
1460641623679717376
1460635984555429889
1460622897404268550
1460619605123076097
1460617013341011969
1460616683266064384
1460616258848624643
1460611758930857986
1460611387953012738
1460608987141861384
1460608154870239237
1460605535577796609
1460605036648493057
1460601539802791937
1460600521782226945
1460598971672317954
1460598356934152194
1460598262742740997
1460596404087263234
1460595198438768643
1460593695426711553
1460593385748656128
1460591584366395393
1460586966223712264
1460586701315735555
1460585600793264129
1460585348505890818
1460583602157150211
1460581372880465923
1460578902644953088
1460578673858203654
1460576657459200002
1460576000597585922
1460572343613341702
1460564551385059328
1460555855951110146
1460551970872123392
1460548987698569218
1460546335799537664
1460544142501507077
1460544031499304967
1460542420924256261
1460527979264679937
1460525792467714057
1460525396219162625
1460524569664524289
1460523758326726664
1460518427001450499
1460517312423944193
1460514934693920775
1460512756398915584
1460511299385782275
1460509910681063425
1460501663379189761
1460497205509312520
1460496401331228677
1460496279448875011
1460494733432614913
1460494537445412869
1460494103502671872
1460492215961018374
1460492057919647746
1460491521963270144
1460491084786634753
1460482995047915521
1460481315141083141
1460473876635213824
1460471854812913667
1460470412706340866
1460820180871696388
1460820124990988296
1460818848282603520
1460818463245570054
1460818408543379461
1460818119727796228
1460817761173528578
1460817105180319747
1460815599622262790
1460813399646871558
1460813084482629640
1460812744525901827
1460808946977890308
1460808646737076227
1460808639082491907
1460807595103559690
1460807550228590595
1460807328555421701
1460804660701196288
1460804135951814659
1460803043503476737
1460801933694816262
1460801086625746944
1460800292509736963
1460797119019642880
1460795824036671488
1460795549506932736
1460795450856914945
1460793749940760577
1460793097667809284
1460792807774326790
1460792794331500544
1460791407644266500
1460791100919083015
1460790781275361289
1460790524818833410
1460790160065503232
1460789551211827203
1460787831672954881
1460786864990818310
1460786157126504448
1460784972793454592
1460782989328093188
1460782321737474055
1460781956145156099
1460781772418043910
1460781505463013378
1460781436768710663
1460780865173135363
1460779638871900161
1460779237120434182
1460779008862289922
1460776942957785093
1460776763437424641
1460773634440511489
1460773418320609284
1460772910210031616
1460772597826654209
1460772387016773632
1460767635935686661
1460767617237467137
1460766638337232896
1460765520982986756
1460765488938569733
1460764104981762049
1460761993523044352
1460760770291986436
1460760065745424387
1460757310649683970
1460756473667997700
1460752342773428225
1460745942068387848
1460745764406116355
1460733164641562630
1460729445640196104
1460679878542458880
1460675614843699209
1460665056253734913
1460664715298828293
1460664360720760835
1460658896641708036
1460641471372005378
1460639147782127620
1460638479507853316
1460636725521174530
1460635217236951040
1460634160054226950
1460629154353713157
1460629140604739587
1460629034895769605
1460626730503348225
1460626101277888518
1460624394598764547
1460619207695945732
1460614062576844809
1460613766647738369
1460608715531296773
1460607090238451714
1460604996391628804
1460603946087505927
1460602963982831619
1460602387815559170
1460601274194284548
1460601061920493575
1460600969218170886
1460600361836711938
1460599325470326785
1460599096746512385
1460594983371567105
1460819388693581826
1460818763612184581
1460818609127636993
1460810140450320390
1460808717633396736
1460804245339336705
1460803300182220801
1460802285643059205
1460799097376428033
1460795576228798475
1460792655009382400
1460790901240778757
1460790082869202945
1460787920189616130
1460783924817248258
1460773400058683392
1460770068191592452
1460766457856364544
1460761927450202112
1460760487772180484
1460755935559700483
1460755417013764101
1460755096560549889
1460736939502538762
1460647643013545986
1460644382529388548
1460643393738981381
1460632634103455746
1460632130858283015
1460631682445299717
1460624839668998150
1460624494377144321
1460601952899719174
1460597559211151366
1460595232911679488
1460589780975058946
1460580031646683141
1460579560710291456
1460577658723450880
1460575917000957954
1460573015243034624
1460570299024347140
1460569887227584516
1460565371073691650
1460564968445603842
1460560926554267648
1460559785854570497
1460548753203478528
1460535372555776000
1460535353434013700
1460535230251421701
1460532302274985984
1460527441399611395
1460527200101289992
1460510418187653120
1460506932024807428
1460501873903865860
1460498209558564866
1460485627292446724
1460474582947692544
1460470440883671040
1460469684675907593
1460469594015944704
1460467893913612293
1460461135514116097
1460818272199135241
1460799177688899587
1460778656683290625
1460744184944476163
1460648582260740098
1460639374559768583
1460620923912916992
1460620665862586373
1460620111639834632
1460607410209374209
1460594988622909447
1460581466543325197
1460576356207513600
1460575233308434434
1460571562642264066
1460558500669521922
1460548325002735621
1460547666689945604
1460526456480485379
1460507054376771590
1460503652653682688
1460501699961909250
1460500943443619841
1460495334929354754
1460495183083044868
1460475958578724864
1460475915247357959
1460474021565239297
1460459481066655744
1460554943966887942
1460584622245376010
1460539160435986435
1460539097756303360
1460534287137181701
1460682040668348418
1458427302358908938
1460817330548531208
1460785963790069761
1460783139735814149
1460760706219839494
1460681088179736576
1460668622221692930
1460653243357282306
1460639890199093248
1460630125628690433
1460626292722704384
1460622313263562755
1460618384547090432
1460611501899714560
1460604968163889160
1460594990288039938
1460570658610429954
1460557922425982980
1460549251470028808
1460548622722818048
1460541990437748739
1460530211099795457
1460476948174422016
1460473390322520071
1460464860177776641
1460464459252592640
1460624645862748161
1460610909567524875
1460569479792922625
1459843099769782273
1460468578977665024
1460805999787339777
1460782800219488257
1460657968144273408
1460588283876937728
1460766094327644164
1460746997149749251
1460523843634692099
1460520366858653700
1460816677810016261
1460816439233810434
1460816295650553859
1460770053494693889
1460656844834099209
1460531544712384512
1460523461148028928
1460504505045319681
1460504095656083466
1460463707423526912
1460542386820378628
1460821039986790413
1460774487226712064
1460614966914912256
1460587449319510016
1460582145907298304
1460558290941714433
1460557168906694656
1460543047347814408
1460521901239926788
1460503207038251009
1460492266833801217
1460483823523696647
1460461853243441155
1460799917018861571
1460787647308197888
1460751659227774976
1460576936229367808
1460551387125665799
1460494683981889546
1460629163874799617
1460524755044356103
1460499775195729926
1460494171983134721
1460813326212947968
1460556673232224256
1460500577570361353
1460823370870579200
1460521078598504449
1460518805625458693
1460497236631064577
1460480509289451522
1460477510513090561
1460790872732155909
1460653277058457603
1460569295579062279
1460556003146043400
1460658896993804288
1460541571540008961
1460570507648983040
1460706676558864384
1460643995671924744
1460510795649875968
1460494043813609475
1460462712970878980
1460780743760572416
1460626601947795459
1460548450727071748
1460544574581993475
1460524869913772035
1460516092091109376
1460503219671494659
1460747061012283394
1460751391257874433
1460769516669976577
1460507434196226052
1460759200699609091
1460660935975063555
1460593446192705541
1460503225186992130
1460469191320870913
1460805848934981641
1460802237475667970
1460570105427869696
1460548499284525061
1460503231247781890
1460503221533741065
1460503217314283520
1460498362306752515
1458715618849427459
1460593505667977223
1460526533404024834
1460514078208630784
1460778478840598531
1460823613808934912
1460800517605449733
1460579674510135296
1460572351750307842
1460569662710714370
1460517029446782978
1460516588583587840
1460516290272002049
1460515530293460995
1460515207910854659
1460503504330448898
1460485804631867393
1460479044982509573
1460472798636249089
1460466433662480385
1460462820739350532
1460774372679946241
1460504977495887872
1460610326727053316
1460602083355205646
1460778178243284992
1460791132053544962
1460762535104188416
1460594688881160195
1460579301431021568
1460577867096494086
1460517282245857281
1460814046773403648
1460800278781857794
1460813917693775877
1460780667260837893
1460748290153062400
1460598250289786887
1460530220264427522
1460499891311063041
1460493131363721216
1460475073148510257
1460797896815570949
1460794953781563398
1460782197917437953
1460779046350909440
1460744429048717315
1460634778462351362
1460622418368610305
1460598815463862272
1460598470184607745
1460587942305419270
1460566877411807234
1460566365153103878
1460541921244319749
1460541655103143941
1460541229905506307
1460541136951336962
1460520134410260482
1460504924064681988
1460570801938206721
1460570719935295492
1460527802738827264
1460800303700197386
1460725477325242371
1460775497688780806
1460744091801513985
1460588967464628227
1460587921908457474
1460574226256171009
1460565408843321352
1460530802773544965
1460518318457057280
1460518052856950787
1460518003301306368
1460513449625063430
1460510313615298563
1460501200139259904
1460467970728026114
1460777995380178945
1460540646461259778
1460820322114965505
1460816775549841409
1460810231034761227
1460708905936297988
1460819991255822344
1460746143701164034
1460558244120727556
1460493417658523651
1460804135159091201
1460780674240057346
1460774690297765890
1460532793750933505
1460523612297826304
1460505746387259398
1460588256131571716
1460816434813030408
1460813569004503042
1460772458814861318
1460768388142170112
1460561361604251648
1460499551811346435
1460491899899318277
1460799773930184705
1460773846370304006
1460750981180768258
1460661591985119238
1460661256395059200
1460603521548488707
1460600812950855680
1460599961653952514
1460589241386237955
1460588515054419973
1460586712304799750
1460586394993053702
1460580040052117508
1460530465866059779
1460530336220151808
1460529536525746180
1460513319094140943
1460487801493852160
1460487097358315520
1460808714114371584
1460621643999444999
1460544102248837122
1460539805318541321
1460539418612166659
1460538720696758276
1460539123769380864
1460469603516092427
1460797917711667201
1460688814972686337
1460638307864363009
1460814784325046276
1460567762011525124
1460522206585180167
1460514773678710788
1460493469630152710
1460773166070960132
1460768875562225664
1460767649076420610
1460604112962084867
1460599845324935175
1460546015249854465
1460535193006010370
1460529378861862914
1460478638856409090
1460519407743078401
1460824965100437509
1460792547391934466
1460650449644654592
1460650169288982528
1460612077681213447
1460519417897529352
1460519379486097410
1460489828596740100
1460816931452121092
1460799350511046659
1460799253169651718
1460771435668930561
1460748987284144129
1460519399207718912
1460519390827487238
1460762585989406720
1460640902607630340
1460621897327005704
1460566064073363458
1460504893991493636
1460822972688572419
1460579463091998720
1460572261149069318
1460516659303641095
1460515336013246468
1460474774396674052
1460565250269278209
1460542828140904448
1460538281750261765
1460481730578583554
1460820686981586958
1460503701370511364
1460807062733029384
1460611663149686787
1460498980370935810
1460495278587342849
1460475281739632641
1460810434294927363
1460610287896195080
1460810283404783616
1460777150819274764
1460810690759852036
1460810588649496577
1460777430478589955
1460777286639124480
1460776983177023495
1460634077627781120
1460611663669858305
1460610206002413574
1460609431750598658
1460609319381073921
1460608751489077251
1460608750084001795
1460608748850802691
1460608746137161731
1460604287524896768
1460590634503340036
1460482944720523265
1460822776382586884
1460816143761870849
1460793387779428358
1460767972830547968
1460758985091346439
1460758382718062592
1460758054782205955
1460742421839417346
1460624015727337476
1460606478453129218
1460593517844058117
1460570384915320836
1460565861350076430
1460565006387331074
1460563513743532036
1460537805898092547
1460534168052396033
1460520012813193216
1460513735882133506
1460506377864892423
1460503037244424193
1460500422423052288
1460473153344339969
1460472212981358600
1460471680724131840
1460493355486380037
1460493328814776323
1460825917350105091
1460824023235907585
1460800752448802820
1460795460403163139
1460785019245391879
1460774148565655555
1460668675342487556
1460595529713283075
1460594133295325189
1460536219721338880
1460815932591419394
1460646391961698310
1460527504326725633
1460815829910450177
1460560486609473540
1460471230847356928
1460593514824273923
1460544954162290694
1460606034527932416
1460582796703846403
1460573037502160901
1460485877772161026
1460606188853235719
1460816836069453826
1460794161561411585
1460523170813804546
1460481655685091330
1460478973251489794
1460825655050788864
1460822017691635723
1460817248184983552
1460815063137218563
1460803133160902658
1460802914352447490
1460780345058418691
1460709344740265995
1460660149119422466
1460649661157543945
1460634652717113346
1460633510914387970
1460626987932786692
1460606220348190725
1460593456179339270
1460589517539209218
1460585523748106243
1460569570113064965
1460550078653812738
1460539277196943363
1460536616468946944
1460505106684678148
1460498631191007236
1460498086191501314
1460487821697765380
1460487769835200514
1460479781309272070
1460828581567733760
1460800281864589317
1460797888313782274
1460770550222000131
1460768994814619649
1460758039741419523
1460474850527510533
1460636466426441728
1460551872117297152
1460498229124952065
1460595863894446085
1460498162007695363
1460499780975529988
1460492845287043073
1460827222189608960
1460825324980084739
1460760527118876675
1460821747251355648
1460791759210876937
1460746434295128068
1460746246147084288
1460614539548901383
1460608261346922497
1460571472481505280
1460818729084669953
1460583937541959682
1460745906572050433
1460624914562486272
1460525636557033474
1460828288130056196
1460810267772608515
1460805894254432263
1460794934630383618
1460787239361736707
1460787101302067206
1460782238396727307
1460781908523057153
1460778119254528004
1460773985864466439
1460760720358969351
1460759041571913728
1460754062933037058
1460753352480866305
1460653951645151232
1460639206951174144
1460618779969265668
1460588462889783301
1460584948486709252
1460567218987540482
1460565936927248386
1460553461695537155
1460525548833181696
1460497904511164417
1460476592417742849
1460471505234448391
1460830719505317889
1460806270487711744
1460675475706056704
1460622374508789763
1460617569275047939
1460577691220865024
1460555780717887490
1460476636118331396
1460633433571356674
1460471495847649281
1460633539825655808
1460551758195814406
1460758218355867652
1460824444822188034
1460809144311500808
1460806212484689922
1460752665709670403
1460628982005522435
1460616363446181899
1460535211951738883
1460520042240434177
1460503834699059206
1460818531579142154
1460806967316779011
1460804793065086978
1460801688395153414
1460798854731730952
1460759410632916996
1460671078766837761
1460651277122039810
1460606434165460993
1460552805836410880
1460515123177537542
1460475227763200004
1460780321721315328
1460757127513862148
1460676443977908227
1460602037251428353
1460547536599810048
1460489919055294472
1460484816038629376
1460569128649977864
1460498540812124160
1460833294497378312
1460769990403977219
1460751681344339970
1460581294392307715
1460474875408121862
1460825384811827203
1460821888477794323
1460815657793048578
1460803067054465024
1460792150195511299
1460791782980009984
1460779737379328008
1460779383736573953
1460775116367749123
1460773246807150592
1460773063780233229
1460754177680809986
1460736746367295488
1460681504313331712
1460646519497900034
1460635567847141381
1460633607790227459
1460632358575435779
1460621825550045190
1460621785229971461
1460614336712351744
1460613514536521733
1460610619170701322
1460603827892080641
1460603553009979398
1460598402006204416
1460597368215130117
1460592819316297732
1460587844926275584
1460579124099960836
1460578240813092867
1460561200106786817
1460556879487070216
1460555679920320514
1460555030365306881
1460543942600974337
1460543192525205509
1460532192136744967
1460531744386347008
1460531502924500993
1460511859216293888
1460492119563374593
1460478275692621829
1460834678311567363
1460822795269541891
1460819062406017031
1460818077826752512
1460817608706383881
1460804877668388864
1460801243090022402
1460795065517760519
1460775269438877704
1460775056888320003
1460738116789043202
1460667756945149953
1460586941724848129
1460570508445958148
1460565244405694464
1460539260654653443
1460524367440322565
1460502040270938113
1460492951772340225
1460486277401247744
1460474996178960387
1460795076469088257
1460752870471462915
1460610004923211785
1460805133315436544
1460792349563392000
1460629205746475008
1460806151465934851
1460804147201019907
1460798076961140742
1460784657071362052
1460784132431114248
1460781392422313985
1460780610151075840
1460772921589133315
1460753856854298624
1460728932311969792
1460631082538188801
1460629352224215042
1460623097149603843
1460611987600130048
1460605328895082496
1460604463811465220
1460604047749115904
1460579096941895684
1460573064605802498
1460545368819593221
1460542379061039108
1460507853609848833
1460474518896472068
1460538388671438857
1460803160583278592
1460781367663366145
1460773577217622018
1460755931554193408
1460614351841214465
1460612615739088907
1460591540489777155
1460568526104588290
1460561425219211265
1460548459501555712
1460525191763800070
1460511256331186178
1460491688120516610
1460828508632977411
1460826209076453380
1460823318630584320
1460793613810503680
1460755515932176384
1460700239933837318
1460690814514855936
1460638708269400066
1460629207738814466
1460610327171645444
1460597785116360707
1460591936369164297
1460586835474743297
1460576348666306560
1460575245652291587
1460574253850365955
1460570660132966400
1460565541861527559
1460548458465484804
1460546334553948164
1460538426554388483
1460534734015000583
1460526069291765766
1460521295754391556
1460504097451216896
1460482250290593793
1460477779938398209
1460473723815809024
1460834912223727621
1460832974014984193
1460831149253541890
1460823058722082816
1460805138898063362
1460799495306838022
1460770937658216453
1460767700246884355
1460766911793274880
1460642156910034948
1460636329226559493
1460625664483086341
1460624390228303877
1460592766648393730
1460585591888744449
1460585247242817540
1460484988994916360
1460818317522845698
1460814229024374786
1460774330355236865
1460641373653114884
1460628488029761536
1460523633802027012
1460513626733694976
1460508898889060353
1460788515206144002
1460603592000217091
1460524842315255811
1460530522484924417
1460521584569978886
1460516875025059844
1460516736491397120
1460737807169642501
1460652335688925184
1460652770759876615
1460582891377725441
1460503218992009223
1460831995961884673
1460782443116519429
1460782090438414338
1460683688648364034
