1463353856478232577
1463349358347239425
1463346231158050821
1463343045605167109
1463342396750512131
1463342390324858893
1463342143414497285
1463341765092646912
1463341125201121280
1463339811813486598
1463337810601996288
1463334054908989441
1463333316464054276
1463333314786332675
1463333311275798533
1463332647178948609
1463331947694882818
1463326769415536651
1463326596157227009
1463326504746504196
1463323314152038405
1463323165090664451
1463322263537602562
1463321702910214146
1463319281022615553
1463317915218841603
1463316579538456582
1463316554947301378
1463313630670196739
1463311331210235904
1463310109346447360
1463306607354208259
1463303829760344069
1463299871524331527
1463297936658419715
1463297811680694274
1463297765966974976
1463295341101723649
1463292597670080513
1463292152931250180
1463288995350151171
1463282884576305157
1463281176441810945
1463214083675541507
1463213324582096896
1463203645403459586
1463199330257440768
1463172331631792129
1463170987453788165
1463167960776777728
1463167573026127873
1463164551352967171
1463164091023958026
1463160229965832204
1463157368481583128
1463156655332413461
1463153091541356546
1463151878737260545
1463151056821522434
1463150824859734019
1463148546715045888
1463145906769825792
1463143533032865795
1463141874865115140
1463141626063122437
1463140926000300033
1463138085957300226
1463134220541333504
1463133604783943682
1463130588248825857
1463128915279417345
1463124667980419074
1463122500120764421
1463121942945296384
1463121040893116423
1463120388443963400
1463120291593433088
1463118565993697280
1463116826322227202
1463113186719109126
1463113080754237444
1463113078409625605
1463111134555226113
1463105238169055236
1463102318476361730
1463099895208767497
1463098984436690948
1463098933823959043
1463098583486382080
1463098276333252622
1463097337471922179
1463096133572444162
1463089706707472387
1463081202735202306
1463080074949791753
1463075482304352269
1463070398556291073
1463067577182158849
1463067018983206914
1463065753834250244
1463065388573347841
1463065000684130307
1463064889023365123
1463063937725853696
1463059596671479810
1463056881706885120
1463056044293177350
1463050832455221248
1463047669547290627
1463047378236166149
1463040703831810049
1463039451106480128
1463036755448254464
1463035797381079041
1463031075345633281
1463030779525550080
1463030183758233603
1463030091957428227
1463030082541264896
1463030079110279168
1463030077042532354
1463030074219720705
1463029914639036422
1463029893520769026
1463028231385206786
1463025285905850372
1463024817091735552
1463024402908409860
1463024087672909828
1463021501913784320
1463021483526012928
1463020300740677641
1463020207979458561
1463019875027193856
1463019618411319299
1463018231422095365
1463018146223124483
1463016371495718912
1463015871773769729
1463015023689678849
1463014433077166080
1463014332334174216
1463011883577839617
1463011333188644868
1463009494787444737
1463007595766026240
1463004896278368257
1463002597564956674
1463001863536664589
1463001305232777217
1463006298996310016
1463355635966169091
1463353820147183621
1463349955049836547
1463349154512396294
1463348389806886917
1463346825394470917
1463346411945086983
1463344493327839238
1463342527264661510
1463342394003263488
1463342392312938496
1463340358478139394
1463339657752576001
1463336248546783238
1463334939735171079
1463334140305190921
1463333529194881025
1463333402325573638
1463327244869275652
1463321985396535296
1463321174897795074
1463319969223958530
1463319958599831556
1463316243369238534
1463313728871354368
1463309929809268737
1463308341782974465
1463305501312118784
1463301100631560196
1463300426971828226
1463300424149000197
1463300384122761219
1463293265508139009
1463293197690437632
1463289052141174787
1463289005114548230
1463286225993797637
1463285816105451522
1463281921874542592
1463281209300033536
1463278268795162624
1463222569750839296
1463190686887337989
1463183138247438348
1463175974057656335
1463163447970078724
1463163433654882312
1463159331596210201
1463154378311938050
1463150948457455618
1463147346657628160
1463132847984709636
1463130466161029122
1463130364700884998
1463120179508834313
1463107822540013570
1463103785388052482
1463103481628471298
1463102774288076802
1463098125531246597
1463092977358704640
1463090175848771588
1463081549545435141
1463079438350884865
1463078260577763332
1463077478080159745
1463076708320378880
1463072690504405000
1463066660982562819
1463065240267022342
1463064172090970118
1463063344231841798
1463059025377984513
1463057414090072072
1463056944520830985
1463052939124088836
1463052597611220995
1463051704400695301
1463040078008123395
1463038073365688323
1463026287442726920
1463018714064904201
1463018480228204544
1463016829350137856
1463007450651508736
1463002936368271361
1463050947802787844
1463032131408392193
1463354685838946304
1463350358147694593
1463347485858930691
1463346937885720578
1463335317713219587
1463332651784278017
1463326655330488328
1463300636900933632
1463300300739997698
1463179419929833487
1463165469016403978
1463161474201833482
1463157819742597122
1463123189941243909
1463121547355250692
1463118975353507843
1463116359286415365
1463115698654179335
1463091858809131008
1463083177140838405
1463047451783221261
1463046623232024579
1463040612383752195
1463040161491525637
1463028537385013250
1463019863400542208
1463009702011293697
1463000659599380480
1462995305800998921
1463354843578265600
1463350851267825665
1463349016196882435
1463342398512107522
1463322372337926147
1463162557494083585
1463152594214346756
1463145857151225860
1463141799183011845
1463126069947420675
1463110369296015360
1463072019575033858
1463059114196549632
1463054105157373952
1463029789678182401
1462998943407624197
1463342636262047749
1463341104300843010
1463339443998191620
1463324900228100100
1463186561030184964
1463159421740236802
1463147344770125827
1463102861957419012
1463100370025132032
1463064603097665543
1463055468176166912
1463051347272495104
1463046536552615937
1463042516312150016
1463011182437040131
1463010131302617089
1463007125257416708
1463000458709012484
1463354057771208711
1463350549047246851
1463348153558519809
1463345904329510914
1463344183574364163
1463344129455181829
1463342631681855492
1463338073907814404
1463336737992699904
1463335252366020612
1463334729151696896
1463333316359163904
1463331779197095936
1463324353743896585
1463322017738883072
1463321473406275585
1463320331934842887
1463317254280396800
1463317003498786816
1463315178238316560
1463314273728225281
1463314156870946821
1463299020445552646
1463293394797563905
1463276451948490752
1463275384795844612
1463205106111766537
1463196051909664781
1463176641618841601
1463167305366614027
1463157914131173394
1463150042613755908
1463149258589147140
1463149056071405581
1463148490834333701
1463144716317323272
1463140441625219073
1463138676607631363
1463137633823981568
1463136993697615873
1463136493875040260
1463136387587137539
1463133386122301451
1463131386156503040
1463126637826883585
1463125333058539524
1463118416835866624
1463115832087629827
1463112107621117952
1463111149516324865
1463109825508691977
1463108681361330185
1463107626191835143
1463098398924369923
1463085919771127812
1463077465761337353
1463076053291700224
1463076049940467722
1463073503033188356
1463068190712365062
1463065370751737856
1463064023901949956
1463062278652055558
1463059896434188292
1463056327215771651
1463051586666598406
1463051043793637382
1463049194462060546
1463048935920914434
1463047578669314050
1463047433932345346
1463046918754340865
1463046708623917062
1463043650561052672
1463040440043663360
1463039523382644739
1463033781896441860
1463032615565365253
1463032335209664516
1463030318554746889
1463028277639999492
1463028044063404034
1463024165691146241
1463023268772958210
1463022671533207555
1463022592659386379
1463021508897296384
1463018273394495491
1463017666017255426
1463016497656131586
1463015895639289857
1463014831800258566
1463014827249451011
1463014824275636225
1463014456720445440
1463013513618550790
1463009649104281603
1463006676605288452
1463005483959156736
1463004891350114308
1463001466528952320
1463000792416149505
1463000629081636866
1463000146510168070
1462998763903995910
1462996987419062275
1462995253288308736
1463351057510113281
1463346358706847745
1463333812058804224
1463330277720137733
1463321386428993536
1463196053767786497
1463170622176038916
1463138938898432002
1463133331424382977
1463121972003422213
1463119102269001732
1463115383276126221
1463107682957619200
1463107631627657221
1463105185211826183
1463101137255469064
1463047578627416075
1463016677575053319
1463006019819245573
1463001615632273410
1463355512414605313
1463352535486373892
1463351895876161539
1463351195444072448
1463345480272809990
1463344599133417472
1463344106919235587
1463338836272943106
1463337213748400128
1463335622874071042
1463334824999985158
1463331627015172100
1463318471203119107
1463315235259904003
1463314195911364609
1463312911682572289
1463309310209921024
1463278985333264387
1463273578753712133
1463171925606293519
1463169329554460673
1463167912265535504
1463166226738339843
1463155123354542089
1463150670719033353
1463139576214536200
1463125082977439747
1463122257547436034
1463102317511593984
1463095978215415811
1463092277044137984
1463091860931375112
1463091414401650688
1463089569625096192
1463089085745020928
1463088910687371267
1463088370851074050
1463081475780198400
1463076185986846720
1463066313677582340
1463063215261171718
1463059608604340224
1463057647607840772
1463055369073168389
1463050326190137345
1463046724113485827
1463044954406539264
1463040359722729484
1463034801338806273
1463034695566848005
1463032028262109184
1463031944568967169
1463026272188059651
1463023860194824195
1463021386419478536
1463018993527054339
1463017581518938112
1463015394298396672
1463014043275304964
1463011468970901510
1463010398454444032
1463009394946314245
1463008642290966529
1463003986764599297
1463000767158046723
1462999131496976390
1462998211207962629
1463356769212592135
1463356621912875019
1463354046618554375
1463353743466893323
1463353562377830408
1463353449966276614
1463352554105061377
1463350741905534976
1463350177750650882
1463349921218662400
1463349818097487877
1463349512781512706
1463349351418269699
1463349311316512773
1463349138729279489
1463348937281081346
1463348934873518080
1463347061651169280
1463346358350278663
1463345401352753155
1463342694810329093
1463342247177383937
1463341356961595394
1463341296722927616
1463339888716103684
1463339383159877636
1463339316210388992
1463339041177235459
1463337922304696322
1463337881133481985
1463334304155590662
1463334070927048705
1463334000143917056
1463333424303722500
1463333384881520644
1463332627595751424
1463332426214633473
1463332339283423238
1463326565786337281
1463325580154191873
1463323622613807109
1463322780082970630
1463321483506176001
1463320854217912321
1463319631335084039
1463319437847588865
1463318953388740608
1463317032795922433
1463316883784941568
1463316706823073794
1463315985176301569
1463315453833449475
1463315178242646017
1463314638783746051
1463313523656642561
1463309810527399937
1463304777731694596
1463304037403553792
1463303810663600128
1463303491170947072
1463303225344331779
1463299538400137218
1463298641527914498
1463293676843458561
1463293493707558915
1463290763786129409
1463282954344419332
1463281846901358596
1463281179411451908
1463279858281111553
1463271826667151365
1463271029220909060
1463269751300321286
1463257484198498306
1463251200351125516
1463244068851527681
1463236218146070531
1463235038938492928
1463232018863562757
1463216036560343045
1463181719733821445
1463180772529958912
1463178765605900292
1463178437229572096
1463174269974757379
1463170617088389128
1463169212051042319
1463161973084934161
1463160232771735556
1463158516055748616
1463155090479587346
1463149597111504904
1463148653267197962
1463147342777896965
1463147338440994820
1463147043342356490
1463146958659358733
1463146930133897223
1463146567024533510
1463146242230210563
1463144268826955780
1463144132650541059
1463143576452227077
1463143128559349763
1463142883100401664
1463142475292237827
1463141436841283586
1463141230087266308
1463140297085358089
1463140275019128844
1463132256902418433
1463130863269560322
1463130476248326148
1463130349714567175
1463130212212826119
1463129950551097346
1463129565153284100
1463128120379068424
1463127150236631043
1463127114891206664
1463127003763077123
1463356701944471555
1463350257111080962
1463344615092678658
1463343310026657793
1463341340494688256
1463333750167670790
1463330750380400644
1463328781418962948
1463316975254327303
1463316809520607234
1463316538463711241
1463304691438133251
1463301007224434688
1463213852158353414
1463186778664230926
1463182428428591104
1463179076068274176
1463160038495858704
1463153712465993731
1463152282036584450
1463151062752321542
1463146757450178560
1463126243230961668
1463121455881674754
1463120432828076034
1463110926509297670
1463108463634964487
1463105032182583297
1463100931784929283
1463099582640910343
1463097133439930370
1463089784243376128
1463089703092060162
1463082091256578050
1463070640114593792
1463063577640804352
1463063022969114628
1463062196749955076
1463055254627311625
1463049051427901445
1463040078691717121
1463039384240885763
1463036742785585158
1463035527767097344
1463034831420289025
1463026538144796676
1463023737230397447
1463023592602439685
1463019679690027009
1463018246609653765
1463017742752092170
1463015553593790471
1463015386161369098
1463014985701879812
1463014568779649024
1463012201644449794
1463009388407373826
1463009339208126464
1463008845362388995
1463004838971592707
1463004657362423808
1462996386555699207
1463356894236446722
1463353656783212546
1463348142410067972
1463347987187306499
1463343848478830596
1463327792314007555
1463326503492411393
1463324074046734340
1463315185007882243
1463312166774206464
1463311971286065155
1463299611263520769
1463299034571890690
1463292544888934404
1463163301945352200
1463163173289218057
1463157519812026397
1463148270251757569
1463130359831298049
1463118311361691659
1463110804333490181
1463067339633545216
1463065275339657216
1463060646933590020
1463059285378699268
1463039558602264583
1463031229612130304
1463020895400718336
1463007119196651520
1462999487937273861
1463354147453865986
1463311411560521734
1463168910128263185
1463239866968272900
1463135804985733124
1463122182461026308
1463121401452265474
1463095596357619714
1463094469050322946
1463007710039871489
1463350549043036162
1463332793702752256
1463328474370920450
1463327834605117445
1463321015698685956
1463320013260005376
1463311967196631043
1463287652631781376
1463265240116649985
1463243485306245123
1463200432692424704
1463189482933403648
1463189100966543371
1463180551565631493
1463179893462552577
1463176917679362048
1463158870486958080
1463152749978132481
1463139160890380289
1463138919462014981
1463134881035083782
1463122498732498946
1463118266956611589
1463106002463510528
1463095534793625609
1463090364756021248
1463085698546733059
1463073593739255808
1463066632230629376
1463062422072135688
1463058748981743621
1463058097530802178
1463055379529568260
1463055051912527877
1463055043993735168
1463054060307632131
1463036454087450624
1463028494649085954
1463023062752788485
1463019895495536641
1463138123869659136
1463118297201668108
1463002360582602753
1463052182509424642
1463165130909310996
1463048655586299909
1463356894316150787
1463327268684451843
1463318441071239169
1463221476870344707
1463354198590832644
1463165244839276545
1463165231069384715
1463165213449105412
1463136922025353218
1463355290435346436
1463036161111195648
1463282130612490240
1463332554212212741
1463316673012789250
1463162311133310987
1463143575500197895
1463124912864849926
1463115768896233478
1463087268634128391
1463063334685577224
1463062912382033921
1463133329704697862
1463332851592548353
1463171030541811724
1463135523367645189
1463049163227029515
1463029777950932993
1463022436094341125
1463015898399215620
1463009099327496196
1463002838758424576
1463147038225272839
1463078669383962624
1463048979722039299
1462641245965086720
1463320044708896774
1463302017645150208
1463169769964724246
1463166342119538691
1463001322593026049
1463339323697238018
1463064841338249221
1463007049457930241
1463341216905318401
1463080692464513024
1463085725918773250
1463023097351712768
1463351578174234629
1463303482216042500
1463169890613874704
1463133940647006213
1463133535208816649
1463088202789507076
1463013316545052676
1463293949842386945
1463293014827167748
1463169329466331145
1463048124008525829
1463030118838722561
1463023317112147968
1463015123082117129
1463271296830038017
1463135489158909957
1463109244211720196
1463107701269958658
1463082977336823813
1463064134195372032
1463046281467547650
1463314894984400904
1463292303322193922
1463291467363807239
1463036416091328515
1463154323735601154
1463188366518718471
1463162055268220935
1463117816295399435
1463091535080148997
1463063203420598272
1463039131714420740
1463012364106690562
1463068337361932288
1463065703511052294
1463068896403943424
1463173416408735744
1463001724705132545
1463056461567692802
1463359081897418752
1463356569995804675
1463356349677404163
1463324776156389378
1463137746738823170
1463120716941848581
1463114552980033538
1463089613115772934
1463089607541616642
1463089601950535685
1463075145434611712
1463058124470829058
1463002536428724227
1463183815984095239
1463016016204550148
1463010692496195587
1463362485424033799
1463088402891345922
1463086002725998594
1463067322659213320
1463049586835025930
1463174227499102210
1463105708916809728
1463066362658447360
1463318799554277378
1463308137633509379
1463279550339575811
1463153055692738569
1463125802111758336
1463065911720509445
1463049477112020993
1463040946480709632
1463023630191792133
1463022468084367360
1463011940398100482
1463006126023208964
1463142910073868295
1463138881524494340
1463083662434578433
1463037933334642696
1463037107627302912
1463152609837998083
1463312916669554694
1463278295978373121
1463014638107316226
1463009402726674432
1463342922011607044
1463148977998622722
1463099367104024579
1463340543325261827
1463304641471385600
1463277395775868929
1463272160252686337
1463271450647822336
1463162809135599634
1463146482140286977
1463146306814185476
1463146130850516999
1463143030756577290
1463142918676307971
1463138073617702914
1463124982834163715
1463123552022908931
1463104508347617280
1463100241918394375
1463093899786801153
1463062262537592837
1463061996908072967
1463048878748364804
1463046630601461767
1463043864944529409
1463016963198767108
1463004119514312709
1463343125296914434
1463314594219261952
1463028628107587587
1463092767819644930
1463071225278697479
1463299308065673216
1463018205102833667
1463152723985985538
1463054307171856385
1463050217138262016
1463354480557129730
1463351305900937216
1463342258606919684
1463339113151545347
1463338670048432132
1463330612803084288
1463164788004073476
1463135118998970375
1463132904465190912
1463118228457095183
1463089201008680967
1463069032601378816
1463068173507305485
1463065775854424073
1463043486970953728
1463296396614934531
1463280206240632837
1463135820051726336
1463067101514461184
1463015031826567170
1463132344366223360
1463339915064737795
1463339376155324417
1463300754668617730
1463187066938740737
1463145668818522114
1463116748152983565
1463071157708414976
1463013192704028674
1463002811440852994
1463229999662526464
1463140026917613568
1463114164331692032
1463307743415058438
1463171333295161361
1463160718249897990
1463111249038696451
1463103129939972098
1463098468193370116
1463080348963672066
1463063236664651780
1463058835418005509
1463056166666313728
1463056147217321984
1463054031757008902
1463045067552137222
1463022924277985283
1463007526392569856
1463111749138145285
1463028730360598531
1463027239516205056
1463027215868723204
1463027204237914114
1463026850314088449
1463026121738371072
1463126203846430720
1463015134096355332
1463051969870778369
1463030709333815297
1461717677114679297
1463155432525021192
1463089754396774404
1463088104277876739
1463086442075209729
1463054316126683141
1461717686027620356
1463280333407723521
1463247163148816386
1463155511604531217
1463155511155695622
1463155231022272518
1463154813957558277
1463131193189097478
1463111258073300994
1463320951781617666
1463091785975095301
1463341911008104457
1463316194077777920
1463299274293137410
1463281892103393281
1463176682739744778
1463130368639340546
1463121694843826180
1463104182290771972
1463102569618698242
1463069944103391232
1463041465324425224
1463026316098170882
1463009729152647170
1463348161976676359
1463324380805713921
1463295474308313088
1463294926297337861
1463056078816436230
1463016733246058496
1463316384855703553
1463261059708428291
1463342827094511617
1463322469066960896
1463240395119157250
1463049898325016582
1463013708058095621
1463322992214102018
1463290323442954243
1463060918875529216
1463053249531965440
1463363762581225477
1463361122946281480
1463354305272893444
1463328072313176065
1463249017547239434
1463202706915414018
1463174259870736399
1463098446328463362
1463085205980282883
1463062994124820484
1463059110643961860
1463058100760420354
1463056396585340929
1463011252930682882
1463352083533287434
1463351712400363526
1463321767351488516
1463278531639533569
1463142420258820101
1463123898191343617
1463115628349325313
1463365054913417218
1463361910640812035
1463361693413642240
1463361148032466947
1463360709480181762
1463360662206251016
1463360640735584259
1463360619298443264
1463360392457904134
1463360326338953225
1463360278481956870
1463360215995146244
1463358179488665604
1463347215355695105
1463075415656857603
1463086713970982916
1463057766528937987
1463047490614165505
1463039346127228934
1463329753583128576
1463308055496445953
1463128490635526154
1463113690685841413
1463078921855909892
1463009021582098438
1463175673070202883
1463165210349420548
1463038725881937922
1463156664169869314
1463144909896966152
1463143549277405184
1463361170421600258
1463358592937906182
1463345803494182916
1463342415822004224
1463297885194178562
1463187167484596226
1463155282708729862
1463153290217095173
1463149519693041671
1463128022114967556
1463123014074060800
1463117913431240712
1463117545670541316
1463110817591672832
1463110633499496452
1463102538140774400
1463089544752820224
1463068936182767618
1463063189440978948
1463018888887562240
1463327947549552641
1463169602695974921
1463169600540053513
1463169596698017805
1463125595563331585
1463065463751995395
1463169346356797443
1463076722421616641
1463035883213320194
1463333465286320130
1463324021353635841
1463295084699406338
1463290752570515457
1463147151991603200
1463141470676811786
1463059220249473027
1463040878797221891
1463026909739057152
1463194796072132608
1463125280373968898
1463090786291970058
1463090520708698117
1463013359809224710
1463356190511882241
1463298341245100034
1463228314445914113
1463174882490036241
1463109172573052930
1463066182433456133
1463062689890988037
1463034216933851141
1463311288721829888
1463089170348347392
1463350571759390720
1463347113169862658
1463323768177053696
1463293981664550915
1463148641934184448
1463120091227197447
1463101573274296327
1463182049460699140
1463349618633179136
1463370392177758208
1463365733174308866
1463339844176728067
1463337909365325826
1463332752380416000
1463328596542439428
1463327390180917250
1463320831052845062
1463318164222058499
1463313323957506054
1463284967916539907
1463162744023179270
1463132379959070726
1463125323923406850
1463117069092732931
1463112548329291788
1463107605950201859
1463068168943898625
1463057490577289218
1463046149992968192
1463035142428000256
1463029118115610626
1463026172803960832
1463021339371925510
1463016489200406530
1463011939919958022
1463332132185509890
1463326313083650049
1463325147444617216
1463292098799489026
1463242295550087173
1463175577993719822
1463166748635680768
1463147061059080200
1463123275861479424
1463091187217321986
1463046053356212228
1463035502022455297
1463028728057851908
1463016846626488325
1463051126064832512
1463161687654244363
1463026057267724290
1463371193101144066
1463344703110221827
1463315974183010311
1463308904788488197
1463287424776228871
1463284592371138562
1463283126046654464
1463282047733043200
1463280072056393729
1463199502374883329
1463157660199665670
1463140483375394823
1463139913923117061
1463139445553569796
1463128549787795466
1463066113735114756
1463064358582251522
1463061570074804229
1463058118053556228
1463043927850696705
1463041085148594177
1463020051158618114
1463012186314346497
1463009872891551751
1463343288346312705
1463284059568701448
1463231925049606147
1463152737399586816
1463111809238384646
1463103089469100035
1463048917583495171
1463042085724905473
1463371023861100544
1463368469764874240
1463351539024613382
1463335382213267462
1463331537454186499
1463324130753736704
1463323878617337856
1463306171096330242
1463220235650187268
1463188281563103233
1463184755982147592
1463179701766213635
1463161705970688025
1463161687998177288
1463160281450881032
1463159480552771585
1463144406815440902
1463121676619567104
1463117711865569282
1463107479059918851
1463104944928485379
1463103009697583105
1463077015750422536
1463074962558767104
1463062932674125834
1463061874577219587
1463061866519973888
1463061813612859397
1463050957604880394
1463050006869409795
1463049183376535556
1463040224993239048
1463030524436369410
1463025553628274688
1462671553460510721
1463195241624870919
1463152615898894337
1463103197753462785
1463083020294901769
1463069616377270273
1463069067636400128
1463068183753986052
1463044064534679556
1463337294543286278
1463325470708043778
1463309981399207943
1463157942203600898
1463112226408058882
1463107164101177346
1463078745405673472
1463064023830646784
1463032458962616327
1463025957518725120
1463061991472328711
1463371846154428422
1463333068429660163
1463234085342564365
1463192146652000259
1463187403238219786
1463181880224669702
1463175524919005184
1463148475286052864
1463092283830456323
1463345718156951553
1463154905464520704
1463089284349530113
1463299531303358467
1463323149039124485
1463341934374580225
1463163184601354251
1463068442387369986
1463349836804100103
1463123535329591297
1463176198754902023
1463356477289103360
1463275592388788224
1463029176164777989
