1458005456148860929
1458004451701051394
1458004357627006990
1458004251888664581
1458001957331685380
1458001897843879940
1458001178487259139
1458000836097839105
1458000682443628546
1457999197110603780
1457998415384752130
1457996676958801924
1457996668914188295
1457995589170262018
1457994966022590469
1457994549624672263
1457994357181607940
1457994316261969926
1457992923488788485
1457992425545207810
1457990979198152709
1457988557574864896
1457985753737089025
1457985316610928643
1457984733640491008
1457984187730837510
1457983399784693763
1457980851195551746
1457974436338946048
1457974277974597635
1457974238439108608
1457971692031012871
1457968844182417413
1457966360172974085
1457966357916520449
1457964754119524352
1457961053459869697
1457960565947518980
1457960246039638019
1457959185253949441
1457956689374638080
1457953192629526529
1457950557977526275
1457950241810907140
1457949795046227970
1457948903605616648
1457948192935350276
1457943118444072963
1457941331125293056
1457937238440828928
1457937028616572930
1457936003155513353
1457935795713568768
1457934421504368645
1457933782422462464
1457933058238148612
1457932985596928013
1457932735243116550
1457931643524579329
1457931064861626369
1457929999915253763
1457922309784625153
1457919730442899456
1457918307743330311
1457916337842319367
1457914796829904900
1457907065955966980
1457906369022119940
1457903359256530949
1457900300346425346
1457899932103299073
1457899833985961984
1457897482453540867
1457892750267850755
1457890003908841474
1457889579395125248
1457884542136557569
1457882986469224449
1457882177157304323
1457880754747162628
1457878815187746821
1457878754756161540
1457876931890663426
1457876855449604096
1457876746271817729
1457876568127148035
1457875585909264384
1457875585443586048
1457873678343888902
1457867963793481734
1457862668807671815
1457862403920568325
1457862211880112138
1457860278201118723
1457858840410542082
1457858834119073794
1457857985766563841
1457855649191137282
1457844354572189696
1457841845904429063
1457825366576275458
1457811263929602061
1457803330680344580
1457794835071455235
1457790072342806531
1457771603647885317
1457751449547333636
1457746190674456578
1457743799816388611
1457742830198312972
1457740944615243781
1457739042963873797
1457737398893252608
1457736462397427712
1457736395565371394
1457735729648312332
1457735461187715074
1457728837748330500
1457720848240889859
1457720707937234949
1457718675637620741
1457717822138642443
1457716614166552578
1457711800602947591
1457711505890168839
1457709530259726345
1457709254362603521
1457702891540520963
1457700018962395136
1457698078685679625
1457691492487598087
1457689223633399814
1457689098802528267
1457687293288861700
1457685750065950720
1457684709358505993
1457684205769424902
1457684109589815297
1457682982077026306
1457682592635838467
1457682057052758019
1457680274179846149
1457679659739467791
1457678256132399110
1457677528420655104
1457674579619450883
1457672797912592395
1457670111687368712
1457668886124380160
1457668088753635331
1458000602345062403
1457999217549475844
1457998437404844033
1457997239549190153
1457997239054307329
1457991178461192192
1457985692907159556
1457980236948074498
1457977935592402945
1457976506299322369
1457975166961655811
1457973763660713990
1457973522236469255
1457973340153401348
1457969993765720069
1457967422145662978
1457964171102937088
1457959142648258565
1457955866754248708
1457948170785210370
1457946752409952259
1457944205049745409
1457944140763725831
1457938601635823619
1457937564237664260
1457935835488145411
1457935636342603785
1457920947961274369
1457919356868825090
1457914132355694596
1457905925650518021
1457904964861259781
1457903323588202497
1457903185222414338
1457902023563616256
1457899070488416260
1457896163529482245
1457892538019287042
1457891669030805505
1457886021203365894
1457884141098192902
1457884132139155456
1457884064925376512
1457880647473582082
1457874706837684226
1457873699382521856
1457871953444757506
1457870368136335364
1457868563969019905
1457865116368601095
1457865114342735875
1457863364579774468
1457841179043811331
1457841160651689992
1457820746311344129
1457751727910711297
1457750498694418437
1457749127534579725
1457737171578753028
1457723627026087942
1457722315362344969
1457714665388007432
1457713995020865543
1457711661582721024
1457709876935737349
1457709075052040194
1457708551581933576
1457706902989598731
1457700178085875721
1457690966609915904
1457671159776886788
1457661610613297157
1457660570094604297
1457659451335319566
1457652566787907592
1457651836752588805
1457651835318145027
1457651661975871491
1457650095910895618
1457647156899155969
1457643715007168512
1457641429727993863
1457637193019650050
1457632679709462532
1457627250484936710
1457625773766897666
1457625771766280197
1457625769568391168
1457617468877279235
1457614009209917440
1457611967682658309
1457603685605773317
1457597819498352643
1457596078686015488
1457592629462388742
1457590369588158466
1457589346689699844
1457588001987514370
1457587876523167745
1457582036206723074
1457580235033960448
1457576089153257476
1457571662023442434
1457569328044384259
1457561507445686272
1457712144674291712
1457640932602437632
1457638958200881153
1457636540583014407
1457985743448535041
1457961664536465413
1457889096513167366
1457885914760245248
1457880276776873988
1457878737286930437
1457870146916143104
1457866254048321544
1457708459680432129
1457685953150164996
1457679295753510920
1457672751372648452
1457658555276808192
1457654903057178624
1457651378600361985
1457606266591739905
1457605503798837249
1457603747601793027
1457600684077895681
1457597854042636288
1457595880630980612
1457595161056202752
1457584704631173126
1457565062466396165
1457998630908874752
1457984474239602691
1457972074283089920
1457966082568830977
1457962287126306816
1457961191641210883
1457960079412502530
1457959342783619087
1457951585460490248
1457942129968254980
1457927119636287491
1457926108335116299
1457925775793995783
1457916407480422403
1457913472478445571
1457896237496033280
1457841736072384515
1457663787977248768
1457602562174042113
1457601315090092033
1457561755530317824
1458002788722483203
1457995861640638467
1457991523522416642
1457986023896481794
1457981324568969217
1457980817599201281
1457953436058619905
1457942941159215105
1457928200730787849
1457924601892147205
1457922166138286085
1457920888322416653
1457913112879775744
1457910945791897604
1457910564223479811
1457905784574988289
1457902681859579908
1457901839500787714
1457899891531730944
1457897379823173634
1457893540097257474
1457891497030807556
1457883136067391494
1457881708426981383
1457881653703966721
1457880960049893380
1457864898126381059
1457727576210751488
1457701575460147205
1457665457347907585
1457662275498569735
1457662040579862534
1457655779456999430
1457652453134921731
1457640818710171648
1457640178403594243
1457638955088637960
1457638458315341828
1457635374138757121
1457587896219619329
1457584097060999170
1457583486080991232
1457581065883639808
1457578268505247746
1457578052263632899
1457578044898435078
1457578041907896327
1457576119193030658
1457569901917450252
1458004052466290693
1458004050054561794
1458004046065799169
1458002841147097090
1458002741175881728
1457989255070830598
1457984220819722242
1457981265236348929
1457981264317849601
1457981220969541636
1457981173045424129
1457981010801430531
1457980426689998854
1457980326760771589
1457974315291348993
1457973012272197633
1457972583152848898
1457972475564740616
1457971065917902848
1457969814291431425
1457967280000622596
1457967203886587904
1457966975863312386
1457963339288432640
1457960669370744833
1457959431199621120
1457958772844892166
1457948421210345472
1457942943277322245
1457938858373378048
1457938060411170819
1457929104263553038
1457928820997033998
1457928818291732481
1457928133064073225
1457921541191000069
1457916263901155334
1457913265594322945
1457912789121437700
1457912107366633473
1457910471147675655
1457909060804562945
1457907035668762625
1457905667646234627
1457905199197179904
1457902516608245764
1457901006910410756
1457899780995178499
1457898095962775553
1457897256498040834
1457894815153090560
1457892775018614786
1457891373424644101
1457887841518686210
1457881562121334789
1457874380990517251
1457873899924836352
1457873686879473667
1457873340027191300
1457872286313160704
1457871385372479489
1457864009915375618
1457857043675582466
1457844132999663617
1457788695226945536
1457775872518148096
1457761254173392898
1457750451370315779
1457739109598842886
1457739105148682247
1457735922653483016
1457735617870123012
1457732828884443136
1457732827223449603
1457729997892845570
1457712285615419395
1457706809163010056
1457704907360718849
1457704309722808321
1457700331878449161
1457700134947409924
1457696393116585992
1457694775985917957
1457692599704186889
1457689452285870081
1457685319579406340
1457675673741389831
1457674240610562052
1457666449900654594
1457656665092755462
1457654127693946881
1457649142243676162
1457648286744006660
1457647894689845250
1457643420634136577
1457643417953918976
1457643405861785609
1457641551987818497
1457640220015300611
1457636544546705413
1457634523936526342
1457633495098933250
1457632377367252994
1457631162449285122
1457629936575926275
1457629913284964355
1457622997636829190
1457621789283028992
1457620580597833732
1457617535814156288
1457613088677515276
1457612998994915329
1457605162734964739
1457591015766839296
1457585724945932290
1457584387067822080
1457583676825300996
1458000259666247682
1457973604038025218
1457937091786989582
1457892614993186822
1457884219770748937
1457879429003112448
1457872621089878021
1457734691616743434
1457728539378085895
1457720492731731968
1457709389712822279
1457672491128684545
1457668483907350531
1457661010051952640
1457649401950728199
1457628419370283014
1457602888868323330
1457590095083569152
1458000414092054531
1457978781033959427
1457976600306192386
1457971670581268485
1457961187358875654
1457955162388000773
1457943721715007498
1457933920033382401
1457932151127642117
1457929888032178179
1457928970523971585
1457922114216857603
1457921383036428290
1457914005402439685
1457907422404624390
1457892833776451587
1457890408109805568
1457883313876520972
1457866255793201157
1457861818886418439
1457859570139746307
1457840306456391683
1457834360787243008
1457830627068182528
1457689502944612357
1457682449874370563
1457680835226718214
1457679154652925960
1457648522820390914
1457623650270547970
1457611450722127874
1457605609021263872
1457597745229824002
1457594815818846210
1457589452792946688
1457586729607593988
1457579494827462662
1457577616672628741
1457576779552415746
1457560523575201793
1457334880044560389
1458007431099740162
1458000610121289730
1457999934590836737
1457998499300003842
1457997976043880448
1457995514075488261
1457994164528771076
1457991792503115781
1457991641466212355
1457990028882169859
1457989855443488770
1457988954163089409
1457987418506760193
1457986577972359170
1457984946664919048
1457983835883249664
1457983158620590084
1457982582587494405
1457981682196180992
1457981286077722632
1457979025637318661
1457977200964091905
1457976858356576257
1457975509799866368
1457974499098324993
1457974420706762752
1457974385013243907
1457974204280705033
1457973923606302721
1457973715333902336
1457973489923616770
1457973314593312772
1457972993884229632
1457972746961317888
1457971888139825154
1457970759284912130
1457970355067179011
1457967832579264520
1457967802048937986
1457967562461880323
1457967512344154117
1457967429150076933
1457966692294791168
1457966145294585861
1457963268505432066
1457960887390666755
1457960752409714695
1457959920779685888
1457959296172363777
1457959277738397696
1457958904613138440
1457958248426795011
1457953618993115138
1457953618972364804
1457952451047297028
1457952446693593088
1457951208186920968
1457951028758810626
1457950522451898373
1457950467204345856
1457949995970138119
1457949659247251456
1457947781272784898
1457946332430102529
1457946137994743811
1457944003916173318
1457943994021736451
1457943443687153667
1457942295668346881
1457941501049069571
1457938918880399360
1457937112263655424
1457935755913809924
1457935189267521537
1457934234136449027
1457934196425445379
1457933333849985032
1457932596386562058
1457929262086774786
1457929016036376577
1457927268731260930
1457926482886467589
1457926254309429249
1457926136512450564
1457920896325361664
1457920887668215813
1457918453877121026
1457918376450289667
1457917234437709828
1457917103172829188
1457917020813467648
1457916485842604032
1457915022777061381
1457914920939372552
1457912948513550344
1457912455242285056
1457911506742374400
1457911497888124929
1457911495350579207
1457909688184422400
1457908861256355847
1457908366693437442
1457907413487693826
1457906808622764036
1457905921695256576
1457904514489466883
1457903539204722691
1457901819737174020
1457901798304276487
1457901438542094338
1457898623832715267
1457898574478405635
1457896852766920706
1457892960570253319
1457892960259874817
1457892441445466114
1457892433736257539
1457996017165471757
1457994527470284805
1457992726759174149
1457987177812430849
1457985848406798336
1457983158352113667
1457973407463526402
1457965287697833990
1457965220610019329
1457964533272629248
1457963467046940674
1457959985208385536
1457954237711671301
1457947176793825280
1457947069792931844
1457943498095661059
1457943357053751303
1457939800560836608
1457938931228372992
1457910485710344200
1457908743044141056
1457897525076127748
1457896933842771976
1457895172168044552
1457888589304401926
1457880752759062532
1457876733797957634
1457865039113699333
1457861153762258945
1457859772099690505
1457858539192406017
1457826694547476484
1457800755356729344
1457773180840337408
1457764139258970113
1457753176472375300
1457746692103573508
1457740180568215558
1457730939673477126
1457730133477847042
1457725121217499137
1457724440108625922
1457723972011716608
1457722650755665920
1457719523876827147
1457717967064473600
1457715887008411649
1457703712546164744
1457700559549440002
1457700528339644426
1457699842663149572
1457688513617416198
1457685936922263556
1457683871072325638
1457682123582676998
1457680829493116928
1457680083796123652
1457679880959660036
1457679245598068744
1457668906798116866
1457667329521717249
1457660914551836676
1457637732633628678
1457634895900000261
1457630586856566792
1457629145827995648
1457626527185600512
1457625656628441089
1457625084240166913
1457622780782862338
1457622638264655875
1457619585641979906
1457612376425988100
1457610589266612224
1457609567622221825
1457606219833561088
1457604427376852993
1457600190114795520
1457596683601133568
1457594465338605571
1457589260417044480
1457588315004170240
1457587057375670272
1457583442351124481
1457583316257837056
1457579608648257537
1457578206869872643
1457576647163404288
1457569142299500550
1458003046403739651
1457994236683374600
1457990841792811011
1457979475652603904
1457977198741098497
1457965579306893317
1457963993729933313
1457961771340283915
1457959026642145282
1457955965593022470
1457938746783854596
1457934893808164866
1457928783617425417
1457917961046396929
1457911510831796227
1457910646733893632
1457902555023831043
1457902364409532419
1457901582721470467
1457898972077441027
1457896380928696325
1457890936680161285
1457878295731572736
1457867594472382472
1457864188085211145
1457742598659919877
1457740974730321920
1457736877591523328
1457728637164085255
1457726090932150274
1457723225471811591
1457721627043512331
1457718666951155715
1457714734413664260
1457712515857534983
1457710539879092225
1457706973865013250
1457706693710602245
1457698189209788421
1457692087906799621
1457691426200850434
1457691061522890758
1457687792125812740
1457681393924726795
1457679744825061376
1457679107953549314
1457670676098129924
1457667731336040449
1457666786271322113
1457665520279252996
1457664893759287301
1457664399598972933
1457662020170387456
1457660806519148545
1457659836833808388
1457658348061429760
1457657247320842241
1457655998760378376
1457655154346377222
1457651825239228417
1457649931993374722
1457649798496980993
1457649364361363462
1457648849753821186
1457646814920732674
1457646801335455744
1457643516515991561
1457638818220163076
1457636018685841410
1457635725239717891
1457629109115183106
1457620849259794437
1457605665929654272
1457599721321631745
1457590846321094661
1457582701297295365
1457577804904550404
1457565318327332865
1457974433109348353
1457893399617409036
1457702929553510403
1457650685701283846
1457869949746044938
1457968523351785476
1457966424517840896
1457953932580306945
1457754536177668096
1457738916635693060
1457569849719148549
1457989763164557315
1457985786922504201
1457981053994369024
1457968405571465216
1457965996271038467
1457961340199321602
1457960996631236608
1457956916710182913
1457955131710861314
1457951848971661312
1457910867782082573
1457909151179304961
1457905056968183809
1457897570299043842
1457895935262875651
1457888744086724608
1457885887841267714
1457884177483796484
1457811907797159936
1457797983026626571
1457790296461217796
1457782304722481153
1457778254132047882
1457755620438724612
1457752767687057411
1457749971583836163
1457738511780511753
1457730310095835143
1457713057837109252
1457698170540941318
1457686449709404161
1457676227951529986
1457675813982142465
1457673224133611520
1457673043824635911
1457669298348912646
1457656681031110658
1457655708275544070
1457650476174897152
1457645524438294530
1457629822578937857
1457627406097784843
1457610733974220803
1457602215225356290
1457595945852407809
1457588847252959237
1457586710519300096
1457581519141105665
1457569733499187207
1457887207381864448
1457883622392827911
1457597126251200517
1457589438066790400
1457986426511843334
1457613253488558080
1457675702413656072
1457982950230814722
1457623694373576707
1457623228650639360
1457962491678392321
1457942816072499209
1457921517455433731
1457921157219250183
1457920807896694784
1457920333038555136
1457919530529738756
1457918337778733060
1457917835934519300
1457917320878116866
1457915192231092224
1457914839590793216
1457895915411304453
1457874598632910848
1457847899690180608
1457859756165451778
1457649548642242561
1457565628731047939
1457879103596498952
1457992207336497156
1457941314503208965
1457940189028904961
1457919920683900941
1457890136029425665
1457715176090652674
1457675284203802624
1457663241379672065
1457650607649558528
1457999050494537730
1457997028223438851
1457985512573227008
1457954321627107329
1457902582379151360
1457742450647175168
1457707099350188032
1457706561359417346
1457687875231748098
1457638235878821893
1457623095401877509
1457997507540119552
1457884817920569344
1457884008520601605
1457752261157789701
1457971962303582211
1457611349920399361
1457946090490122246
1457902914203111425
1457873299006902275
1457722202074222592
1457716814109044737
1457716491940347910
1457715752367054858
1457714586023444481
1457714025538588678
1457690072497618947
1457685303829749773
1457684016287535111
1457683995987111940
1457683223153045508
1457664437507092484
1457624212214988800
1457624175439319052
1457854192299560960
1458004727862468620
1457719852957798405
1458007229924184069
1458007224370925573
1457980453877518338
1457924438561755139
1457735920375922692
1457684456819486726
1457623388076208130
1457606199449325575
1457891023774896129
1457753379124305933
1457724336232566785
1457711365561352199
1457705785002135559
1457666862703996929
1457574812788748288
1457738985883648001
1457613380311601154
1457920668146696193
1457692685112729607
1457604489062465544
1457957571919323136
1457965687524118528
1457940367307776016
1457890349620154373
1457884904297943043
1457858433718251521
1457758132969500679
1457711382304997379
1457686289533194244
1457674731511898114
1457670777847701505
1457637048970461185
1457636046628274179
1457605722053623810
1457600975443685380
1457581983723188225
1457601182378053635
1457976831794024452
1457901655186235396
1458004095340482560
1457968923215745028
1457600434244259843
1457592296342364164
1457595270728851461
1457954476703158273
1457694992604876800
1457616820567883778
1457600844124200960
1457600657838411780
1457600088927191049
1457993594359271424
1457897138722000896
1457896510163603458
1457750456315224066
1457706489645178888
1457673840234876929
1457633947198787588
1457602507358683139
1457602286100774913
1457967405108383748
1457966897559789575
1457705377324101635
1457691970332102656
1457637928792821763
1457727662596579333
1458005851327774732
1457977666812801027
1457964081650884612
1457895867969523713
1457894156978638852
1457692549930373120
1457682747611172864
1457680836262719492
1457662322416111619
1457661517051019270
1457661214889156610
1457654033091497991
1457646676693295118
1457646338351370245
1457631649974210562
1457618136115544065
1457593148549386243
1457976501593260035
1457919488284762120
1457873041434689537
1457643654974107649
1457996755371388937
1457996015571640323
1457948545177292801
1457902314727956480
1457999392133160964
1457999222544822283
1457997016546435074
1457996818705383433
1457903170961559553
1457851352437067778
1457745260122021890
1457639965114855426
1457562866962210827
1457881569029332994
1457691799175139328
1457931475911786501
1457902806183014405
1457855770553241612
1457685812900892676
1457685575251623940
1457668797158985729
1457599997311008777
1457577296550895616
1458008711763427334
1457998292608958465
1457997251494629380
1457993181232910344
1457948472083156992
1457947838571171841
1457926672385118208
1457924597030944768
1457885084107767812
1457871821752070144
1457752985467904000
1457707786997882898
1457689038186418180
1457649170882301954
1457647307634069506
1457647239883493376
1457647137030750208
1457647021964218372
1457639552823140353
1457632004476788736
1457593210532814848
1457920495060279296
1457910461182078976
1457910148773466115
1457867744628527109
1457663613414506502
1457573685309607936
1457965898694758401
1457897876319657992
1457698471369003013
1457664987522953228
1457643464435265536
1457640627722620931
1457634378226409472
1457584056011350017
1457578333542117382
1457844159838973955
1457974532031975424
1457938554886131712
1457863510973566978
1457860656460296195
1457843624264171520
1457830914747031558
1457632172693544965
1457602433840934916
1457585478803210241
1457822089931415562
1457729179126878218
1457728786435219476
1457679700545863680
1457647846195404803
1457587676828213254
1457568277987692549
1457728324780769281
1457618901790040068
1457699974561419274
1457643836558037000
1457933961687023616
1457728679644065797
1457572348933017606
1457667875158695936
1458011639358242817
1457966455824138248
1457921904631693313
1457880370934857731
1457822094926909441
1457729033542651912
1457728779216822274
1457725160073555971
1457718865434083328
1457697077786406916
1457694899118084097
1457694782772318216
1457694137738694663
1457670238510542852
1457664306011512835
1457656645459316741
1457649878411010048
1457626446629773319
1457614725219381250
1457595495660941313
1457591221241597952
1457588524853563392
1457582585115148290
1457581182892216327
1457568922903846912
1457928530465988613
1457857565241458692
1457727528328577029
1457704452031270913
1457671741103230981
1457671628645535744
1457641320990732292
1457611221805322247
1457566962867851268
1457833475277422604
1457679688051015687
1457672783782055942
1457696061342957572
1457695377587462149
1457676899379937281
1457644678031966210
1457697148183592964
1457996393012883456
1457690034748805120
1457893716811681795
1457696494463504390
1457694880520572931
1458005102300520450
1457958547132583938
1457945602734510083
1457911321324781577
1457903437799067650
1457893560221519874
1457870263421321218
1457660981102858244
1457632850950250497
1457613543272960005
1457608495583227906
1457580657564012544
1458013395899142149
1458010177668468739
1457972088942194688
1457909419010756613
1457975334888869888
1458010691797872642
1457989269188870149
1457974517582598145
1457903042389446663
1457756798648156162
1457678821700767751
1457995762348937220
1457985447683047428
1457971467379871745
1457713162120151045
1457672833304186885
1457620411521380353
1457571236800647171
1458001066121838598
1457992456721494020
1457920589843288065
1457866243965272068
1457646849385328650
1457628898380836874
1457581927255273473
1457955762387357698
1457941856851877892
1457891332400115713
1457743972139364353
1457741945682333698
1457730013948567559
1457870278407512069
1457938144993501188
1457938009551097861
1457873076075433984
1457832935462035459
1457939074317111298
1457892433912467459
1457893172516773890
1458001081800167430
1457896225928200193
1457978681733697537
1457978374782013441
1457938978053656576
1457938909178982400
1457938601346437122
1457832821309853697
1457825135788843010
1457825135239434243
1457825133972754433
1457825133393891333
1458011510416953345
1457987196221157384
1457965229929746432
1457960222295658497
1457948517041803265
1457945893554954242
1457936487924649987
1457883410668474370
1457876348035166210
1457869234982195203
1457736383905230848
1457732538084986881
1457692883725664262
1457690212943892483
1457681616365506567
1457653372052410368
1457651388675198976
1457645430427115528
1457618459177586689
1457585714581819393
1457855207002411011
1457705901310107662
1457629132305551362
1457597227904368644
1457978488028377089
1457940511822520321
1455139889083731974
1457902423784050688
1457760657005154304
1457760407704141826
1457686930347290625
1457602635180101633
1457731460912140289
1457856568632897536
1458009024343928832
1457998482506084354
1457993620183678978
1457966015812300802
1457878113396928513
1457815156197675008
1457810371847282693
1457761818919665669
1457720248505827333
1457720189273796610
1457691885275811846
1457691460237553666
1457683022484967442
1457681237091356676
1457618888196177921
1457616245189013506
1457588517291249665
1457587441926217730
1457893614147670021
1457887300105342978
1457854774099910664
1457735850347753475
1457728918169931779
1457715942159380484
1457687713893679105
1457975588174528513
1457872338268000257
1457786318713356289
1457782641957031940
1457693292305338369
1457648666949292043
1457892256296230920
1457697564464074753
1458001767648485378
1457735847336288257
1458008883562102787
1457982935647227910
1457965085297561602
1457961390363144194
1457950085761802244
1457887499422818311
1457582418697670656
1457972977019064323
1457993054397157377
1457975425544515589
1457965083053592582
1457924146768211971
1457889917283942405
1457707745411416068
1457992809579835396
1457608774051500037
1457668169863086081
1457796509370515468
1457792745636970496
1457978775136833536
1457965377250463745
1457955611576975366
1457907398593507331
1457875091790856196
1457870650408783874
1457861273291395072
1457738794363326466
1457687414609088512
1457680951018864649
1457673904541949957
1457667505997025283
1457667502054330373
1457667493888081929
1457651234534354946
1457648172696698880
1457633780412268544
1457623864356212736
1457600798276395013
1457594469063159812
1457578488806789120
1457893044041043968
1457715928896921601
1457715626412109827
1457703557545611267
1457670573291565057
1457648126320254980
1457623635800170499
1457918584135426050
1457596104413827079
1458008738724397058
1457998723183616001
1457981381175169027
1457976635500621832
1457953787960647680
1457933760016515073
1457716928923930633
1457689805559513097
1457589443141931013
1457580049196994563
1457996841392304134
1457909382092443652
1457898243912732679
1457731659441213440
1457685515629576197
1457666857826095113
1457645704264835075
1458010465947172867
1458001651424317443
1457976511647010817
1457921095210659849
1457896571207499776
1457896544372285440
1457888974492471297
1457863390752174080
1457735803753283590
1457729540818563075
1457706017261711360
1457703052983504900
1457654836594307072
1457641339546320899
1457585386868281345
1457912490944122884
1457709930383757316
1457707690960977924
1457657796384624640
1457654559417921538
1457633205842968579
1457597767958732808
1457575891991556105
1457734264057839617
1457693243911462917
1457638329395003393
1457604105728245764
1457603282994556932
1457622435973373952
1457654589562376195
1457697106492203012
1457641247657525249
1457633980124069891
1457623218525655040
1458014311335432192
1458005534070632451
1457982716347969543
1457971022582345734
1457969666052145152
1457967934232432641
1457964004618481669
1457950809732239363
1457947416926175243
1457947093373358084
1457944432418836481
1457933529543692290
1457933069885661189
1457928277939474435
1457908532204822532
1457884034642575366
1457844875253084163
1457767526197202949
1457716309685202944
1457715018825306117
1457705408512987139
1457687211877486592
1457684873263529987
1457682645261828102
1457674239192928266
1457671612988203017
1457669953423769600
1457649034160603137
1457644540622360583
1457643305630502913
1457630296375889921
1457602817976254468
1457596999901990914
1457596432521711625
1458010801994756102
1457956070102499333
1457948487690047490
1457914696070152192
1457913431806201859
1457908244718841866
1457898728581304321
1457889014841810946
1457865947264401413
1457714052503781380
1457695636472545280
1457682584549265416
1457682013008265216
1457642063642566660
1458017283452854275
1458016434320297989
1458015354874179585
1457967756498948099
1457577053939650561
1457865326314418181
1457861507677442053
1457626839262785537
1457959236965568517
1457927934887358465
1457886397042348034
1457876199279976457
1457873830551048198
1457867282500100100
1457866888311050242
1457851672974090241
1457748504021929993
1457724529262804998
1457712716555034625
1457702794379497479
1457697552694870028
1457652732932747265
1457642430438645763
1457630791958073346
1457592124216643590
1457584903155978240
1457735855649427456
1457955640932913153
1457948817223872512
1457929210530566146
1457866557279772678
1457864172020981760
1457854635033587721
1458018779904942081
1457988562364817410
1457972969863462913
1457963355180699649
1457958963333402633
1457950658192023559
1457943797682245638
1457927470850576385
1457901326973554695
1457901296095096835
1457893973888946178
1457893057865658368
1457878891398266885
1457859420554027014
1457767832557654017
1457734433553801227
1457733284192931846
1457702943084322819
1457686796100194304
1457672388095533064
1457670818721193990
1457669685600677890
1457662650419138561
1457661976356610051
1457653605972930566
1457652950407385094
1457646297612099589
1457643700977242115
1457640421102739457
1457640078163857408
1457614008874266629
1457595388332937216
1457586406591631364
1457978866337665031
1457965791018586115
1457929397508329473
1457895481758027778
1457857097924632578
1457723026561122309
1457699798157455361
1457697263417892871
1457676043867754497
1457676038670929920
1457653767487115270
1457627951453728768
1457611789097594881
1457591103960408064
1457579633423962112
1457869018333806594
1457761639453757440
1457714796841734145
1457712582618320911
1457708810194194438
1457698506123059206
1457695071705317385
1457681024914133003
1457656169590259715
1457648432399540227
1457641088542334976
1457637149218521096
1457625937835560966
1457588385439125507
1457686262354112517
1457955664039452672
1457945751271661572
1457916940559675393
1457905915148046340
1457821260365238272
1457778097260883979
1457764949871058946
1457716444951580673
1457689475505483779
1457683926533632005
1457660947078729729
1457602570155929602
1458014239898025985
1457608499215552514
1457921130140889089
1457908549745405957
1457903537527029768
1457899142961762316
1457893271552679945
1457578923529682952
1457577721614143489
1458004004907061251
1457640602196131844
1458007679071260680
1457976320873299968
1457906801538527233
1457694607043530756
1457603440020889607
1457957886991077379
1457742269423837188
1457870438470610949
1457590086367731715
1457586788617183235
1457990750411452416
1457664995701837824
