1458645033427484675
1458644877609095173
1458640753677062150
1458640686702465024
1458640519446228997
1458639074399604737
1458636786385653760
1458635133699846146
1458631734610698244
1458630896781860865
1458625624898093058
1458623981309730816
1458623167304323083
1458622218380791808
1458620770465333249
1458618919980199936
1458618803437277186
1458613409088360452
1458612902500257793
1458610327638003716
1458609768805797889
1458607786619654144
1458607355667488771
1458606109728509954
1458605527701680130
1458604042477715458
1458601404650516480
1458600354002743299
1458600045922508808
1458598125879259136
1458597142134591489
1458596526704369667
1458590405369352201
1458590086811947008
1458581005837553664
1458579260336050178
1458574701693849600
1458573162795261963
1458571376386666497
1458528455956615173
1458469905213231106
1458468145203613699
1458464684399476741
1458462773411647488
1458460621356232707
1458459450579193858
1458450377737601031
1458448865519046657
1458446322042761216
1458445184425885701
1458444133207445507
1458443408402382851
1458439475281809413
1458436910204940293
1458433708893949954
1458433140108627970
1458432771764854788
1458432574578040844
1458428611115962369
1458428027323383808
1458426336502898693
1458424121436479491
1458423579037425672
1458422957366124553
1458421916390150146
1458420008355196929
1458419647741509637
1458414537997107200
1458414535761543168
1458411213524590596
1458411140120076288
1458410805947338757
1458410256501858304
1458407671636193283
1458406021798322184
1458402809317969924
1458398997349949442
1458392291165544450
1458389615031717894
1458387865541382146
1458386802381713410
1458383020931489792
1458380955018690561
1458374887781781507
1458374782647345155
1458372292245811202
1458369411618942980
1458366900501573635
1458366390667132929
1458365986508140550
1458365208670261252
1458362594574540807
1458360816365752320
1458356851586732035
1458355354685739012
1458354994441179136
1458354979199021062
1458353746782703618
1458353712422739978
1458351614696181767
1458351444554235907
1458350804893462531
1458347235612270592
1458341700347121669
1458334139371823105
1458333718838276099
1458331838238232576
1458330780380237826
1458330265500061696
1458328928947347462
1458328254893359104
1458326246811570176
1458323841940221957
1458322079753781251
1458320965281083394
1458318546392403972
1458313588255297537
1458312746999582722
1458310608026148869
1458307873008590848
1458305204659490816
1458305201266253830
1458303680210300935
1458300870274138112
1458300221130084355
1458300117270753282
1458294984658931712
1458293099344523265
1458287903675539460
1458287184453062660
1458286800963727361
1458286582243282947
1458285175914176515
1458284482650312707
1458582005738733571
1458645169650102278
1458644313055784962
1458644281233588233
1458641576461160450
1458635392547123208
1458632890829324290
1458621908316872707
1458619439969038338
1458616651151142918
1458616610726367237
1458614723616727040
1458614059226435584
1458611845997076487
1458610201683062785
1458606871846211586
1458605050712920067
1458604268953354241
1458604166503227393
1458602808836452353
1458601412804243456
1458594978284724227
1458591470366203905
1458582250031763456
1458568885918212102
1458568868192997377
1458556109120147459
1458555374873681921
1458500358762758147
1458500020680880129
1458479530197192711
1458463698666799108
1458462683586457607
1458459016850333696
1458453360672055308
1458447857363480578
1458443093699534853
1458442290888732682
1458437813238579210
1458425163716857856
1458422053384507393
1458417382221770753
1458414954898341892
1458414708298436609
1458413156192034831
1458412878508167174
1458412101303558152
1458406631042027520
1458403761303404546
1458403177003307012
1458396839116300288
1458395725922902016
1458392543108878346
1458389821227896837
1458389700712955904
1458378682804940802
1458371614685351938
1458366763465273345
1458360284666531846
1458356006975533057
1458354927244218373
1458354620594475013
1458350753592926210
1458349892506509312
1458349524758392836
1458340874547445761
1458330913977348099
1458329071503380485
1458327750524112897
1458327147416743944
1458322450018537472
1458321154200981511
1458313215981408258
1458311959279902721
1458308313611862019
1458301873010536450
1458300514957987841
1458297268344291334
1458287299175714816
1458543653840818180
1458475934613323781
1458427623168610313
1458326397340905476
1458639105856655361
1458599289454665732
1458598299938689026
1458591945748455427
1458562890575671296
1458476480027975683
1458470573026078722
1458459740380360710
1458459420107497476
1458421318211174400
1458414800795361294
1458410473502613510
1458403292111781897
1458369425137016833
1458360437750128642
1458356076789731328
1458340408287629320
1458332217176776705
1458332041070579713
1458329600975519751
1458325528880893952
1458324743866634240
1458319762136698883
1458302046835118081
1458297222097821704
1458285975881195523
1458120383622627334
1458645661335838723
1458636462526644224
1458564270380052481
1458458993718808579
1458450682294378504
1458441751362871304
1458440900003069957
1458433378131140628
1458369030201303045
1458358773269991427
1458347378730147847
1458316237704859655
1458287929604784129
1458638890831519751
1458632306550206464
1458623559144599556
1458622670153547776
1458620393523089411
1458614413393498115
1458604136543318019
1458598330955493383
1458594620091236352
1458572387042017280
1458558837464518656
1458552436902137859
1458454175184932865
1458452481961185281
1458452404400123908
1458440553591312390
1458439849417998350
1458433107963498498
1458400829669449733
1458395438390775809
1458395436041994248
1458394341177765893
1458389512342564867
1458377643871518720
1458370926026711045
1458361461634256897
1458356809115131917
1458346606491697152
1458346196880220162
1458333611296448515
1458331906454425601
1458329282850131978
1458318985322131459
1458310687113900035
1458294990598131714
1458289580155625474
1458287098671161349
1458642476235833344
1458641624511041541
1458639456592797697
1458638886595219462
1458634403866099713
1458632626881765381
1458630670687690753
1458626678121369606
1458625526927695875
1458625375311777795
1458624553890971649
1458624232838123520
1458623517084184577
1458622618077052929
1458620373197414400
1458619507467980801
1458619235584724992
1458617972923125761
1458617833357643779
1458617189817147397
1458616734659846145
1458616174657212417
1458615850110537731
1458613343791370241
1458613261511897093
1458608533553893382
1458608436975865860
1458608254393589762
1458608175452545027
1458604169401561091
1458599948962852864
1458597541826551808
1458592801717821442
1458591657121640450
1458589465052520448
1458585741018107904
1458582758255579138
1458571330425528320
1458494140153413634
1458475978502541314
1458474238973677572
1458457026602827778
1458456568987455495
1458448007624413190
1458426410150731776
1458413617611620355
1458412426148204544
1458406120142237696
1458405567551078400
1458404922064457728
1458403619334623235
1458394545872195589
1458393061289959436
1458393059389960192
1458391327931052038
1458389887980167177
1458388954651058181
1458387978099720199
1458381434368901132
1458380487437656067
1458377358059048968
1458374922456080400
1458374739584434176
1458373931358900229
1458372059147341833
1458371641893810181
1458364381176139776
1458362544557477893
1458361376846475264
1458352911142981637
1458349462531624961
1458346755901194240
1458342825171456000
1458342254825795585
1458340761506775047
1458340324841975812
1458340224514203648
1458340135221694465
1458340088870412288
1458339949825052683
1458339752164294657
1458339750914392068
1458339037421260801
1458338858701971459
1458338652883275784
1458338331922558980
1458337028358094849
1458337000180752384
1458333901877702664
1458332299771084802
1458332168992612356
1458331647300882433
1458327512623157252
1458315257441492994
1458314259343941633
1458309314993557509
1458304167391338497
1458302474356363268
1458301726570778625
1458300151181676550
1458296372797403138
1458296363020550146
1458294570567962625
1458292426158739458
1458292165881122816
1458289424345833480
1458287173694734340
1458286996149862404
1458284321974800385
1458643239880192011
1458638388408377346
1458636342686932998
1458634883094364162
1458633581194932224
1458632588944310272
1458621325858119680
1458611471949070336
1458611323084816386
1458609125839937536
1458590076456243200
1458439218850533384
1458410146313371649
1458405790201499651
1458398862326960131
1458361166682411012
1458340047388872711
1458643825170083841
1458636583511363584
1458619066613067778
1458612364601790464
1458607270938308612
1458603297732923398
1458600129070452737
1458584144150106113
1458582136504475648
1458545583350816768
1458485156742774785
1458446978791075842
1458446847677132810
1458429961019088911
1458428776186990594
1458428172416937991
1458420730459136001
1458419855913226242
1458419728083349509
1458417800897187842
1458406053960314885
1458396601387413518
1458393537951666177
1458392404281610243
1458390316529041411
1458388487057534980
1458384953629024263
1458383952125706242
1458383762052435977
1458382393669140485
1458379032999854084
1458375120003604482
1458372266496987140
1458370528704483329
1458366817022345222
1458366809761980417
1458360162629009414
1458360159764246530
1458359318571483136
1458359190326415364
1458357354575974401
1458352803328393219
1458352463883341826
1458349357552443396
1458346592302292992
1458341605933420545
1458339309514149891
1458336321894633473
1458335605234933765
1458334702318735367
1458334113870467078
1458333760399679491
1458331327334289411
1458329796379758593
1458329552870993923
1458329363133321219
1458327193491148803
1458324843183493122
1458310830617939971
1458302956340584456
1458294077900820480
1458290001238585345
1458285449634406404
1458285091424063496
1458645501402746883
1458644308072939521
1458643827766571010
1458642511207927813
1458641140022980611
1458640140528611334
1458640011562160137
1458638761365893124
1458638435967594501
1458638194644111382
1458638110372220933
1458635575997579267
1458633839207534598
1458633558008811526
1458631514493792262
1458631443249188865
1458631268585783296
1458631089342140420
1458630265262141445
1458629619511226376
1458628121247113216
1458627874286551043
1458624721050689539
1458623635757830145
1458622287205175296
1458620444240535555
1458619363620052998
1458618881027624966
1458617960478621698
1458617921521926144
1458617835102507009
1458617741091360772
1458616658780569600
1458616409051709441
1458616076762189824
1458615644002435081
1458615475663826945
1458614311056601090
1458613322119589889
1458612400156860416
1458611256009523201
1458610889985191938
1458610194036838401
1458608440608116737
1458607921151938561
1458607376928415747
1458606417435185155
1458604784357830660
1458603853759201283
1458602877841141761
1458600797063684099
1458598866974953474
1458597174971977732
1458596673765081092
1458596006656823302
1458591066592972800
1458589811866955783
1458588554179743750
1458587912828719105
1458584769566941184
1458580971796647942
1458580252234436614
1458573874832949251
1458556331921747971
1458552707191435267
1458539289302556677
1458525927793627148
1458506091046707200
1458501621894180871
1458491270255366147
1458483649909690368
1458480267790733318
1458477912303222788
1458477403144003588
1458469502052560897
1458466697875116032
1458464428832092165
1458464374889218049
1458462213983784963
1458461722805555201
1458461567918350337
1458458265159938049
1458458082317504512
1458457974561665026
1458453437142626304
1458451892112068612
1458450636022824965
1458449916234063873
1458449103382216710
1458449098194001932
1458448961543364610
1458447116745920517
1458447001083781121
1458445191187025924
1458445112095084544
1458444723601829892
1458444568018317317
1458443422587502592
1458441874482470912
1458441817469370372
1458441032471760907
1458438943985205253
1458437441489047553
1458437420081467392
1458436379700957188
1458435707417026579
1458435641281183744
1458435298216402952
1458434297975566341
1458434075434184708
1458434025572352002
1458433323152199691
1458636714696593410
1458635380496867329
1458633334012088330
1458629203197263873
1458624539076689920
1458617545766813697
1458615745500250113
1458602662388133888
1458601370886369283
1458596071400116227
1458591609704968195
1458591073555603458
1458578409529896961
1458577666970292225
1458576294493364230
1458573102200152065
1458506209758101506
1458479925606768643
1458477476485558273
1458468574905864197
1458457443478872065
1458449492844310622
1458443643019091972
1458443261844938764
1458443202940190726
1458442630920957953
1458434867385954305
1458429869641986050
1458428367271874561
1458425313302515714
1458424629014380545
1458417834246094849
1458416301731299328
1458416003834994701
1458414726476533760
1458408211275337728
1458408191641853954
1458400203333988353
1458399239231262724
1458397767143886852
1458395417943547904
1458395004842303490
1458393681438728193
1458390666354909184
1458389345472167936
1458384511016660998
1458376630347259908
1458375086914748422
1458374674589503490
1458374037424377864
1458373752769576962
1458361753134194700
1458359427510116352
1458356790358204420
1458355574022705155
1458340556027748355
1458335093316063240
1458333542996328451
1458331648232079365
1458330224546889729
1458329507484495876
1458328257061797890
1458320417941188611
1458319299320320003
1458314918931795968
1458314052644458498
1458313791335059459
1458313166207668226
1458311418999017473
1458310383450550272
1458310255675281410
1458309483826872320
1458304964896329732
1458304913608380421
1458285285557506048
1458284345068642308
1458624935799123968
1458599528534212608
1458599010642509830
1458573389564506117
1458485436267909129
1458460576582012931
1458439968812986373
1458436996355944452
1458427806619090946
1458414783569358852
1458412466531012612
1458406707491598338
1458405724929679362
1458405100464979969
1458395694356733956
1458393439624744965
1458385788354187264
1458374973207166977
1458374958724222986
1458373605033594884
1458372856706781185
1458370334432772099
1458369102213369864
1458362901387825160
1458362332006936576
1458360300655153158
1458353050339344384
1458353046396686339
1458349024474370049
1458342732984827909
1458339240375308295
1458333173809500165
1458328924870504451
1458321197532278786
1458314684180811779
1458308253612449792
1458287741536505857
1458421644003733507
1458400404077629451
1458381449833455621
1458311938715254798
1458642272551989249
1458641043671302148
1458635814561140739
1458610850755854339
1458609743073738755
1458601161674862593
1458600060837511169
1458596978544156673
1458591566885310467
1458586584714862592
1458577299352158213
1458525335641681920
1458482359414636545
1458473458182995974
1458470212819304449
1458465949997166592
1458449273352192002
1458401043025252352
1458395678229426180
1458357606578196481
1458645305876881412
1458613472716017664
1458588956396855296
1458492454869422080
1458480003335614468
1458463714277924873
1458460565223866376
1458459943728664576
1458448862826405888
1458437598313992192
1458437446140514314
1458437155374571523
1458436629077454850
1458429243231248390
1458422085894557699
1458417712749629453
1458409762052136967
1458387521889464326
1458384067443838981
1458377862981963779
1458376488844103688
1458376398045732868
1458371641080123394
1458370160675344385
1458361458534797316
1458356239323189248
1458356001241927685
1458345470984474627
1458336736145285125
1458335927290318849
1458331448461586433
1458320867729895432
1458305625260105729
1458301899854135298
1458296757893300226
1458295798534311937
1458287172126064644
1457216191739531267
1458444705432178688
1458407903694524420
1458396279629758465
1458388042108968962
1458293480027877379
1458615068648607744
1458337374904078337
1458300576500912132
1458466862031802369
1458623634210459648
1458615419900620800
1458468075322314754
1458324323324727297
1458630019362656257
1458400558927126530
1458362124476895233
1458344737207844867
1458329742185156617
1458520749660987398
1458603480147537922
1458562031406157837
1458326082084474887
1458629694970990592
1458628657220513794
1458488532469956608
1458442761863004160
1458433126577827840
1458397320807018503
1458396495955185666
1458640199622094853
1458434593917263877
1458389124772106244
1458333318856921094
1458323707189858310
1458616763575255040
1458612902194077699
1458648184629071873
1458394284667781127
1458393697821728771
1458393213912293379
1458388991560982528
1458346138331799552
1458339028076429316
1458334747977940992
1458291895340134403
1458645574714945537
1458598965813792771
1458397762685259779
1458354494803087362
1458305040679010304
1458635286078902282
1458634428498866176
1458628457290629122
1458616786857824266
1458607495534972933
1458605022426533892
1458529252815433730
1458439877976989702
1458355656356876293
1458330176140419074
1458639468911489027
1458509420812328961
1458450566917459975
1458391932804104195
1458386193515614209
1458324017417383937
1458607503609004034
1458355161093402628
1458608935036985344
1458642224304951298
1458371629243793409
1458352261344550925
1458295750815715330
1458365807780528129
1458635944244834304
1458440564546834438
1458370636913405955
1458293794881748999
1458344810389983234
1458643436739842051
1458636464443445252
1458442274988183555
1458422270624296961
1458384341214498816
1458351167612731395
1458347534598893573
1458346040592003073
1458345095791476740
1458454254889304069
1458397347486994438
1458312008495874054
1458645276105666566
1458627008808685573
1458626159525072897
1458624887791046659
1458615643813543937
1458585062929100804
1458432115700236288
1458422379370008581
1458387473059364865
1458378297616654340
1458351044568641536
1458318419380506624
1458306522425933824
1458306353210880001
1458289252458905601
1458632524251336706
1458574826814148610
1458573470233595905
1458386944715460609
1458301541547274246
1458640257486766081
1458643394998124551
1458600414731915272
1458573449652158466
1458490522201313283
1458463064647368705
1458457301635923973
1458432826857050115
1458405632281759748
1458391556973481984
1458299785434128386
1458297685367164930
1458583954177814530
1458484947145031681
1458466462557868039
1458436958477172737
1458436944854089730
1458392472778731528
1458392468362121216
1458392462989299714
1458391547221708800
1458391535918092289
1458373483189006339
1458355101983150084
1458351947811999745
1458351296105226252
1458345611732783104
1458345599296675842
1458329902638268418
1458322980556066816
1458598808086986752
1458396878165315585
1458324820521721861
1458627909137014791
1458450612719214593
1458424638883594250
1458482222713892865
1458367119318388743
1458318682438787079
1458613724927852549
1458543382507048960
1458538883918954497
1458441615102513153
1458398131565912066
1458383666116063233
1458332173035966474
1458311107181899783
1458309076182392833
1458300327237615619
1458645737659670532
1458603014986485769
1458406198697291784
1458617583268106243
1458638389490569216
1458423695404244995
1458360327200903170
1458368373683744771
1458560776168378371
1458377840659812355
1458615381577256962
1458435690199351296
1458435189298765834
1458434416296878084
1458432190820220934
1458422562946314241
1458421334401114125
1458376512718053379
1458366320357957636
1458336122367406088
1458335004472188930
1458334976739459072
1458329106181804033
1458326111339696128
1458324905934548993
1458313470852673541
1458643265238888451
1458632828787335169
1458374722219958273
1458424416346337283
1458611529666859008
1458609901500911618
1458559287811182600
1458495502262030337
1458363627308605442
1458463208872706056
1458644387638906886
1458384415248191489
1458341123999473664
1458412211760623620
1458372557799780353
1458371738564120576
1458293632570560524
1458293312884932610
1458643692206522371
1458591665808019459
1458432212475383812
1458425119223607303
1458395104662593536
1458393274679382032
1458388290269171714
1458351788965306376
1458351575882031111
1458339472735719426
1458579394910253061
1458463875779674124
1458367631291871235
1458646052056158212
1458626824641007621
1458480241077153795
1458351711932715012
1458351336378888193
1458648220045774853
1458648046137348100
1458631530784329736
1458593187795140608
1458374197353201671
1458364611976073219
1458345216256131079
1458632192276328452
1458621252369666048
1458630792330964995
1458602194454777858
1458452974137602059
1458427049157165070
1458416017479114753
1458496479161581568
1458378064342118400
1458343236896841728
1458393724434599941
1458635580401537024
1458590762111619074
1458399773300428805
1458451500930265095
1458451410857512962
1458393582780379140
1458393899450339328
1458399490432385031
1458635359546265602
1458607841531424773
1458590668775776256
1458461762957631491
1458449674688348163
1458449146860343296
1458449143773368324
1458449092053372929
1458443556964556803
1458443556775817220
1458399633973997574
1458399405472501765
1458399134449225728
1458399013669982215
1458630685292318732
1458624099236802565
1458600624891650051
1458583732856578049
1458582560280178692
1458570291852951552
1458486822430916608
1458457374780387330
1458436937287536641
1458424771641679873
1458395437157601281
1458394949750165505
1458393706327789573
1458389053435301889
1458388288809570309
1458356803079598082
1458349105105702913
1458346751975247877
1458340185666506758
1458337305840656387
1458325780899917827
1458583756176957440
1458462005908574213
1458450275937636359
1458300606536429574
1458621623217520644
1458607446864248833
1458531339255390209
1458441636187291648
1458406519674859522
1458396100927234061
1458319836929425410
1458368404465745926
1458431803497222148
1458428990549495810
1458619824909651973
1458619640150573058
1458600430431191040
1458597999387426817
1458533948754120711
1458478293062078474
1458448695553249283
1458436441583747079
1458417025399681027
1458380213176389637
1458363108850688001
1458324497451212804
1458642319033311234
1458641293286920196
1458631485762592771
1458592539083096066
1458544264183353345
1458470244335251466
1458401276652187648
1458397650735173633
1458381378462961665
1458378616929095690
1458342968104919040
1458318730010660870
1458516925437202432
1458316457272483847
1458636636221161474
1458465114114297857
1458499090313011208
1458409814132883457
1458392115927343105
1458621106458222595
1458638741837209601
1458421356237066240
1458569521409576961
1458408399226298374
1458346714532773894
1458442871682441219
1458359261403049986
1458313094266953729
1458644401262145537
1458641124348743680
1458622225225904128
1458617224579543045
1458587109799854085
1458480478516760576
1458449572858974223
1458448915372466181
1458433368962441232
1458420953042472965
1458392380550234113
1458384859722760199
1458383862338228228
1458382492562382848
1458370719545368579
1458367671934730247
1458321286631870464
1458316779994771456
1458295834265600003
1458645491378393090
1458445510352637965
1458427447897063424
1458362856076824581
1458345538252783617
1458324905464795138
1458306136264753154
1458634701778817028
1458634039322021891
1458596123296219136
1458403624086736902
1458339537365528576
1458591189699989506
1458384774624473093
1458358247480430594
1458353936105021441
1458335628077244418
1458331560319455237
1458633043317444616
1458628580854808579
1458545948406124545
1458463087971876866
1458390260577046536
1458362222841790464
1458360551533256707
1458346342321848322
1458322968073814016
1458310977510776835
1458636837187047427
1458576016515878914
1458348621737304068
1458550718483210240
1458365004277641219
1458653839335198720
1458580944512708609
1458444556249096196
1458428307645427718
1458654492174393345
1458518913776455680
1458447059040673796
1458328656640557057
1458657396436307972
1458611645107040256
1458601888530665472
1458593239112445958
1458589248978706435
1458583855737163778
1458581387091460096
1458496578310737922
1458493042290147332
1458490521886756865
1458464346644746241
1458446234830524416
1458436169293651968
1458426610994929665
1458425538402406400
1458416482140917770
1458393893926424577
1458382067578720258
1458379434579271684
1458378920097501192
1458377116299325448
1458353508860641281
1458350881175322626
1458348650443149313
1458347034025467918
1458328770306207750
1458319555562913796
1458314273529090048
1458312501762744321
1458307237655429120
1458299378154627072
1458645488203288578
1458636012884660228
1458631454108229632
1458626777350225920
1458625734688210950
1458451660544561154
1458447825176436737
1458442514977878020
1458350454291644421
1458570253022425088
1458482474896531461
1458477165763342344
1458378388574380034
1456728143717277696
1458438144680882182
1458402309059141633
1458382756816166912
1458331681333530629
1458654101290446848
1458609067237146626
1458576273219866626
1458533242156507136
1458491807788982272
1458491073580318721
1458408028592427008
1458403267927429129
1458373294143328257
1458352822081269760
1458347718762536962
1457396088349073418
1458656277962231808
1458636234260054017
1458625816485457928
1458583537611804672
1458562229071056896
1458390444715372551
1458372816256991237
1458371935058874380
1458367683972382721
1458354221472911360
1458315291880984577
1458652351556829188
1458633299186753539
1458622958935576579
1458605006609739778
1458600990844678147
1458599754653306881
1458593635079843841
1458582170071568386
1458517217348407299
1458491362324615169
1458459770206052359
1458448808669433860
1458446664193171456
1458429526392725511
1458428927752359942
1458426018017030146
1458425547747311623
1458422866219659266
1458420481493635072
1458402813453619209
1458398825983344640
1458398552846069763
1458396579270778881
1458395730159173634
1458387983321600002
1458384680907018244
1458381626669338625
1458372729988534276
1458368355434254336
1458347462033350660
1458345842071388161
1458344168875388931
1458338363111444484
1458337122226622464
1458314403149860866
1458301651199021061
1458658577552347136
1458658397872529416
1458656437773627397
1458639389563650048
1458594368198098946
1458528075277291536
1458468119349907457
1458427190601650176
1458418630706667523
1458416025666351104
1458371246626775046
1458362046852988931
1458352363794665472
1458322334281084930
1458315653010522114
1458309762026668035
1458309327324807170
1458652142529441797
1458635434867658756
1458435542572437505
1458404172466831360
1458347036038729728
1458325844347084800
1458648893256867841
1458355408226033670
1458601497676165126
1458321845925543936
1458653288077815809
1458324730046390274
1458393364185829380
1458314544468557824
1458614706600435713
1458581526069882892
1458590764745695239
1458305377418682371
1458642672000724998
1458639108343930882
1458404788165439495
1458372610325024769
1458370881890127874
1458449747698585606
1458601221262962689
1458558084977102848
1458329707393343491
