1459727506999701505
1459726176365150215
1459720652781285379
1459718168759439364
1459712242132271104
1459708193899122689
1459707997760806918
1459703845722812418
1459702314927681536
1459701712852172803
1459698935769956355
1459694293283524612
1459691839804428288
1459688138943582213
1459687519466016773
1459683144261529603
1459673381293363206
1459668975147569152
1459640360473272321
1459639912202858499
1459617402216325121
1459590730893049859
1459578107522736133
1459576555986776065
1459559065902714881
1459548360428318722
1459534048418689037
1459533113168568327
1459531435522461697
1459529905767522308
1459529173035143169
1459526961512910848
1459524859352944643
1459523788672884741
1459521440978333696
1459520085089927172
1459519434612084739
1459511504517009409
1459511453287813122
1459509569558777858
1459509551678439433
1459509226645049346
1459508911199772673
1459508845219180553
1459506847895855106
1459506532777750528
1459506415425314819
1459505108803207170
1459503751803383812
1459503658349961216
1459500999320604677
1459500985802379267
1459493768273399812
1459493410876706818
1459490452537634816
1459488929271324676
1459486930119249920
1459484717733003270
1459483961042759681
1459483900724465664
1459483291128528898
1459482253294063622
1459479411737362433
1459477715896004612
1459475503346114564
1459470841549180933
1459468906746159106
1459468690970198019
1459466870663249924
1459459387269869574
1459455095460941830
1459441779040788480
1459440959926652932
1459436633032253443
1459433634381717505
1459432416259411970
1459428435575508993
1459427354795671553
1459426395403087874
1459425218275917824
1459423973893017607
1459422382590808064
1459421113428049928
1459414282597068802
1459412097104691200
1459411941743644674
1459410388529733643
1459409128732782592
1459408602595164161
1459398159986089986
1459397714421039106
1459397155114733569
1459393860136681474
1459391358519562245
1459388835838631937
1459387820968071173
1459387153989836809
1459386832131530754
1459385400946921474
1459385376359927811
1459384140017459206
1459381835499143169
1459381507450372096
1459381127135719429
1459376445650735108
1459372457165410305
1459372351146000386
1459715890715394049
1459731563252383745
1459723958396149762
1459711948333801475
1459710214127566851
1459710178786377730
1459709556276318212
1459700947425193991
1459700808484671489
1459700800377131009
1459697601809321994
1459687790569041921
1459687723078275072
1459683359089520641
1459681926441148416
1459673813906378754
1459596475738955776
1459591362911739910
1459586819029286917
1459586004331884546
1459564659577524234
1459561056016093192
1459553296985702405
1459552823956283393
1459551521083772932
1459550424025890818
1459547724294995968
1459546109282381824
1459544805344636934
1459537218284916744
1459531522491310081
1459527358520565763
1459525982747082755
1459523327697903619
1459518205160947715
1459509957653516294
1459501882230001665
1459498276193927178
1459495830063177729
1459495369130319872
1459491703673421826
1459477871945158664
1459477747391086594
1459477423368462342
1459466999734493189
1459461548959805442
1459457155996684293
1459457057375985666
1459455845289259015
1459455626971521025
1459450316810690562
1459446798263721988
1459445938775158785
1459445740263002116
1459444927256014851
1459444048716992515
1459441114751012868
1459440949965123588
1459440609517654021
1459440307959861248
1459440136026943490
1459438745141202944
1459433605051006976
1459426531655106561
1459426529574670340
1459424652040671234
1459419508595113985
1459419172836765696
1459416518253445126
1459416409323102216
1459415243856113665
1459411485843603457
1459410459585515522
1459400688622989316
1459400392723210244
1459400148505686019
1459398520167747588
1459393886531452931
1459380725715660802
1459380263138455556
1459371656997081091
1459412897017184263
1459377829146021889
1459536953309753352
1459536568369123332
1459531287958474754
1459524339145986048
1459520341387079682
1459507451514867712
1459486584231776259
1459478770851614730
1459477077170659336
1459465518302126087
1459389810305429505
1459370806949990401
1459558788386594818
1459525527291580416
1459518314581880839
1459516841525538818
1459486809289678861
1459470463533416451
1459436490778243077
1459383000580300801
1459382852747816966
1459381837831098371
1459724418364575748
1459724102323814406
1459723524034154500
1459716069988261889
1459713463786168335
1459597244236275721
1459552062778216449
1459540833401593857
1459454678941327363
1459451302665064451
1459443579021975554
1459430557687980033
1459422557048918018
1459421963269595137
1459415827631980550
1459402409239711744
1459400523535192069
1459389759164276739
1459373091050516481
1459728738023718914
1459728386658476033
1459723187361484802
1459720259187838985
1459719405676290052
1459715999490457601
1459704711569838083
1459700882325401600
1459699119916683265
1459691693934923778
1459681679602110465
1459680825385971715
1459679161765744641
1459675751104454663
1459673958072999940
1459662190277894144
1459659812199751682
1459653348945063938
1459651314426597380
1459598248528723977
1459573469654372355
1459566673275408388
1459566279749091329
1459551154027651073
1459549196122406921
1459549122147540994
1459545938322608146
1459545642557054979
1459545304965943299
1459540551183654912
1459535969745469447
1459534972826447877
1459534512652619785
1459533362192809988
1459533117870411777
1459532936902971394
1459530254066745350
1459530136403922945
1459524184539684867
1459523678182383622
1459522444197175299
1459519409907662852
1459517884791541761
1459515208074887170
1459511733588881408
1459506843659603971
1459498511167229954
1459493988180774912
1459492914384408579
1459489818425970690
1459485544333729800
1459484413163573253
1459483786782015493
1459479536853303296
1459479189967437825
1459476318987304970
1459472808535224324
1459471502554767366
1459468399730302979
1459467652145942528
1459467006936162306
1459466091051188227
1459465114919178243
1459463891147112451
1459462227849723905
1459458597549535239
1459456501546901511
1459453564422541314
1459449334185947138
1459449069986729984
1459446998944272389
1459445419264466945
1459444043474104327
1459443545492758531
1459438501586354188
1459437321741221890
1459434431836409863
1459430898072440833
1459427910700331010
1459425262727098373
1459423277718249472
1459419944928436229
1459418784389681153
1459416326464684041
1459414099171762176
1459408165146091523
1459407113323638785
1459405588450799617
1459405355180441601
1459404674184847366
1459404495142600704
1459399094569373697
1459399040177610752
1459398976491245568
1459398923722706944
1459398918777626624
1459398869146488839
1459398827236941824
1459398729757184003
1459398679391997952
1459398642788278272
1459398583086510087
1459398548772966401
1459398502383976452
1459398428354498568
1459398393445244928
1459398382066102278
1459398339275882498
1459398306149273601
1459398271219109890
1459398213421592576
1459398168542543874
1459398070706204672
1459398037101367300
1459397976577622016
1459397920545935363
1459397897976303619
1459397863864090627
1459397807584911360
1459397768775028739
1459397740144709635
1459397676093431814
1459397633789759492
1459397578072547334
1459397540625870848
1459397335994155009
1459397298002141190
1459397263894085632
1459397141118341128
1459397073426477060
1459397036285960192
1459396998285574146
1459396964626284550
1459396905432092673
1459396870753587201
1459396812909907973
1459697264297857029
1459563008187793412
1459549791063396355
1459505382141804545
1459476897805451266
1459464681177845766
1459397571139424257
1459388888787554304
1459382305454104581
1459376764778545153
1459727208352665606
1459719643346522115
1459719190634323971
1459715368067289092
1459699468282974210
1459682665335042051
1459679679439273995
1459591668047351809
1459576239706894339
1459565399935094787
1459563489060548611
1459557446372921346
1459544253877538823
1459539115322478596
1459534868430286849
1459526423991836672
1459523924627128320
1459515293013708802
1459499630308184070
1459495002589970433
1459485892213547014
1459485309138194432
1459478023485284355
1459465810242461698
1459461317274660864
1459457650505048068
1459449726877663235
1459446785349341189
1459446218799546376
1459427944032452610
1459427878391615489
1459409466777083905
1459377618411679748
1459375380595306496
1459374487351136260
1459373789137948674
1459732170986037250
1459731966706606086
1459731881482547202
1459731113639747584
1459731043787763713
1459731001974743043
1459723298221137929
1459719862947696640
1459717019415113738
1459716598856491008
1459714866265006081
1459713238891855875
1459713137716781057
1459711572364783621
1459711438243741698
1459711234735968262
1459710853540827136
1459710198109507585
1459707500471537665
1459707379184848897
1459706673707192328
1459705986441113601
1459704073377107978
1459703882930700293
1459703042815578112
1459700289611571202
1459696917831557123
1459696841314881539
1459695984099794946
1459695976361332740
1459692969284419586
1459690849323782144
1459690782546268163
1459690529059311619
1459685462285586437
1459678699813441536
1459668158982221824
1459666155707125765
1459664926734127111
1459660356528136194
1459658728492265474
1459657911177674759
1459638987312697345
1459637733597454337
1459612109998678016
1459611950548086785
1459604493436342280
1459597614295384067
1459586542930837507
1459583621916872705
1459575336983691265
1459572034015416321
1459569981704658946
1459568482270400512
1459567552363831299
1459563930276171782
1459563366641401860
1459562944740560905
1459554567536865280
1459552042230292481
1459551435629105156
1459548960897613830
1459545285135192074
1459543681984200708
1459543415578710022
1459543162129551361
1459541207978180615
1459540330533965825
1459538526530195460
1459538375950548993
1459534593959202820
1459532554529214464
1459526498147180553
1459526477750288386
1459526046202486784
1459525962475864067
1459525954481442826
1459520715783385093
1459519750304714752
1459519081862758414
1459518538478014470
1459516454315835395
1459515886742564866
1459515445824811008
1459509942000357376
1459506628231774209
1459505786418188289
1459504277127266308
1459504046901841922
1459503840395350016
1459501363147071491
1459500259717959686
1459500146522132480
1459499809836990465
1459498581254021126
1459496836402540544
1459495194466742272
1459493504766263296
1459493228978130947
1459491487247331329
1459491262378254342
1459490645375029252
1459490187541577731
1459490097200435201
1459489399889018886
1459489218418274308
1459488953258569730
1459488539851243525
1459486364588642305
1459486362046926851
1459486144547020819
1459483692909408261
1459483326855614466
1459482791955947522
1459482285040979972
1459482209673351174
1459480620455714818
1459479844899594243
1459479668839497733
1459479616750424069
1459478120243744776
1459477439856349186
1459476308212150272
1459473742388629512
1459468540805730311
1459468168800268290
1459467554611621889
1459466796424065024
1459466068930572293
1459465486110900225
1459465455777693699
1459462816398819330
1459461894889099265
1459460564527181827
1459716633082040323
1459716098685685767
1459710001958645764
1459703928015056905
1459700812691632132
1459696013757853701
1459691291105579013
1459664759876251653
1459663704929144832
1459663241701826560
1459600587306065924
1459586789371310081
1459567636396838917
1459547031760953354
1459543741719449603
1459535003381944327
1459528616375586816
1459528273608593413
1459524408125448192
1459523086215090177
1459522369643446281
1459522205633552385
1459522025618247681
1459520996415664133
1459520024121540608
1459518220239396870
1459516875855986693
1459514751440994307
1459514623900540930
1459512600358621184
1459511962706984964
1459511308190056453
1459510774347431938
1459509247088103427
1459501929550139393
1459501187862958083
1459497385982263299
1459496556239863809
1459491904878485515
1459487619427930116
1459484349452062721
1459483361680912389
1459481643807215621
1459474588245454855
1459467464950046723
1459466551560597505
1459460855238578184
1459458480176189449
1459458219114307586
1459456857228005384
1459456822784315397
1459456568940908548
1459456463496040451
1459455485476700167
1459453349745467400
1459453065501704202
1459450015332519937
1459444259103248385
1459441085692854276
1459437251037777922
1459431620142903298
1459431500261347333
1459426374276452358
1459424337614626826
1459408263326273539
1459407975102046210
1459405309231841284
1459402361235861507
1459396421002534913
1459391487628562432
1459389404825341952
1459389310893912064
1459388082772328449
1459387586762342400
1459386704742154246
1459385160093208579
1459384322394255362
1459383769610088448
1459383532287979520
1459383111947485184
1459377728013017091
1459374506204491778
1459732193480040451
1459701046930919430
1459696878098911238
1459684134066917379
1459653619964256257
1459599284899233795
1459537271326003202
1459493364370268161
1459489584903950340
1459489361968320516
1459487291034849281
1459481588203356163
1459479063307821065
1459473741025460227
1459467658051555330
1459455188738007042
1459453735352999937
1459427951611551748
1459425039900573697
1459417461602721793
1459403503428800515
1459403150339690496
1459401901083090946
1459394788201951234
1459392115767537665
1459391334846844931
1459390663431131136
1459387492545687557
1459386573879844866
1459384306615259142
1459375141775822853
1459374308371800068
1459732187910000640
1459437427106320385
1459401012343541763
1459385940258951168
1459390240137695232
1459551158981193735
1459718593650651141
1459714435564539909
1459703388740800512
1459691871094124550
1459657050527461383
1459585167278755846
1459585148563902469
1459577224932200453
1459571631160905732
1459561731450019844
1459552334216773635
1459551377282109452
1459543340202950657
1459542164883447808
1459524474449973251
1459524473871208449
1459522961140973574
1459518734503079947
1459518600172097543
1459503177787535370
1459487416268382215
1459478495692681220
1459476188544393220
1459459792242499589
1459456953374035969
1459436683775004681
1459435462511136769
1459420580935966721
1459412020923547651
1459401588271824898
1459397446480449543
1459380519326547975
1459380310882148354
1459378656338276352
1459408464254406658
1459690115643543552
1459529247932837894
1459731324281896960
1459372801811382272
1459707488714969095
1459530735975485444
1459529061051473922
1459523208097402882
1459497889101541383
1459492719722565637
1459711085003431937
1459710775111471105
1459606489614614529
1459570156045156361
1459526262368587776
1459499122298220548
1459495270568194050
1459492870579122176
1459455368115806208
1459409999243866112
1459397498959630342
1459683809209638912
1459555199022874626
1459544497038053387
1459468720309358594
1459438144529391618
1459436230790180868
1459711476545966083
1459703599743655940
1459671550420873221
1459670951252017152
1459668464847626240
1459523719869571076
1459518657395003392
1459516046684000259
1459514874250235904
1459476408388911104
1459654775297896450
1459449783328722946
1459386289816363008
1459730387354075139
1459697245587009538
1459564980991184901
1459514296681959427
1459499789817548800
1459484036271775745
1459482776743268362
1459476509270237189
1459457621967073280
1459450333256577024
1459421314339717120
1459409871598768131
1459406659642544131
1459403900184772609
1459711132583694337
1459708463081164804
1459675870520508417
1459473211804905473
1459388158538235907
1459381554048692230
1459709599347458053
1459490769127960579
1459722795013730304
1459717336890544130
1459483530078027779
1459468441002254339
1459455281063084037
1459412558037667844
1459394314463690757
1459671979695296514
1459542871888076804
1459523566399934465
1459517935169392642
1459517674438885378
1459475316032761859
1459462450118422535
1459439477227548676
1459428440235384834
1459414896433455109
1459512294677778432
1459477118253862913
1459431341833949194
1459426669622484997
1459725021853614082
1459431671812423681
1459415837295538179
1459469325190852611
1459468936886456322
1459717945156800512
1459458044371234820
1459438567621468164
1459414593587924994
1459413846838308867
1459409683052052489
1459399165306290178
1459398699298131969
1459397429971734531
1459392377433427972
1459392033290809345
1459697723431526400
1459493158551646214
1459422908359479298
1459429417608888321
1459390065579155456
1459440943057096711
1459440828909162496
1459426225865170950
1459386782911385603
1459386590388621314
1459715766769512450
1459533777424711688
1459396237724057606
1459389057369194505
1459387018799038466
1459375390443524100
1459695667782164482
1459663125175619585
1459454315047763968
1459454221107884032
1459449134788665344
1459406528054657024
1459405845398122501
1459702722085539853
1459663853688557573
1459531940910931971
1459422108816076803
1459550385631219712
1459534120850124809
1459732208181137409
1459693206816182273
1459674602410369025
1459534321174212612
1459533876603224078
1459442960735473665
1459713264770711552
1459491234905350150
1459461928103735297
1459507956878245891
1459453483271163905
1459388640413425666
1459689162156638213
1459493736937766914
1459408183882092549
1459686866546925569
1459445466718892042
1459410368766230531
1459740020449820672
1459719470075633669
1459717203545116681
1459714955473653767
1459706409944330243
1459690027919691777
1459674780903231488
1459547823226372096
1459538982186864641
1459538755342446592
1459533812367462403
1459533209297817601
1459528605185110019
1459520973040848899
1459520315239792644
1459515978119667719
1459514383386644482
1459506913637322756
1459505731791638528
1459498086196072453
1459473361105424390
1459464095673946116
1459421956621565954
1459419749167755268
1459385252783083525
1459384216177631239
1459383332307804165
1459710275087601664
1459513667125276676
1459382911002558466
1458058545253863429
1459399567749758977
1459582888836358147
1459565406260121600
1459511636276908041
1459517688405889024
1459510046270771201
1459735707602210817
1459524539667206148
1459524000129097729
1459510858535505928
1459494421800439815
1459527472760836099
1459513625463328774
1459487589606461441
1459721914985836545
1459719103178969091
1459698710401609729
1459686488061267970
1459571749758984200
1459566879068983298
1459536364609818624
1459534110385668096
1459700123768815620
1459720487659982849
1459568351340949505
1459556995191635969
1459553717099790338
1459481163399983106
1459417863526047746
1459548606680076288
1459438311307571202
1459679120409858053
1459548556860137474
1459535350515179528
1459531146899853313
1459522103653240832
1459476305368403973
1459435080364040195
1459420145613295621
1459378696117129219
1459512754918727681
1459511709480022019
1459511014181859328
1459477851619553285
1459725717831184389
1459699963215040518
1459565466783866884
1459495299118878722
1459385139021029376
1459618278154780672
1459384988927881218
1459721752070787073
1459618641972916225
1459618187255816192
1459515536132296707
1459514724459028481
1459514302730162180
1459513609923424259
1459513171589304322
1459512411354849284
1459415588082651139
1459689442579415045
1459744173947375623
1459717786670809093
1459687724768645122
1459657707737075714
1459533357050519563
1459506360656089091
1459476187743281156
1459446079389196293
1459419532385161216
1459385826287120384
1459385693940039680
1459694597227962370
1459550390060388354
1459506940720017412
1459743717368029184
1459726598773436419
1459417252940316678
1459393085322977283
1459673957515214855
1459604898819964935
1459578574336237570
1459533504815919108
1459532997200211982
1459478230574923785
1459450976809541633
1459437724516032513
1459403318313177092
1459401309547761667
1459384766768185346
1459548829246623745
1459450852104572933
1459403273924800518
1459725640194609156
1459690935638380547
1459690933260193792
1459690137797861387
1459653032501661698
1459630826354790400
1459516862295773186
1459493822371536898
1459448133507686404
1459434300919607305
1459421950300889094
1459712996402352133
1459702236469088256
1459512126809145347
1459510513277173762
1459464627834658818
1459684534543269891
1459684334512709635
1459525122025398273
1459472302253297675
1459516837431963655
1459449268230508555
1459667940228231168
1459585613410156549
1459447604375285760
1459710150063779841
1459530582434598917
1459477898255953921
1459457129954234370
1459400947352829955
1459725322979450883
1459515587558707201
1459476187223236611
1459417977778950146
1459705824528502784
1459595455617126401
1459587698016985088
1459532235724374017
1459488092524449795
1459485949369335814
1459528319431364609
1459495665344851968
1459725190464630787
1459688358238584837
1459669632701198336
1459507082311319553
1459450930600894466
1459435478495629315
1459417775860903941
1459408184624492545
1459393084765073408
1459698271761272832
1459549939906727942
1459510094618456065
1459501317609893891
1459497109787496451
1459461719625973767
1459407770701029378
1459389007721222147
1459383454668255251
1459490996496977925
1459430304301686784
1459431877329051651
1459702298704498689
1459681457643802624
1459546279411806210
1459544863104376833
1459454628420931591
1459428783807614977
1459406677761880065
1459406295581085697
1459403825916252160
1459402505129848833
1459399733005328384
1459386604011749382
1457740160855015427
1459497927580160007
1459496581007175681
1459472185093853186
1459691170695503873
1459648695499046912
1459537911741698054
1459501652822556676
1459428748818718723
1459736364388290560
1459708623576178695
1459684658149429250
1459562351724617730
1459544278695174147
1459533007316873218
1459514518980104199
1459514019774013440
1459512124389036039
1459509813625311236
1459494865411006467
1459494347909435394
1459486207461765127
1459471334363131906
1459452574923255809
1459433969045278720
1459402749401985026
1459400753634705410
1459739694992801792
1459665421561327617
1459566506442825731
1459548380267352064
1459516019744010242
1458207072529436672
1457698784939442181
1457674587152404486
1457574170292670467
1459737387492282371
1459547690564345857
1459524378996002817
1459516453414064128
1459485683068792834
1459489211661250563
1459741062684381184
1459740985420701696
1459725498880192513
1459718680695033858
1459716952306249732
1459711228268335106
1459707500970659844
1459701161959702531
1459698103259254788
1459697297735172096
1459688432293138432
1459676465893543938
1459668726299643909
1459584122070835201
1459539512657207306
1459538815211618306
1459538115530407936
1459519564564234247
1459514280458395653
1459505281730179072
1459499549240664075
1459487454897967109
1459470858162900992
1459467537637281795
1459465146057822209
1459448504930082818
1459438503897415691
1459437179889881090
1459413704135507968
1459408813753200646
1459391256421810182
1459390655298355200
1459728337719291908
1459726911035174916
1459714719104012288
1459706032096116741
1459687739532611588
1459568459843792896
1459535495705153536
1459535493947744259
1459534864026275842
1459534680789684226
1459525146385928194
1459435074038816770
1459410395936923651
1459404175339524096
1459590363937599490
1459533778620092429
1459628454274424835
1459539899133186049
1459481101462687747
1459437726336360451
1459661762979000323
1459659577021001734
1459599265009836032
1459564443633913856
1459545085742227456
1459544026923757568
1459537434266390530
1459537204405964805
1459536171374039048
1459534526846099458
1459523016392470532
1459488369021374464
1459478443310125059
1459466813020901381
1459447301399744521
1459442632803774472
1459441212427886593
1459427232489762820
1459423230985310214
1459403214713864192
1459398424797741057
1459394696149569542
1459741904640557060
1459668369116782596
1459562751429210113
1459561524268126210
1459557022282620929
1459533285764198403
1459453212252340224
1459427196238393350
1459411843156361222
1459411732527419397
1459405435945897989
1459402993560813572
1459747392350142464
1459742865861480455
1459733858165817350
1459704638463111168
1459697979724423168
1459669410201817090
1459573933334618112
1459564779782258688
1459549431636770816
1459545843518767108
1459539585805946881
1459539073735933955
1459528914846449672
1459517692545622019
1459513009643003909
1459482320096747521
1459480732070383617
1459471606355357697
1459470119692693508
1459467064544874503
1459461610360217601
1459458186176462848
1459453928651649025
1459451775228936193
1459441545359159298
1459441305046581248
1459439158330593281
1459438119946702855
1459427885052166148
1459421111687524354
1459404553493774339
1459403649247944705
1459393806571216904
1459389465391079427
1459389201875566594
1459387514523840513
1459142866249269253
1459740413456125957
1459717265117433859
1459692054809026561
1459674720056446976
1459606712424407041
1459606699828908033
1459606688860819456
1459606683768930305
1459546211145318402
1459545857066291206
1459542652228042756
1459531215698993158
1459530913918820355
1459527765930098688
1459441504468934656
1459422178957414401
1459421699099684869
1459403440400965635
1459401010250608645
1459598809525145606
1459550874615771142
1459495659787067398
1459432550129029125
1459415580390277120
1458694260266463237
1459619439708540928
1459618274803474437
1459745841397309448
1459656468467044354
1459655649307078661
1459649071916859392
1459599631315255298
1459554548507299840
1459507328621809674
1459462898527326209
1459446905151365131
1459556549924245506
1459430275276959751
1459498849135775749
1459495478865711112
1459475064689086465
1459466814824808448
1459485363886432258
1459730001603936260
1459589147648094212
1459466554228482055
1459405689005101060
1459483035158466564
1459446192266366982
1459414157090951170
1459405071137927171
1459453979864166400
