1457195995528192001
1457195262120759296
1457195025293463554
1457195015071932416
1457194800617119749
1457194226001739784
1457194049295638528
1457193298011910156
1457193003995467776
1457192290145865739
1457191918945796100
1457191452115562504
1457191047381995528
1457190235008208897
1457190191806877697
1457189620374904835
1457188764950827014
1457188648911130624
1457188594141958144
1457188573300416519
1457188415888236547
1457188394363088896
1457188202310103044
1457188175281999874
1457188088984207363
1457187902748725248
1457187217059713026
1457186289179144192
1457185972362244102
1457185855810924554
1457185852094750724
1457185563123994629
1457185523886280711
1457185077125795844
1457185043281899522
1457184418934640643
1457184160376885249
1457182972461740033
1457182747726794754
1457182403760312327
1457181554937974787
1457181296887832583
1457181247759798278
1457180583684050955
1457180460438622211
1457179979083485191
1457179561586688004
1457179524546764804
1457179335907897346
1457178888535044096
1457178828892033027
1457178566672543749
1457177619154173955
1457177553744007169
1457177229096472577
1457177106920534024
1457176701809545223
1457176658478125057
1457175648644988932
1457175036427526148
1457174891384356866
1457174277929586689
1457173809581101059
1457171451518193667
1457171073284263943
1457170824746520577
1457170602314264576
1457170340740665345
1457170055779831812
1457169798987538440
1457169766821421060
1457169483659821060
1457168795903033351
1457167799869009920
1457166870570692608
1457166796994187264
1457165910163165192
1457165060107735042
1457164924669493259
1457164743177752580
1457163859999924229
1457163343844626434
1457163202022674435
1457163024528076806
1457162899416252428
1457162843275419659
1457162809389633538
1457162771921915907
1457162711536603137
1457162645744717826
1457162528664875011
1457162309399285761
1457160965246513159
1457160231037771784
1457159812148465666
1457159584318046212
1457158626246750211
1457157610981847041
1457156998743539721
1457155753173610499
1457155737902325760
1457155649503055878
1457155361027211264
1457155014011457537
1457153890856570888
1457152259117092868
1457152077461925892
1457150690594377735
1457148038653247491
1457145570682761222
1457144497746296833
1457143703647129602
1457143313652338695
1457143055320903682
1457141964990672898
1457138779559395332
1457138218730545152
1457137599458394112
1457136618096058370
1457135904414486531
1457135412950962182
1457135264061706240
1457134512987541506
1457133613137338368
1457133009673474050
1457132014163742726
1457131264658448386
1457130558798983168
1457121907585683460
1457120375565795329
1457115845969125377
1457099406008668160
1457087735034880002
1457063762784043010
1457049487424303105
1457042961313644547
1457042570844917761
1457038373546180608
1457036046072311810
1457035386761347074
1457034381965414401
1457029526009966593
1457028830909009925
1457028243081420801
1457027727140159493
1457021799393202180
1457021126140313600
1457011922973310979
1457005896433733634
1457000842490355719
1457195742599139330
1457192518601220100
1457186558889451520
1457182352216498189
1457181776900616193
1457176584289337344
1457175151301120002
1457166071496990721
1457166062072500228
1457163910729981952
1457161415886708739
1457153842496229381
1457138690476498947
1457135712923439105
1457106874516447234
1457104756384567297
1457033471470211073
1457024394606219271
1457023197262462978
1457016687585382401
1457002544643784714
1457001928517251077
1456999844715720705
1456999790487560195
1456999012226113541
1456993715398975494
1456982867678924801
1456963158145323017
1456956233663975430
1456948775386181640
1456943127751655428
1456939164281151488
1456921088235954177
1456912724412092427
1456899945227710466
1456887112125452293
1456880744085688321
1456880385783001095
1456875031019937793
1456872609669271552
1456872601121292293
1456870879711744004
1456866382210080770
1456865576148557824
1456863342111313920
1456862168817627138
1456857767000506370
1456814846050140160
1457156120586248192
1457181022538420224
1457022630402277378
1457008795620577281
1456986180596080644
1456977938650316801
1456977006868910082
1456919619361378309
1456915849055375361
1456911924331831298
1456909294411010052
1456904126395084801
1456889660173545476
1456863921474781185
1455367861254295558
1456982232707465230
1456970519887101952
1456956807885115399
1456911607242506240
1456860492668882949
1457191044450164737
1457186992773419017
1457178366805614597
1457175548787003402
1457140869476225028
1457113082858196995
1457099053800439808
1456936070713524224
1456933676013408259
1456916252643905541
1456908885940260872
1456902937360412680
1456894120807604225
1456879974598778882
1456879255933968385
1456879226154459136
1456871786025340930
1456846670470148097
1456836521382666246
1456830846183231490
1456666551558365186
1456582415099518977
1456573152943910914
1456536491115438087
1456469133114044422
1456407909827448839
1456220712612470785
1456188454820200452
1456123708314054656
1456064911872708608
1455693069852897280
1455450582827692036
1455408226506207234
1455402884913250305
1457192675988295680
1457183947348070402
1457180253315502084
1457172614611279875
1457170787446652933
1457169344689893376
1457162579587993600
1457160693656928256
1457158603127672838
1457143609401036801
1457094724032950272
1457054595906146304
1457046965582061571
1457022327573581830
1457018564452311043
1457013113014734860
1457004146943410182
1457002148785491971
1456987673390764039
1456986491020726282
1456971662872637444
1456971222097350661
1456969621441896449
1456950099741839362
1456943139554398213
1456942266199642113
1456939710551453700
1456938658448097283
1456935220154753027
1456930589840347139
1456924740019314690
1456922736656207874
1456917634079866881
1456912992654675981
1456911957227753474
1456909560199802880
1456906738293035009
1456902874231762952
1456891708034019331
1456891273244119047
1456888587044077570
1456883154002743297
1456878028944908293
1456875560806674434
1456875022950154243
1456874659362717698
1456871162697302018
1456870719002796036
1456864371653545988
1456862040534835200
1456850966896996352
1456848162736394240
1456846248854507522
1456840166383882245
1456835818572505100
1456553397885161474
1457153013848498184
1457065407995547650
1456937072967569412
1456858927287521285
1456839312159305729
1457195020604166149
1457178318512394243
1457162601427718150
1457129423640035328
1457097545939783682
1456984555332669440
1456979286624067595
1456962263487705094
1456962080636956681
1456958701584072705
1456953611875803138
1456899806287196163
1456877246451388419
1456872707526586371
1456839971118084108
1457191228513026048
1457190843815645190
1457190043714342915
1457189065950785542
1457186112292618241
1457185738227740676
1457182593774878723
1457180585617625092
1457180203629768705
1457179335576543237
1457179100888535041
1457177770392539145
1457177117813182468
1457176745266741248
1457176159888691201
1457174372339249155
1457174370112077827
1457174206982942723
1457170611088728064
1457167520805187584
1457166289126899717
1457165914227580935
1457165585708576768
1457165353289609226
1457161371657785348
1457160856798568449
1457160789014441984
1457160638808014855
1457159939919687680
1457158905860005897
1457158483678167047
1457158379756003333
1457157876938522631
1457157869489426434
1457157869258743808
1457157831526785029
1457157623837458435
1457157520640806917
1457157108927918080
1457156237880020993
1457154581482201093
1457154025103642627
1457152677847003136
1457147610834210818
1457144659596087299
1457137461197299724
1457137434198622212
1457137249435275269
1457134845641908226
1457133789491068929
1457132006727245825
1457127304371466240
1457125495972122625
1457121896386945025
1457115475322671109
1457050259075387393
1457048248695201795
1457040532069228553
1457037173199237120
1457034638694621188
1457032812440080391
1457028680371245061
1457028253604999171
1457024905078194180
1457023559935533057
1457020134061576193
1457020031909326851
1457019666686038022
1457014661593718785
1457010323752247298
1457009075133173760
1457006698414051332
1456997782699450370
1456996804063420418
1456992183542685712
1456991376302764032
1456990892489805826
1456988131568148481
1456987808808128521
1456987599898222597
1456987250974097417
1456987028726288388
1456986963416813573
1456980253889339396
1456979805467865090
1456978564805378054
1456972657946087428
1456969618694672389
1456968357433929732
1456967278910656519
1456967158555033607
1456967145871474692
1456967074706649089
1456967004431159299
1456966791926730757
1456963713299189767
1456963204714663942
1456962655906787330
1456960133351628801
1456959809182339074
1456959180317728778
1456958699214229504
1456957444626677764
1456955263408226308
1456953149328015369
1456949182015492097
1456948558460981252
1456945308882014213
1456941337303916544
1456941121523703808
1456940381812101124
1456933946764058625
1456931972517871619
1456926595692720135
1456926196818604035
1456920313006940163
1456919757328826370
1456918265750441985
1456918103061774337
1456916982398218243
1456915580519272451
1457196408855949313
1457195559224168459
1457194848155406338
1457192804682133509
1457192196927483907
1457190546267533314
1457183283330969610
1457180220499193857
1457175238697832450
1457173559424421888
1457163731520016388
1457162920580681730
1457161167302848515
1457158988500398082
1457140935104491526
1457139186251616262
1457137505707302913
1457135275260329987
1457129862678732800
1457124857729011712
1457094724741828609
1457039275174678528
1457035874818949126
1457025358251835394
1457022647431090176
1457014183036293120
1457008220824768513
1456999700855279621
1456997491430203394
1456992843768078344
1456990938098638854
1456990788328427525
1456989151148986380
1456985980980789256
1456983927000817667
1456983618098585605
1456982063735738370
1456973734598746117
1456973461805432837
1456971640592429058
1456971601119875078
1456970793234026499
1456969590030811144
1456968964123234304
1456964382823305221
1456959805667479556
1456959288308420614
1456955731521916932
1456955611338342400
1456952393174700032
1456939370179489793
1456936903509372934
1456935867717591041
1456935849451421696
1456932725353435143
1456932056647159812
1456927657166192641
1456926002945298433
1456907311759302657
1456905250380468224
1456897317110304770
1456891345902002176
1456890612406308865
1456886861406736384
1456884491771731973
1456878225804574720
1456870017656516614
1456864868280123392
1456861120619114497
1456857676231548933
1456853553557868549
1456850448258932740
1456849135206731784
1456848289794383872
1456845284990873601
1457196179544961027
1457187770162499589
1457183865416474624
1457182765384802312
1457180218918006788
1457173963637809156
1457173830137368578
1457170474480193543
1457169693878353922
1457167936091656201
1457166714085392387
1457157619898937346
1457152883808374789
1457151461503033345
1457148316811030530
1457146090696835080
1457138406941618180
1457129457261498371
1457122990571675655
1457103149257297922
1457071493553090562
1457016593305665540
1456995684603752459
1456978909568782343
1456941853371035650
1456939746114957321
1456934396250890241
1456931699040735232
1456924493641764866
1456911252567912451
1456908743090659328
1456890229089054720
1456873183185817600
1456870844571926530
1456858634344800264
1456854570391400452
1456843829055688707
1455795956884983810
1456969614919753729
1456557574182952960
1456535728083505153
1456472907228467202
1456298915909672970
1456257669002498060
1456149239109603339
1455942530055303170
1455588187015815168
1455424193110052871
1455407286789160962
1455218803470524417
1455124166194069505
1455059782067318787
1455056185602703360
1454948750862929923
1454855156730716174
1454769624671678471
1454708266852753409
1454673404720660486
1454576955634839554
1454447247714779136
1454377371163717643
1454357199677902848
1456921391169605634
1454257703153389568
1457144495112265731
1457127148150398976
1456976420744269830
1456954686670401537
1456838288954642437
1455722860857593864
1454784221013176320
1457184324432764932
1457183179563933704
1457180641108258818
1457157262602956800
1457137039875330050
1457120775593287682
1457083281069854720
1457045529544646669
1457025992279527429
1457020805628321795
1457001577365995526
1456983737690837002
1456983603741556742
1456981741248278529
1456971483247374343
1456971004157173769
1456968426275028998
1456964368919191564
1456947235048984578
1456938342277214210
1456935414799880197
1456906590217392128
1456904232552984579
1456901247496196103
1456863248461012995
1456861105687437315
1456860298153889793
1456858635389177860
1456851853887508480
1456843314783608835
1456984840138485771
1456955964658049032
1456947885501599749
1456912308400050181
1457183002044207108
1456848364348133383
1456848219023888387
1457004122377363464
1457016156938637312
1456978973431197701
1456847350815608838
1457024835511590919
1456952664537714694
1457193565994455040
1457182610413613064
1457176858676523015
1457165390325248001
1457150513493905410
1457149754740117507
1456984048425844738
1456909216904482820
1457199863448289280
1457198117091119108
1457166898118815749
1457004536229347335
1457133715352481795
1456938067554492421
1456908969222365194
1456999420378038273
1456931882759692289
1456981353409310721
1456903677181005824
1456964363923853314
1456885432520613890
1456861553525989377
1457152513757499400
1457026204867850244
1456933617867771904
1456924740233220099
1456884245650030595
1456941983847510022
1457178910114779138
1457178760684314626
1457009503489064963
1456995672616431621
1456965224645365770
1456942523415359496
1457191010413408260
1457173785895862276
1457008939946496007
1457009552780447754
1457007936924835858
1456955067689406471
1456995207115784195
1456851313275330566
1456912051377377292
1457191427327156228
1457176332035506178
1457164644431261703
1457162039193849858
1457142776512991238
1457018477378605066
1456946611855106049
1456853741122904070
1456841834026569729
1456894687164305410
1456972271898169355
1457157397231800323
1457147958374195202
1456934920786350087
1457174564870393856
1457168984470540290
1457149425659248645
1456946140310478850
1456934892734869504
1456919004841332743
1456899870548119558
1456893373957099530
1456883953411887108
1456862779973849091
1456852124629798914
1457166045383430150
1457051775517675522
1456649488576040963
1457002474712092673
1456951755770458115
1456856150620585988
1457054802576220160
1457054524523180035
1456938400448090115
1456915897579290624
1456868922838241282
1457188687796596744
1457187791993901061
1457183447126999047
1457177935572393985
1457175069709402116
1457171866343247880
1457170802235695108
1457146452891738113
1457141699709325315
1457133905341923331
1457202862539231232
1457200973466664960
1457200543013605376
1457192093286162439
1456852041293131778
1457177811911798785
1457190159741452293
1457152761313652743
1457056400148811787
1457055484964315141
1457055195267883009
1456988450704408578
1456987932288434177
1456961581087006724
1456955743911907336
1456952833371115525
1456916767322918912
1456916160734056451
1456891980005269506
1456871392465416194
1456856369588580354
1456848820248072195
1456871498208071684
1457179371991535618
1457151791104086023
1457166155286781953
1456991379674963968
1457007768167239695
1457194352329957379
1457175290510151684
1457029207830138880
1457027677261418500
1457018611415982084
1456964890439008258
1456964594069430276
1456963643715686402
1456962685820571648
1456930185744244740
1457184955537113088
1457184250508111878
1456963545841602565
1456880494734348288
1456880490955395072
1456880482432557058
1457199039447924742
1457180179655118849
1456999960717656068
1456880513961111560
1456880473699987462
1456847649932337156
1457197894780342275
1457180533562085376
1456980909853347845
1456887821407379458
1456853077416308736
1457193246724014080
1457185235213291522
1457000255057055749
1456900694166814720
1456889287354433541
1456888877038243842
1456888339034873860
1456886977521848321
1457172308225761286
1457124155577360391
1456889116604321796
1456888564319342596
1457167241783377920
1456887319907082244
1456918188243914752
1457172233760096256
1457168286529953799
1457142334089433088
1457124596470091779
1457124055622975491
1457123154577395714
1457123152861949952
1457122413544542213
1457121832767680514
1456911689031376901
1456886738165456900
1457125461301948425
1457205038548324352
1457199998458744832
1457198563742531592
1457194041401958402
1457176685892280326
1457173456697446405
1457167245788925953
1457166515573194753
1457162169548607490
1457160149156515845
1457158330825068547
1457153011432624128
1457147627481358337
1457128340976914433
1457122956044165120
1457108440594071560
1457065444385300481
1456969775632969728
1456960006893359110
1456956950210510848
1456946340802351111
1456944586564141062
1456909789749936132
1456879402747240448
1456851627973890049
1456849358020694016
1457188882659745793
1457151870644801537
1456975864126529544
1457189861153128451
1457178925977640960
1456964032489947140
1457192917345337347
1457164582791778304
1457150449790849031
1456991182374899717
1456954548887511042
1456922866843222030
1456893123439706122
1457144985287938052
1457139705611382784
1456972594112909315
1457171458250055682
1457143727781146629
1457085572808314888
1456990752899153929
1456940981991854087
1456926011770081282
1456904144657137664
1456883458005819395
1456849079275646976
1457176396069888004
1457164933813071876
1457149398752784388
1457143848652578817
1457093183075012611
1457093164670484483
1457093153949765632
1457050230986141696
1456970076200923136
1456965786665324545
1456939760748883969
1456929506795474947
1457162992458498050
1457179012434780161
1457004065511014405
1456882120672964608
1457164724492066819
1457152615834214403
1457129677596737537
1457110522453577732
1457103910875721735
1456935578591641608
1456924781966553088
1457151126453702658
1457151128731148288
1456941969746251779
1456994529156816904
1456906391084433415
1457203131150831619
1456987730844422145
1456885306821464064
1457185758347886594
1457121944143233027
1457200650261987331
1457182991864586240
1457180626017161216
1457180553069748232
1457152488977494017
1457144492377608200
1457134526379921409
1457063485511143426
1457009967374819333
1456997761920876550
1456982720962199561
1456974934660378628
1456968163388628998
1456945393409806336
1456933179793629195
1456922945381564422
1456916229591949318
1456915701063553024
1456913308649345025
1456906626997260289
1456898779995508740
1456893651083141120
1456863176104943616
1456861598723674115
1456846666112241667
1457159551254368258
1456983605633183748
1456940832175505408
1456880403357204486
1456877655987392512
1457187793285763073
1456927738380447750
1456868023369814016
1456948218302906370
1456938632586031106
1456881599442681856
1457207374226227201
1457205492120309763
1457164083577298956
1457134897496084480
1457133523417001987
1456978768883421192
1456964964296450053
1456961717984849925
1456952880917729280
1456900385746997249
1456900374619561984
1456900366683951109
1456894432838438919
1456880616532815872
1456866707792818185
1457206326728085510
1457203686229233665
1457201737626914821
1457193283948462082
1457192434329288706
1457178139537252356
1457000584393814028
1456961004319830022
1456911629145161729
1457171028380028928
1457041447857704960
1456952198437359621
1456851871319015426
1457006700943208450
1456997040857096192
1456895216883941380
1456882626606743555
1457199890878980106
1457194192862466057
1457191107851264003
1457187356075716610
1457186002766745600
1457184383857614852
1457183861889126408
1457177937002647554
1457174767673360389
1457173974228484101
1457172724489416707
1457168747949527043
1457167468082778117
1457166577166553090
1457163462220529669
1457156812281507842
1457155846002003971
1457153838482276354
1457151742311755783
1457145786681024517
1457133412309864450
1457096669858697219
1457021503430541314
1457001396155285513
1456996774262939653
1456987864231645185
1456975655506046980
1456958631753097219
1456952645193584641
1456933057018032130
1456925555618562051
1456900126379704321
1456896137751777288
1456890542869024770
1456882086686515205
1456881400926203904
1456872240398540804
1456869251646513156
1456852001967411212
1457209928485982215
1457177212562575365
1457170301553283074
1457168952170188800
1457156681289240579
1457061188567805957
1456982203280211968
1456950935314255872
1456941896698187779
1456941784416677891
1456934425598382086
1456922657572655104
1456906143163248640
1456888112446017542
1456865385169440768
1456989365377273860
1457015317125746689
1456864532232478722
1457112462541479938
1457178461768859648
1457149714910961665
1457131683413561344
1457130778949652483
1457108647914270721
1457055202859786245
1457036446498390016
1457003553088704517
1456988907992539141
1456986555751415814
1456969166909415425
1456968555577036804
1456889475858976771
1456886107770138626
1456855323495452677
1457131195074945025
1456991853270560771
1457187880741179393
1457169599883997195
1457168577585242119
1457118153989820423
1457103758710743041
1457019307662008323
1457012522834284544
1457001028436434951
1457000814195527683
1456990875137953792
1456960630217347074
1456948214406418433
1456942731964469248
1456936477670187017
1456919567465209862
1456914807425175556
1456901247651520514
1456894302542458889
1456886211692281857
1456886104066514944
1457210270275629058
1457193496004022272
1457143271768018946
1457135822835093504
1457040066363023363
1456989880639123461
1456983899834183682
1456958115572695051
1456942393236725761
1456934863739654144
1456928941818580992
1456913428631605253
1456900512972898311
1456889777337241601
1456875977649242112
1456862648285290503
1456851107318145024
1457161767239372803
1456999538162487307
1456961954954629122
1456953215023419395
1456892479181975555
1456889712984002566
1456886974204112899
1457059056145682432
1456940200794353674
1456927226176278530
1457169600861200386
1457128848433156099
1457125777539944448
1457070794035527685
1457055569345396736
1457001425838297088
1456989244988157954
1456987132376100868
1456964078476267523
1456918693275836427
1456912483533275137
1456869738051604482
1456862340972953603
1457210023638044672
1456935344192962561
1457179470322802688
1456870046240702468
1457036651117510661
1456899819658616837
1456981031991451655
1456995473542111241
1456924648625504259
1456970593534832641
1457197870143053831
1457205849525346317
1456970595309027328
1457174829409308679
1456994604859883525
