1463717254319673346
1463714813104717828
1463714135875543043
1463712938368266249
1463706640377470978
1463704087757795330
1463701282833592320
1463698479289536513
1463696755837464584
1463696628271894529
1463694248797085701
1463688049401864193
1463687072024199168
1463684908300193793
1463683724764057601
1463682541504765952
1463681422800011264
1463673800839598080
1463673067796779009
1463672855606923267
1463671114849161218
1463670550224457732
1463669475002044421
1463668506340306945
1463661030467276803
1463660876674658313
1463659035161366530
1463655829425426434
1463653626967048193
1463651973157117952
1463647761748791298
1463632527940210689
1463601855490138116
1463594096203730946
1463573363033444353
1463569428096843777
1463555141374660608
1463554588515045383
1463553340726386690
1463552880598605824
1463548604837101576
1463547557708062725
1463546250360328198
1463545780845772808
1463544792244097024
1463543552244215812
1463543416713744388
1463537721293430792
1463534909163671557
1463531359964577798
1463531240523325448
1463530569589932036
1463529924099076107
1463529827781132290
1463529423391444994
1463526342960373761
1463526054937575428
1463522238796238853
1463521489420910601
1463517983020498952
1463517843211751437
1463517453850349573
1463516666130677767
1463515896379416577
1463513429327548424
1463507998966378496
1463506531782066179
1463502373792337928
1463496649691459585
1463496641168637952
1463494905477545989
1463494378261921794
1463493855286730763
1463493853776781321
1463493736730480653
1463493426104598528
1463486223205367809
1463483791293304836
1463480009113292805
1463478165737652224
1463477499136921600
1463477419361202184
1463477300670779394
1463476698876301320
1463476392461410320
1463474118590795781
1463474098630127622
1463473523586846724
1463472085171204099
1463471697873440773
1463470647519027200
1463470002896453633
1463468780416233474
1463468282837553161
1463465923654742018
1463465619181867010
1463464626788925440
1463464600439975936
1463460157375930381
1463460044729552896
1463453088417599497
1463451276595773446
1463451122488647681
1463449367805759500
1463448506476105729
1463446503129640961
1463444455927652361
1463442276747825160
1463441206617075714
1463439237198483459
1463439147184504835
1463436470635491336
1463435913040515075
1463434790401499136
1463434676261953539
1463433466658406402
1463429056154669058
1463428426912698372
1463427661498183682
1463426701807919107
1463426095504506883
1463422336212684803
1463422073674498049
1463420650316574722
1463413735721037830
1463412183669170177
1463411186314067970
1463408921058545665
1463408627461488646
1463407405425848320
1463406120165199873
1463405475496488963
1463404525553815557
1463404466317627394
1463401438378291201
1463401261001150470
1463401207884484608
1463398928309653511
1463394891166216197
1463394794714009600
1463394655991517184
1463394288260190211
1463391182390640648
1463387921612898306
1463386969258397696
1463386246625968128
1463382791438041096
1463380594331557894
1463376893890097160
1463370946576670726
1463362471591247879
1463703570063118344
1463701713370554368
1463701449351647235
1463697336685588480
1463697334294827015
1463697327806291972
1463696388659691524
1463695697538998275
1463694324470726660
1463694252064399361
1463691290869071874
1463688321209675776
1463685314023550981
1463678076240506884
1463676162811437062
1463675601810640896
1463674277463351297
1463665810212364291
1463660382644367364
1463654580412039168
1463649699655610371
1463589526576590850
1463582791115829248
1463565636055941120
1463565009682718725
1463552169244823558
1463551129527087104
1463541424796827649
1463539776829591552
1463535039308726274
1463527045283991554
1463526352389230594
1463524735896014848
1463524731601100802
1463524729688449029
1463513439536508933
1463511720308068352
1463492029678186497
1463486880020787200
1463483522807599104
1463482206379143174
1463473044140093444
1463471339851816962
1463469301126422528
1463464562192117764
1463462216074547205
1463456181242916868
1463451406057148424
1463451396192145413
1463447099891064834
1463443816900292610
1463436724697124866
1463427202242863104
1463426387667083264
1463417382639214594
1463406957855854592
1463405882226593793
1463402515240681472
1463401657153175554
1463394795452256261
1463394286024605697
1463394102590853121
1463391082918682628
1463379794045898753
1463376990476529667
1463370659862487041
1463369834473803776
1463369830786998274
1463364650091700224
1463362827373137920
1463362797207654404
1463362628332310533
1463361575323160580
1463361406514827266
1463359547372818433
1463357126454120453
1463716990409797634
1463707622352117765
1463707613640548357
1463707607353282571
1463685123350556678
1463681661871165442
1463680213007675394
1463680149606440963
1463529218000621572
1463512481083498501
1463507723975225350
1463507569004060676
1463505190082932741
1463504855234793479
1463497706958057474
1463488925981368325
1463464984046751751
1463432201891155973
1463716855831355397
1463713440862597122
1463712820063727623
1463711530973679617
1463710596315160580
1463705646558154753
1463700427392704513
1463700248681799686
1463694758421794820
1463682001987272711
1463678483784077315
1463670044030750721
1463660305934741504
1463650010264846339
1463564731717808131
1463564446144495623
1463544080588177413
1463540479975309313
1463535193562640385
1463523787702300674
1463522099746664450
1463519421813592068
1463515360716410880
1463513859780583427
1463513353985265666
1463511173257523205
1463509291487268867
1463508398738227204
1463492144170078217
1463479808478699536
1463478903016620043
1463478813476601860
1463460687879938048
1463458917338345474
1463448294399496196
1463441587891957762
1463429600118071296
1463425795884400640
1463411685566205958
1463397943961030656
1463396868612771846
1463391353316917251
1463376919869591559
1463374451056152578
1463371116592787458
1463709774587973634
1463707615909728262
1463707611514114059
1463700809250586625
1463689012313346058
1463624346262392836
1463585447565672448
1463532430954926082
1463530953108701190
1463530103502032905
1463530086401916931
1463515627096657928
1463515144122630145
1463514347112521729
1463508694981775360
1463507856976613382
1463503122287181828
1463487161177493511
1463462800575975433
1463460404386951168
1463460004619440137
1463457164815519744
1463447951888433157
1463444938369093634
1463436129244303360
1463433902668668931
1463363147754991620
1463718859660152834
1463692665736896520
1463686131208253441
1463670225782542338
1463529728174870536
1463519253798154242
1463497987229769739
1463495499940433920
1463492632605179910
1463485429177454596
1463477499573145606
1463456457798479875
1463447330695307265
1463442820069425156
1463442807742291972
1463442523116883978
1463437708194246658
1463434741047185410
1463430432620376064
1463429694750134275
1463429591574343680
1463426748096204800
1463425660387422210
1463425236058050562
1463423356263276553
1463421164307369984
1463419626004623362
1463416713345519619
1463411849693569024
1463409725672865792
1463408405117222916
1463398576294297601
1463398551342313475
1463397437318459401
1463379870113624065
1463371348118413313
1463369725543534592
1463363273210798085
1463363122631041030
1463362106409959435
1463361925031493633
1463357248000827398
1463718856946425864
1463715076712456192
1463714133589647371
1463712473823866883
1463712247121727489
1463710986506948610
1463710085218136069
1463707626122792965
1463706881080193027
1463702743005089800
1463702415786405889
1463700183770824704
1463696350164369415
1463692536426295303
1463691983600291847
1463691616758104064
1463691077936951298
1463688895036489730
1463688535458729992
1463686992739274757
1463686775071600646
1463685615996735489
1463684501595246595
1463683274849415170
1463678044619436035
1463675379571314688
1463674239324602370
1463671808280854530
1463666899464560642
1463666803809214466
1463662350897086466
1463657064371142657
1463654916820545543
1463654029590990849
1463653418703089666
1463649774914002950
1463625937400963078
1463590297288409089
1463567989534429184
1463558476223811585
1463554539680714762
1463552883480154113
1463552817294037001
1463543394160955394
1463542633054105600
1463533348731580419
1463533253344727045
1463532597569413126
1463532310548996103
1463531567133782021
1463529944571531269
1463528712272420875
1463527083259281418
1463524319103897602
1463524065398960130
1463522317036769280
1463522105828339712
1463519872789278729
1463516203654123528
1463516142643802120
1463515513074503682
1463514259527135237
1463513578363785216
1463510606938472449
1463509677686226948
1463505670469087237
1463504936910548997
1463502590692380675
1463501581857755136
1463496664467996677
1463495484014620674
1463495098386108418
1463492118123466753
1463491349357883392
1463490740164513793
1463490363146981386
1463490096296906754
1463486116657610756
1463474748084482049
1463470812044742656
1463470618632802309
1463470458762784770
1463470004708339714
1463467428122296322
1463466981789560834
1463462168142049296
1463461600321363972
1463460908487696404
1463460621085810688
1463460112438235137
1463460108856295426
1463460101965041667
1463455381615616006
1463452510761279493
1463452241159811081
1463451073973211143
1463449788683218946
1463447303021207556
1463446124589555712
1463442720219881476
1463442491860914180
1463441946735640576
1463440970771361793
1463439895704207361
1463438964325421056
1463438962794528769
1463437102134272003
1463436159825051655
1463435322390286340
1463709498288267269
1463651836942905346
1463422462876545027
1463710514781954052
1463707721396490250
1463707609404297218
1463707605369380871
1463707494304272385
1463706530058936324
1463705282412826630
1463704000063229952
1463702936324689924
1463699949212688388
1463699400752988163
1463697108213452801
1463696980564004866
1463695389626826754
1463688313135517696
1463684557496930304
1463682748061683717
1463682673734389760
1463682627693547521
1463681704107786246
1463678772347957248
1463676883711631360
1463676790962933762
1463676367552212993
1463671348694159361
1463656334201536515
1463650343095390212
1463627963706970113
1463607854233837569
1463603567718137860
1463589179594448900
1463560171146276867
1463555406479773698
1463554963531972610
1463553323982737413
1463549839086526476
1463539967825571848
1463533349956321295
1463520354807140359
1463518817397579784
1463513672056131591
1463511964051644416
1463509361993478154
1463505971246895113
1463500938040147976
1463500415949959171
1463500076035235848
1463495955257303042
1463495281111011333
1463492455198707713
1463487895574958084
1463487392002805768
1463484837575094280
1463484815454261255
1463484700257710080
1463484182806478849
1463481543196774403
1463481497529159682
1463479985075732483
1463479899105095687
1463473244829208589
1463471369337786374
1463471350618767369
1463467081060417538
1463466417492135937
1463457704639287303
1463454577454288899
1463454574715432960
1463445474724048901
1463714624654643203
1463713233441681409
1463711618055819267
1463711165846986754
1463710197629681664
1463708444754530306
1463705798270341123
1463704595629154312
1463704056656916485
1463704003645214722
1463703919385665539
1463702918385725443
1463698480812023812
1463692720942112768
1463691414823333889
1463690410132344833
1463690169828057096
1463684322045542404
1463684138511200256
1463684082055860225
1463683494324817927
1463682392669835266
1463682222599200768
1463681482774310915
1463680881466347520
1463680810947543044
1463677566041079815
1463674737205252099
1463673236739092480
1463673208188538881
1463672621954830337
1463672083443945472
1463671881014255616
1463670879120867333
1463670005925494785
1463667396040822792
1463667394333732871
1463667392693768195
1463666412472307712
1463665250838859779
1463664745228083205
1463664570174640132
1463661725933195264
1463661660690735106
1463660297692934150
1463660106944450563
1463656504809033729
1463654864391589892
1463650936534962176
1463646682680217601
1463641701675778049
1463641260397187077
1463633386027687941
1463588018409799688
1463587948373417986
1463579321159716869
1463555092347453444
1463547715795619846
1463537541924089857
1463536190594830342
1463533201251393538
1463531410958925829
1463531034713092099
1463530405101916162
1463527361438126084
1463526980796620800
1463524594204119042
1463519672469393414
1463519288971563014
1463518660287365127
1463518450257522689
1463518140994781191
1463516737211486213
1463515672428769289
1463515532213161991
1463512992855715846
1463511664393809920
1463511277678915599
1463509953683943434
1463502206125043717
1463500381158211590
1463499083914510338
1463498406366568458
1463497093583015939
1463496543747682310
1463495490008326154
1463491481264480262
1463491440684802050
1463490534236770311
1463489853539053569
1463486397260738573
1463486054661455874
1463484540568031236
1463484432971538432
1463716163188232197
1463715855817076740
1463715716893319170
1463695885074792453
1463695210207010816
1463688367242022913
1463679825982341120
1463675646345809923
1463666038575284227
1463632267658596360
1463603371735232512
1463581521982341129
1463554815741423617
1463543759157686275
1463542634484416518
1463529199243710467
1463524083706970124
1463518759415533570
1463518172846313478
1463495182918172677
1463482525498572802
1463480136699764742
1463477783129038852
1463472381821808645
1463464981320507393
1463462950006509573
1463459578469699589
1463455124416708610
1463453865907392513
1463453336846274564
1463444043212283905
1463439728204664839
1463435762213421060
1463434390520745994
1463433440561229827
1463431561055928321
1463428378485133315
1463428275657609224
1463422919351013381
1463421104509177856
1463420078909628419
1463416606176935938
1463414183983128578
1463404538942001155
1463403722139074562
1463403444861956098
1463403328604303362
1463398368080662529
1463393834507784197
1463374668316897280
1463372301534044161
1463369557817507841
1463715884648714240
1463703461812310019
1463697351357333504
1463696959600951296
1463657488683732992
1463526305463296000
1463521448228573194
1463518104000991241
1463511718722560005
1463502029104435205
1463497607922126848
1463495813821186048
1463490548099010562
1463483817457438728
1463482771117019140
1463480736581754887
1463480129212981253
1463462310521946121
1463462008133591042
1463457640894197761
1463452813229395969
1463441278448766982
1463439267359723520
1463435875744768003
1463434764342349824
1463433687731560449
1463424914677911552
1463423780462551046
1463422679105490949
1463419636179881984
1463415584721301514
1463414063723999233
1463410311759679488
1463409886700711937
1463407243789946880
1463402847005908992
1463401093518422017
1463400047005945860
1463399763244576768
1463399454577336321
1463399316416917505
1463388779813629952
1463384636382343173
1463382899755941889
1463359590712578052
1463358228922699777
1462368799571677185
1463514386123821064
1463400372060315653
1463394805837271042
1463426681159360512
1463706719951876101
1463696867418468353
1463598743530328064
1463530199765569537
1463517563988500482
1463416041158033409
1463363376445222916
1463707902129188876
1463701518817775621
1463693470711701507
1463693164091351043
1463661104484130822
1463617851001131017
1463587121680109569
1463586148140257282
1463585865574150146
1463555368655601668
1463548525606801410
1463543715239137283
1463525398453444617
1463496501099855877
1463494941397508103
1463494763198304258
1463485954098819080
1463473744983126020
1463465396825059333
1463443674566565889
1463429259012104193
1463425417260376073
1463415251156697096
1463414462870966275
1463414384063967235
1463405047400652805
1463393403761090560
1463392132681502726
1463388188701986818
1463381038298591241
1463373298750791683
1463452112679944192
1463411934644998147
1463409931239903232
1463368108828098566
1463676059115679746
1463456259454111750
1463696921726357504
1463443178791464960
1463707456320589832
1463474213302329344
1463448043005493250
1463366490829119488
1463714504152215552
1463664419037073412
1463702245661286401
1463700342399401985
1463696291775475714
1463668484609482758
1463498371834863618
1463498225239740421
1463498173171712002
1463497685332226058
1463430063261552641
1463406505676271619
1463404430951280645
1463403484351369218
1463395477185957889
1463376970956173313
1463706086184206337
1463517290398318593
1463498137062952966
1463441237935939587
1463514698876284935
1463431576440606723
1463721924102483971
1463644033926918144
1463531733672857604
1463525816638136325
1463524133870845955
1463523280141185026
1463523016059408384
1463520018369445894
1463519047136395266
1463465767593119747
1463404587319128066
1463399169402433537
1463368282770063365
1463368164809400331
1463721125502853132
1463695529083170816
1463686119963324416
1463536939064201221
1463466865368309761
1463452352505995268
1463448240259354625
1463442225992388611
1463435018223566849
1463394832391426048
1463708810682388484
1463696950839050243
1463533193127022595
1463517332236472326
1463473558697308165
1463472873683623940
1463433618412302340
1463385916882313219
1463371518818205699
1463677613008834561
1463672704721035267
1463669615192522754
1463549460835811328
1463546857846542336
1463508927262253059
1463424272622186503
1463421947652362243
1463419191642394631
1463692396433063943
1463495409704316936
1463440076604510209
1463372854008086528
1463718836016869379
1463674118004305922
1463641681610240005
1463499699042717698
1463701545766187011
1463701376756707330
1463666962513338372
1463394897440874502
1463709158574747653
1463555350557179905
1463532197915226112
1463528726826684417
1463525150821806084
1463462118598922243
1463369466801057796
1463714456265904133
1463712246337441797
1463701663844220930
1463556763286839299
1463526700776505348
1463464024025165824
1463361471182622726
1463686840003620867
1463484424792596485
1463376096187928578
1463374241370296323
1463417765977464834
1463719942914670592
1463718816240730115
1463506088293068807
1463505306692980743
1463504977985359879
1463504479735586824
1463485934209433602
1463450091230957570
1463437476106682372
1463415053219086338
1463404886603669507
1463401635464376322
1463368039039057923
1463681236992286721
1463663612375879681
1463721265231925251
1463496364331962371
1463720938709475331
1463523466645180423
1463384563955036170
1463370395801636866
1463701070752878592
1463653259147505665
1463518239938400259
1463492948587208706
1463390728512409602
1463378963980423171
1463574670079234051
1463470633803681796
1463461340719112197
1463461327985278976
1463447749542567942
1463442468028891141
1463394025029857288
1463385868928892941
1463364829133950976
1463407530076377088
1463718239461019654
1463670387997167617
1463634121628938242
1463577874091286533
1463524903609528320
1463472137084145667
1463414494109917186
1463717841312571392
1463712768536629256
1463589895281295360
1463495125485555713
1463499780009590788
1463386990443831297
1463705465179631617
1463672402852806659
1463473102386466819
1463436222752116741
1463409551525376001
1463678790756884483
1463434594091352066
1463673800063524866
1463516854190686211
1463514302237720580
1463501743845634048
1463495227654565895
1463495133890899968
1463488102576496649
1463487756567343105
1463482119804448771
1463477019602128900
1463476738780905479
1463475222170923010
1463471136025444353
1463445028013953028
1463433749727645701
1463400465438105605
1463379351987269632
1463649578809364481
1463533891533164544
1463451065441931265
1463721153378217996
1463513497099145222
1463489521517928459
1463407572849872899
1463379497307103238
1463382554828963841
1463510434250584067
1463398965366296578
1463372198710710277
1463720221152141315
1463704673043374084
1463700190733373442
1463687627991760899
1463501010618384391
1463499670781628420
1463491815869321222
1463467792355950595
1463460825415368705
1463460473198694401
1463396908198621187
1463673217374048257
1463553146005950469
1463553109175771146
1463526843303165959
1463484682394226689
1463678534304497667
1463505517985222660
1463504962206330880
1463418620093022209
1463704549948936201
1463539607090319363
1463700397755801600
1463555829286666241
1463554648887885825
1463511527168770049
1463492661315133446
1463477938163118084
1463456491059302400
1463433193042812929
1463409330997252098
1463707050811092997
1463649076629565442
1463477068478353416
1463461836037181445
1463461241775476741
1463456421882720257
1463430897575751681
1463418611800936450
1463418597653594114
1463418596466610183
1463410262984171523
1463570071532408834
1463464245887000577
1463433224902746115
1463365222270263296
1463704552155189248
1463505972144447490
1463466035000930308
1463721608632094727
1463475227413782528
1463517453846122499
1463515196849201153
1463514100642684930
1463728304247033859
1463725086494519297
1463724701230845955
1463518214994890757
1463518073806331906
1463517807379841028
1463517360426344454
1463516878530236417
1463516878416986112
1463516876575707146
1463516873950056456
1463513542326251523
1463706794094579717
1463431346227793927
1463721768527355909
1463711277189005317
1463704250404388867
1463702578064084994
1463698893598720000
1463694127178993665
1463688950543892481
1463685785006194689
1463679854499360768
1463647178153283589
1463556115283595273
1463533296504098818
1463516356343521289
1463511805561425933
1463492662204370947
1463488610779287556
1463463176968626176
1463437639470616579
1463432363577278469
1463428673445371906
1463426116094361609
1463402145156251652
1463386180188213250
1463371938365984768
1463369099614961665
1463724610508054529
1463572781136703490
1463552828840943618
1463524329958690817
1463426207794360322
1463387242018185216
1463704617192099844
1463480489981865986
1463557947620040705
1463531628219682819
1463513004071211009
1463503612248657932
1463482616661700608
1463456426030878722
1463677123160207361
1463554372567109632
1463529838451453953
1463410361411850243
1463405961217916928
1463378301867548680
1463730179499458562
1463714125112958978
1463686317456302080
1463610558565998593
1463577129543618561
1463552861678178313
1463504033298083842
1463462538184564737
1463456280865951746
1463425711067205636
1463385712540094465
1463372609182072836
1463726487450750981
1463705597262499843
1463626897019977728
1463491322115854340
1463490940023177221
1463393356239675394
1463473589953302530
1463717986800324609
1463707979945967616
1463693354089156612
1463531676999372800
1463530378359033857
1463728985964089352
1463638306831298561
1463449991616163842
1463388463533756417
1463692722137493509
1463457885841604611
1463714902569226246
1463509200231809026
1463389374503026688
1463452154346164231
1463724507030429699
1463699937711951875
1463683124072632326
1463678004052197376
1463661623801892868
1463574263655383041
1463516207751909377
1463506825949564933
1463489126154453000
1463480779418193927
1463468044009623553
1463438391652286470
1463422246932733953
1463420256634884096
1462760642251673605
1463717570217840645
1463683339244621828
1463683271804395526
1463674628920905733
1463486639678767105
1463459086591152131
1463454084111822853
1463393649396355072
1463381928610914304
1463717738031972352
1463547227926790148
1463441247440277509
1463724639805272066
1463509766823579649
1462238258247593990
1463719248061075456
1463549504318099460
1463492378371653632
1463467831337504770
1463467472325996545
1463452385821413380
1463396084806414337
1463389860224401411
1463700341879279619
1463733643797360642
1463696561720889349
1463642598044692482
1463636311286300676
1463634354064674820
1463554096040865800
1463500078375526407
1463464448132202496
1463448728270897153
1463381817164136454
1463049675854913536
1463732121055358980
1463501264432480256
1463493056846458880
1463462957854060548
1463429776081784834
1463420255007436800
1463394898950836226
1463733709467643904
1463719969636503561
1463687672237477891
1463685069436903430
1463665650719551490
1463665364865142788
1463532932727926784
1463479383373402117
1463420928361123841
1463414257131741185
1463714286136487936
1463709490230874114
1463551298419101700
1463413814221676545
1463682545107628035
1463589134765682688
1463437027089653764
1463375992844480512
1463726998048501766
1463723697529769987
1463721770066739205
1463686670595747844
1463684989782949896
1463675257881985024
1463672370573365248
1463660041819471874
1463649778588274693
1463545538704408579
1463543644003057666
1463521878065090564
1463520641865293827
1463519094477451268
1463518901430456324
1463517881795104768
1463515522125815814
1463512030019686401
1463497111039664131
1463492764423766023
1463484590887079936
1463442099726995456
1463433420017586185
1463424343992528902
1463418736459669511
1463417673191145477
1463392205842771969
1463384511043891200
1463381530659614726
1463731304634060807
1463656250323791876
1463641253795418113
1463530113354530823
1463523999103602692
1463509131860447232
1463508775592103937
1463497124792860673
1463494933076054023
1463478754693419009
1463476970553950217
1463449433824272384
1463442711294275586
1463438507771191299
1463382634524921857
1463332962485686278
1463683615133351938
1463475951052886021
1463734239778639874
1463642743087927296
1463457716865695747
1463698144919580675
1463681437584875523
1463542294376714240
1463424360023314433
1463728851259838467
1463690904196169728
1463689956442849282
1463683416730202115
1463676155022966784
1463519991773360131
1463505175071633408
1463499163056754696
1463473446264848385
1463465439690821634
1463462031411986435
1463461134279733250
1463445755780165635
1463426918020104200
1463426913146490880
1463419875846602753
1463418584718209028
1463410644670042112
1463379074621968387
1463144805668569091
1462987267597905923
1462978962842337284
1462977956297383945
1462935956739092481
1463725312605229056
1463708516619669510
1463696899848900609
1463692050394587140
1463552983866638340
1463551168441827329
1463550746218024961
1463543957900521474
1463517473563561991
1463513054445027334
1463496542296236034
1463495852538826754
1463494139186610178
1463480895663271939
1463459209253572609
1463454738612060164
1463444247231614988
1463412966552784898
1463734447161831426
1463713334901895170
1463709095160995843
1463705578539151362
1463690905945186304
1463685743746838530
1463685708602695684
1463682339662225411
1463681497236340738
1463678224982970368
1463676361680175108
1463643980105535494
1463594147932082185
1463583333514940419
1463578147660738568
1463564296718331910
1463564063917498375
1463556530159054848
1463534434486034438
1463532326437015557
1463523997442740228
1463523994179567625
1463523037886795782
1463518594646495238
1463510756012531712
1463500877612814345
1463496693492633601
1463487564401111044
1463472191471718400
1463471572421804035
1463471268288548870
1463469262517915652
1463468273954033671
1463467543876673537
1463466823844708358
1463460784340496385
1463444635007610880
1463442781423112203
1463441829966364674
1463424684700045314
1463424348526628872
1463424334471512068
1463411967209603073
1463406691060355076
1463395307727642626
1463391004984233986
1463374628206694402
1463332748366516233
1462935493499228163
1463731835964301314
1463685753012031491
1463647446232301568
1463628259975839744
1463578486443057158
1463544131976790018
1463542338324779019
1463522272312889351
1463511105892802565
1463504013568053250
1463502470810771464
1463482046685220866
1463476750931820551
1463467704002637829
1463449665488109569
1463412213801054214
1463400081059553283
1463372497609367558
1463657252326240257
1463529779815010306
1463482337598271490
1463722251811913728
1463524650470809602
1463497822683033600
1463483522870505474
1463479466491973636
1463471556642807820
1463424881622753283
1463422043001552896
1463379120352481280
1463481690098049025
1463577815702401025
1463704875888377859
1463645888287444994
1463638194205835266
1463520243750297603
1463511611960750086
1463491760408055811
1463447853821427716
1463415548792827907
1463448132662947841
1463421439483072516
1463456347517714432
