1461544653690486784
1461539607699361792
1461539506486538242
1461535383557074949
1461535224915849218
1461534534759972865
1461534326860890114
1461532687554908164
1461529893217476613
1461528496883208196
1461527084640370691
1461523548246188036
1461523315323912199
1461520715245518855
1461515691975004163
1461514654924959744
1461514048327983104
1461512259591495681
1461507015092625410
1461506505039958017
1461500330655436802
1461499755519877122
1461499595167608833
1461493698047270913
1461493569412157441
1461493017299152898
1461492186868895744
1461487311560974338
1461486655836090370
1461484365511376898
1461481197809274886
1461479645639888896
1461476853764399111
1461471808360628226
1461471028337537024
1461470060682178564
1461464650239774726
1461463576460156931
1461455176716341250
1461435092979621890
1461429403297087488
1461427322200858631
1461408740083580931
1461401777077583876
1461384870752444416
1461376296341028864
1461370676623806466
1461366832808431617
1461364301122314241
1461348103198416908
1461344939749433347
1461344008538443778
1461342575055368208
1461339335391809540
1461330967373570053
1461330096770326528
1461329882546200579
1461329552752332806
1461329130494906374
1461326811812360193
1461325403751018497
1461544522316333056
1461539278769385474
1461538776572825600
1461537838781149190
1461533426553540618
1461530931638910982
1461529466325274625
1461518632417124353
1461516050994896900
1461514568748998661
1461510997290618886
1461509542877949959
1461508450035269632
1461508439943700482
1461492058322055168
1461478499269500935
1461478348069081089
1461472554640719874
1461465554988929030
1461437539361992709
1461436742700085251
1461436089080565760
1461434956777865217
1461433952670035975
1461399672916905984
1461398859154792452
1461391576819589125
1461365470280355840
1461365080793047049
1461360738082050055
1461360636726710282
1461351720454262798
1461347828236632074
1461346859641827346
1461342680244371457
1461340692161064965
1461337636220522497
1461335448035348483
1461335376908283907
1461329706603614209
1461329024425152519
1461328048569999368
1461326373084033027
1461325837270011909
1461322702384353283
1461365127739953170
1461330441726672897
1461529676569100289
1461527798346964992
1461523618156871687
1461517841228656640
1461517596985937920
1461390622015643649
1461381022424047616
1461324340633346050
1461532339087953920
1461484368392826885
1461374476046651392
1461346341171306507
1461330377193050121
1461544542897799169
1461530798213926915
1461530312341540865
1461520519052685315
1461519548759175168
1461518083558756353
1461516567980621825
1461506161773985798
1461503238868455428
1461499450086465538
1461493823318548481
1461486574596591617
1461486229107576837
1461476805806747648
1461364928644726791
1461352358877667344
1461345574943219720
1461325008941182979
1461543512718127112
1461542851746033667
1461542344881152007
1461541884925415427
1461538296123703296
1461537948378173441
1461537314845257729
1461529458234462209
1461527409241440256
1461519972782338051
1461519580665303042
1461518338748608517
1461518338316636161
1461517860128256005
1461517533664579589
1461516497033912323
1461516068657246217
1461514099230003202
1461511699287007240
1461509820075450374
1461507196252930050
1461506365755592707
1461505972002721795
1461505598810320898
1461504353077186563
1461496897990893569
1461495465850011653
1461409980351860748
1461394699906781191
1461379697443409928
1461359596870668296
1461356568201490441
1461349781234614275
1461347070514642954
1461346028188172288
1461345887330783235
1461345615523180559
1461345356684226563
1461345228892246016
1461345133933170692
1461345053616467972
1461344832467570695
1461344778025533447
1461344713831686159
1461344635758911489
1461344435531227142
1461344369580015625
1461343847271649281
1461343480580493314
1461342552968208388
1461342525596180480
1461329556036481025
1461328934021128199
1461328702105522183
1461328608627081219
1461324908923785219
1461543444535406596
1461522683829444609
1461516955232268290
1461510128864096261
1461473485281062914
1461470852755513349
1461429052720304133
1461426515472629760
1461391024694050819
1461543207909478400
1461541851366768642
1461536834610085888
1461520338970288128
1461520054168686599
1461517335911534592
1461516057928105986
1461512346019381254
1461506280284119044
1461494237363523585
1461489983575912448
1461485209061249035
1461476889713799171
1461473091859599360
1461473075266916358
1461385375381786626
1461367868147200006
1461366594265698307
1461351906375135252
1461351367700717577
1461343971486044166
1461306789845032961
1461544774855532550
1461543846320357376
1461541966861144069
1461541137945186305
1461539724103806980
1461539399582171142
1461539062074990592
1461537320822132738
1461536951786344449
1461536203673530370
1461535923619786754
1461534204445937670
1461533926128697345
1461533732003667971
1461533480806871044
1461533437983133705
1461532945101979651
1461532345639399425
1461529678913622018
1461529665357582336
1461527817426915333
1461525038746664963
1461524391267749890
1461523270998507521
1461523134666870784
1461522537326669827
1461522313237577730
1461522306316976134
1461522302856667136
1461522124988981256
1461522036786823168
1461518810687553539
1461518243839938564
1461517817304420355
1461517571618787329
1461517445231886339
1461517344564412417
1461516699815927811
1461516672523649026
1461516574020423681
1461516544031166466
1461516099254566915
1461515833860050950
1461515577176952832
1461515369177403392
1461514581306744834
1461514180968652801
1461513922561777665
1461513891230339072
1461512605848145926
1461512381356396549
1461508205494685699
1461507970580156416
1461506452137250818
1461504800311296000
1461504337457287168
1461503366375391232
1461501495556202496
1461499901469097989
1461497966804406276
1461496813093986307
1461496714531983365
1461496661725761541
1461496416656707587
1461495802392559617
1461495233858785283
1461493587648995332
1461489107054436357
1461486311265603587
1461485520568008705
1461485200488108033
1461484826498715649
1461484305281175556
1461479424847609858
1461471264678154243
1461464555754721281
1461462458820751361
1461446598706151426
1461445209812729861
1461422673083265028
1461413078235373569
1461405352532926470
1461389512559317005
1461386145040777222
1461385386861768715
1461381680376147969
1461381328390135810
1461377230324465664
1461373210046308353
1461373204887334913
1461366449071484930
1461365911936389131
1461360973739016203
1461359046938677253
1461359017725362183
1461356938705334278
1461355192213925897
1461355109770690566
1461354046573318147
1461352547910778881
1461349911190925330
1461349546777202688
1461349414438457352
1461348009220792327
1461341681974874115
1461339766926962692
1461338880339169282
1461338826719309824
1461338600641941508
1461337312986427396
1461336768943247362
1461336062756888594
1461332017572982795
1461331817890557952
1461331358505050122
1461544108002930689
1461543839978557447
1461542933371387907
1461542211900764167
1461541391662678016
1461525344532320256
1461522712354967555
1461522308628049920
1461518668584538119
1461517300947767297
1461514245309227012
1461513314312196096
1461512419235098625
1461512100950405120
1461501145789059074
1461495495952519174
1461493696268890113
1461489843582631938
1461485908411121666
1461484121822162947
1461403431550156800
1461382346746175491
1461373927272292373
1461347689728073730
1461332192953454592
1461324484191916041
1461544255927644170
1461541623792226308
1461539848519491585
1461539170644492296
1461526650089209862
1461513825522360321
1461512303833088005
1461507100526452743
1461504845483970563
1461406028403146752
1461392903893237763
1461367876095410190
1461327546520195073
1461501032689635328
1461394795159375881
1461381583093452801
1461355883749785605
1461535083236446210
1461534610613886981
1461520007913897985
1461516751196225536
1461506526447763464
1461478943429586947
1461475094618730498
1461471856888745984
1461471397058777088
1461426680065499141
1461381819413123075
1461374538239774722
1461369189969510412
1461359117230952449
1461355399307665420
1461352956670840838
1461351256950145033
1461351098195738632
1461351054293958669
1461338457226104842
1461337470960738305
1461332748962988034
1461326660880400392
1461325323748851717
1461518993341124614
1461391113965633540
1461327391490412551
1461488167022850050
1461517174514716675
1461332381973975045
1461326188723376131
1461530421431181323
1461516728303710208
1461540055764271104
1461380791351447556
1461526016120164353
1461517813676318721
1461498481688731650
1461365114821496839
1461483066967281665
1461443074362540033
1461482084434792452
1461397375365251073
1461535134235041794
1461533768976535558
1461480484999872515
1461357110382383105
1461333847602126851
1461380972742529026
1461360683992248323
1461357972802576387
1461333526381432838
1461512543956963329
1461508102142840834
1461496651135160321
1461329018972565506
1461328761501016068
1461376291744071680
1461537167197421576
1461512871016538113
1461354666902515718
1461343687821062149
1461547550268268558
1461527683481812993
1461417266482855936
1461376323448762374
1461343502487326725
1461522946581614597
1461426362724405251
1461347150441238545
1461550060206891008
1461528056166694917
1461499483695419393
1461422446066556931
1461353373194616837
1461353230940528656
1461523985611382789
1461334241870893062
1461494359057076226
1461340906343129091
1461508031238184967
1461352571772145689
1461516347817353218
1461490823304921088
1461484688338403330
1461481800207716353
1461524384753991686
1461354817851314187
1461343462792445956
1461333554403500033
1461330492297408512
1461542973431185410
1461341912481165327
1461523023576461315
1461529323169464323
1461496544209768449
1461494997304307715
1461466774638002176
1461360317120712709
1461360019518083081
1461527484915077120
1461508653740003331
1461408204793864195
1461538244122669056
1461529890251890692
1461343662642642945
1461334459689570315
1461503378358353920
1461333452737765386
1461528113276284928
1461347111664975886
1461347879209951240
1461348489808343042
1461347966267002889
1461507840976113667
1461493437685919749
1461553800175513604
1461553607170400262
1461553441549873155
1461552776052297731
1461528014433374214
1461347519099666437
1461346971063513092
1461346339367768075
1461346130180993047
1461345129806008326
1461343881732050952
1461470605727858690
1461513160737787907
1461494239469060101
1461358824359534594
1461521464041955331
1461385218175107078
1461383500121083908
1461358522646499336
1461469490865135624
1461464273620647940
1461537356066947076
1461385554382053379
1461543455780270082
1461540474070593542
1461536480224964610
1461494727027482624
1461434284519133191
1461417172618543104
1461404016982720512
1461378021646999554
1461371215075897348
1461358931410706451
1461357591884283907
1461346347223683093
1461553912310222855
1461542808204943367
1461477927229353986
1461347581309513756
1461541713399332865
1461536926985437185
1461536772110753798
1461521009824059396
1461384006444871682
1461543455780343810
1461530135555837956
1461449755670691840
1461429330597138433
1461519897012310018
1461357498485534722
1461550072034775044
1461546123567398917
1461464799028543492
1461348365174673417
1461339016914079746
1461518077934247944
1461506463440900101
1461513790298607616
1461495272282804227
1461500882420260866
1461461422727057413
1461345359037227023
1461513617749147650
1461507537392472067
1461509547286089731
1461458936154836996
1461404214509256705
1461378176072839170
1461530439261122566
1461491711402676229
1461539761898749956
1461526326913880069
1461366816614191104
1461537624707919873
1461529445219586057
1461526430777364481
1461517476894855175
1461516460900044805
1461515464312438784
1461500391225319429
1461493677516197889
1461487410944958465
1461347662913945611
1461342146561142786
1461530632220143623
1461491190121963520
1461407663997214729
1461374949747085312
1461369241005821960
1461244420016144387
1461499512497655808
1461496797025734658
1461496522827124736
1461405403489701901
1461555641311371266
1461520993298489349
1461401785722048514
1461349724405972995
1461512281016045571
1461505739495673858
1461505006213820416
1461488631500050437
1461488152015556609
1461483028392267776
1461402233472536581
1461366839624101903
1461359916614971395
1461461521624551427
1461460952730124288
1461378052265447432
1461557105303769092
1461508723067666435
1461546299732357123
1461519956793708547
1461515275811971081
1461536609032048645
1461556327759577092
1461424637380726785
1461549048830197760
