1461906271259398150
1461905470881361923
1461905074247004166
1461903998424731654
1461900311879061510
1461897298670088199
1461895554598793217
1461894615645048833
1461892383239462917
1461888788628578310
1461887976443559937
1461884103964315653
1461880002065022985
1461878348473266176
1461873242432360448
1461867931936063489
1461866317615550475
1461863372303921157
1461863049363480580
1461862903573745667
1461861866498633728
1461858969677283333
1461857850079133706
1461855575206031361
1461850894576676866
1461850670210838529
1461850295290372103
1461846849527103490
1461838977808228359
1461803246432006147
1461784242858434560
1461778349022334976
1461732819873386496
1461720910637854729
1461718738386894857
1461711659068624896
1461707417087930382
1461704510879928324
1461700034076893189
1461697062693597186
1461694873879257107
1461693203405410305
1461690801868529664
1461685100119162886
1461680854388797445
1461680328838316036
1461675623680667648
1461674208031694848
1461673938006667264
1461673726664007685
1461670050604015618
1461669416161054722
1461669203623120896
1461667187677011968
1461663993014075397
1461661591905050624
1461657615306407936
1461652871317839872
1461650267955363842
1461647193048117254
1461644694895562759
1461629077555761153
1461628236228616194
1461626156109549568
1461621913860513799
1461620931428642824
1461620730571882504
1461620122322305025
1461619677910605831
1461619152750141442
1461617410176217093
1461614597677281290
1461610570751221760
1461610540359303168
1461610214092775427
1461608078898466818
1461607967065735177
1461602268218724354
1461602078707445762
1461600205124423685
1461598364097650690
1461597148999417857
1461596004298358786
1461595605390675969
1461590490105585665
1461589637059670016
1461589110758383619
1461587862881652739
1461586696219226116
1461585190170419200
1461578318059245572
1461566043852197889
1461562864389406722
1461562145863180290
1461561272835588096
1461561129365389313
1461559944377815041
1461549702072057857
1461549046175129604
1461907046710669313
1461905062297432065
1461904995301740547
1461904512201805830
1461901440025337856
1461894119693840388
1461893335056994308
1461887494161674247
1461886365713330181
1461886232615526404
1461885145577766915
1461884614281031682
1461877444130992135
1461874219256463361
1461873289127612418
1461870461566914564
1461866144730472459
1461863447113580544
1461859968978620420
1461856199054299137
1461856128921337856
1461856113658187777
1461853620773670912
1461838490149085191
1461838085059088384
1461837526713339905
1461836701685334017
1461833712757133312
1461817316145086470
1461778352851734530
1461778351279026185
1461755391151271944
1461748986063114242
1461735891605417984
1461728849067003904
1461720873363148805
1461718611110813713
1461718012080369672
1461717282552430592
1461716350087438342
1461708429941116935
1461707917615198218
1461706676772298762
1461689024565841922
1461687657403011076
1461685335377600512
1461671289001709570
1461664496095686656
1461661196084387840
1461658512690331649
1461658407979474948
1461655010253496322
1461652542786457601
1461647156859662339
1461641744320057350
1461640599983906822
1461632227243016196
1461632223455563784
1461629361920962562
1461625252639694848
1461620621779951622
1461618157437681670
1461614711150051331
1461596171718119425
1461595709061357571
1461595178372841472
1461594249523302401
1461593497061019658
1461592936555036676
1461592544219910144
1461590062664196097
1461586797243293696
1461585136311361537
1461582265448902671
1461568695201775627
1461558265225957383
1461554587567939586
1461553093951123458
1461550402562768899
1461550164997337091
1461548809817788417
1461894971762438148
1461905565517422598
1461900770635251715
1461900224289394696
1461895249446387713
1461884824071774215
1461880747577413637
1461874076893335556
1461864733301039108
1461863184596307969
1461847771263029250
1461739069109518336
1461732167029911558
1461673218264088576
1461638619366526976
1461636370724577281
1461635664949227525
1461626968026218500
1461594524799537155
1461885591415443462
1461880356898885633
1461869156161048583
1461868442252759041
1461865946146959367
1461865603434647555
1461865462300495872
1461850733213470721
1461638499413544960
1461633694586707968
1461601133713969153
1461596526040387584
1461583295515279360
1461563818010497027
1461551934742007813
1461906428382171139
1461905654654795776
1461894791034146819
1461893213589946371
1461889749912678402
1461888450378887168
1461886641983799302
1461883684793974795
1461865989734232069
1461862903095562244
1461861908991021060
1461861903496404998
1461840081702981634
1461694958641958914
1461669924951105537
1461663064047046656
1461650296044589065
1461644681541046278
1461628154628300800
1461612487552368647
1461596156530593792
1461590749603004416
1461582161513910272
1461581100011032577
1461566257879076864
1461560195776012291
1461553774120423426
1461903788382384128
1461900098426732544
1461898524027600896
1461897033652969472
1461896059781746691
1461895826121318406
1461889099598491654
1461889001757892611
1461888780869115910
1461888543869919248
1461888497271271427
1461885985034096640
1461885983889104902
1461883306044125188
1461880899369197568
1461877024994172930
1461868835087081472
1461854988917903362
1461848515596881922
1461832979567632394
1461830170151579649
1461783074522370048
1461767104760201220
1461750534856003584
1461706006518403075
1461677215414816769
1461676151647072258
1461674162565509122
1461673111221411841
1461669085092061190
1461669036907847682
1461666457075400707
1461663105184792581
1461661927256428545
1461660954458918914
1461658191159193603
1461657567566827522
1461655362671501319
1461654554752262144
1461647959989231625
1461645147951620097
1461641837832073217
1461637111166083079
1461636619341946888
1461624035226185729
1461614526869082113
1461607549979922434
1461603296532074500
1461601295089897474
1461598682860511236
1461596147345022977
1461592205705969667
1461591843456446466
1461590066766270466
1461584245827145731
1461581102326288384
1461566254779568130
1461551986881433600
1461550979904540672
1461854806805385216
1461694291508555783
1461602805509079046
1461907072644042753
1461905784715972618
1461904639889137664
1461902722613932032
1461898793419378689
1461891127720636417
1461885325899296769
1461879101996744706
1461872029863329793
1461866404060143619
1461857439360307201
1461839651946184709
1461771007186771970
1461765634136555520
1461765053342912512
1461709402482774018
1461696691191500807
1461694244003856392
1461687309313536007
1461678428520812547
1461673877726056459
1461665627932872708
1461662028611739653
1461661629771223042
1461656486677942277
1461655875806924805
1461648965347069958
1461648461611225089
1461647956726063109
1461645291275251713
1461645093610295300
1461642476507201537
1461641747092557825
1461638081199628294
1461632654059577345
1461622921508577290
1461616245791285249
1461613669356244994
1461609956893859846
1461609749577797633
1461606351310757888
1461604626650722306
1461603457538822146
1461603233911037953
1461598765131788290
1461597849221689357
1461596165175070723
1461590119043899395
1461589326786039809
1461586723431927813
1461585713846124547
1461583015868465153
1461581816616275969
1461563774507225090
1461563170812686341
1461551009033981952
1461907195482689538
1461907025995042817
1461905841133547521
1461902485879070721
1461902448683929602
1461900876247748613
1461900559431073796
1461899604664803328
1461898453798162436
1461897904570781708
1461895411321303043
1461894449731026947
1461892171947069445
1461892054791852032
1461891645566185474
1461889953118375936
1461889787514671107
1461889263990022146
1461888784987930625
1461887073787387906
1461885759539925002
1461882856725123072
1461881481316372480
1461881068953300993
1461879918321553408
1461879504171724811
1461877354347696128
1461875790841139205
1461874110162604032
1461872675500933127
1461870951461634050
1461869448063696900
1461868657554825218
1461867909970497542
1461866900120428553
1461866602836606980
1461861907527135242
1461861010004852741
1461857284238319624
1461856213759528961
1461855852919341058
1461855472667955200
1461854846286368769
1461854301962203138
1461854252796506120
1461852434393755655
1461850666612117508
1461849818444140547
1461849084243812355
1461848172372709378
1461846376174669829
1461843604368855042
1461841580281581569
1461840567998898177
1461840149021552640
1461839204862902280
1461838364567490562
1461837960349769736
1461837894952181766
1461837606216364033
1461833639805603842
1461833543789596678
1461831928806404102
1461831092789411844
1461830152401260544
1461825698348232712
1461821096475324416
1461820897505865734
1461811242360844295
1461802146891026440
1461798355886084100
1461781824968007693
1461776105480851459
1461767456582737929
1461767279130071044
1461766755978604546
1461756281065127936
1461751996378017793
1461750963501371393
1461740260522532867
1461737699484729348
1461736663093182466
1461736397832785921
1461734947224309767
1461725471209504770
1461722075882684429
1461720071152099329
1461717464681574412
1461716520338219008
1461713230972153856
1461712841849720842
1461710481320599562
1461708809726922753
1461707881451900937
1461707454794719237
1461706842011148292
1461706630215585797
1461702422825299976
1461700825059774465
1461698702398029827
1461692528017563649
1461691779049164803
1461689478062297093
1461688622793441287
1461687573730918400
1461684503525482500
1461684251384946695
1461681994878889999
1461681842461896706
1461680309255032832
1461677184901206022
1461675863515275279
1461675545599660042
1461674634261135367
1461673518047899650
1461673211804880904
1461672429659508743
1461672154278236165
1461671688173592577
1461670035047387138
1461669945692102665
1461669528971055107
1461905148867842056
1461904383289950210
1461904274355474432
1461899466613559296
1461889479526916102
1461887386405662721
1461880092930367490
1461877044107636738
1461869033322471429
1461858490591318020
1461837046004150273
1461794050705702912
1461787340607836169
1461778372246355975
1461778347420266497
1461751333048913926
1461744860084391936
1461734024250986496
1461733400604069889
1461730182641840132
1461725997166837766
1461717225149067265
1461713406575005699
1461711364771094528
1461708439617368067
1461706136340418564
1461697864967417857
1461695974598856711
1461687326145335300
1461676823436152834
1461674435744710671
1461673399034384386
1461672441407676420
1461669568875663360
1461666823384932353
1461665595737317381
1461665068773351429
1461660646865453056
1461660621015949314
1461660074422595586
1461655319457632263
1461650345378017288
1461647797443203076
1461647792175304704
1461645629860368386
1461644277553844230
1461639583637016580
1461639581871210500
1461634004176683010
1461628569180782594
1461627118241026049
1461618782074335235
1461613550510563332
1461610233793421314
1461606446802427904
1461605158048002048
1461603127686094850
1461601079473459205
1461600106495418372
1461599702659387392
1461599584510099457
1461598251904159749
1461588326901706752
1461587744103153664
1461586318949961728
1461585809388150787
1461578799401746435
1461578027029041152
1461561315529355265
1461558676800430084
1461558377201299463
1461558136062373888
1461554736054747139
1461553832828100615
1461552690438180868
1461552322782261248
1461545604425814017
1461901423898095619
1461896174667853827
1461857974356377602
1461856117298909188
1461853349666455553
1461851251700736000
1461843613906731009
1461715115749765123
1461692344651042820
1461680057835945987
1461672126688202752
1461669193011638272
1461665788121677830
1461663821957718018
1461649828539035649
1461646570617671683
1461642751976554496
1461631169879953413
1461623202170376192
1461619248653025285
1461594608937291778
1461588303837155332
1461588269490008072
1461586333634220034
1461578627720441860
1461578472409600003
1461577551667552257
1461572801035337736
1461571251609079808
1461555156093341700
1461622316203343876
1461735541238484995
1461699778190864387
1461907224381386762
1461884501785812992
1461880355745517574
1461878359735078916
1461854415057416194
1461831660060741635
1461829848674930691
1461799977303351311
1461770392167587845
1461758348190109697
1461749126874296323
1461741909777346564
1461710225866559488
1461705061424267267
1461700739370160137
1461690742590435328
1461675313302179840
1461674922963472384
1461668937104453636
1461636431441379329
1461634597821636615
1461616578668097536
1461611758406103042
1461603435258679298
1461596128852414464
1461594543912931330
1461589113207865344
1461579804214317056
1461579268169682945
1461578650294177793
1461574965740949504
1461571682544488448
1461736699549999106
1461620356238565384
1461884920616259585
1461881479454081031
1461831834694676482
1461608613168832512
1461590108629454854
1461884418973261826
1461694115712667650
1461630330654412800
1461696748846346242
1461602095853805569
1461902764930256899
1461883267741745157
1461753153829761025
1461716038500818949
1461663461138571272
1461661172466274307
1461612899521073155
1461887264041013251
1461884610460086283
1461573923229736960
1461571556576940033
1461640664483962884
1461598820404322307
1461598786568933376
1461661356034179076
1461661338271305730
1461661332235710466
1461660365574455305
1461606363952410627
1461667932971278347
1461900020332969985
1461890883918336002
1461863497168396290
1461860064151564291
1461768830880034825
1461623994973507590
1461621894856151041
1461605626442764291
1461656878199365636
1461608070782414848
1461598515482660865
1461886483174854656
1461725111002697729
1461689411184197643
1461627168778121223
1461874143557656580
1461719893854679046
1461673583017562118
1461695980684800005
1461689308973133831
1461624124707688453
1461601202685108227
1461551682567880706
1461904623950708747
1461714598642401287
1461629111273607175
1461870031214575618
1461636337853861893
1461635147074138114
1461696913288269826
1461682348676681728
1461659640689614860
1461611107022295042
1461577047411953664
1461558965318283272
1461553800569712642
1461874062846689284
1461738881980657666
1461670231139516417
1461882696943030273
1461850141464268800
1461799627070615563
1461799029105332225
1461614988385206274
1461567651029786624
1461554782154280960
1461554493850411008
1461553936440041473
1461553588073730048
1461553275774193664
1461551851933896707
1461551596207099906
1461551181138849793
1461550519269289988
1461550188925898759
1461549532294963204
1461842326804783104
1461635713909374979
1461862790453350400
1461634369500553216
1461594904925069313
1461590180184219648
1461847582896889858
1461694357925289990
1461689561763905538
1461647325579792384
1461647315983163393
1461647305858174977
1461640521844027394
1461630323486121988
1461619947537190914
1461592403131842561
1461690153622138884
1460860454889164806
1461692042602446854
1461664211038134280
1461646552263368704
1461627295139909632
1461588366420369408
1461685992503402499
1461672382809063427
1461647143119294470
1461601255625609216
1461589808430469122
1461891094602403848
1461747067877920778
1461807508486594560
1461896143801966595
1461627944493731841
1461626778875695105
1461559489556004867
1461859831803879424
1461875024000794629
1461872076160049158
1461827485159460865
1461812383719034884
1461720959329521668
1461694559826546691
1461694423419342861
1461692218008211463
1461691862071136257
1461691815619297283
1461691539717967877
1461682033181159429
1461681580305313799
1461681001097089027
1461675106367795206
1461645969955586049
1461627970603216900
1461627453571436545
1461621714618511366
1461621248765546499
1461612787969396738
1461597611501101059
1461577086292746245
1461900261669040128
1461659682230050817
1461631662735855617
1461558474492420102
1461664518761680900
1461664517142695937
1461664515372716036
1461558597070901257
1461615447397191684
1461679375120691206
1461910920485998596
1461910184528203776
1461881003312508930
1461864620860182532
1461781335123632129
1461730681663361026
1461709426612523010
1461703686015500291
1461701219894792195
1461692796629225477
1461668770590560257
1461655280744161286
1461562962951303172
1461904597992161282
1461735925726154756
1461690013859516421
1461688766389575683
1461623981933416452
1461896824143302670
1461718222865006593
1461864293029138434
1461739131340423170
1461733001532899333
1461721476558581760
1461849259788038145
1461606520412594185
1461606476364107780
1461709487375478792
1461691121751314435
1461622711285735428
1461606510618947586
1461606484660396038
1461586349119606788
1461890972367785985
1461867663806717953
1461701094191480837
1461618105877102594
1461587575353708548
1461584429986590726
1461853994326786048
1461857495127715841
1461725698746241032
1461860601555156993
1461857637553762304
1461854899155599360
1461854361026322441
1461726558184300551
1461726287408496641
1461725816761421829
1461725816484556800
1461725609952907270
1461710354933862400
1461642022259871748
1461886993244196874
1461862483317035011
1461855411363934209
1461847101885743106
1461838381076279299
1461832616022208514
1461727830102855688
1461723941857202177
1461723282776883210
1461722500258156553
1461721860735832067
1461720899376218114
1461720090609545219
1461718511210823682
1461717751777542145
1461715998713663495
1461705584084852736
1461677949669691398
1461677280942432263
1461676503003897856
1461675749413310468
1461674716935045120
1461674014082945029
1461671824803074053
1461670539823484929
1461669699586912259
1461668822910337025
1461667729086169089
1461660075760578565
1461599892640468995
1461596266371055617
1461729380657291268
1461718983929851904
1461704808990134279
1461688465263718403
1461678838232977410
1461585562159042566
1461690966671122433
1461765398513152004
1461698532675522561
1461612163328471042
1461612060618342402
1461611838647324677
1461567399228960774
1461725581045866501
1461842415476609025
1461809687028973572
1461791798825828355
1461608423305277446
1461600812006658049
1461598996846108675
1461598718201774083
1461598592133570562
1461595698571272195
1461593585422254082
1461584914386616325
1461562412218273805
1461561260474961923
1461913278871846913
1461871191346483203
1461707201974730755
1461650347697397762
1461907247924072451
1461893386495873026
1461892366529294342
1461864165354590211
1461861627850936324
1461795867384586254
1461729274432397314
1461723956965253127
1461719458439839749
1461707896022974467
1461701222021296131
1461691480918028289
1461690341346537477
1461690002845224961
1461677268858667015
1461675627694551047
1461672309559738375
1461667366492794886
1461659703352516614
1461629505416482817
1461602454680662016
1461581069552001026
1461569855044210688
1461915213079330817
1461907978726961159
1461907769779376128
1461891259790884865
1461875146906431489
1461873073980796928
1461756424292159490
1461723056750018560
1461599373310062592
1461599159291576321
1461595238347071490
1461561959485100038
1461659817034993665
1461842409797554177
1461594727422173187
1461587424824348672
1461559018300723200
1461904561463914496
1461726968504729600
1461696540313985029
1461673810072010753
1461860045637898241
1461764335559069696
1461684481153110016
1461628360795119621
1461715019549134852
1461897534775775234
1461892273155702787
1461856630136455168
1461844326560923648
1461840333159895042
1461689169172844544
1461675648238628865
1461672952206794752
1461639243537788932
1461632139548508165
1461626826187415552
1461600510142599170
1461599771227922434
1461587812533227527
1461576259217989633
1461903749861896202
1461688211797729285
1461664587539832834
1461587984646508545
1461682950735495168
1461677991134580737
1461874582437064710
1461869090750930945
1461855800805060609
1461814828419489801
1461694789083013123
1461682304124788737
1461645724202921985
1461573374920986624
1461858740160774148
1461682953331691525
1461920151360573441
1461919496952635394
1461907961253543939
1461901831383121922
1461891103615975424
1461875426968571904
1461869169570238465
1461868117303316481
1461864973823447042
1461858613652180994
1461699608090796039
1461694326958739467
1461669064284073989
1461653249144938497
1461651372919558147
1461637087703171072
1461630944234770432
1461608448857018370
1461576303438487553
1461912923031302148
1461902800720326657
1461872256611614720
1461785150161838086
1461680784817807360
1461647845392470017
1461635831408459783
1461621811787952128
1461920696632709126
1461882384211582979
1461697951424602116
1461660678008098816
1461617237349990403
1461575844162256897
1461575505560305664
1461574640472510464
1461573953869078531
1461573415349809156
1461723171132899330
1461599219584667649
1461917566411051011
1461914176691916806
1461898513889914882
1461887126346223620
1461877587802611719
1461863240749568002
1461862453457739779
1461861677981310978
1461861389362864132
1461859675423449097
1461792997423603727
1461774973006073862
1461728548100530180
1461727059030396929
1461714540282867716
1461678963785232390
1461654008880242688
1461653780571693058
1461641780416245764
1461614831606263811
1461613586770370564
1461605340831629315
1461601582978535424
1461593283495407617
1461592241953148928
1461592066262061064
1461588896781766656
1461583805085454337
1461581254185271300
1461564638835871747
1461560848820801540
1461907351334580230
1461777801493639169
1461731732747472904
1461723092997361678
1461708764252291076
1461693430677921793
1461687291248713729
1461660937031602177
1461628824014049281
1461604573823471617
1461647604736053254
1461644961313525763
1461601119596015617
1461793317855846411
1461761603234369537
1461750042725785604
1461615637436973058
1461906689968390147
1461903564586946563
1461898496127102990
1461892196752183296
1461836229947772928
1461768031714095118
1461743047914541059
1461723649967198214
1461665386978492418
1461660969914880000
1461651333665026050
1461643608176533506
1461581114791759874
1461920875293278208
1461901388514938881
1461881198150447105
1461862692835102723
1461612333709635589
1461600211176886273
1461564946483793921
1461918161276649473
1461913315303559179
1461908795932688389
1461906519901966338
1461906245825163268
1461897484326686722
1461895430837399553
1461877355073327111
1461860740801781760
1461855312743317504
1461820281220042756
1461809379162959873
1461760611973488646
1461756355379818498
1461710328345989123
1461707792692092929
1461706067323207680
1461695113629868033
1461692822428413952
1461691937854042124
1461683445579481091
1461673871061315591
1461669464110518272
1461659959616172044
1461657836723662850
1461651574258765828
1461649535843778566
1461645695643881479
1461636003165208580
1461632610380091393
1461615011474722821
1461612329024503809
1461603731569405955
1461600542283780098
1461590271469268994
1461575224462245891
1461574343020875780
1461809377359413259
1461726155338248199
1461722015870558212
1461697967643975684
1461649199510929412
1461621300045049856
1461896106866987015
1461733952683655169
1461673282483064833
1461712337744793606
1461918857082380289
1461917176248602627
1461914819678797828
1461901877335920645
1461808039791579139
1461710157235122189
1461700716771233794
1461693774040637441
1461644963721007110
1461629507182350338
1461592100445700099
1461572844442238977
1461606038482817025
1461606033659367434
1461581741424926723
1461596193989955584
1461575063572914178
1461657249848299520
1461688243234033664
1461564205258055683
1461875806607601667
1461865265491169281
1461741005858754564
1461740790560944137
1461740563238047749
1461739515651903493
1461739205462089730
1461734180295888901
1461717812582305803
1461714638911901701
1461711847652872196
1461710998096674817
1461702642170662916
1461701860146892809
1461694050029826048
1461693744764252166
1461693240940253186
1461679274381905922
1461693087667802112
1461717707758309378
1461836578175664128
