1459029386607218688
1459026145874104327
1459025442522812421
1459019125888413697
1459018047960739840
1459017179098087432
1459016886834720774
1459015869539893248
1459015274837921792
1459013104210104321
1459010369872023556
1459009042261684235
1459007835606437891
1459007479401091072
1459005699468365827
1459004880895414276
1459000760524427271
1458999614728642562
1458995948873416710
1458995621780623369
1458995577341939715
1458993120729837570
1458992347857833995
1458985120556216325
1458984305850388481
1458982864469442560
1458981623316238337
1458978405517389833
1458977875634585601
1458976504910471172
1458970115689439235
1458970007795159040
1458969922118189056
1458966337045159936
1458966198822092801
1458962638235447305
1458956118491729921
1458954197819297792
1458948851587436544
1458948675271491585
1458948269749374979
1458947979763597314
1458938158238691352
1458937592083148801
1458937449359413248
1458937178189230096
1458935428430503936
1458928881990209536
1458867359792320512
1458839120705298450
1458830368698605573
1458827598868275207
1458825973789433868
1458818236070301698
1458817843890253824
1458817489215709184
1458816033356087298
1458812539358179334
1458811841409290242
1458811780323418120
1458811630154780677
1458809040834727937
1458797866831417350
1458797336579117062
1458795285635735554
1458794243275694087
1458791033555193858
1458789130402476036
1458786843592470531
1458785984741625858
1458785105648898050
1458784313470640137
1458783076176195590
1458774979621703680
1458772818150129668
1458772502780338178
1458771938319343624
1458770580992405509
1458766667157180419
1458760279181774852
1458759649360891906
1458755935501832192
1458755627971448835
1458750068203261952
1458748739061907459
1458744662873845762
1458739907447246851
1458738436605571072
1458737270916214793
1458737160132038660
1458733111949156353
1458727339013984256
1458724931995275269
1458724584002228225
1458723403469234182
1458720360724004871
1458713626815209473
1458712730840354818
1458708437907300352
1458704391658041356
1458701204779798532
1458692538584350724
1458691300480348160
1458686783810510855
1458686123002138625
1458685053307740166
1458682419721035787
1458680064590036996
1458679652461862935
1458679640055115780
1458677499248795653
1458669465613209601
1458667382138806273
1458666271583600640
1458665020196155394
1458664634257264642
1458662510710575105
1458661560096727041
1458657010338054145
1458656901932093445
1458653849925787661
1458653561638715394
1458650537646125059
1458649417041387524
1459018264781090823
1459024736344633348
1459024253299277825
1459019855546310656
1459019783030988804
1459012046905765888
1459009832074186752
1459006526295740420
1459003512545845248
1459003195611516929
1459002017586679812
1459001030130081797
1458997493224542214
1458994744617586688
1458990397720444932
1458990393517740032
1458989721669955586
1458988361545175040
1458987448034152449
1458984053672071170
1458983164043354113
1458981419632443395
1458980497640411136
1458980488920535045
1458976853264326657
1458971202148454402
1458963714707795974
1458961843171389441
1458960071619088412
1458955875398340613
1458953471328063489
1458950043013038082
1458939938913751041
1458939422901039108
1458929818733531143
1458928636728418306
1458928376140472323
1458928352669143043
1458883945219559424
1458847716096700416
1458833029183553553
1458829986991788035
1458826779947376643
1458819858812993536
1458812794241912843
1458811743279333383
1458810719210651649
1458809439939547136
1458794945200803844
1458784123623919617
1458776741711736839
1458765334626799616
1458764772288045060
1458764397157834758
1458763699926171661
1458763229161656332
1458761988620783621
1458755335175376899
1458741913729732608
1458739566945267713
1458736258591588354
1458733483233366016
1458730890620588033
1458727841533612034
1458725242407325699
1458723027638644736
1458707372969398273
1458705074058776581
1458703891587997698
1458702260729356290
1458699133322104832
1458695174977060868
1458694316268814341
1458689247771254784
1458688656705826821
1458687408141217798
1458686743939457028
1458686390489681928
1458685659971944448
1458678258833186818
1458675465200099328
1458672476775276551
1458672313373642752
1458669445526659079
1458666005534703617
1458661707182526467
1458659066213847042
1458658711367421958
1458656984568197121
1458656700592898057
1458655429005766660
1458652716826124290
1458646800425009156
1458746004732190725
1459027540291428355
1459023148238589956
1459008527591100422
1459007485088440321
1459004885760757767
1458998248895500298
1458997516045885441
1458993934932135939
1458992509514780676
1458985622157156352
1458981623274295310
1458977097980907528
1458972371855953923
1458972354718035974
1458971944410177541
1458970010546626560
1458969914438344705
1458967730741080071
1458963777165037590
1458829717864267786
1458803164937965572
1458797706592153604
1458758565074640901
1458743349943300103
1458720791076298762
1458687302855979008
1458673655072755716
1458665209661255680
1458652390517657602
1456909326958747656
1459022479997820929
1459014231047610369
1459013611393748993
1459004778864799746
1458993856498712588
1458992425930608645
1458991053126598662
1458989368970932228
1458981003821649920
1458793123987873793
1459029282722770947
1459026921824473088
1459014325130067970
1459010695262056448
1458995858196754438
1458988381707243520
1458972493851467781
1458962772495011862
1458960320190455816
1458957972260884497
1458955748034056195
1458943901964718080
1458819319626821639
1458816914621222913
1458801074517659648
1458789382375153675
1458788611118157830
1458786537890467845
1458786475449880587
1458766528883703809
1458763355347464199
1458761706956460034
1458753764978933763
1458734135527284737
1458733057339314176
1458697200058257408
1458681517614325763
1459031202132742154
1459030353847349251
1459029303685881856
1459025663403479043
1459022603385929735
1459020995595890692
1459019996969852929
1459019637010534400
1459013873533534210
1459010705135321090
1459006052460941314
1459004036984623105
1458995223959203842
1458993678429474818
1458992962646462485
1458992351876050947
1458992349518778370
1458991689729654785
1458989152804892675
1458986736088862721
1458983316997111808
1458980840977747970
1458978184414711814
1458976131390984200
1458975346565337095
1458974595554238465
1458974363399573504
1458973858782859270
1458971818912485376
1458967897439567878
1458967816770441220
1458964349486129154
1458963670604529665
1458960335168180242
1458956471434055698
1458951424906252292
1458941005185445918
1458831810574503937
1458823561183776770
1458822973524037633
1458814954836881409
1458814419689824257
1458807195517472768
1458806910736424982
1458806116565934082
1458805164983214080
1458802647960408069
1458801981783347203
1458797465289650186
1458796637204086784
1458794600957550596
1458792133402378245
1458784699740930052
1458784686117851141
1458783581891792901
1458780082705612802
1458768634415771657
1458766811491549186
1458762555459997696
1458758415409315842
1458757752231116806
1458757732085886982
1458756006435909639
1458740051467137024
1458734182079860736
1458729938752720898
1458725626509074433
1458717209090347009
1458714355093045249
1458709709070864387
1458704149277646850
1458703582367137796
1458701259003727874
1458696650315108352
1458693827451965441
1458688648065388544
1458686294737883137
1458684289420120064
1458681005460520963
1458674246859718658
1458671444318199810
1458669638120665088
1458667518910816262
1458662512094683141
1458654891165974529
1459014607419310082
1458956151295414276
1458812322068123658
1458788381198979073
1458775976062509060
1458749710680743944
1458727708683214853
1458711933624852483
1458689212643876869
1458657153690968066
1458651917282775044
1459031548565413889
1459029831954227204
1459029432585228289
1459028127179415553
1459024038567694339
1459022678053040195
1459013833440174083
1459010112408883202
1459007780140945416
1459006960087429121
1459004166458597379
1459001362037964809
1459000967332982787
1458995753875951616
1458994188242980864
1458993406839951360
1458991432337805315
1458989731581100034
1458981029037764611
1458979324690763781
1458971881978019842
1458971490120916995
1458970227459313665
1458967423428677633
1458967239487463435
1458964858314002434
1458961366727888897
1458959587114061844
1458828668399091712
1458813129945608207
1458788035252797440
1458773264247885828
1458764618327740418
1458752881746530305
1458745021272711171
1458743750566416385
1458741694338191363
1458740031477190656
1458738165703794690
1458731370012811269
1458726760837570563
1458725588215029768
1458725236405272577
1458720591775633410
1458720549560012802
1458718897360674823
1458704085335502848
1458700780177793027
1458699331200901122
1458697856039079936
1458697523242024965
1458692884647927813
1458692828326887430
1458691579607093251
1458687789529141250
1458682180033519617
1458670184659447810
1458652516833378306
1458649223235194882
1459030907189280772
1459030053396762630
1459029200732495873
1459029192557748234
1459028157739139073
1459025145251577862
1459024595546034178
1459023694747955201
1459023529949614083
1459021894359805953
1459021528838721536
1459021477328539653
1459019922311286786
1459019209627758598
1459018650363457536
1459018196971704320
1459017455355891713
1459016714432106498
1459015162409590793
1459010688135933964
1459010361940602883
1459008483383074816
1459007010779779074
1459006831045398528
1459006759100719104
1459003932114489349
1459003249415970820
1459002340552298498
1459002003888095238
1458999024883683329
1458997342577704961
1458997175434629125
1458996416987099140
1458995212785799172
1458994567164821507
1458994163127504897
1458993346643324930
1458992950172545024
1458992775114809346
1458992430720569353
1458991576261165057
1458991456266653696
1458989047972384768
1458988906351792128
1458988552818028550
1458988448946085896
1458988441476108293
1458988433511120897
1458985537830744064
1458985118278639620
1458985111718809603
1458984212736843783
1458984206378274817
1458980164063281152
1458979580102909952
1458978601890562055
1458978273971499012
1458976457758105601
1458974092950859776
1458973971114651652
1458973192786112512
1458971818354610177
1458971510270423049
1458971303856070659
1458970298603159554
1458969698704314368
1458969094066106371
1458966865888387073
1458965903039623169
1458965523824218116
1458965146089394199
1458964752466546702
1458964273326137348
1458964157852631042
1458963222149566470
1458962748923170817
1458962267475644460
1458960542287089664
1458959823853260800
1458958974053617691
1458958829731737600
1458957275867930624
1458955199679283211
1458954752289509392
1458948859095179267
1458947656034643970
1458942051463036929
1458939908190457858
1458939356874305551
1458937481768972288
1458936448569077761
1458935147206569993
1458934737448235025
1458933335665745920
1458930299358699524
1458917533130575883
1458896142222061597
1458863570528063514
1458854922196176915
1458850709797949446
1458845897878503427
1458845389352673297
1458841734201298944
1458841539132678150
1458841326242320385
1458840049907212294
1459027757866782721
1459022088694472712
1459019172520730626
1459008050635759618
1458997519518560265
1458992959018389554
1458991176371957761
1458990284449062918
1458989043199328269
1458981822038089732
1458980756512919552
1458978171286556681
1458975575461089283
1458959191884795908
1458939025083887621
1458936736591933443
1458875771347345411
1458854022643793921
1458831591715708929
1458825531177140231
1458823655719247884
1458823436642308097
1458820765055275010
1458817738617483266
1458813807770288129
1458810406462320640
1458806454165512206
1458803626101522432
1458800198415572996
1458800126189707271
1458797708374802434
1458788725077336064
1458780138493992962
1458776394662432769
1458773277246066688
1458770763486355460
1458770756599357443
1458770282487812100
1458765771887153155
1458761701243777028
1458761455029813249
1458756083707645957
1458751875776319496
1458751638580072453
1458750767322386435
1458749922291826694
1458749134437904384
1458747895088226312
1458746333922091012
1458737858164899841
1458733772644368384
1458730339036123138
1458728168487931906
1458727692077920256
1458724962689110020
1458721811818897414
1458717102634795014
1458716748358688779
1458713359512080385
1458713069131943938
1458713047606906880
1458712835882504198
1458712476053172226
1458709827878674435
1458709611481952261
1458709434658484226
1458698997460189185
1458696495243268096
1458694706750103563
1458691777360056322
1458682010470289408
1458681246301577216
1458678096991719435
1458677286077566978
1458673899504234496
1458670374359502851
1458665026407915521
1458655642290298882
1458652433190572037
1458649208257277956
1459019452419248131
1459014152979025922
1459010053546012675
1459009308247486469
1459008314528845826
1459003308480159751
1458996005458702339
1458993991190401027
1458988898328084484
1458982319755182080
1458962433226149888
1458941423839969281
1458892045234446341
1458828754541633537
1458819094132629506
1458818110572531715
1458817824902635526
1458802299963207684
1458798380914647045
1458779437453905927
1458779008812797952
1458778081338875908
1458777979853545480
1458772906834493445
1458765512951808004
1458756382618836994
1458755159270428675
1458751232013651968
1458738631539970056
1458725689532686339
1458723689659125763
1458718239765131264
1458707384793059328
1458687305816817664
1458681683415212033
1458668627633209344
1458662496965775364
1458662034468343810
1458661026858414085
1458986421075668996
1458981916208549892
1458959815137398784
1458770472020037637
1458733566523699200
1458711020596199427
1458704101059923969
1458681506499424258
1458652453910441993
1458696537681252352
1459028320310349824
1458987558948388865
1458975249064599555
1458914244418682894
1458854285840556034
1458800666105634821
1458719842437984259
1458668485643423745
1459018798045016112
1459014340233752585
1458981684771123200
1458979300418359297
1458973502665474053
1458969264019279873
1458959925342879744
1458952640876974082
1458918671447961604
1458914776168419330
1458868849168699393
1458816030663340036
1458772749460013056
1458771914856357897
1458767515992178695
1458763848484200448
1458760066291564546
1458758906172395524
1458743199501930501
1458740340442030092
1458728740909838344
1458725768616300548
1458721666280787976
1458708023698808841
1458706183179571205
1458696444437688323
1458696383179804679
1458696090358665223
1458695546021957633
1458681131088310275
1458673218961633280
1458669735684366340
1458665210806341637
1458659605194571779
1458654746370195465
1458652790159380480
1458592813059354625
1458375036281126912
1458374659343151106
1458373372140683267
1458284464090402819
1457975660165492737
1457907208545394688
1459018504762376197
1459001917380579328
1458907294503079936
1458764117909508100
1458764116131135490
1458755561709662210
1458754447182471172
1459007117575131152
1458986167307620354
1458904551789002752
1458764280468148225
1458984170802216965
1458829188652097546
1458764112666640395
1458763457285615619
1458693235304402953
1459005725301088258
1458764119796903943
1458764121898307584
1459029442127269892
1459014095802224645
1458985123391565829
1458984553347907584
1458982685808885760
1458964114236084240
1458838675412819988
1458797437594701824
1458793384961732610
1458789625263124482
1459025536139743233
1459010991740493824
1458993434685894662
1458989216000450566
1458816630965047296
1458777480035123202
1458681400673005570
1458669775266017284
1459006214935744516
1458650589001252871
1459016503634788352
1459015858550833157
1458978696329523202
1458723680834375684
1459029561274896388
1459022544170721285
1458999936087846920
1458992430561193988
1458991868281114624
1458825724337352704
1458801384527069199
1458778889711284231
1458776060963606528
1458694826161963010
1458668599871098884
1458652550459125761
1458650924545572873
1458654562919747587
1458652070672695299
1459023588854419456
1458794611854381066
1459013683347030019
1459024637707186180
1458651122525097984
1458948262505836551
1459012496182767617
1458708378620882948
1458658013837856772
1459027665600466949
1458862105914855432
1458759529034772481
1458734008406183937
1459009381270384640
1458835683657719819
1458791768812494852
1458687281846312960
1458977388201537539
1458795688788054021
1458777663728881666
1458770606233505796
1458732875642126337
1458732333637406721
1458731332104720385
1458730928386179072
1458703575253536770
1458667315105447938
1458994174787653638
1458993003024973824
1458699817836683268
1458698049153212422
1458682584943054851
1458783876961107974
1458958592850075650
1458939564492349443
1458675920382803969
1458668947931340802
1459034175118274561
1459006788003528704
1458989189790195714
1458970838212886530
1458726884494041089
1458657110971994116
1458999728755163138
1458998068120985601
1458979634494672902
1458967242591260674
1458922662529417237
1458820662663942145
1458784414763126785
1458767497822289923
1458754281704550404
1458754272246448130
1458741588654374914
1458733230593507332
1458682204289003525
1458949949719080962
1458805725501796363
1458770513791123462
1458763829626560517
1458658931505451012
1458658738630393857
1459016436349689857
1458792798962937864
1458736616277639169
1458729247237820418
1458820968378343428
1458998669517090820
1458715567209136131
1457618019132186624
1459035700892876800
1459033134582796292
1459017593336049684
1459000101238575107
1458961777840984068
1458684217269755906
1458673724610080768
1458902589454622735
1458775850623520769
1458824871631228928
1459028009378217985
1459024267610234890
1458822852069654528
1458822117751812101
1458817743268900867
1458817624486285315
1458786560531263490
1458780240403070982
1458776116810764291
1458775798299566089
1458750593309167621
1458739908877565960
1458739839424098304
1458711462415769600
1458694978197024769
1458668309382144004
1458661885012701184
1459038191827107842
1458948153864982528
1458714549134127106
1458680564945342466
1458982574919880704
1458713296396165121
1457972457097236481
1459007906242654208
1458980736342528001
1459023438916374528
1458968511502454788
1458951648093503489
1458810010956304395
1458807950827352070
1458807393463115777
1458697025994706947
1459033101326110721
1459029609387728902
1458710151515582467
1458915245271891986
1458734494098214913
1458739867127468032
1459006048165974017
1458811375925428226
1458797412957392900
1458794716493795332
1458722063909195784
1458710122667073542
1458703160634007556
1458677644401147906
1458436297765179393
1459018951598301193
1458712636212736001
1458940507199926321
1458803057689432065
1458718115181711365
1458797371802808333
1458769819524681733
1459022087452971010
1458808774227939331
1458714754290126849
1459022500004712451
1459021141985484803
1458934373059760131
1458808897028775938
1458808896898752520
1458808886815690757
1458808883594477570
1458808702845145098
1458740066117816320
1458739557805920261
1458714277036969996
1458714111773007873
1458993212777897986
1458989852918091778
1458982077626421248
1458981606991941633
1458963079639699480
1458933469522718722
1458816984154443779
1458802132723720193
1458767377483452424
1458766323131957256
1458765258420469769
1458749644326850560
1458691523311128577
1458677652907171841
1458677402725277699
1458663903429218308
1458794752871043072
1458769512015171585
1458767831307198464
1458668017311641602
1459000116635856900
1458718675385520134
1458989845049528324
1458790497565114369
1459036298321154049
1459032134283321348
1459012366222303235
1459011213937889281
1459010641373515777
1459009890978959361
1459009594072567810
1458992002721148929
1458799219414736909
1458716933453336577
1458676826776113158
1458659557178163204
1459022218474651648
1458987050632302597
1458980820677378051
1458724047299121155
1458720942532689922
1458720362586259457
1459010417657671683
1459003175772426240
1459000665045229572
1458996193057333248
1458994071607791620
1458979431033098246
1458929964321894413
1458896481344274440
1458809451155050498
1458808799901347847
1458774887107989510
1458735141493227524
1458726773286309889
1458710155235762176
1458683277129121792
1458680845036777473
1458676231633653762
1458988925305843713
1458806002157948932
1458733492276060161
1458721167057899523
1458716579898658819
1458660212777238530
1458659387325616135
1458755755494936582
1458658249205448707
1458969356176486401
1458297797594157058
1458294048741986304
1457946518959235074
1457323546737213441
1458822147485298688
1458756180432482312
1458680995738046465
1458807384814460932
1458807181956898823
1458778037034516481
1458751942482558979
1458668177433378819
1458795601269694465
1458700141267849223
1458766993117442050
1458671019783180292
1458820803688947714
1457970314445398020
1459041766615572481
1459015597333700614
1459000731143315457
1458975512735272961
1458970299324456966
1458958841949810688
1458950180800438272
1458816609653440512
1458782943577468936
1458765840547909635
1458764757998002179
1458748341576032258
1458746322882682885
1458737102812696580
1458736846595260419
1458715489882886145
1458700553890852867
1458688081028993026
1458685295314948104
1459022665033814017
1459014818040463367
1458935754822860800
1458798759383486467
1458778186737586176
1458768337362513927
1458685620998443013
1458665638444994568
1458665131756244999
1458936209539952641
1458781552020582401
1458940688276418568
1458782163386523649
1458974593754951680
1458771497451868162
1458723545068957700
1458706628568518659
1458705786826231809
1458701015121727491
1458698276270575618
1459042744442097666
1459020804096618500
1459008200355635204
1458995740986920960
1458936572976328714
1458760087204286469
1458734104170491908
1458725689918558212
1458715348417449986
1459042590611808257
1459033218364030980
1458982342672805888
1458963875932508193
1458874279525863426
1458833099630911494
1458810459797082117
1458805514637176833
1458796496950743040
1458796386674114570
1458790693867032582
1458788762406645767
1458764983471259648
1458735398197157888
1458732497345208323
1458714383144521729
1458705168959111169
1458658747971112963
1459043013909307395
1458792401544253440
1458749541772005379
1458728993746657281
1459020687603945474
1458784086286221318
1458766581488492544
1458764015014801409
1458683085696897026
1458998744263770113
1458766580720934912
1458761539213664258
1458666955036975110
1459045425151807492
1459039738912931843
1459033505246056451
1459026171631341572
1459021618940825601
1459018627454173184
1459011239829393408
1459011111567515653
1459001416337354752
1458989669102731267
1458988181940944900
1458981384425381890
1458976258545438722
1458948926438928385
1458801010487431172
1458799141765586945
1458789061095657477
1458782677063004164
1458781725958410242
1458775087650197509
1458772376070492169
1458768684810321926
1458746046293504007
1458729422828179462
1458727677909618688
1458717689384345614
1458692708252278788
1458674564662063110
1458669704013250564
1459044917313826816
1459030934401916930
1458990220737593348
1458965651813322758
1458951569211154432
1458775592665452545
1458758323751112708
1458749963442130949
1458736679322152962
1458732797728739332
1458694359562342400
1458693646409105409
1459029166813110273
1458720502503985162
1459011983496269826
1458955849926283267
1458791739955691522
1458784121098948610
1458783180295524357
1458783173400150023
1458742656247365641
1458716989313093635
1458687717907177472
1459029607835865091
1459016987674218497
1459004190319996933
1458960523408543749
1458937422394236931
1458801529071144966
1458783178093592583
1458741050529366020
1458678115400441859
1458675127189573639
1458670455082995714
1458669151858298883
1458985856543330305
1458950917403807755
1458801970135781381
1458800274324144133
1458766289292333056
1458763836589182980
1458672055407185921
1459043369573773317
1459040869286219776
1459040133429137412
1459038277927768064
1459030892156895232
1459023792836022275
1459021160566435864
1459011220162244609
1458999877707304963
1458996536117891076
1458934291560230914
1458923101627228160
1458820321570537480
1458817956297814020
1458815883703291904
1458800175497969665
1458790770891100161
1458788149820149763
1458769901267701767
1458766594469871623
1458759357185679364
1458753676449705987
1458719341298470919
1458718614303899648
1458716378047737857
1458716095532003329
1458708735702941704
1458704361693929474
1458703621734821899
1458702669674078209
1458696759941599239
1458673842021285890
1458668531495489541
1459036314146275328
1459023196347256838
1458971743561797632
1458949912603750401
1458944821532368897
1458850797068832775
1458826602607878147
1458786640516694021
1458750665786802177
1458730888733229066
1458721219704938504
1458708283867348994
1458704932329058311
1458683123743346688
1458662608089665538
1459036605600047104
1459001843879579650
1458956448730591233
1458931223812661249
1458738430876155908
1458682797804032001
1458673210442977283
1459015352789004295
1458730238007918598
1458707743079079937
1458690495815696384
1457678806920040453
1458956382405738496
1458956378953818112
1458918530158510090
1458932975895076864
1458952075417513984
1458699352558297097
1459047192463912962
1458972263621935107
1458956200146391041
1458952078055804932
1458814736439529473
1458691310844461058
1458762599768621060
1459028965318803458
1459024678660435968
1459012521239539718
1458868618179989504
1458837785628999680
1459043819786104833
1458685276633513984
1459047623256539143
