1456489656384507908
1456489276414128134
1456486080803340288
1456484928187559938
1456481995182129155
1456479574590558210
1456477577648893957
1456473140960251904
1456471737487425537
1456470309704400899
1456468604275150850
1456468508775043078
1456463917450874881
1456463592111292426
1456463338876014592
1456459181913825285
1456458556505427976
1456456421206368256
1456456178850877445
1456451904188256261
1456451604131942402
1456451478588051464
1456451324145397762
1456451192561684484
1456449240062853121
1456447657337966593
1456447297374482432
1456446020259254273
1456445375087202304
1456445108329467909
1456444039360749571
1456440771712741378
1456440696756264968
1456438045339574275
1456435033003102215
1456433672886706181
1456432971993346048
1456431762519691265
1456429229202051073
1456429059580129280
1456425892754960388
1456424982557298691
1456421907448827905
1456421596881588263
1456421555844517912
1456416901496672283
1456415331749031937
1456404720839368704
1456404322720235522
1456403799153655808
1456380938431053834
1456356954561933325
1456355241939529735
1456351763120807938
1456346372202979332
1456340108802617346
1456339017943994378
1456318039385804801
1456315341336813628
1456287238967291908
1456281113903566850
1456279794673352714
1456278832575438848
1456278503377174534
1456276358816944145
1456275256918757384
1456272618437238793
1456261581315051524
1456259122920259585
1456257640925777930
1456255189803880457
1456255096371613704
1456254761477435398
1456254427573063685
1456253785441849356
1456252014325764096
1456246233085857803
1456243367457656841
1456239269454835722
1456238593777696772
1456231670638542853
1456231473418100744
1456231160598650883
1456230987482873858
1456230766950584332
1456225747605938196
1456225198437384203
1456222037744119812
1456220745617457153
1456219897910857736
1456218164686118914
1456215336605282305
1456213143491727366
1456211969015304201
1456210454213136386
1456206251386294276
1456200875878146048
1456200387162083333
1456197405058076672
1456195616460001280
1456195355448541184
1456195260531363840
1456191860645396484
1456189990912811010
1456184016369950720
1456165057654497289
1456164769954615297
1456164125814439940
1456162457244766213
1456158950567514114
1456157966789271560
1456155707657523204
1456155159348736002
1456154710709313537
1456152027315068928
1456150719208169475
1456147705168732160
1456144862441443329
1456144626188881925
1456142119299518465
1456141218119782405
1456138033950957574
1456137418122280962
1456133182760185862
1456131403758718978
1456125564423573506
1456123451639402501
1456116052270587908
1456114987861090305
1456112386390167561
1456109898261991430
1456482653230669836
1456478383320145926
1456477748747116551
1456476323426177028
1456470804829335553
1456465963185025042
1456461264960458753
1456454974062227458
1456453783681122310
1456448838412218370
1456443801472483330
1456443596178001926
1456439550079766529
1456438554368700422
1456435081778630660
1456435073134198789
1456429558966611968
1456414389142130689
1456405274915270657
1456401850312249345
1456395693912780808
1456391215608434694
1456391196566245378
1456338828176752642
1456309827047596041
1456294791180963846
1456286569984245761
1456285560599891968
1456282372790308869
1456277957064859661
1456277801795874827
1456275505557110796
1456274889845866496
1456270338065506311
1456264337069203483
1456260893268844573
1456250613537206277
1456249123632410624
1456248817024573444
1456246342397825024
1456246125527240705
1456234177854988294
1456219477117337607
1456216958320328706
1456207164016451587
1456206475714465793
1456204847263281155
1456193321362022408
1456191379261038596
1456175898135183363
1456172836964364289
1456159562273222664
1456149120410812424
1456146703833341955
1456143758450331650
1456141538098966530
1456132799056859151
1456125309963706370
1456113524812378113
1456464322800984066
1456130099418259457
1456479816576745475
1456452735595810820
1456452119410577414
1456442402768662831
1456261315614298131
1456253151061823489
1456231273198862346
1456209693496393729
1456166367246229509
1456164027508289539
1456161063989243923
1456149011824463874
1456141817800368133
1456484155458424840
1456304787952062466
1456287619248123911
1456222890962022408
1456495413058473989
1456492417285193734
1456486893231562752
1456483867074850818
1456475256139378693
1456464477876981762
1456458088001654784
1456457630688243716
1456451258504466435
1456445810787426311
1456439941727092741
1456439501828489221
1456437577217556480
1456436473146740740
1456433473959481356
1456432078938001410
1456423124585517079
1456421109453131780
1456417869370069023
1456302232119353349
1456225250153172997
1456211138253885442
1456206049740947457
1456199551950499842
1456152980604928003
1456133025742278657
1456128896017960969
1456124094567571458
1456122581711396867
1456115850780372995
1456113198948446212
1456111377370660871
1455219714557313025
1456484039854936067
1456473151638958080
1456468542312701954
1456467047483801602
1456466130030137348
1456463088287313924
1456461025243398144
1456460611844337670
1456460007893991425
1456459545488752642
1456459118437298180
1456451256231219201
1456445757595160579
1456439553841979396
1456437904612286465
1456437031463100418
1456436874336108544
1456432221674360834
1456432118658076674
1456431621079396352
1456431262730575874
1456431186360758276
1456431145994764289
1456427737845882881
1456427444563415043
1456405915041632271
1456403392494927872
1456402055854112769
1456396401877786625
1456393260964802560
1456383840516128779
1456273362938830855
1456270451483693064
1456265470449840149
1456260379361775623
1456243018047000579
1456239324744224771
1456233000820097026
1456211847481204745
1456211321645506560
1456201625324904450
1456199595684401156
1456195063902474244
1456194795571802113
1456194794070306818
1456193250218311682
1456189213641039872
1456187334500630535
1456181447153229826
1456178560712908800
1456170440095789062
1456168601698725892
1456161694959353856
1456156935070289923
1456155153979953152
1456154170117922819
1456153817645412352
1456150745149890563
1456149024034025479
1456148927254700035
1456146342053494786
1456145885390204930
1456145091177816075
1456143399988256769
1456142267949862913
1456141863841198082
1456136334695747584
1456134936432316421
1456131606977007622
1456131593618272260
1456129476186632200
1456128073414348801
1456127857189478401
1456127847500705793
1456127843599978497
1456126070579601409
1456125918171201536
1456125880422395911
1456122579060592640
1456379698083086352
1456258834914156560
1456251831449882628
1456238046802677763
1456225570103050240
1456110796467945474
1456477231291637763
1456472534614900736
1456465618295689218
1456461404790157313
1456459573611487234
1456452764385431558
1456437558565507075
1456431113677656075
1456413595030331393
1456413589590347819
1456382005428559877
1456323574008987648
1456293386474823681
1456293245193900033
1456248081884717063
1456248047625670656
1456248017770582017
1456247990893514753
1456247960338001923
1456247930436812800
1456247892449005573
1456247860383518721
1456247826980093955
1456247796718137352
1456245489733709825
1456237281493217289
1456231775261188106
1456223861851127812
1456207130625654793
1456194939142901765
1456194898542018567
1456189532659875842
1456187512624332802
1456179281902534659
1456147419016486912
1456145998875553794
1456143026141622276
1456137582690004995
1456109313085243392
1456497825668210690
1456497613029588994
1456497545757163524
1456497139819814913
1456496854401572865
1456496136844300288
1456495401494712320
1456494421176827908
1456493982616227842
1456492367813382148
1456489631726243840
1456489011648761862
1456487429670572033
1456486726264758272
1456486448530706451
1456483941767008262
1456483921252716550
1456483089824112648
1456482908097548289
1456481679506247681
1456481403814785025
1456480135767486470
1456477829575573505
1456475525686329346
1456475005575856134
1456473637486170119
1456473609342390277
1456472236890603526
1456469129582415879
1456469024515133446
1456468175462166534
1456467787765870592
1456467417958215684
1456467389889929216
1456467117117612037
1456466813395472386
1456466807372455940
1456465292536786964
1456464777652277252
1456464440107233287
1456463830708469774
1456462681720958979
1456462632949485576
1456462527424909314
1456462202337067012
1456460244725288962
1456458922307424258
1456458831358148611
1456458809845510145
1456458781550854145
1456458553703559169
1456458088861650944
1456457381617930246
1456456250091319329
1456456241929093132
1456452525830270978
1456451837377212423
1456450336487395334
1456450206535356417
1456450076985888771
1456449946597699588
1456447036048297985
1456445617551511554
1456445226235543555
1456445117221388288
1456444830054170628
1456444730410102791
1456443627861733384
1456442563829764107
1456441139704344592
1456441134754922504
1456438384667230209
1456438377532706821
1456437570837966850
1456436065787465730
1456435156529475597
1456434787485302784
1456431012095926272
1456429337079533571
1456428414320070656
1456427968230617090
1456427841680142338
1456426986998362118
1456426425062334465
1456423082285961216
1456422932729663519
1456421000799686727
1456420856867950593
1456420113909878785
1456420071136399414
1456419286302429219
1456419103455940608
1456416429075435556
1456416231922094080
1456416218177413120
1456414520704864271
1456413871334309888
1456413166217285632
1456412304275238918
1456411835473694734
1456411313337364482
1456410147991949316
1456406086999814146
1456403385410752520
1456403306067099651
1456400525482676225
1456396392184696834
1456396379106856963
1456390035507331084
1456369558470623232
1456355641035943959
1456324071986278401
1456314050120454150
1456312834443382786
1456300432549052423
1456300021779865613
1456293877413912581
1456288543425241102
1456282984370163723
1456282365613932554
1456282015716630530
1456281610102267907
1456274608152145943
1456271530510340104
1456270010100314123
1456267491760476161
1456487865794187276
1456484688873226243
1456476262017368066
1456469906082328581
1456466732923691008
1456459631480295430
1456451122403504137
1456424890764967939
1456286924851744768
1456283662740119557
1456283094638493697
1456277996432547858
1456274464333656068
1456273284824059918
1456272076164108295
1456269379046285316
1456269224523956229
1456266654329884672
1456266096558817289
1456264672642879493
1456262930001903639
1456260462580944913
1456258243844460550
1456256834478624776
1456243408213737472
1456241202404085762
1456240782537461764
1456231431764463621
1456230412217421827
1456221858169167874
1456220727875538950
1456219474609127424
1456215731893256194
1456215096015818758
1456211580681527301
1456192008410697732
1456185871950962692
1456185799397896194
1456180134478712833
1456171970698039300
1456170262890565633
1456170011224158216
1456163349217955843
1456158651299753986
1456157980093607939
1456150113642946561
1456145890800910337
1456140580170334218
1456138345550004224
1456119121515401222
1456118713183137794
1456118644107186177
1456118568815267845
1456117654800855040
1456114796357582850
1456113759420751873
1456113228438597637
1456489449391460355
1456489385667354625
1456486298085052421
1456462782619025409
1456459887345500162
1456456528915931137
1456424536316940296
1456310984352538632
1456297587045138437
1456263714416459781
1456263319766007810
1456261786814992391
1456229508697051138
1456229025496502272
1456224996984901633
1456209485643476993
1456207753773346820
1456193069515087872
1456176916617072641
1456161806884474883
1456151776130781184
1456150492564754432
1456126538542321667
1456115795562352648
1456482728019251205
1456132521192615940
1456117532717244416
1456486548501778433
1456458253735395329
1456449772408111108
1456283180319739904
1456490304530378752
1456487033086480388
1456476647851315203
1456467313968906240
1456459448705118209
1456448523864469508
1456430259063062536
1456424714683912210
1456344004086439936
1456313031764287496
1456310074205425672
1456295435941949445
1456266053135179788
1456263477513711623
1456240703877500929
1456235895644844032
1456231007569465346
1456228416751947784
1456201132636721152
1456197864959348739
1456179393605226501
1456177845877686277
1456148213262536706
1456122983492173826
1456116997771595779
1455448800940552196
1456495167947505664
1456231818433208322
1456115119998443525
1456447166138912770
1456255796832989189
1456417111413198882
1456219908912517129
1456149866451660803
1456442175336583169
1456257013822881792
1456160429428797441
1456485875529830401
1456172794534711300
1456122683632930817
1456488068723003402
1456443449926983688
1456438890596761604
1456437072932192258
1456370615284219918
1456316404538478600
1456227646635855880
1456227429853261827
1456223512973045773
1456211263915118592
1456211785602715651
1456205951845879810
1456141354912858112
1456479455124226052
1456464190017736709
1456438432717176834
1456293946028482560
1456177250852691973
1456289045403746311
1456419797005000707
1456369848288567301
1456276108479844353
1456156201155063808
1456482877189746690
1456480704598994950
1456458535240273932
1456252469831299073
1456153094920626177
1456475382073331717
1456490738288500737
1456210786490073088
1456116619927719943
1456300498416332802
1456157346669817857
1456483500601733121
1456482973612605440
1456482488063197184
1456482165965737985
1456446061145329670
1456426840671752198
1456425668888039431
1456407514786910209
1456282812890316800
1456282352649334787
1456234421921533955
1456221440768831493
1456187671722614785
1456128396430229509
1456286338546757634
1456253466578354176
1456251786126233608
1456485450315493380
1456254611380080649
1456498176161050626
1456475054162657284
1456417659327713280
1456232943307956230
1456154073778954241
1456240531487424521
1456479072788246532
1456436538082947074
1456436522387841024
1456254068058320898
1456235268814475264
1456226860392607745
1456203289599492099
1456203211384102912
1456192904385363969
1456153786485907457
1456134097026236416
1456118749778493444
1456489335952273417
1456414698836955147
1456288873659592710
1456176591453650951
1456176301711106051
1456492014233546752
1456234423318241285
1456225432257261569
1456225104241721344
1456207891682058242
1456134356636876806
1456420271397638179
1456259593579876358
1456173653419126788
1456478141690494988
1456475005936541698
1456432573031219203
1456417594747936769
1456381443853090816
1456237236203102210
1456237233946595335
1456190084022083586
1456187967534366722
1456182536778895363
1456155072652398594
1456140838854033412
1456259735485763594
1456172362479640576
1456228970043625473
1456444774848733190
1456468273298436096
1456439133912530952
1456420062101868572
1456257897462067215
1456382547210891266
1456400914860834817
1456192431657873410
1456140005106085891
1456128753449398272
1456500043637161986
1456493982662356993
1456484679977103363
1456413411433062400
1456404009447657472
1456384677913116682
1456384390766870556
1456383471773880320
1456381990538657792
1456381255352664098
1456381111014068224
1456298943516590081
1456260086045634567
1456259750631407628
1456250292400361472
1456241183089250307
1456238725524983821
1456209070843568129
1456184334742790146
1456147962967453697
1456128770109104129
1456128668430860294
1456428796202999808
1456283573569294341
1456238301858332678
1456186324239597579
1456467456415858694
1456410276874629125
1456440526572384257
1456409853044281345
1456386288836231179
1456258852916105221
1456230754594082819
1456213277206220803
1456179187664887815
1456133250720563207
1456501969124659203
1456501967446892554
1456254824199032850
1456184806719438852
1456155814452924418
1456224602007347203
1456492410184159234
1456158485201162240
1456155864839098370
1456155843578273792
1456155820085977090
1456425443377041416
1456493456038055938
1456493193634013189
1456492841492877314
1456492639516200960
1456491020355440646
1456489243682000902
1456488636015206402
1456454186015477762
1456424020434325508
1456412661877407745
1456275345385000968
1456197348984459271
1456186125379276803
1456173566290849795
1456155940680454151
1456155880370606083
1456150218328604683
1456498783932469250
1456497103081918465
1456446445402275840
1456268936584957961
1456210465260859396
1456142853059407880
1456125713581371393
1456470453950681092
1456187962509590536
1456445071398629380
1456244412258738177
1456460309280010264
1456452957034061829
1456396088600981512
1456396003880275972
1456433359920369672
1456428212020408322
1456437212468297734
1456507137484410880
1456507009042247684
1456430046193729536
1456428072408813569
1456397749822189591
1456396484979544065
1456395561876135939
1456394977877970945
1456394478265114626
1456394333079302147
1456394049405939714
1456393917130149892
1456149604106309633
1456149484342165506
1456149355048562696
1456142372710977541
1456486625563721729
1456468229832859662
1456456362653745153
1456440282048712706
1456426105766694912
1456421009200869376
1456419604062900263
1456411879652298766
1456396073367314434
1456300220753453058
1456257982333788167
1456244892024270858
1456222465168793600
1456203836612235267
1456196073517576208
1456185027063005190
1456155083301740547
1456146814210490369
1456146812532768768
1456146810758524930
1456138221453144067
1456128280050814980
1456305022346563586
1456242476071620620
1456213579057623046
1456368218608582666
1456146629736558592
1456303039514435588
1456279028101369865
1456232844863307781
1456190065869086725
1456474992208539649
1456428720172847107
1456127085886377990
1456498108251082752
1456491987834523648
1456465406223286273
1456445112804790275
1456437151390855171
1456334910982029313
1456332923611746304
1456268042283798536
1456250390953935003
1456245501825720326
1456214001302401025
1456213303265353735
1456203336907120647
1456192882826625035
1456159393959972870
1455885948059746304
1456476763236667398
1456446448950661124
1456440633631993866
1456449420170461186
1456463836584628226
1456282116849762304
1456478815698313219
1456443286604824581
1456281085189390346
1456152046432784384
1456493202387525632
1456461824056979456
1456168604928413699
1456167244757536777
1456131395311390728
1456443724842496003
1456202589054255111
1456178286589988867
1456125434207170560
1456030189188702216
1456151985963470855
1456472407745523713
1456476202953101318
1456470957996982276
1456449202884472833
1456429585583673348
1456422919857262594
1456417741414436871
1456416107288412162
1456295510101217281
1456270384064438274
1456270352804302850
1456248696526409739
1456244782582231045
1456238682235494409
1456209067383296002
1456201385062457349
1456177302815973378
1456152629403217923
1456129791816454156
1456125626977374211
1456493996428070924
1456444627184095235
1456426897680732164
1456417972864520214
1456281729916751880
1456201760192692224
1456145075394596865
1456140456954191872
1456134532604698634
1456140418983284736
1456245658227142657
1456245309844045828
1456398600431288323
1456191769226321924
1456498513294991365
1456480151181545480
1456431637042851843
1456291527735463937
1456267445568561164
1456206830896484354
1456158034669961220
1456152222820024320
1456150841195257857
1456417170108289041
1456268962195410946
1456428230546649088
1456232031826763776
1456197400054296582
1456126441876119559
1456461440567578624
1456271627365191702
1456510949314088965
1456502505580339200
1456488062469357571
1456487666556436486
1456468200091111427
1456466862175252480
1456440863106551811
1456428328601014273
1456416768973443112
1456410394512146435
1456283429285163014
1456282465392160776
1456274063375011859
1456242176766009349
1456238023557877760
1456237823577583616
1456231140709203971
1456223907451588611
1456208868564897811
1456201799392587777
1456188732495654921
1456186007506669573
1456173233242136586
1456411559685758977
1456270357673828373
1456265742970589186
1456263295720038406
1456233905720217602
1456232474468442119
1456187661513674761
1456146915083444227
1456253779972530187
1456226229229477889
1456127451336110080
1456468815299047431
1456506998313275392
1456407915858857990
1456290490802786312
1456285370610438147
1456236850322948097
1456233003923869696
1456161311780483078
1456137357179097090
1456471697805103112
1456445365805142021
1456431854576300037
1456336666990366724
1456288852763504642
1456250973551095811
1456184824419405829
1456486434613850122
1456484932272807936
1456484230502838274
1456463238036549641
1456457624300376066
1456454949018107905
1456452530129367045
1456437450318901253
1456429387771891718
1456310817331220485
1456285738538991621
1456273136026931212
1456272395082211335
1456270879441047568
1456270789955649545
1456248498601353222
1456243260045737984
1456234482680270857
1456231559816572931
1456230595395162113
1456230286778195975
1456228038983647236
1456221021816582149
1456219615999135747
1456164467306233864
1456497497208025089
1456488307039236101
1456485376093208578
1456455171991490561
1456424270498729996
1456413124932759554
1456309328739176456
1456275028664733715
1456273400620412936
1456175677363802117
1456448190475948032
1456245384087425024
1456440101316161538
1456214229329928193
1456477021127659520
1456474939104563203
1456351111032496128
1456250627588304903
1456245128633389059
1456242426369167360
1456166499614330882
1456420412401750037
1456246570316226562
1456151496240746499
1456473531525464067
1456447297747755010
1456483586022854657
1456453780963147779
1456411238800396305
1456404023393730565
1456245243666264071
1456180510670000135
1456165845999054856
1456158430356328455
1456129265250885638
1456128820348555277
1456275414729461760
1456237017038082052
1456270744933920773
1456158682027155469
1456246034326192129
1456176066817449984
1456447280433676291
1456515528109932544
1456493954677940225
1456475787222126595
1456469741980184577
1456453586452312064
1456452894681489412
1456440755682086912
1456439744045400067
1456221661376565254
1456210369525944328
1456193897965572099
