1455381444361015300
1455379392029360132
1455376285618876420
1455375842595336203
1455375551489667073
1455372573517221894
1455371712049070080
1455369417395777539
1455365810675871745
1455356911784652805
1455355711639019528
1455355578155343876
1455355457355202564
1455355083311353858
1455350876760002563
1455349630632300545
1455347995747053570
1455344383985782784
1455343518914793473
1455340392799514629
1455339491489550338
1455338854005760001
1455338831448666113
1455338587193438210
1455337885566074880
1455337880411258881
1455337185415086080
1455333085428338688
1455332420266299394
1455322565916835840
1455311773813264384
1455309079958605827
1455308135699124225
1455270196893995010
1455241431862243330
1455240465532395521
1455227233979695107
1455226067552141312
1455211539875594240
1455211288682917890
1455210280498073601
1455205591857598472
1455193876025593856
1455189792237318153
1455182708003381249
1455181160267481097
1455179188713840646
1455175749569183744
1455173374599045124
1455170586573828101
1455170234231427073
1455167909706092544
1455167303662792709
1455166986946678787
1455166820449546244
1455163760167964680
1455162192249057287
1455159236632084487
1455154884710334465
1455153974164606986
1455151540499410944
1455151139498840072
1455148385883734027
1455147851089002497
1455142474733682688
1455138381705273357
1455137983447789570
1455136546265329670
1455133804259987457
1455133062317031425
1455132439274090496
1455127260894171139
1455124022291677189
1455120725518413831
1455119342845054981
1455118844989558788
1455114730767486977
1455114201513414659
1455113490012663814
1455112161793953794
1455109438117871621
1455106124063989767
1455105881725497345
1455103545246564356
1455102414936178688
1455101672481386499
1455101326191300608
1455098204047872007
1455097952137977858
1455097009631682560
1455095256026791936
1455094233681985538
1455093150037340165
1455087553707610121
1455087400514822148
1455079580792807432
1455076194647371778
1455076137785245699
1455068420609744898
1455062687382007813
1455058621197287425
1455057696059576322
1455057046781378562
1455054995628302338
1455054736906866697
1455054127067635712
1455049646976294916
1455049222202396674
1455044944607936514
1455041029078327298
1455039870376693765
1455038301681774592
1455037572762066949
1455035221099757569
1455031558092431366
1455027337599197187
1455026546838704133
1455025344889589764
1455024971953049605
1455024807880232962
1455024806751989760
1455361126162595841
1455383162138382339
1455381423951470600
1455380738619035651
1455379680933003264
1455378879808430087
1455378196740730889
1455375964599459842
1455372630333218819
1455371903510753294
1455362583804846083
1455362210432176128
1455359229603172352
1455358406101848064
1455357744899317761
1455353401047494661
1455351793085390849
1455351720632930305
1455351711237742602
1455350256112050178
1455348206947110916
1455347018549932035
1455343062452817921
1455342526194323456
1455331195156262914
1455309973521514496
1455308728819851270
1455304876385349637
1455304850267418626
1455302805644668928
1455245761818492929
1455233107498573832
1455216316520886277
1455205541756604420
1455201692207632384
1455194943702507531
1455190768772009984
1455179463625297922
1455169224058408960
1455166546045640704
1455165437797298183
1455158877951983621
1455146942942437376
1455139931110715400
1455130305128402947
1455128679328075776
1455122286898384898
1455121166566248448
1455117721440382982
1455109889412386820
1455109748202766343
1455108189133754370
1455085783090536451
1455081174116806664
1455074923970445314
1455071538244296707
1455067566855106561
1455057465955942404
1455048285513674752
1455047632397557761
1455040980592201730
1455039614096338945
1455036737382535173
1455034786863476736
1455032942560829444
1455031278647001091
1455029758140448772
1455022839384342530
1455022586543280131
1455204799054422016
1455369324399669252
1455353917043208199
1455353474737127429
1455318467981168640
1455307538224746500
1455175014106361860
1455172475738750979
1455048121445093381
1455188643002269702
1455104103382601728
1455095353636651012
1455038405268557827
1455379507762839554
1455366182773530624
1455357381391515649
1455354025436610561
1455345406217363462
1455332439518171150
1455331379541995521
1455326645565284353
1455326034602049537
1455293105473679362
1455207850813190149
1455167648673636355
1455143603378929666
1455124923957997574
1455123835229900802
1455114894408302595
1455114718574624780
1455114473732120583
1455101253294247936
1455095904264876035
1455094794644963329
1455093415041855492
1455092810495918080
1455091540628443139
1455085954159427585
1455085085099651074
1455085081995857927
1455078716896206857
1455076301228830724
1455075571629580293
1455075232327233552
1455074442707677185
1455073622473814016
1455073467020177411
1455072432549613568
1455065776277258251
1455060462245011456
1455060300428767234
1455059391829315586
1455058992644820998
1455058191604064256
1455057163928444928
1455046079704035329
1455039070631911426
1455038796777414659
1455038332614840325
1455037648813182984
1455036882761486340
1455035633966063618
1455033852955561987
1455032871912017924
1455031784559702022
1455029608923820032
1455028969477181440
1455028091714113540
1455383539768168448
1455381515454476288
1455372002609487881
1455371639630143491
1455371220732588033
1455370345603473413
1455369084414083076
1455363107899904008
1455362328262688768
1455358566760546309
1455357959836291073
1455350105221988353
1455349913923964930
1455349909696118784
1455349900485349377
1455349897746550789
1455348096641105922
1455347688849948675
1455347351757877253
1455346765884903424
1455346764005863424
1455343210167898112
1455343034351058949
1455343005993369603
1455342946400673794
1455342645203636227
1455342244030914561
1455339705361334273
1455339189164118019
1455339137351897089
1455339121799356417
1455338620357943305
1455337771287990279
1455336512283885573
1455335245742415876
1455335238599512065
1455334648209285121
1455333588589682690
1455332630069530626
1455332440830988291
1455331382088003586
1455330724236517376
1455329245769592832
1455327013972025347
1455326851795075076
1455318576752050176
1455316913093967874
1455309745175236610
1455309734299377665
1455309186779152385
1455308920306618370
1455301060340314112
1455300090105454596
1455295635855347712
1455293113551839235
1455293103795933191
1455293100671180806
1455254851990994945
1455216613800636418
1455214622294773774
1455213707705741314
1455204051964940290
1455203569984888832
1455198688838512645
1455195622525452292
1455191870062006274
1455190982480125961
1455190818193489922
1455182379862032386
1455180543004348419
1455179335271333894
1455179222515740674
1455178677369532425
1455177775015362561
1455176323798736896
1455173609991770119
1455167638162735104
1455164842575237129
1455162383131820034
1455159553469792263
1455159209616547840
1455158531024318464
1455155709490831361
1455153048251076608
1455150397220220933
1455150311572709378
1455129858246262789
1455128396216692739
1455126314424287232
1455119461699051520
1455119013768355851
1455118161007689736
1455116071627755528
1455115627778043906
1455115598619283463
1455111373919162369
1455109861335830536
1455106897506308098
1455106168179757056
1455105880614076421
1455105654805262338
1455105375938613250
1455104915823480838
1455104402314903552
1455103583586709507
1455102748127420420
1455102421772894208
1455096577601650690
1455096228421668864
1455095357264711682
1455094693369298948
1455094657235361795
1455090739512180736
1455088986003705858
1455088055241428992
1455085749074857984
1455085588055347201
1455080226690453505
1455079920023924736
1455079904312119297
1455079808795168780
1455079200524701697
1455078860697993216
1455078723330269184
1455077943558873090
1455077575894519813
1455074804478791681
1455074801333137412
1455073452809805824
1455073095501320194
1455072023181332480
1455071545685004294
1455070228254130178
1455069974725201922
1455068334987231237
1455365686818054149
1455363046214307843
1455321747662589955
1455311771103752193
1455308801368748033
1455241235979927552
1455202619555680261
1455179802323742726
1455170265759944706
1455161315249426435
1455158116685795330
1455135713553313796
1455119354740109317
1455098676481724417
1455084946804994053
1455070427475165187
1455052530329608195
1455052099008483328
1455383118274183175
1455377698143064064
1455375772621754371
1455370231249981446
1455368608612294660
1455366907486367744
1455366765899251712
1455366282488864770
1455364489457520646
1455363431574347785
1455362285203955719
1455359591626072064
1455355036578377729
1455349427997081603
1455348953856106502
1455348366209024004
1455335642158616577
1455335242378539018
1455204902578262020
1455197694041808901
1455186129460682762
1455176526794690562
1455176289753600006
1455175708192346112
1455160123043708928
1455101053515571201
1455099891311472660
1455084281257152519
1455074475658018818
1455066624764125190
1455065630047031296
1455057972057444353
1455050794428862464
1455046677207781385
1455043464249307136
1455041910410596353
1455034753564831745
1455027328782790661
1455027205235298304
1455384173254873089
1455382213634117635
1455381901875630083
1455381620278501381
1455381439122341891
1455380518434861056
1455377888845438983
1455376616335446020
1455376424089628674
1455375176946778116
1455374876534050816
1455374155516416000
1455373727454179331
1455372711346069508
1455372358315745284
1455371585548963842
1455370545860595713
1455370356923961345
1455370285184475140
1455368839378583554
1455366727584280576
1455362696379961344
1455361984988270593
1455361517889757193
1455361273068089345
1455361234144935937
1455359312889454592
1455358440612663296
1455357265343508481
1455356345176113153
1455356002627252226
1455354990000676864
1455354702795661317
1455354546016989184
1455354268840460288
1455351074324242438
1455350977452601347
1455350870204313605
1455350337271861248
1455349615536979968
1455348039107837953
1455344215097950209
1455343163158118401
1455342667349381120
1455341383682695168
1455338875442712577
1455338870581702661
1455336979571228672
1455335248347078657
1455332417795805184
1455331706748080131
1455331579992035333
1455330940218068992
1455330553528406017
1455329795542110209
1455328556112773126
1455328235365961731
1455325887348371456
1455324917331726339
1455321702917836800
1455321020311560193
1455320007412367362
1455319644584087552
1455317490502971398
1455317257802891266
1455312963972198400
1455311954155737090
1455311701167861764
1455311673707806723
1455309692339560452
1455309231737872384
1455308790685966342
1455305176659611648
1455293660799676419
1455288516447854595
1455220668853784576
1455219651881811973
1455218934580346880
1455215557783994377
1455212938487156736
1455209045975920644
1455204036085354498
1455198498886803456
1455196314472357891
1455194932797267969
1455193978542837762
1455192583970324480
1455189663740620806
1455189463844282368
1455188830730944517
1455187940347285508
1455184134855270407
1455182839574515720
1455181604737871876
1455181583405617155
1455179863015313409
1455179837660827660
1455179367441518592
1455179328254210054
1455178981309706249
1455178833653428239
1455178774023077890
1455178523203694593
1455176415066791943
1455174637873074184
1455174060065710086
1455171882177552392
1455170118212722693
1455168770658344960
1455167204496842755
1455165786788491264
1455163059874324485
1455371206996250625
1455365954570002437
1455365901562224640
1455364835470835715
1455363914594598914
1455363882407514115
1455363780087463942
1455363717323919366
1455363640735850500
1455363601741406210
1455363551862738944
1455363420979548163
1455360495616102402
1455356539410124800
1455352291054084097
1455351888715542528
1455351366512091148
1455340381348925444
1455338521191870469
1455337768704307201
1455336394297987072
1455336159031152640
1455334856682967042
1455325887159697412
1455324978476306434
1455237925080219648
1455212632475111427
1455209387924987907
1455201935749890049
1455197078196346886
1455194988338290695
1455192055479554049
1455191357228666882
1455184037425811456
1455179792018403332
1455172376505708544
1455171782478946313
1455169171101155330
1455165860117499906
1455153579094724609
1455150200176054275
1455137172445536261
1455136584722907138
1455135347378057219
1455124314634670086
1455118403623014401
1455116318995222529
1455112878797692930
1455107372561547266
1455106908193316865
1455106467208437760
1455101013556273152
1455095662509395968
1455095520733499396
1455095035305680897
1455094672913625098
1455089897929261059
1455082548145451015
1455080680690384897
1455077120082726919
1455077112021323776
1455077102626041863
1455077093906137095
1455076327963316233
1455072306280108039
1455072175216418820
1455062036669362184
1455054893815762948
1455054601107898371
1455053237019500544
1455052896450400258
1455051676344193028
1455049969270804488
1455041591383453696
1455041114268786689
1455037909296316423
1455034061504737281
1455031468380459010
1455028539577700353
1455028536985542657
1455024863614160896
1455384438724915201
1455378674212130821
1455369333949882368
1455362324223565825
1455352287723884544
1455350756454780929
1455348484723265538
1455344272824168449
1455336426422239236
1455335356342038532
1455296770267770884
1455224401901678594
1455197714728116231
1455195562500714500
1455165598548197377
1455147696621195265
1455143178009395202
1455136311300399109
1455128111226384385
1455118835858563081
1455100860120268803
1455096331471495168
1455063644627111937
1455059464562765825
1455050412994678786
1455045017752330246
1455040881690431488
1455031062082428928
1455029865015513095
1455177205550501890
1455121473295699968
1455054867894923264
1455199681777078272
1455143228219355136
1455213667230765060
1455197081698652166
1455135675158650892
1455085076295806977
1455078523391987720
1455068503061327875
1453409248747024389
1455352977452003333
1455165265071595521
1455148566800834571
1455135372665446405
1455029129049350147
1455028446032134150
1455323188116836355
1455333850423324675
1455377862903549956
1455364637327724549
1455129718022291459
1455335868252639232
1455321648404393988
1455097325852905472
1455310851364167681
1455060877690880001
1455216962573770753
1455381232171110401
1455367849002872840
1455360228434735106
1455211464860442625
1455147759997112326
1455138172124340229
1455123285235011590
1455092732884492293
1455055674472210434
1455048500673081344
1455285414818844673
1455202652363444231
1455167167754915841
1455163100101963779
1455147895468937222
1455048766973616134
1455104547408338950
1455361225441755137
1455352447224848386
1455213344583913472
1455202626312626183
1455161881090351106
1455105811265441798
1455034244930043910
1455353412015456258
1455346409306157062
1455190699603726337
1455164058492039173
1455128786563854352
1455108212886097928
1455063393417658373
1455354745858625536
1455343473540829184
1455132415697960960
1455129412370796544
1455117792525504513
1455111371012460544
1455085991107051520
1455156881886875649
1455358265072648195
1455334169647611905
1455260885555974144
1455191466150531075
1455119467277549568
1455090664304099328
1455087399810129921
1455085944508350465
1455085429976276998
1455187570732589056
1455132336903753735
1455372272122748929
1455345156912082945
1455337388289368065
1455185881732501510
1455087483062919170
1455064931691220995
1455113265776771072
1455314993339981832
1455169108756992009
1455158355907858435
1455155061911220231
1455088489804886021
1455087154158133248
1455085106587049993
1455063235548225538
1455055198783639556
1455039814437249024
1455211922182184960
1455192955224944644
1455364451830415361
1455324840341114884
1455170779008561155
1455169603194163203
1455115795273433088
1455114986406047748
1455114542363541504
1455110558148009988
1455109991153631234
1455072293667827713
1455032685349408769
1455353027628462082
1455215623919726595
1455194745609674752
1455189430600232971
1455167940274180100
1455140853286981637
1455119010761089026
1455363419712811014
1455346969564495876
1455356763230769156
1455032211380469766
1455367108850642948
1455367084913815558
1455365310995779588
1455364812188241923
1455364754482941954
1455364698287665154
1455363787830222849
1455362994645258242
1455109723292790788
1455092764337598472
1455078851260813314
1455069284829331456
1455068971116290051
1455067898410508291
1455055361828818951
1455045801546170368
1455034478179487747
1455033846957699076
1455094803474132992
1455037330272571396
1455366468363689985
1455366407042920452
1455366287106838533
1455179300412420105
1455381745390350344
1455366344946319363
1455363340306243590
1455230329246019585
1455200479084892165
1455168059379912708
1455109414910758912
1455109405746237441
1455109401350533129
1455108748465213445
1455083378215063555
1455079352576581637
1455057135771873280
1455044640025964546
1455085678610436097
1455085676181872644
1455333061592158218
1455330819183050752
1455299942705098757
1455212523901231104
1455207993125978114
1455170101590716422
1455169710631178247
1455169698618740738
1455168886525943809
1455168884080734213
1455168878686793733
1455168876363141122
1455166878360293376
1455166874807767043
1455165913301336075
1455148808812175364
1455069427716612098
1455039250806685699
1455372100697481219
1455176132316131331
1455383657665863690
1455296388380520449
1455061043063840768
1455322535566864391
1455171177366704144
1455168881702539270
1455078821237977089
1455054082750619648
1455035583646998534
1455319833684238336
1455121105430085639
1455343719503187969
1455388764549746692
1455387152557117442
1455374244322414600
1455374231294861316
1455338021755109378
1455295969671610373
1455295512421171202
1455259371512893441
1455183543831707648
1455175573119012865
1455174397593993218
1455174362349244423
1455174165695123457
1455169765945741318
1455168988120453122
1455166963383111681
1455166884282699788
1455155623973195776
1455146402686779394
1455126294497169410
1455117003404972037
1455104831060807683
1455099104875319298
1455072068639154179
1455069200343465988
1455059530249760769
1455029673285414912
1455145276272898053
1455134458181423106
1455131286104797184
1455120947938152449
1455072790642446337
1455056596627693571
1455032473260228613
1455386858708299780
1455386151376723970
1455295695812907013
1455186304493182980
1455355400828571648
1455326805779386368
1455060813249609733
1455320552910950407
1455200426660302851
1455106155181608963
1455087531410669570
1455377913876922374
1455187148357865474
1455166454823677953
1455159847092056065
1455097894218788867
1455222284843577346
1455189317626712064
1455170506420744195
1455167659662667780
1455112842017837057
1455048708123361281
1455219864663048192
1455068483461468163
1455357724305231877
1455357614070452225
1455134324441845761
1455120449302454275
1455108351608561669
1455099393950945280
1455099086298771461
1455075030954651659
1455071207242485764
1455375948036009985
1455331618554449927
1455324891448700930
1455107367004033028
1455060767569416192
1455116173926752256
1455215611886202880
1455366056185237506
1455138311194898435
1455331303725821953
1455109005588643845
1455049113188270080
1455366203619217408
1455174282640707588
1455366326164201473
1455081219020886017
1455366459085885440
1455331208234106885
1455173758046523394
1455172610803728390
1455172610250055684
1455153920699891713
1455153918107795457
1455088328429080578
1455032475621543939
1455330637515161600
1455374668249006086
1455369342472888320
1455367361972740098
1455339011707260930
1455308830628139011
1455200604054196227
1455183269767487490
1455165906301054979
1455157778465452034
1455153560040054794
1455152737448914953
1455145745166700545
1455128227681222661
1455119854441099273
1455118451442262017
1455097385508503557
1455353805898272768
1455332133321408515
1455282159481237514
1455256226103631872
1455254825881333762
1455156364163100675
1455152381541314565
1455117005334343684
1455095841660841985
1455063246566690819
1455220859539492870
1455160478452256777
1455039139112357891
1455394866704355328
1455359724501667840
1455330253589516290
1455216438562541569
1455177639333797890
1455165987016175617
1455157298213490692
1455099390201196546
1455099009090031626
1455050057380556804
1455046269458649090
1455384822101078020
1455365086545993733
1455043783117062144
1455391560531546112
1455380381994078209
1455375273403293699
1455349354051477509
1455303620887343105
1455272595088187393
1455237140699389955
1455177315126677508
1455168033526149121
1455129682236489733
1455103514812715008
1455081725470466052
1455077006924664833
1455061956583313412
1455052673233739778
1455358861171331078
1455348687559806978
1455344975315566595
1455221117350596610
1455125745047531527
1455125742048595975
1455125740211490819
1455125677309501444
1455043423090606091
1455042257107623939
1455034492461010946
1455226363556761606
1455072058451247107
1455351113176076289
1455343282364436483
1455127186210312202
1455081132970561540
1455080644468375552
1455297540862083074
1455296985292947457
1455169638745067524
1455162677991329796
1455116033220509698
1455088183104839681
1455088009120870400
1455068152597934087
1455211010738900992
1455210968707833863
1455136763635109893
1455131569086087169
1455176030226845698
1455391089762832392
1455384857261973504
1455383446881124356
1455354240549883908
1455317078852788225
1455155776129880065
1455121983327244288
1455111274560323587
1455110742106009605
1455108364363448322
1455101826114547714
1455089749157289984
1455068425294778375
1455053239284469761
1455051669343858688
1455047767521304577
1455371618876727299
1455207236242837510
1455195026913329153
1455134417664442369
1455090656515293189
1455037361348247556
1455141126654939141
1455091136301727745
1455384270252363782
1455043313782833153
1455393874654875653
1455393095147655170
1455041672853655553
1455388956804009985
1455326677861429252
1455237763347869698
1455237186945568769
1455183982279069697
1455161168847204356
1455154846189846529
1455146697038778370
1455142970412322821
1455138865413505030
1455088093816504320
1455174875396521988
1455153795634118659
1455095790955732992
1455090900816695296
1455062135986221058
1455103405060362241
1455333061860605953
1455168745681260547
1455393769495224321
1455390202554241027
1455384198198415365
1455361991975919616
1455346836516917249
1455341031432486912
1455340938734178307
1455340901337690112
1455330336204681218
1455329211443412994
1455327663707488259
1455321963581169664
1455167805163118600
1455152633375641601
1455150129850163205
1455143958472904709
1455142847976411144
1455132769856540674
1455128203996008450
1455127929344585737
1455123104087166978
1455122766277922822
1455122726906073095
1455122420570853377
1455095888754339846
1455095601796837386
1455090108395233290
1455074671699771397
1455073345934823426
1455062324688027657
1455059576181592068
1455052476697092102
1455039389520699395
1454107721783939081
1455393496529920000
1455249346287464452
1455187100970541061
1455181555131846658
1455176136036548610
1455161995070558215
1455157107829792776
1455055365293346818
1455045966181007362
1455399269343522821
1455113179248267273
1455391596011311107
1455389516441657345
1455359748933505024
1455343783151685633
1455290805061500928
1455227055784828929
1455178875957178378
1455135662957494280
1455115175711830016
1455089360068648966
1455081800926121989
1455079994946883592
1455075880544325638
1455062637771833345
1455054685405077507
1455299821531643907
1455106318662922244
1455074289129033730
1455389161817456641
1455378018847895553
1455377202254598149
1455331730756276231
1455323375551713281
1455313646519656451
1455265559088619524
1455241895001530370
1455220339911192577
1455214638367264771
1455207675730354177
1455200606432333825
1455189505443385351
1455181445291380736
1455179336353341451
1455178407164055557
1455178339254079490
1455154211667079180
1455149012881797124
1455142301177573384
1455140290461794305
1455140134186143745
1455139529841524737
1455137726018179072
1455131277208608769
1455122179062845442
1455105997849063424
1455093573653782534
1455088828687978500
1455075297447985160
1455045494074331136
1455043273219706881
1455040183443755010
1455386975490306053
1455218772113965056
1455211567847395330
1455167639894913038
1455138647183822855
1455132421431627784
1455118726781542401
1455113184449220608
1455087166330003457
1455074970090962948
1455071646629380097
1455064271201603586
1455052900791508995
1455042662675857409
1455378065035509760
1455371710199263236
1455185500063494144
1455181349728391176
1455106243299708930
1455175983443562499
1455373481927974913
1455316491033714688
1455356339006308352
1455116597899587591
1455187077599879169
1455138375439040517
1455335496561823744
1455064988964384774
1455319661470359555
1455171095867256832
1455374899497689089
1455374337188507650
1455373766188408837
1455373517994737669
1455334018820366337
1455360853138567169
1455192821963444228
1455144838462984197
