1462992598952407045
1462992089130622976
1462990532901158919
1462988034861723649
1462979411511238661
1462978017274200069
1462977846310174720
1462977600951701508
1462977240749121541
1462977041263853576
1462976090314399750
1462976020596748289
1462973952200830978
1462972348164833283
1462970990376337408
1462968879651569665
1462968852875075589
1462963727209172998
1462962712514760705
1462962442938376198
1462962138029322240
1462961299478888448
1462958542290231296
1462958487122497538
1462957408351764488
1462953868187164673
1462952123365134344
1462951838534172672
1462951044502020096
1462950267859603459
1462950169683521538
1462949648302161927
1462949183501979650
1462948954077900802
1462947963550900227
1462946236110016512
1462929425196982279
1462927691531755521
1462923250254573571
1462921767123447810
1462921721044824066
1462921616636071940
1462920627363336195
1462918019428933646
1462884680550735882
1462857125781073931
1462847183342825477
1462843451695943680
1462827919185571846
1462822348000690176
1462818608241799169
1462816838321008645
1462815234997903364
1462814660307030019
1462809651842469892
1462809293929922567
1462803217423560707
1462800364185419779
1462799700445188099
1462790868016910339
1462786948188160010
1462779989527384066
1462778781332959236
1462777135160958986
1462776555894104072
1462773621093404673
1462773248127488000
1462771031244898305
1462770863200112645
1462770701836771332
1462769806470369285
1462765161001861124
1462764868738510852
1462764793597620225
1462764693961863168
1462764308136218627
1462761749967355911
1462761551740514311
1462760004235116545
1462757641147453449
1462757581001211909
1462754959724662785
1462754666794471449
1462753245391036417
1462746148473475080
1462737577585221633
1462730874013700098
1462726395109392384
1462721910928674820
1462720648099209222
1462714987076628484
1462713358260457472
1462712051403419656
1462705566560636928
1462703447157866503
1462702547295105025
1462701274416046083
1462699501399904262
1462695886388183040
1462692796842713091
1462690072822571012
1462685268209668102
1462684933927817221
1462684774535888902
1462684436508528641
1462682193893883908
1462681914309951490
1462681886807912451
1462680229680271365
1462675344859693058
1462672565646757888
1462671497051344897
1462670663810838535
1462667653454053379
1462667586823360514
1462667158089920512
1462666086369824775
1462664819195015169
1462664640161193989
1462663746849968132
1462663650930425860
1462663593950789632
1462663587537641474
1462663221622370304
1462662604078260226
1462662601054162944
1462657578828120065
1462655204168327168
1462653629379137539
1462648462852255751
1462647954204815361
1462641999165542401
1462641783163088901
1462633897921953794
1462633069735813132
1462990737033752580
1462989702479290374
1462985025884938243
1462977222646456320
1462971858962169858
1462971847218057218
1462968093471219716
1462967840672129029
1462966830314639364
1462965230741254150
1462965227872415748
1462964182014386184
1462963623903444994
1462962407521857549
1462961940712484871
1462958706342043648
1462956322857512965
1462955429315899394
1462955409208188933
1462948811735711745
1462947610415624192
1462945936641073154
1462945112133148676
1462944931366932484
1462944653699784708
1462942338355896322
1462941528125489160
1462934048939073545
1462929718374584324
1462927691720527876
1462925298744315911
1462925197690945538
1462921434582376458
1462918090186919936
1462914915941994499
1462914868764463106
1462905817900802054
1462887439647789060
1462875474338533377
1462855972813164559
1462853603513847809
1462848891984879617
1462844273309544451
1462842459763974151
1462839792077475841
1462837372555571203
1462816114627334146
1462808568466272260
1462803929679347730
1462800040573878272
1462789612208738318
1462788120278044677
1462786908333887488
1462784949388406784
1462783156839321603
1462783002417770505
1462776881950904326
1462770980376526850
1462770731947896833
1462767230169403397
1462766737238102018
1462761980352032773
1462759423827398660
1462759107459530758
1462756829407047686
1462752745581015041
1462752611010957321
1462750270371233794
1462750227442536450
1462748603554820103
1462748318212280322
1462745498528272384
1462744607800791040
1462741649247768576
1462740698122182659
1462737221585276931
1462735615493951488
1462734589890228228
1462730810625167364
1462730290829217793
1462727286088617986
1462727102751404038
1462721072709529610
1462720656810774533
1462719563783553030
1462713412761251846
1462709165583843332
1462709150291415040
1462707463027925000
1462704438473199616
1462703504150122503
1462702505511505923
1462702203064311809
1462702193451028485
1462700472725164037
1462700337454743555
1462699395061714946
1462696992702799872
1462695603192807425
1462692747131985925
1462689679413633032
1462689537969188868
1462689521884024834
1462689519510061057
1462689517165432832
1462689382532481034
1462688521018245122
1462687830803505153
1462685374686261248
1462682245320216576
1462669675720949761
1462666930431557634
1462651548476256261
1462632466238230540
1462601191943065601
1462961789860081666
1462956565443461121
1462950156823764994
1462991712679198725
1462986764763738112
1462983941699211264
1462979958070910986
1462978899952865283
1462976003702079488
1462963705029615620
1462962064423473153
1462959509421260801
1462950333286522884
1462946491308265475
1462940153291309057
1462938307537477632
1462929426753097729
1462911279190863875
1462835449399889924
1462796548912259083
1462792018137018379
1462791125266165762
1462777778072215560
1462770465726894084
1462763814437330947
1462749130279641096
1462746988768677895
1462742439278514177
1462734682471104516
1462714408774168578
1462711353014063106
1462710424055398405
1462692753297616896
1462685562037432326
1462681060710383624
1462648506703761408
1462645459554430979
1462645196475101185
1462638262997032971
1462635992339210246
1461231369015595010
1462987443154534403
1462981199891030030
1462980674021838851
1462962694533750786
1462961303970930689
1462953791607619584
1462949068502491139
1462744990530949123
1462659615196434437
1462653203145658372
1462993720349839364
1462985952624734211
1462983720839774208
1462978653982134277
1462975851805380609
1462968000928092167
1462952790376869890
1462946703502315520
1462943022040027144
1462936441126670340
1462747077704704001
1462738507688919043
1462729028083732482
1462722583766478850
1462718072708419588
1462701662817058816
1462695163143151616
1462692707793518601
1462678208805883906
1462673058720731136
1462659271259271185
1462644466938826757
1462641207041949701
1462639860905218052
1462590007995031558
1462459425717768193
1462429475031846913
1462406412307353601
1462338987041837057
1461959852104687618
1461938887601704960
1461876025139204096
1461872656555253760
1461642436946448386
1461617275631390720
1461309466670874627
1461247284042080257
1461239021867188225
1461208493604552708
1462992730183720964
1462991194493882371
1462990570188537863
1462989674218098692
1462988981071609865
1462988221634138113
1462987704015015938
1462987442043064324
1462983608474509316
1462982321573806080
1462978631379025924
1462976380833091586
1462975849188134921
1462972818795102215
1462972733092876293
1462971681765421059
1462970367421530115
1462966033925300227
1462965778869747717
1462964291322142723
1462963427719081986
1462962449225699331
1462959171595214855
1462954157543854084
1462949503275712515
1462943440128204804
1462938050430832641
1462935315081924609
1462934688473882630
1462932612205277190
1462932198772785153
1462842962753187842
1462817834329784323
1462815202257166344
1462806504784875526
1462798559447687170
1462790807350566924
1462789908855095299
1462787930129256449
1462783044952145930
1462774756260864011
1462772867192406016
1462769729131610115
1462769092180520964
1462768330012430344
1462767167212953608
1462762781870997507
1462760696995663872
1462758518168203266
1462757961416290316
1462752989421060099
1462747100425293828
1462745148597624832
1462744460119339008
1462739192543264772
1462733804959850498
1462731991212695554
1462729550547193856
1462727699487617025
1462726794189156352
1462716994516516865
1462715282800054276
1462709911930818566
1462708918321352706
1462708761659797512
1462706683382145028
1462706554981937152
1462705529579470851
1462701845726445571
1462700770604695552
1462690079495782401
1462689396834983939
1462687119084711938
1462685955245035521
1462685272806608908
1462681069136736260
1462676441464643585
1462675546945437700
1462675392012058624
1462674013138923521
1462670684631437315
1462669093828366351
1462659013552664577
1462633696960278530
1462633566815154177
1462632573461413891
1462603463599136770
1462567244509057024
1462482504384856071
1462993890785390594
1462992422175084548
1462990076640579590
1462988570482774020
1462976281742483456
1462971253250158594
1462761354025005056
1462756261041106944
1462751382692270085
1462740400595103746
1462738553264230404
1462738345616760838
1462737622732730369
1462668752042938372
1462667804826488832
1462637411712700416
1462632383497265152
1462987798521081862
1462986059382288384
1462985952012341257
1462985757849571330
1462985368936992769
1462983978416164866
1462983546717437953
1462982899536388102
1462982048843382785
1462979795701039116
1462971991548252162
1462964170706472962
1462964167854354436
1462964114578231297
1462962261010513922
1462961034356944899
1462957246497783810
1462949022474244102
1462942643231420418
1462939790236479492
1462931964877414400
1462928604610777094
1462928448184221697
1462924249115418636
1462912293004406787
1462904815466401792
1462832992854761474
1462805130290466819
1462793110874845189
1462785141340704770
1462784874113241095
1462784443848937477
1462783411945234434
1462782505791066117
1462780071735803912
1462768783303397389
1462755533929127936
1462750346657206274
1462747402540965888
1462745541796790281
1462741862293278725
1462741424059809795
1462741330207989760
1462734090034049026
1462731133435539456
1462731086425837570
1462730035362603011
1462728865952894978
1462726731463217161
1462726298535546884
1462720897073094659
1462720545351512067
1462720078651084806
1462716588075847681
1462715203859009538
1462703461196206085
1462702440868843522
1462701698699325447
1462695597350088706
1462692757110198274
1462687436299853830
1462686609418035200
1462686358254718977
1462685922894368776
1462685797371441152
1462685142581870592
1462683925080276996
1462683733958402054
1462683591880577026
1462680841696411649
1462676805849022464
1462659384035528707
1462657562726199301
1462656437339885569
1462652801247371265
1462650130515988481
1462638321079701505
1462636683610910729
1462635318071365633
1462632469622976515
1462994316507316226
1462992131149090824
1462992110865424388
1462990982878674945
1462987290146336768
1462986731561512968
1462986412756647941
1462983392899657731
1462982989273460738
1462982578521063426
1462981899857457162
1462981436135260161
1462980606006988801
1462980422527193088
1462975553976160257
1462973793593278465
1462973122793988098
1462972361695662081
1462972254208151552
1462972170632581122
1462971509962522625
1462970989810049027
1462970062239776773
1462969933562740740
1462969816696819717
1462969749290164233
1462967889837936644
1462967889787449345
1462967749316018176
1462967734614986753
1462965576171601920
1462964882165297153
1462963216389079042
1462960745482649600
1462960535629021187
1462957972473090048
1462957447681695744
1462956565992919044
1462956330881191940
1462955780185866240
1462955656692985858
1462954538499928066
1462953635172667393
1462953362928717827
1462951932268453889
1462951588108988420
1462951171048427530
1462950656210182144
1462950198628339712
1462948108606738434
1462948006420877316
1462944102035570693
1462942680866979841
1462941667279859712
1462941624690896896
1462940182512951299
1462938709628579840
1462938709171441672
1462934144044781576
1462932046028763139
1462931742587686913
1462925122684080134
1462924067011391490
1462921091161071626
1462912429508087814
1462911266654142474
1462902147419291648
1462893504846254082
1462890345595736065
1462887089213689860
1462873651448061955
1462873121472479235
1462853955717763073
1462832179256254466
1462830962648092674
1462827427260862469
1462825727200399362
1462823922177507332
1462821278235037703
1462820180245897217
1462813972365643776
1462812970635784194
1462812968270196737
1462812301837234176
1462810738821529607
1462810721872351236
1462808901263319044
1462808215389835269
1462806542730678275
1462805767782866954
1462805178432688131
1462804578408091658
1462798567244849154
1462796681716682754
1462795990214189058
1462794913079201792
1462791728239239172
1462791261329379329
1462789702591791105
1462788255145807876
1462787792753225728
1462787534371450893
1462787086918971394
1462786220375740420
1462785980646129677
1462785794284818432
1462784559515271180
1462784426652233730
1462783268978192386
1462783083380297729
1462781409647489030
1462779200515960834
1462778300649013249
1462777537864421376
1462986295492309002
1462979454536351744
1462977907463131136
1462974959542697986
1462973992139059206
1462968238912860165
1462967074704162817
1462957096547196931
1462939741947531268
1462928029437493249
1462897476378120192
1462874767581761540
1462847782645944320
1462837840044118016
1462834008895623168
1462828186052358147
1462824116361195526
1462806921933574152
1462805645392953345
1462803103841849351
1462792460220829698
1462792303718776842
1462789666847920129
1462787843382648832
1462786671158591497
1462782742366601216
1462782496135794693
1462777764054929412
1462775979026247681
1462775005985402881
1462771450054471680
1462760220124323842
1462753740989992962
1462753390883217412
1462750723259596803
1462748836934291457
1462740933422686209
1462740840837615625
1462740621165309959
1462723491350781955
1462720769134186504
1462715267805421568
1462711210512510977
1462709864656867330
1462703928152236032
1462703852109529094
1462699224114483201
1462692990351253504
1462690804418318338
1462688366458126337
1462685827763376134
1462684083469783043
1462678969430335491
1462674314965127171
1462672827216056324
1462663689706737664
1462662098396139526
1462659226644271107
1462649756635701252
1462642871316598786
1462637340954742799
1462633378478366724
1462994431410257920
1462981523095752705
1462980808868651013
1462967359434416128
1462963625266593797
1462958779373215747
1462947267640389637
1462821095266918401
1462803854806814722
1462777455349952515
1462774242961854474
1462746539655192577
1462745738664824832
1462737122662567940
1462733046449246210
1462725520001421312
1462711261016121348
1462710426823655428
1462707030506893313
1462699883396218881
1462699299087663107
1462698185571254273
1462689042533732352
1462666411663183876
1462651075194855425
1462649966984253442
1462643038824513538
1462636799407243264
1461944683483914244
1462935149285236740
1462751839359680513
1462471335884431360
1462376024423878661
1462317273285214210
1462129929273806848
1461007971589124102
1460915088169189376
1460655767200022530
1460532503517687816
1460518574473109504
1460278769474686979
1462985974841896964
1462969471438503936
1462968932332015622
1462967344024592395
1462947861960691716
1462863610175111168
1462791868899414025
1462689975619624966
1462677941897154564
1462986332217610240
1462982322030985217
1462981026490191876
1462974926097301507
1462967178215448577
1462966272564424707
1462964682898083842
1462955220661522437
1462952930529591301
1462947301459066885
1462945903786954753
1462855182358831105
1462828905589477381
1462821760210857987
1462806191990468611
1462801493967261698
1462792184227262469
1462790391300689923
1462785394437550083
1462777881382191107
1462773847845851143
1462769859549302786
1462762285701550095
1462757384720322565
1462750103580524550
1462746014935252993
1462745665239281669
1462737247933911047
1462701405957881862
1462692712608681984
1462686643672944641
1462682873379516421
1462682737555476481
1462678679377514498
1462673034347626500
1462666936513298435
1462660289145434112
1462659680090537989
1462656462409240580
1462647886697484288
1462638074819584007
1462636731123994624
1462636123763576835
1462634451603791873
1462926060656361473
1462726482648649729
1462681499124125702
1462652628161028099
1462772316253802507
1462770386475442177
1462764908584398849
1462762806936170502
1462738535954272258
1462715340673011719
1462741667677491202
1462816971393671172
1462785410006859785
1462655727525191680
1462654985192108035
1462954397642592258
1462952201324695553
1462943043103834113
1462643731505446919
1462818735182340100
1462705634810290180
1462968810634244096
1462997324158812166
1462996467010850818
1462994360077676556
1462799897577545737
1462733237386563591
1462674297961398277
1462958465094062084
1462956970969763840
1462717680771735555
1462638481553825796
1462834778625830913
1462991388459421696
1462989415458885636
1462985862438785028
1462982057596895234
1462796785487736840
1462780514717208580
1462752035095207940
1462960389763702788
1462937823460220930
1462726234446524418
1462669017626263553
1462638616174202882
1462801815787892739
1462771209964163078
1462767700732637184
1462751617401311236
1462690618929414144
1462678831714615296
1462641539239186433
1462813204015321088
1462776343767126020
1462641169297330178
1462687836973330434
1462985387412901889
1462801565836713985
1462989721022308360
1462970862953328641
1462708090780848134
1462707008730112005
1462682001714995202
1462667285550682116
1462665212318740481
1462657535526146048
1462953218065973257
1462952203883360257
1462951434706505730
1462726306441822209
1462680314388439043
1462680312098394115
1462750510977409027
1462654352091344902
1462722398386487296
1462986602955689987
1462766566626324488
1462983686517780484
1462943217528172549
1462781947692793857
1462751924923494402
1462751920687222787
1462750098652164096
1462739577211211781
1462700616623407108
1462699424073715712
1462909982895063046
1462949098294636545
1462754068040876034
1462748644281491460
1462746373002915845
1462700779970580480
1462922752587800578
1462857686085607427
1462989213620596737
1462987926942273537
1462987618300227593
1462987314343264259
1462987013661990920
1462986315692056584
1462759164384407557
1462712050782650370
1462648093338308611
1462640027561709569
1462991888919580673
1462991886747004933
1462935872760795136
1462770176630267907
1462769324842643457
1462761701099540482
1462705937924321286
1462695072311382016
1462683686642405376
1462939751908925442
1462706336446050304
1462943197479407619
1462690023635968006
1462688622361006092
1462988626044751872
1462982206352068611
1462959777173045251
1462940896022855682
1462777168119812100
1462713158661926919
1462657138216431617
1462637470848204801
1462951908172132354
1462844025786953731
1462745828120875014
1462745814556549124
1462719351971213316
1462716432827904006
1462711874911277056
1462649546731704323
1462998167276830721
1462987355199979526
1462657634381697027
1462787705700438025
1462777471300866049
1462751447905308674
1461944529368469504
1462707736852897799
1462657484833759236
1462971974125174785
1462912528812429315
1462744751040393216
1462735588755312642
1462717154172674054
1462668050390417410
1462650971494912001
1462991806837239809
1462818734276448259
1462785938656935940
1462763272067698690
1462723792485167105
1462675975074979840
1462821681710260228
1462773990460571651
1462752719777632261
1462745040472604674
1462725209778122756
1462775921388056576
1462989349390209024
1462720441806589964
1462715134451744770
1462703489201496064
1462650636667744259
1462964398805245957
1462935127021932549
1462912506435801090
1462871013364879360
1462822424496377856
1462821903521828870
1462786649419497478
1462785946143707146
1462784100725526529
1462773501207584777
1462773304758988802
1462766883782881285
1462763168040554498
1462756211942588421
1462753185102061572
1462721964783460353
1462703155032956932
1462668263792381952
1462934734376366083
1462785623736029187
1462669379884105729
1462370752041156614
1462924592641548289
1462995869997797381
1462955508487262209
1462689618982158338
1462652357284532224
1462930043500331008
1462713567208087552
1462713390128762884
1462713214119002116
1462974742248366086
1462988974192922624
1462927377198026758
1462824958673911811
1462781485488820229
1462771358069264385
1462715292623126529
1462959718318501889
1462945117182988289
1462666406781095942
1462642384982851586
1462748592179859457
1462752360669724675
1462992404248772614
1462971572591890435
1462968196244262912
1462779722308280323
1462699800638361603
1462696575810117638
1462693817220481025
1462996922721992704
1462754482337447937
1462725937112387584
1462673544572145664
1462656228903948290
1462811813846732802
1462684502791131136
1462959543340568579
1462958856393216000
1462931770542751744
1462785770838581254
1462900218039451648
1462940171825868803
1462940171674931200
1462940171012218892
1462931702888628224
1462899945892057088
1462899945556430850
1462899944541409282
1463000391377772555
1462920344239435780
1462802139638427650
1462783458091028488
1462774410281209863
1462739551433023489
1462731480824627201
1462707688786173962
1462677813501124610
1462676640266215430
1462647904175222785
1462972767528124419
1462965398068813824
1462957152046239747
1462885759107612674
1462855913212035072
1462777720333553676
1462716275235299333
1462710854395174916
1462703053329502208
1462700050044186628
1462699705293422595
1462687661051637761
1462723822247821318
1462721983091597315
1462982406130921475
1462980699963625476
1462662698303324160
1462896880422031360
1462801669272391691
1462723194507255810
1462722479256784898
1462679101290934275
1462677621913882625
1462664859393216519
1462945377313693700
1462992747976134663
1462709040354521088
1462700903119527939
1462652873548857350
1462996392880721921
1462990120148078592
1462975720536248326
1462975279060586501
1462920611504680962
1462883599921946624
1462828245339054081
1462827390216847361
1462783305569353728
1462753976093319174
1462730320185212929
1462710058559557635
1462677038452645888
1462676104452337665
1462650757275009026
1462812970489053188
1462804805030596609
1462716085413679107
1462731234304356352
1462730919370903555
1462729387648839682
1462729017291722753
1462728649560379400
1462727209425141762
1462727034526846979
1462726859922178054
1462719662181928967
1462699300236890115
1462992023141580802
1462990977509982209
1462990659841773568
1462990163915640834
1462916521554898950
1462776838304927750
1462759184986902535
1462996333329981444
1462970756954923014
1462991564825784322
1462925676839796738
1462922781033566208
1462751002163961859
1462741968174215169
1462699453266075648
1462955788939325441
1462974975141285892
1462957070534152192
1463002970828656651
1463002922405429254
1462997383856353280
1462967583166984196
1462957542905036806
1462924862201102340
1462914213068742658
1462837468504330242
1462815068790222853
1462776126871425026
1462754476381466628
1462751610925322248
1462748321353592832
1462739352191078408
1462719888770797573
1462701241415307267
1462701085018099714
1462989117902393345
1462995709083459589
1462981889967362053
1462973374972399617
1462972790055657474
1462950958246207494
1462948487994114050
1462857260560896000
1462851973514891264
1462819945453015046
1462788926293176320
1462779547649150979
1463006156490567683
1463005526250246146
1462999549329305605
1462983144341065730
1462943439100600323
1462942607370186752
1462798092827168777
1462789837723881476
1463005602855018496
1462966840716496898
1462794568974299146
1462791538602221569
1463006458971246592
1462967956409708550
1462942601389039618
1462918217194606594
1462818212077182981
1462789892409151493
1462774174535995405
1462743976939692032
1462741206304100354
1462734572588654592
1462705135499440131
1462671220273336320
1462664159485517824
1463002407277760512
1462998607083098119
1462959245138153476
1462951831248654337
1462808178467348485
1462788905078431744
1462770158133387264
1462686131275792386
1462660575457021960
1462651721998483461
1462982167412150279
1462703285027016713
1462900245004644352
1462725378368180228
1462723447277047809
1462998679778824192
1462993064457244672
1462986986122203145
1462982678584590339
1462979281642930177
1462978157204566017
1462971169703751680
1462956590655365123
1462954694230220804
1462950467567173632
1462937291219890182
1462928212359450624
1462927991411920899
1462855837462896646
1462837939847655424
1462818813469069312
1462818262954037248
1462817366652297219
1462814183544688642
1462790048600920065
1462783560910213122
1462776203417296903
1462771480442277893
1462769323018125315
1462763759403896834
1462751673776963592
1462751589282697217
1462717235881922561
1462702136194596866
1462699507376787456
1462696151379968007
1462688616220528640
1462663001610149889
1462943544738562048
1462935173419257859
1462932410614444035
1462832853650001920
1462826694360776707
1462808236789157892
1462806907530268679
1462708144379817985
1462702531495092231
1462666932579024898
1462659369116397572
1462748851970789381
1462745644842508296
1462677226244042758
1463003833861169157
1462986319588515846
1462982571273293824
1462970310152445956
1462963162152517634
1462958566101295109
1462940284589776901
1462926245138554886
1462855176713297925
1462842588533121030
1462820037631234052
1462814769438760973
1462810585309990916
1462754470962606086
1462750135994273800
1462727893222518792
1462717196807794690
1462702150933352450
1462701241998270465
1462689569737003014
1462962205591158784
1462955793456648194
1462944083052138500
1462758171634647049
1462702475157274626
1462699965981999107
1463006005424394250
1462986731934867456
1462972957454573571
1462959606112473094
1462954149188759552
1462951180212965380
1462946044258381830
1462905629547192324
1462896775254077447
1462818664193794048
1462818042807607299
1462802004095664128
1462794154379935745
1462787685945208843
1462787563492544514
1462783388381712393
1462764648021770244
1462759566412640261
1462756379844698123
1462755446574522374
1462749381308809216
1462745381549211648
1462733563342716929
1462733472183689222
1462728226057465858
1462711552210096134
1462702495092789248
1462701798486073349
1462694555933818880
1462691031531462656
1462688223868579844
1462649823702577154
1462998030202769409
1462815332469338112
1462797672687882242
1462787957773922309
1462772630411366410
1462772623868370945
1462760287493246978
1462709612805689344
1462707477028519941
1462979492125675521
1462814973852205059
1462798998977220611
1462785416134742016
1462780779746902024
1463002839995740160
1462922369983397890
1462834393634906118
1462830280469737472
1462786121830580226
1462784491265667077
1462773465648283652
1462737852286914560
1462687948080517121
1462670534492266497
1462982698964709377
1462766478273355776
1462936892278673418
1462760789362688005
1462963051229945858
1462941170309292034
1462922562392887297
1462904652735782913
1462801063157723141
1462792653381115909
1462792328012124162
1462789519170670601
1462786452102598656
1462783730943070210
1462782854782275588
1462778118884626440
1462777758786863105
1462776601347694601
1462776385986957316
1462776180046655491
1462776039101272074
1462775195194716162
1462774992483979268
1462774632541343753
1462773506244890626
1462773194742382606
1462772848804524033
1462721117336920064
1462665917330976776
1462660432464789506
1462848368380551172
1462781551167508480
1462729940441329668
1462720675005677568
1462758384155852806
1462808359162171392
1462803258120888323
1462683293967523843
