1461320087885926400
1461316554583252998
1461313323895377930
1461312943149121538
1461308884988039171
1461303612080988163
1461301937878409217
1461301786921234435
1461301759964377090
1461300687032111105
1461297650167259145
1461294833264332801
1461294104717905925
1461290928207896580
1461288181496573959
1461284037671096322
1461283413030146051
1461275740914130955
1461273851908608005
1461273713064644613
1461265257771401216
1461263594415263750
1461262443150135304
1461260172127444998
1461259744870473728
1461259671801454597
1461257497721724930
1461255276879769600
1461254065136947207
1461253718452707330
1461250751825539072
1461249949920751619
1461248526323621891
1461247984465690624
1461247976756576260
1461246359210708993
1461243817173028871
1461243311549653000
1461239683929628672
1461238772859768832
1461238354096181248
1461235620697677824
1461233717817450497
1461230891275997185
1461228706379141126
1461228445942251523
1461221050339921921
1461219521331560448
1461219480336363523
1461215399140200448
1461215142381703172
1461212002001383426
1461211102755180548
1461207637966696451
1461203320463192065
1461202489106059277
1461199527327584262
1461198744762867720
1461195555665690627
1461194056189440005
1461190276655972354
1461188692844843008
1461187769925922818
1461187710278934529
1461185200633778177
1461184529633210369
1461183644635041796
1461183434701815815
1461181147832934406
1461180295273598976
1461179463488606213
1461179352209448963
1461170749788471296
1461168285316108293
1461168226142855170
1461167511894855686
1461167497751715846
1461165519898230792
1461164473897537540
1461162695315492869
1461162430776557572
1461160886115000321
1461160393284325377
1461160213675790339
1461158289962672133
1461156810161676290
1461156645061337088
1461156480808148992
1461155950497304577
1461154825844903936
1461147381748035586
1461145508118818822
1461145011878526976
1461144317884465155
1461140894032171011
1461138765619994630
1461137996325945344
1461137065500893188
1461136519909965827
1461133321509896197
1461131784544866304
1461130426525777922
1461127261495521284
1461126217457799168
1461122898840600579
1461116911404478471
1461116686782795778
1461112949687275522
1461112633092759553
1461094669559873536
1461062941508136962
1461042879153934338
1461037052850438144
1461036462304948230
1461010430076219396
1461007086779650049
1461004419647307776
1461003358752284674
1461000930006945797
1460998950819811330
1460998687648141313
1460991639543943170
1460991153491169286
1460990049185505287
1460987409777119233
1460986093512192004
1460983194656796675
1460978359232393218
1460974848985862147
1460969030844436483
1460965127964872704
1460964630268809223
1460960428192792583
1460958230771761155
1460955336869699592
1460954649410752522
1460954353305481218
1460953776873902083
1460953458429755408
1460949193732677635
1460948357648576512
1460947926830632961
1460945834124582913
1460945186029146121
1460945116592410627
1460941172029812737
1460940808073277440
1460940473300922373
1460940462752030723
1460939823666008068
1461218687281557504
1460880786098245633
1461320132878163975
1461319828363382791
1461318334478106626
1461317855836729345
1461316806421876740
1461304306800345096
1461299957881716738
1461289992550895626
1461288142540001286
1461285995588960256
1461280556797202434
1461273698967695363
1461269855441604608
1461264356373512192
1461264146167578624
1461261160037056517
1461260704405549058
1461256540782878721
1461255684985556992
1461254186293608462
1461252838923771906
1461252204237504514
1461251371076763648
1461250785686159365
1461250322257514503
1461247829620322304
1461244853568692227
1461243982864805893
1461242842399981574
1461236626340777985
1461231613858045955
1461228356964270080
1461227074711031808
1461223675235995652
1461223161467392003
1461222626571866114
1461222045102919681
1461221470743322628
1461221416313835525
1461221406067159041
1461221400438403075
1461220714485370891
1461220607257833474
1461218344695001093
1461217342478708741
1461217208475037704
1461216181201747971
1461213802096054275
1461212574955892742
1461207855449747456
1461203645232340993
1461202856271220736
1461199671913709569
1461198732507041793
1461197905289568258
1461197432771940358
1461197430586703873
1461193053847367690
1461192582067675138
1461184640014639107
1461179153063968768
1461177766791966721
1461169233052639232
1461166417709912064
1461165016825032706
1461164478926446592
1461163406107430913
1461161951623618573
1461161079317295109
1461160236400533508
1461157339487031299
1461157043855769603
1461156462302957570
1461155710398386177
1461153967820324869
1461153743005630471
1461152068811378688
1461149271504285697
1461146286019600389
1461146278088167429
1461144534696353792
1461142216127094786
1461141120214175748
1461134353937928201
1461127301190483969
1461121680357482502
1461115879916142597
1461107369405042691
1461105135396999175
1461101340923289602
1461099166759849988
1461097322780127239
1461097118349684740
1461096487555788804
1461037872656617482
1461018168663502853
1461006803626455042
1460995047592464386
1460993246356590598
1460984043374141445
1460967099921141763
1460947179988656128
1460946585362178053
1460945737248743425
1460943446957428736
1460942624655769605
1460942580498063365
1460936071865196547
1460934147405500426
1460930113738928133
1460925912589819907
1460913097409916928
1460910492759695361
1460908234550611969
1460907362403774468
1460906809250693120
1460903741276635137
1460903303202566148
1460902241699651585
1460897002162585602
1460893514657853446
1460892014283612162
1460889729960841216
1460889624239239171
1460888507967172612
1460888186377302016
1460874873551654916
1460872969832603649
1460871269067681792
1460870529586503681
1460869355294662660
1460865878736601090
1460863167064469509
1460859336440221697
1460858874127208451
1460856579595517955
1460856140804210691
1460853999410683909
1460853363877179392
1460851138576539652
1460850189820850178
1460849824282996737
1460848177888649217
1460846988073660417
1460844706741456896
1460841645004320773
1460839393598447616
1460837717084753923
1460837488646242305
1461269463337029632
1461249966345580544
1461230544000360448
1461227676300156929
1461140556373901313
1461140550250229760
1461136444894765058
1461126533985173505
1461112176475664385
1461107897711181832
1460994003462078464
1460986283459690496
1460971150649954309
1460968417037414413
1460950817599483909
1460945842903257088
1460945834539769860
1460944068507176960
1460942834731663361
1460940805166833665
1460940374206148610
1460935345218801664
1460934385243463682
1460932683630977025
1460929755641888770
1460928340265627651
1460928291079131144
1460926026351996931
1460925356882472962
1460924282595254273
1460924191901773825
1460923893468729353
1460923337891139591
1460921708743847938
1460921550446555137
1460920836957741057
1460919948511907848
1460919028449353732
1460919009075875844
1460917488607055876
1460917487055167495
1460916441956294661
1460916440152752133
1460916124049018883
1460915980792520708
1460914078034001920
1460910058162700290
1460909607354781700
1460909338944409601
1460909215074058242
1460908944071675905
1460908089171873794
1460905446785511428
1460905145684742150
1460904050875002884
1460902276013432834
1460885835830546437
1460885719396745219
1460884831601111042
1461317082469974021
1461295113385046026
1461283473033887747
1461256825240649733
1461256087244443654
1461251256198914049
1461247713303879682
1461235247790448641
1461232803895336960
1461219419464503299
1461219184034009088
1461213154784907269
1461211559414296579
1461198322069225476
1461190175699058694
1461182282983612422
1461159116672421891
1461128845646446592
1461008927433244681
1461008925277384710
1461008922291044354
1461003826438107142
1460985528942153736
1460972134759424006
1460967104354553861
1460963799255638019
1460962870787670022
1460951207829069828
1460938460382916617
1460937330638741505
1460936302723878917
1460934338262958081
1460933484583653382
1460919359358988290
1460911649234173954
1460901289672413187
1460893808543948800
1460889463635079168
1460887142025023491
1460882614194085891
1460881166655885312
1460873883368640516
1460861521269981188
1460860441597382658
1460827369762013190
1460826435954823170
1461281179357761542
1461269847216590849
1461265338671112193
1461250455565062146
1461248961268699139
1461226829033865216
1461221622765932544
1461217806934962179
1461196493910540290
1461181428167692291
1461180412118536195
1461180032718540800
1461179788752736256
1461177257087565828
1461175343515979778
1461175312264294402
1461174488469413888
1461162818904813575
1461154886972678145
1461153955384373263
1461144728037052417
1461135624384106496
1461107344981446657
1460972695537864715
1460962340124315652
1460933492389265410
1460930014984097794
1460928643077574656
1460914493697843204
1460882251705569281
1460871310498680833
1460854477339054086
1461311345136005127
1461311311204130816
1461300247599017986
1461290645226541057
1461289562949312513
1461289062917029888
1461285282053902348
1461282536601042944
1461281480122900488
1461275908044587008
1461263735931080707
1461252761907970054
1461231717159772161
1461201511535374336
1461195714134831107
1461191193841131526
1461175016192577540
1461167527510167554
1461155235779334145
1461154449141862405
1461142026305503241
1461138762314883074
1461124543058104320
1461000317831630857
1460982513216618497
1460981202437820416
1460968537984438281
1460945850729840643
1460923504635777028
1460919843314565121
1460919341956878336
1460916125173043201
1460901755496009728
1460898259388403712
1460872371418525701
1460871285437714434
1460853843084808195
1460848547071365122
1460836354779197452
1460821203732500481
1461318304291639297
1461309754915966976
1461294783566004226
1461284032126226435
1461270125273751557
1461269964745175040
1461269693436555266
1461268950705061889
1461266533284413440
1461263960527695873
1461261560928608256
1461255190942601216
1461254905662828546
1461253598306656262
1461247949749436423
1461247670018740225
1461243670250672129
1461243102463553542
1461242228295155717
1461240396835524615
1461238902023344130
1461230549817769990
1461230227305078790
1461229841647169536
1461228885241065484
1461228667112091649
1461228610644168704
1461228548308406274
1461226939985719298
1461226465299603461
1461223070975217664
1461222474830336004
1461221992456097794
1461220962834075651
1461219972307243010
1461216877829492738
1461215579570794502
1461215461702443008
1461212213457260545
1461211316891365380
1461210495252250624
1461199707498106881
1461199502451245057
1461198214321754113
1461195711366631427
1461194732118306816
1461193952904712194
1461191698017501185
1461187928768401408
1461180245910773762
1461178112901730309
1461167628798414854
1461166836305711104
1461157501240430594
1461155950501367808
1461151077223518214
1461150201184460802
1461149446431854596
1461147569820770307
1461146470082486272
1461145827204763655
1461145223250120715
1461145106765914114
1461144625784098817
1461143290451877889
1461141242834685955
1461140560689852421
1461139632016429059
1461135508902322178
1461129526902243332
1461128065103192064
1461125162112196610
1461121737685299202
1461109219403444224
1461107321761722368
1461107298487574529
1461103102732521473
1461073436613111812
1461026118207623171
1461025495202484228
1461024252493062144
1461021778113794050
1461014053099237376
1461009288583778310
1460999667672498181
1460998043608621058
1460987194554810372
1460985572449652741
1460984081341038595
1460982027230928899
1460968867543465986
1460966701747499011
1460963845040603142
1460962010040979458
1460961085821841408
1460945919952650247
1460940790507524103
1460939914745298949
1460939912807546884
1460925699770884097
1460921917481922565
1460921909961396231
1460921385274937346
1460917609449209858
1460916545811410947
1460916278386855943
1460910627724173312
1461308751265157124
1461301590371958791
1461251085046222854
1461249128692785154
1461235234175954945
1461217689716674560
1461192582352961539
1461160667122388992
1461135161215569925
1461130390966472706
1460997171793346569
1460977066266882049
1460968838535659526
1460965320156397572
1460962918720172036
1460955096670359555
1460938918723940358
1460935863773192192
1460933560970276864
1460933492175298564
1460899532993036292
1460878399342215169
1460870974136459265
1460867984759660545
1460861526361788416
1460841853377396738
1460825883657129986
1460823502299090949
1461314298093973509
1461314295493324800
1461313362415939584
1461309645100761100
1461303898895884297
1461300446836842499
1461293080997351429
1461291217782652931
1461288599182184450
1461288472669405184
1461287781125083145
1461284998573481993
1461278459120873473
1461273501722054658
1461261828156100609
1461261192169619465
1461246939693924352
1461234926917849091
1461234378839711749
1461229913927675909
1461224923515342856
1461222991673450496
1461220706717298689
1461198498196443141
1461192677060349954
1461192304417390593
1461185824863580170
1461182980563423233
1461181553237577729
1461177772353589249
1461176211929907201
1461174692887203840
1461173749269495810
1461172249231200258
1461170488609165315
1461168097067372549
1461165494002610181
1461164317164769285
1461157075908628480
1461156704901484548
1461154675361652738
1461149946376167426
1461139400373329931
1461136296571637762
1461121471497920514
1461118568506953730
1461115494312775682
1461113173314920454
1461112195324862470
1461107578574934025
1461107275394084865
1461059619845902336
1461051877471178757
1461019097743851520
1461013332178075649
1460995455081320448
1460985478669234181
1460973635867316233
1460971511678844934
1460969232204587017
1460959799323942914
1460959662505742336
1460955813296496649
1460952174112870401
1460950425599811587
1460945848146092036
1460945268338135044
1460938222146523139
1460937747225403392
1460936794229272576
1461322883628552198
1461321438506455054
1461321232264040452
1461320945260326918
1461320502748725258
1461316395086462976
1461315387878903815
1461315361236606977
1461315275047923715
1461313992811372549
1461313050137358336
1461312619495804935
1461312518748459012
1461311437041590281
1461310310757715968
1461309130480578570
1461307771937177600
1461305001410629634
1461304239871823877
1461304237422301190
1461302679104208906
1461301814159052800
1461297885887164417
1461297725958356993
1461297669201039364
1461297341818761221
1461296418539278342
1461295174059839495
1461294931918524416
1461294187148546049
1461293485252702211
1461292717334433794
1461292141720715265
1461291890674790405
1461290475252379649
1461289865492844547
1461289590577192961
1461289383273762819
1461289346762678273
1461288776861306882
1461288669537443841
1461288514838958081
1461288192947097607
1461288177319165952
1461288096918499337
1461287726003589124
1461286878989242373
1461286821829103617
1461285564729024513
1461285474610270212
1461284847863812098
1461283765863337985
1461282753622667270
1461281658217406469
1461280570000904195
1461280444175945731
1461280187237089281
1461280120556060672
1461279896668303361
1461276616085020673
1461273023051440129
1461272976532246533
1461272949537722370
1461272258018623488
1461272039176609795
1461271014675939329
1461270861638344704
1461270508381491210
1461268868882571266
1461268335702667269
1461267938464477184
1461267052883107840
1461265423580549120
1461264287758893057
1461263720089210883
1461262347134144513
1461260040296304640
1461258181154263045
1461257935460331522
1461256254295363587
1461254899153309699
1461254562468155396
1461253612701585413
1461253304172875781
1461251637142429701
1461251387480629251
1461251369159983105
1461250631969087488
1461250441765814273
1461248219833274368
1461247971928936453
1461247363658522626
1461245418524839938
1461245044929662977
1461244345957240836
1461243984936718336
1461243980868317192
1461243034822070275
1461242904014295047
1461240097668354049
1461238744485228549
1461238104094826497
1461237918945595394
1461236644602732549
1461236631051010048
1461236423349063680
1461235427705192449
1461235212113743874
1461235190307569668
1461235134531780611
1461234897545089025
1461234450633687045
1461234137210097667
1461233611210846214
1461232212834086914
1461230554611949569
1461230214227574785
1461322000035573768
1461315702493564928
1461314819336802307
1461295144137740293
1461294577994792963
1461292395807395842
1461286620066291720
1461279117182078978
1461274877931896837
1461274515405611008
1461271874483089410
1461271496173649921
1461261165191831552
1461261075161108481
1461255902770577408
1461254018831818752
1461254000922161158
1461248967522480131
1461243184864903169
1461242333597351941
1461230890403565572
1461222658771599368
1461216184649412618
1461215250003283968
1461213946073866245
1461206466799407104
1461204074854903814
1461202837719814144
1461201504518299649
1461201153799065606
1461200881211166721
1461193374946398213
1461192991150727170
1461192343076278275
1461188352942632961
1461186682976292864
1461186652739543040
1461186565300883461
1461183863565152257
1461177896039424008
1461177734499999747
1461177431562149891
1461174392554098691
1461168300331700224
1461167463760945155
1461164768543215617
1461164086473871368
1461158903215841284
1461152669913923585
1461151743035654146
1461150996462125059
1461148623094173697
1461147509279977473
1461138688662913031
1461133813191352320
1461126194502389761
1461123450764816391
1461122644804349954
1461120015013318658
1461119158536445957
1461114594689097733
1461110463857446915
1461086408529956869
1461085390635352066
1461062247594307586
1461056590048477185
1461055565472227328
1461026686443659266
1461020973004570630
1461010324866285571
1461007328698793985
1461007120690606083
1461002124674809860
1460979525336981505
1460976540238303238
1460972232046354432
1460959102633275394
1460958715822043140
1460950836557668352
1460948505569087489
1460943219189895168
1460943038700654597
1460943032518262785
1460943015246061569
1460940679274631173
1460935074807894016
1460934856221749248
1460933700099575812
1460932839218692097
1460930611212816386
1460930001507794948
1460924237921734666
1460922026282029058
1460920166917672961
1460920098789548034
1460917259413590019
1460916853635629062
1460916513569796106
1460916394380255232
1460911574663663621
1460909503482761223
1460908632908853251
1460907733201215491
1460906387668537344
1460905669628870658
1460904906273951748
1460903090572255232
1460901029583605766
1460896745651519493
1460894894172479489
1460892641348898819
1460888874876424194
1460888110150008836
1460888024061857800
1460887259029258246
1460886477982748672
1460885963006091267
1460885330773479430
1460883697092149249
1460882525862039554
1460881048703807490
1460880207544340481
1460878718327422977
1460875357486137345
1460875105941090304
1460874649995149316
1460873484490346500
1460872352896454658
1460871274553479169
1460868259025063938
1460865969186738176
1460865785761464326
1460864582080024584
1460864116080328709
1460862984922624001
1460860042811371524
1460858786759938056
1460857635608145921
1460857390094438404
1460857373606629378
1460857351569694726
1461324424381014022
1461323911476355072
1461323071789223943
1461313786657132552
1461297576834076676
1461269677796175876
1461229416294412288
1461221530898030594
1461220135121862656
1461209138118021127
1461193022947745795
1461192197827530753
1461189357004410885
1461184618992848898
1461179791923560450
1461179380273606663
1461176851171184646
1461176612951519232
1461176547600048129
1461162244998254595
1461159773202628609
1461157495578284034
1461153102329880576
1461149872120381444
1461139724068786178
1461130395622129666
1461125802053890049
1461017808003686401
1461015646381113344
1461004248469049357
1460996446639951878
1460993127620038657
1460985938851422209
1460962042127413250
1460952682072473606
1460940333533962240
1460926926013358085
1460918767764967425
1460888771113590786
1460885592762302465
1460874658601832451
1460874499285389316
1460868654145282054
1460862312655441920
1460858371242872836
1460855466083319810
1460851571776909319
1460850484793647107
1460848222574833673
1460847591407558658
1460845919469850627
1460835653847904258
1460830412662444039
1460830292529201155
1460828709640826883
1460826465734324231
1460824244447707137
1460822165150785545
1460822158783827969
1461224313000906756
1460859076850556930
1460849890259468296
1460846759630946312
1461310393364537347
1460979153969188865
1460889226430590981
1460906159339155456
1460855263141851140
1461263129233412098
1461144761440477190
1461143699669209089
1460971275942170631
1460964060573224960
1460934856368537602
1460903755650502660
1460879517786853383
1460877044846190594
1460843588112183297
1460830228951961601
1461324199952150538
1461323658987642880
1461306914633969665
1461295620782759936
1461288795001614339
1461280078814334986
1461277207104344068
1461274512951955456
1461263600983568386
1461260790590148608
1461255313621852161
1461249596366094336
1461242454011572227
1461234907074555906
1461232393918902277
1461209609524285446
1461201181863075840
1461198338758299649
1461192064721321986
1461180816109621250
1461174309032845312
1461158998032281602
1461157772137951235
1461157324198871041
1461140758321254400
1461129527694921734
1461038900042895363
1461017762579369987
1461007077325766658
1460998098700816388
1460996645890322436
1460988037899325441
1460987467398467585
1460986798541135872
1460962033256460288
1460953896403161102
1460949031094415367
1460936296835129345
1460934009169473540
1460933671863545859
1460933670785540100
1460931154408665091
1460928714665914372
1460923959168307201
1460917886600417284
1460912329269202951
1460911769187094531
1460909982958829571
1460900418066649089
1460900092261535752
1460897056055169025
1460888065283559428
1460884271741095936
1460878893561237506
1460872435452899328
1460871280362622981
1460863969049014276
1460863742921433097
1460861127613509633
1460860005888839685
1460857787919912961
1460856950007087106
1460854219188043782
1460852143892561924
1460847442639736835
1460847119862939648
1460844969812316160
1460843421069840386
1460829257358143491
1461318559775158279
1461259280917561348
1461237115648294915
1461223701513342980
1461138367718903809
1461324867408568329
1461311109487415300
1461032397227507713
1461018242311344129
1460853982083960834
1461222364381777923
1461239787369615360
1461202037253685253
1460984631763685377
1460931805708636160
1460824380917751812
1460979924416667651
1460947119741628418
1461304853792059394
1461176763812237316
1461172070922874881
1461006166884958212
1460995759088680960
1460969652994064393
1461273286134796289
1461302046737326082
1461299401322754049
1461280638590349315
1461213478769729548
1461208904700891137
1461205179844288515
1461201417708793858
1461001451333820416
1460949496452452360
1460855837820211201
1461235033302134785
1461182274725199875
1461168049138982918
1461167602378571776
1461167405858648066
1461142714397777920
1461142448881602564
1461132329791852546
1460980079207456774
1460914989850509319
1460840361689956353
1460969381488328705
1461005063585865728
1461322805916569602
1461284842239234052
1460980919133609989
1460958400578142220
1460922003163025411
1461230050339016706
1461191112068976649
1461164714424094728
1460980711763054597
1460941342318620675
1460932500004298753
1460925880352460809
1460908287591813120
1460857139094646785
1461323422873489409
1461308849990762503
1461288069382819840
1461274084491227136
1461242047533252610
1461222912598241281
1461212799216934914
1461137635892600832
1461029494416838658
1461005077838131208
1460977570590060546
1460915933870845958
1460892810966560770
1460887987193929729
1460839884453646339
1461190097349402624
1461170862732705798
1461085476354285570
1460913918839119873
1460863530777792512
1460962167583244293
1461171210801217536
1461015385268895757
1460951259133845504
1460948155818643467
1461321761358860289
1461194578275491843
1461289002846195717
1461262986199244806
1461260321666985984
1461244015223791620
1461212658191851528
1461208553587310596
1461207277638017029
1460991637039976450
1460938999783047171
1460852182136213509
1461317071837413378
1461216677161439234
1461214596346224641
1461213869569830914
1461211688762417160
1461205500016484356
1461204551143280641
1460923151215329280
1460908325067964417
1460883572122808328
1461249182048522241
1461149914537201666
1461144557471485957
1461138978321551361
1460984060625358853
1460923395562897408
1460849460708212737
1460901996987248644
1460848302639882240
1461251410473803781
1461233448543129603
1461192997907795969
1461306079615143941
1461217556182667267
1461210560897318913
1461202164454289410
1461029557574594560
1461018470145945603
1460913862903877637
1460885550903148548
1460850044786003973
1461323213447651329
1460885689935949826
1461210584322433031
1461314731369582596
1461233519032553475
1460847402768732165
1461294465365135363
1461290571742343170
1461284775889494020
1461256182530600965
1461223034090520579
1461175399036043264
1461159939334828037
1461154200151203847
1461147919122268160
1461142821528686592
1461115794398408708
1460900770589466625
1460894272425656323
1460885595496927234
1460857146698973184
1460837007270182917
1460834549449908232
1461238374908321796
1461196390269284360
1461144125303001088
1461264146154987528
1461165282768998401
1460920544895791104
1461325972037242884
1460905448924532736
1461184966042132484
1461236676995416067
1460911533106417664
1461264172218474503
1461237862129553409
1461236846294302720
1461236796184940545
1461207729469464583
1461167769097936896
1461165142155018242
1461149474068201472
1461120321608552451
1461118797729853442
1460971479093288960
1460937386620178434
1460917655678820355
1460872758531743748
1461163625091977222
1461288901645979649
1461285432767893508
1461238238283137024
1461222990901768193
1461212816094875648
1461182886749655044
1461154410529054721
1460965235779457029
1460936096867446789
1460935179720036352
1460910135874777090
1460883600082030592
1460881575600476160
1460832308986925059
1460829703548325890
1460824770510036994
1461322435505000452
1461311521456201741
1461295066266226695
1461276072109084677
1461276057064017923
1461269296529559556
1461269222206541829
1461269130410020865
1461263244169940996
1461248836563705862
1461241823536451587
1461235647868403714
1461235585910132737
1461233557267828739
1461230523204845571
1461198636839161860
1461006239719051268
1460994366583934978
1460955788403306496
1460915095295299584
1460911543273418754
1460911525074374657
1460898315025858564
1460881592360992769
1460872782028312576
1460853646027997190
1461325925602054145
1461321152580653057
1461320744546095112
1461310881833254919
1461310707496996866
1461310411291066373
1461169227067314181
1460882707353780225
1460861140016123909
1460838969214586882
1461276237322600455
1460982816238276611
1460915365349789696
1460903453228617731
1461273499763294220
1461314020502241281
1461293914925633539
1461285582806523912
1461257407158390784
1461247905990201346
1460960344143065088
1460875786559229954
1461318094433837059
1461211592398282753
1461125951769628675
1461122357423079425
1460967524711821316
1460956626777640960
1460861404517339142
1460844236056645632
1461228944171184130
1461184901441544197
1460932175688200197
1460908075083255810
1460883125899182089
1461285013522042884
1460938447519059971
1460923298687053829
1460986662079459335
1460893591031533569
1461210989676822531
1461154163522342920
1460876093943005187
1461279575892115460
1461180868366520325
1461176034322108416
1460990354480517123
1460898925506822144
1460885894961852418
1460877358018097153
1460875654384132102
1461251959105605633
1461151337979146241
1460878080080158722
1461280106190565376
1461196458422538242
1461091046306107392
1461000175246356482
1460917201314091010
1460896467623694336
1460890206790250497
1460855510794522625
1461317597777956865
1461309500632170497
1461305292587556865
1461301116621053952
1461284545219551237
1461237069527855107
1461217497873453058
1461212685987553281
1461131523210547204
1461064632517283842
1461021530603745283
1460997719166971904
1460992305914015746
1460981227356229640
1460958943216238597
1460958190946844679
1460956100195328004
1460950604394622976
1460944426943930377
1460943836868317188
1460937469352759298
1460934438804619264
1460930421907079172
1460927467091152901
1460924543153827849
1460912035500158986
1460891893030535177
1460863321402339334
1461264922071891969
1461227200431022081
1461218395139960834
1461199250906177539
1461196980877606913
1460953321842241542
1460864015953850368
1461186035895791616
1460924838256668677
1460873661900935168
1460895785948631040
1460895411376324609
1460877455049183233
1460903120125382658
1460901935872049155
1461311936683909120
1460844517574074368
1461312860668063746
1461274437609672705
1461267823724949505
1461211939426607110
1461174663480963081
1461166624711475205
1461122598591291394
1461014011747528708
1460985489494736897
1460976843952066560
1460869886582792193
1460867366829453313
1460836093813661697
1460833688443187200
1461263155649081345
1461251970295943170
1461249092533641219
1461244246992773122
1461143214723715075
1461031445225422863
1460916088649125891
1460884687522611202
1460843951309553666
1461061106760175619
1460938761668202500
1460874757121794048
1460962999309504515
1461252324114845699
1461194187647246346
1460974392469426176
1460972383234191360
1460876378266476550
1460842187500171265
1461270855833440256
1461224547793793024
1461144952180666369
1461119708476764164
1461112520060518403
1461008944453746692
1460895226340331520
1460888967318884357
1461324420954263553
1461313468137492482
1461312685438476290
1461265805937569800
1461246908886831104
1461244255217893376
1461239016326459395
1461216287766376448
1461212013850361862
1461201242097549312
1461174874186018819
1461173297148694532
1461171865431339013
1461167341136351233
1461141235393990660
1461111122614833152
1460924368498814976
1460914468032901122
1460899326926852100
1460883319264976901
1460852721980829704
1461195415504650242
1461178638347374592
1461175401561001984
1461141784793284612
1460984539744923648
1460967583906091018
1460902428404957185
1460881056391827460
1460879243060006912
1460879157030576129
1461327208799113218
1461264592122777600
1461001837645942784
1460989005193900037
1460972265823096834
1460956707647934467
1461188680626802690
1460909079614787588
1461329469822550017
1461178368104091650
1461143385247387654
1461132286456320000
1461001921741787144
1460956385798070275
1460912496764592136
1460865417807687683
1461234285558439936
1461143370122682371
1460881914718408706
1461265757577175042
1461265609828671494
1461234853312020480
1461144081619292160
1461143307707301889
1461127501212618754
1461127499476176900
1461127078313541637
1461127021916876805
1460881461448306688
1460906707672977408
1461201762379993094
1461332026108178438
1461290493661233153
1461290490591006720
1461213497354686471
1461167910106271747
1461145607830048773
1461134478466637825
1461108566408904707
1460956017060024323
1460954758097768456
1460925978369089542
1460876589151899653
1460876255427907587
1460867647122280448
1460855131507871748
1461297809307496450
1461290560493264900
1461290536409579521
1461290534635327493
1461290532315930624
1461290526565560320
1461250097463758848
1461138242812592134
1460979336794808330
1460948958235148289
1460929834784223237
1460915238031659014
1460859223361736706
1460823023339012097
1461239751789350915
1460938123550986240
1460931995727384576
1460931806694240260
1461329902112632842
1461267173758754819
1461072132289413121
1461056022475272194
1461309354116739079
1461283361012416513
1461268098774757381
1461061041064796162
1460986227646025732
1460970399777259523
1460839927348817920
1461058431222120451
1461290456831070208
1461233694144749573
1461208758831366150
1460992843732832265
1460992307247792129
1461331918612414468
1461290581917765637
1461290572254040071
1461280839229009920
1461273903750287360
1461251711310336006
1461230945894211586
1461225304257564677
1461210190859014145
1461184828741537796
1461183137120096264
1461153038547099648
1461146721233223684
1461071704877416450
1461017877365014536
1460998695932018690
1460981953021165570
1460972335771521028
1460972287146876935
1460966013059559425
1460948487013486595
1460937908886589450
1460932897515261956
1460895075282477057
1460843179649822720
1460833005899972611
1461298697354940418
1461266233936912389
1461266134917804032
1461189009581830145
1461179109183156226
1461168155951124482
1461141457079730179
1460931476531281925
1461290462405279745
1461153284710752259
1460945377314566149
1461214827624296452
1461324959398043648
1461261663823409152
1461176116161355778
1461118029253595137
1460973786015010821
1460946837184008192
1460928569136148481
1460872904174825472
1460872881672388609
1460872866493186049
1460872843722297345
1460872703917756418
1460872681205624835
1460872673249021956
1460872429459292160
1460872152127721473
1460870892452413440
1460870832008298496
1460870547407990785
1460870459365335046
1460869195420168200
1460865444101771269
1461257957409124359
1461171355517263880
1461152703833264133
1461147108082290693
1461135921340841987
1460949995377467392
1460895446432321538
1460889340083466240
1461219000386392067
1460971418271715329
1460897465389903878
1460895444511297537
1461214129977315332
1460895442648977409
1460895440346386435
1461317984396267520
1461233409393508354
1461208611292528645
1460963142431756291
1460936640906493952
1460896366687707138
1460893665287553033
1461134406207213572
1461280437461188612
1461189068151164931
1460872911930101764
1461124007499948040
1461314142506156040
1461269656979664898
1461267321344106499
1461244225756876802
1461217167001538560
1461210261541429253
1461208607375040514
1461193534862680064
1461189924858695682
1461181988925104131
1461167283729014792
1461143582551674882
1461112648494288900
1461096994970091520
1460978436894167042
1460965949008277509
1460964102486953987
1460954650283151363
1460922504227090436
1460918136404852737
1460906887528939523
1460896462917672961
1460890334611722246
1460889644002779136
1460863505628684291
1460860000385912839
1460849711074603011
1460843391047065601
1461328685634445315
1461326302284173316
1461254732794630151
1461219422387916801
1461204324495740928
1461203202045534209
1461183396986580999
1460982078523068419
1460979194146426880
1460974190404595712
1460920665721442305
1460842689973284864
1460833195755130880
1460889731361751042
1461314442935693318
1461310776170344448
1461309136478507012
1461308870622543875
1461296745908871172
1461277208555646979
1461242052524462083
1461200471243169795
1461187513272324105
1461156243301552137
1461005646896140289
1460992890465763328
1460978700044824578
1460945338886332417
1461326671819067394
1461195829029400580
1461193781785415683
1461178238395318273
1461171956166791172
1461162607146979334
1461152848859697153
1461137470058205187
1461136709836443648
1460845843334852609
1461326017092407297
1461320763433111557
1461257045638664193
1461195338518126598
1461186794309840897
1461186361952653314
1461144717442236421
1461129057618182147
1461096909301551104
1460991893165142021
1460984589220909060
1460979543091548160
1460978537859407886
1460976643585896449
1460944310178750468
1460942187181469699
1460908230951899140
1460904159884963843
1460872492059222018
1460871979121012738
1460863225373728770
1460850865384820737
1460846510162153475
1461253221461094401
1461222408002543616
1461209173614465035
1461189094441197569
1461168608524922883
1461133799740243973
1461129259271933953
1461120581529575425
1461119264501342212
1461036088424689664
1460964014402408454
1460960610787606535
1460918508787666951
1460836030173515782
1459180497410555905
1461311616197087233
1461288730384232457
1461189033590079493
1461162415236603907
1461129273872248837
1461128953205190658
1460875434317340673
1460861299018006530
1461124206544916481
1461302232196870146
1461259334478819333
1460895096895774722
1461333591321767937
1461323095285776384
1461320881922199558
1461317469713272833
1461304931663581184
1461288192280121346
1461287734408986626
1461286865097482240
1461285578708639751
1461264443334004745
1461248690312548352
1461240952345952259
1461233311020244998
1461208706230538242
1461189434154446854
1461188958495252481
1461188467673612291
1461179972500877314
1461178440250380290
1461173935228133378
1461169206469496832
1461156682378006530
1461150762784878593
1461121089195569153
1461101236334305287
1461040863358771200
1461015030636285957
1461011186380513283
1460981938416541699
1460974900714225667
1460973741093965825
1460969576636682244
1460969219961483266
1460964746677481474
1460958545566859266
1460954221126119424
1460953327617798145
1460923800422289409
1460922659747745795
1460915829956964358
1460906782696509440
1460904607933030400
1460893381983227911
1460877909145522183
1460877750621798404
1460877331040374787
1460874091968155649
1460873319104671747
1460860459821645826
1460846113380913155
1461315563276455946
1461258030062788619
1461248294357639172
1461248292684111874
1461242397765951489
1461242347325321217
1461228872049905668
1461221266141106178
1461159105838534656
1461145398958075912
1461117354641793025
1461092526203424768
1461014323313078281
1461012191868436484
1460969474870308869
1460952375271645188
1460892859519971331
1460880425463652352
1460876839732142082
1460850552409968644
1460500017425182723
1460916288973275136
1461159956602707968
1461136581410967555
1461327239962718210
1461326295099265028
1461322568711827456
1461319738437500936
1461287127333806080
1461284747443720195
1461247432692408324
1461143214400819204
1461142219113385991
1461138736670859265
1461133111744294916
1461121096627884032
1461113795380596737
1461112366150471684
1461110620837670913
1461109364152885249
1461107730224381955
1461047298167869448
1461001471001247744
1461000112352677893
1460974816555454479
1460936002164310028
1460929436807696386
1460924260030029827
1460917759991181317
1460898771072524288
1460784752819007488
1461137868680663041
1460941866216554500
1461333125661745152
1461322579130544136
1461295218884427784
1461225229116579841
1461218183763795975
1461180493940936706
1461176957605875715
1461171385552695299
1461166179326644227
1461162913419333635
1461160138492944386
1461139349437775873
1460969834611568644
1460966074510282753
1460962914580373504
1460950713802973188
1460940782697795592
1460929976836845571
1460887537828851713
1460872083710218246
1461335015615254530
1461331678891327495
1461331534690934794
1461326647127248898
1461325588434538500
1461322983281086466
1461322737197072385
1461322688228519939
1461306052272656390
1461302059177631744
1461295863326674953
1461293750487957506
1461286406731436037
1461286323973623815
1461285574942158850
1461285231516950534
1461278295761174539
1461265507223433217
1461265043727728642
1461260102506139655
1461250377571913731
1461248164883668992
1461239822790500353
1461229505897320448
1461229129144090624
1461207336635170818
1461205713871507456
1461200050302832648
1461196393989623810
1461189276431831040
1461184890955837449
1461183246285230085
1461175631639547907
1461172377337827328
1461166954686066689
1461136221967564803
1461135300592214016
1461128547880239104
1461127238816972803
1461121361493966848
1461067333422747657
1461052200424071169
1461032690224873481
1461011479377891350
1461000565568200711
1460997883197595649
1460988190680969216
1460979830799826949
1460979521608318982
1460970170139115525
1460967630257352704
1460965727658123269
1460958787251019781
1460957790969630720
1460935304160821258
1460934816342282241
1460906251047505923
1460899993548726276
1460894828472926208
1460881412601507843
1460876370058248196
1460870772738514947
1460866430249975809
1460866103475798022
1460862070409158664
1460855738352295940
1460855716743286785
1460855653266718720
1460855586875002882
1460846132490235908
1460783933574959110
1461303541381750788
1461281857287307266
1461260948979650569
1461259384634449925
1461259348651347978
1461252817344102402
1461240985275420674
1461224255480233985
1461217734532820993
1461217566479683584
1461217252926279681
1461190354531610628
1461182399048568842
1461165896471175173
1461162216451809281
1461159962210562055
1461143150806781952
1461137362646306816
1460957965679165445
1460934157744308224
1460930546943418372
1460929989302374401
1460929401697148930
1460928586718670848
1460923154520367106
1460879949942849538
1461326644346441730
1460979633382252551
1460878294874689540
1460877312488984580
1460841402707820552
1461321866405195782
1461290415446011912
1461288640198414345
1461285252287107072
1461216554884812801
1461193670804312068
1461032931623792640
1460984964393037825
1460977780565241862
1460972176807366657
1460915558241689600
1460910086121951234
1460905392020488195
1461339507995734022
1460997877774254091
1460850116856737795
1461312385369608195
1461335151443472387
1460867259228835841
1460867123618611203
1460850543371292679
1460850404288176135
1460850249371508742
1461039910412976129
1461195018027159559
1461172341900124160
1461315927941648384
1460874412593352705
1461274564369870853
1461225984468811777
1461224597383122946
1460957471548186630
1460971306032062469
1461281885791744003
1461156133318508544
1461154839866445827
1460203897008517123
1460203892755423234
1461006512311046152
1461006271948099585
1461134823263588352
1461275568830222339
1461194729991950343
1461194011792793603
1461246104549298180
1461144083532075008
1460876378849480710
