1456826140253835265
1456824538658869254
1456823318242152453
1456818798540034050
1456814002571382791
1456813955414851592
1456812065851461632
1456811130253295621
1456810730758438914
1456810433361317891
1456809374832156680
1456807104308649989
1456806160825139200
1456804953725440000
1456801733766639619
1456801635657666560
1456800878292176901
1456799796610568194
1456792068747972612
1456788328758583298
1456787394229796865
1456782167208390658
1456780920103469066
1456780160951218181
1456777796055748610
1456777150422417408
1456775730868592643
1456773411250737154
1456773408696406021
1456772390344531969
1456772076170190854
1456771744732102659
1456762252728565763
1456737492619522049
1456700384609652737
1456672122005168132
1456669137686568966
1456666037810647041
1456662274593091592
1456658987575767045
1456656181234073600
1456655674906054662
1456652719955996678
1456642411627573254
1456641594732396544
1456641273352179713
1456638449746808843
1456635589738917889
1456635243625009158
1456634650428772359
1456631680945430535
1456625116100530179
1456624837690998785
1456622872357531649
1456621739950051334
1456621728298274820
1456620005240422400
1456619233379553289
1456616580578623490
1456616282543964168
1456613444208119810
1456613146244747272
1456613130943942656
1456612187250647048
1456611745389182980
1456607244494127113
1456601876959399941
1456599807611457544
1456599511334195203
1456596046860079112
1456594173960785923
1456593098692173829
1456592698304049152
1456592659611484161
1456591638709473288
1456591582669406213
1456591509529272326
1456590910477668354
1456590571808559105
1456589820457750538
1456589815135232005
1456586423402909700
1456580803752771590
1456574013765914625
1456571576866918406
1456570469436493824
1456569370403033088
1456558975130877960
1456556927102570500
1456552834409779202
1456551957296861187
1456550994246995971
1456547876511772673
1456546806595141633
1456546197670223880
1456544495030333443
1456541809946075137
1456539750639144965
1456539510540357633
1456539445893611521
1456536746275995650
1456536704093802500
1456535280362541057
1456531943848247296
1456531671713402880
1456530146526064650
1456526700779425795
1456525597417508869
1456523502618439692
1456522206066868224
1456520892721217540
1456517570039742464
1456516632205987853
1456514016222744576
1456510501412749315
1456510172776394756
1456508021824114695
1456507328082038785
1456504735217774593
1456501862106951681
1456500928069001223
1456497710379401218
1456832530317860870
1456830734304301061
1456830386923732995
1456819890741026821
1456806122505916416
1456804528100032514
1456803749536489474
1456789826926112769
1456789823344107521
1456784395126247428
1456779092452249600
1456763250901753857
1456756518037032960
1456684138669297666
1456676546320605188
1456667970000752640
1456658545152180226
1456637355922636807
1456624683822899205
1456622669659443208
1456604982292074496
1456604953355567104
1456604937605976065
1456604104218660866
1456598329526153218
1456590711332085761
1456587495903150088
1456579986769551365
1456574401999032320
1456565841265250307
1456561987555450882
1456560403782070278
1456560278326312962
1456559448512626688
1456559222150234113
1456558945577803781
1456556691693002752
1456554953707720707
1456550789804007431
1456539260094275586
1456539257019846657
1456536644870311939
1456535173336604690
1456533597599506435
1456532696377794563
1456531225196199938
1456531135303798789
1456523047125413890
1456519027543531522
1456517302854176778
1456501617105281025
1456500425964679181
1456809763535130632
1456634532187316227
1456818632458113027
1456811295257219076
1456810214116585472
1456808981217742849
1456808560843649024
1456806019523174402
1456803655575740432
1456803521290899461
1456796753630359557
1456793581054676992
1456788538679169037
1456695572581142529
1456683391869280259
1456658549887537157
1456658542480347140
1456646743089500161
1456630287492734976
1456597632768348164
1456582273512316932
1456579194222166023
1456560325445128193
1456530552182378496
1456512603711172610
1456509340420960260
1456769661958180864
1456640203234238468
1456610096532709381
1456591971103903752
1456579474829426689
1456524380431740931
1456521235798511616
1456830991301939202
1456810342076411904
1456808558582849541
1456803315472240642
1456800140774109185
1456790026801405954
1456767308341264390
1456658547878424578
1456599193385009153
1456582691118362626
1456569876777213954
1456566985383235588
1456550842551586818
1456546831773671435
1456543427953250304
1456541137779388419
1456504474978062337
1456497667740090371
1456827884211871748
1456826622179303431
1456821776671858689
1456816313439961088
1456812379275022337
1456803148488536067
1456802416393818119
1456794915346599938
1456792310532820992
1456768565604847617
1456766954979553281
1456695570672730112
1456669523394785284
1456659292606500866
1456658552668389387
1456639537002606597
1456636403920486400
1456631988098457605
1456620231724609539
1456618496813527040
1456599574135468033
1456595464086687746
1456591873925992451
1456565704765943811
1456561987849236482
1456549395168587784
1456548567816884225
1456548451907371018
1456548448090558465
1456548369770237961
1456548170926682113
1456547927246000133
1456547925048262661
1456547896304623618
1456547628246704132
1456541817403412481
1456533815959048196
1456533221873573895
1456531601752420354
1456528793389072385
1456526123731460099
1456524942841815043
1456522876853522434
1456516254458581027
1456514692914954246
1456513315954327552
1456508853743280132
1456504270480543751
1456500478108332035
1456812782721011714
1456750143005282306
1456619006232649736
1456618361710792708
1456583409279590405
1456539440017383424
1456520049364070405
1456816163439079428
1456797937925705731
1456794889891368963
1456791100136378370
1456745157840105474
1456646397747351565
1456613570314182662
1456608766833487872
1456578607896162307
1456577414058811396
1456574609776648192
1456554603311349763
1456548300421664776
1456530503767449603
1456528394921730052
1456505642840047617
1456833732896296962
1456833566877237256
1456829047229403148
1456824582954893312
1456822922379628545
1456819287138603019
1456817589707948043
1456816972469915654
1456816193508048896
1456810398666006532
1456808740468920325
1456807769898569728
1456803292797816841
1456802031205707777
1456802024008208384
1456801978760278021
1456799337673990148
1456799321479778310
1456798536998080514
1456798222425333764
1456796998011473922
1456796128339447811
1456795231102193671
1456794448210235397
1456792651571732483
1456787058031149057
1456783941986250755
1456783150609158145
1456780823940644874
1456779770331418625
1456779396807757828
1456772937231450113
1456768194471858182
1456761496378109952
1456760006565498880
1456750754639798280
1456713968261599234
1456711237241384969
1456698978720833536
1456691758453047299
1456681498577276929
1456675546796998658
1456660547647115266
1456658008759406593
1456657654026178567
1456652747491528708
1456650579934003208
1456645367265566725
1456631839251066880
1456620462675402764
1456617502218366983
1456616352769187842
1456615562080043011
1456613538651197450
1456613441444012035
1456612921950158857
1456612510979682311
1456611718432362496
1456608048131153925
1456607237921775619
1456603393011638278
1456601694318460932
1456601483852451852
1456594580560773122
1456594244487974915
1456594211101294596
1456593809362485254
1456593351562743809
1456592798468116483
1456592134564319241
1456591146008780802
1456589588810518539
1456588001153146888
1456587803089801221
1456584652479557633
1456584184403619847
1456578528476991488
1456578237627191308
1456574837401403395
1456574647026208768
1456571551646720005
1456568416383406082
1456568151349604353
1456567240220835841
1456567238081671169
1456567044862722052
1456561657468043273
1456561332317265921
1456560009815359493
1456559120274759680
1456556662349697028
1456553998115164162
1456553859652808705
1456553768682541057
1456552445291728897
1456552172699611136
1456550504197025794
1456549564408901633
1456548167663566850
1456545779863097345
1456543922214215683
1456543632341671942
1456543566767935493
1456543269005893634
1456542993339408387
1456542166793142275
1456541075972128768
1456540728012652545
1456540570902417408
1456540540179124229
1456833922424209416
1456822347541876737
1456806549943242757
1456803367393447940
1456802647235649538
1456795405363007489
1456783013648297989
1456780941595066370
1456773466170875911
1456757970000175105
1456686905303736327
1456666329042227204
1456654913065218052
1456649801223720962
1456647114855890947
1456646883854614533
1456641614714060800
1456640816651259905
1456633404141703176
1456624550834176006
1456623738514989059
1456622880377036803
1456619008019423235
1456617936399978506
1456615761124888576
1456615636382060546
1456615547584450562
1456615439170080780
1456615247578423297
1456615107404845061
1456613899881443329
1456612666470854661
1456612597331992577
1456609996645429249
1456606853618495493
1456604074472718336
1456603245187530753
1456602566268100617
1456602070761439234
1456599163559243778
1456597723818311682
1456596276175257600
1456594316407701509
1456592012203810821
1456585563943833603
1456583345232662534
1456581667020161026
1456579622393495554
1456579081949097984
1456576977410924549
1456576314240995339
1456574902186565634
1456572248194797570
1456571479210950657
1456569253071491072
1456568546247331840
1456562983715303426
1456559817955241992
1456558149654102017
1456557725165314048
1456557523759026176
1456557483892240387
1456556944567595015
1456556889605505037
1456552492511076353
1456548606610006016
1456547300772237313
1456541636658405407
1456538282523697154
1456531258159235073
1456524766999826432
1456524487168434181
1456522970281623552
1456517872297988098
1456512252572409857
1456832465922715655
1456830474010042369
1456825092873207810
1456803365896159233
1456801283512229890
1456799703593488390
1456635640309694466
1456624925398036481
1456590755510697987
1456588082371645441
1456564332037218313
1456547841095045121
1456543947224805376
1456539414306328579
1456537084265594885
1456516836648910850
1456794590871130113
1456521989787553792
1456502847046971395
1456833905856712710
1456833596648411136
1456818352853192708
1456798397973680131
1456797550351060992
1456769721001336836
1456715079362105346
1456696009900257284
1456689227844833280
1456686105353338881
1456685082584829952
1456675890562166784
1456674301365547013
1456672497445736456
1456650546362798082
1456632919775080453
1456619854262255630
1456614575319646211
1456611984531542018
1456605435037831169
1456602544579375114
1456598551346040838
1456598089783934976
1456598079738507272
1456594259369291780
1456594253019107334
1456593133316235275
1456591191101755395
1456590255075831813
1456582755244969986
1456571209244557316
1456570453393281024
1456567502843023361
1456554984313540609
1456543843940069376
1456525188099555335
1456523988784463873
1456522941902966791
1456520843236757513
1456517459486208005
1456505840173682692
1456505425612840963
1456600439730757643
1456595956233760774
1456527825440174080
1456508059883241472
1456507804500381701
1456507147915649026
1456506796986699778
1456506369666781189
1456506070784827395
1456505557825687556
1456504795582255105
1456799770219929607
1456573397077569541
1456766425599598596
1456625871180087300
1456584117055737866
1456535558520393731
1456507563185360896
1456504257150996487
1456503599173754882
1456503129407586304
1456502748149534726
1456600453261631493
1456551433365438467
1456731769902936076
1456668299773710342
1456835421371985926
1456749519161335809
1456738473302450176
1456720063436709888
1456630635024453634
1456548996080541704
1456586871463505924
1456561091064918017
1456811949254070277
1456514774250844160
1456835317369950210
1456812532480372738
1456626012473548803
1456587693320663046
1456506185381670914
1456614865607352320
1456603817999409157
1456520895954968577
1456812925197316097
1456812402842898432
1456803991795294214
1456834643936743424
1456791238355472387
1456633046422069256
1456580687419650054
1456559945470513157
1456559329125879812
1456552641501167623
1456551310124224512
1456550124851589123
1456534863318716419
1456523968517607427
1456758107569209346
1456652071160070152
1456551348770463747
1456562046783291401
1456577942566289415
1456558551678078977
1456837608852520960
1456576006093819918
1456509088469188612
1456581632245354500
1456627060626001923
1456798191953739778
1456794612140425216
1456729507176480769
1456682281821638661
1456618005551587328
1456617133182382080
1456616120945811457
1456615617843265537
1456584462804811785
1456518895200735234
1456813217171361794
1456531731796795392
1456637910761967625
1456824936194973699
1456823660468080640
1456810262091030529
1456808090838335488
1456625846836359169
1456632981817225219
1456524007470034946
1456520907871096842
1456827929132822530
1456827385165189122
1456827155673878530
1456822234585001986
1456778027556167682
1456774301428764676
1456752019184574466
1456627942608437261
1456612713933594630
1456550305189941256
1456531269550940165
1456645543074041859
1456597019712126979
1456591182511886338
1456591178816581633
1456578205322780683
1456561730826297344
1456502780529569794
1456524905676038155
1456837328811356166
1456661761877110787
1456629854586036233
1456835524409233418
1456818233458053125
1456807114412675073
1456606411668930566
1456593788290301955
1456508704665178114
1456748874245099522
1456632970350002183
1456625642577956867
1456830602368356352
1456685594126413824
1456680286394015745
1456596216922271745
1456799696735727617
1456739934581104641
1456788859518259202
1456779419339476993
1456759581707681793
1456834064749510660
1456800469536296967
1456782225731506176
1456720950397833219
1456650187376529412
1456650055478169602
1456649392455229456
1456625657237032962
1456615763448455168
1456615197427204102
1456614439973625857
1456609600631828480
1456605825317756928
1456596409818353667
1456593060763095049
1456565619856269318
1456565462628667393
1456547758488252423
1456524978275307520
1456514712225583106
1456581848922873860
1456798181212053504
1456641345624281091
1456623149554888704
1456616352848834564
1456520481675177990
1456630946409562112
1456618583765569536
1456633555014983684
1456598419254890500
1456810391539965954
1456663155694735362
1456555527425589262
1456625600907530241
1456527350670118912
1456518169678450689
1456649221940006912
1456828647235411969
1456707268452360193
1456595370687942657
1456550880530997253
1456797128781537285
1456757052890664966
1456766231541739521
1456797490045280256
1456797701039792130
1456797270246969344
1456756901446762502
1456660289210896385
1456607369312362499
1456593089959641101
1456791636080427012
1456791635950407680
1456790816815415296
1456790651790520325
1456766123240681477
1456758783024132096
1456758146194575360
1456642100036997126
1456844049764081672
1456818452392394754
1456788531771183107
1456758416198680581
1456647891498373130
1456630633489305608
1456607353055240195
1456605523822796812
1456604286209511426
1456593406323474433
1456583278807240706
1456577351786004481
1456554367318835202
1456546930012479490
1456516721494224897
1456843754577432580
1456814161908801539
1456792420503326722
1456787959588421633
1456565448258973708
1456832941330341891
1456734714174316551
1456587803714752513
1456806445047955458
1456803473534578689
1456570035938283527
1456776665447600134
1456646954025324551
1456639765961347073
1456513733740556289
1456824438486302722
1456793804481069059
1456735011210764298
1456726910252326914
1456604412491689986
1456596489287782407
1456592143301033988
1456582950288506881
1456578642876637190
1456570454521434114
1456566272926179333
1456566272108347394
1456554319130464256
1456840257249312768
1456825480288485376
1456822753282035721
1456799779808108551
1456790017775308804
1456785043624366085
1456752906799968258
1456508976963592197
1456820046014164998
1456595472416653314
1456827682377789440
1456610163251507207
1456547434402697218
1456785166630678536
1456563176019951620
1456812311881011203
1456601080536571910
1456829875952635904
1456603320244596737
1456605388380377091
1456540012892155915
1456830047810031616
1456827095141609474
1456797790089089024
1456789618393681922
1456787681669615621
1456634950111809540
1456607790634463244
1456600417345835011
1456598805487382539
1456584759362998274
1456580181049675779
1456580092956577796
1456575603017138179
1456568293108576261
1456551885129670660
1456542997995147270
1456542515188822021
1456540301766451202
1456539131379478528
1456538555476443147
1456529488523640843
1456527989760348165
1456526952496439300
1456783414401458181
1456608710604722176
1456537819854241802
1456616274042101767
1456841661074460675
1456814320411504642
1456647428220743683
1456534370391527427
1456646667248177156
1456539842079178757
1456840142031769606
1456827182001451014
1456824987319365632
1456820915577122823
1456633618411839499
1456533661927424001
1456822618422611970
1456800492097470468
1456756667463331843
1456621145306894344
1456607406138396681
1456545612627804165
1456540489763594244
1456762859371696128
1456620806415343620
1456734893619044353
1456785647327268865
1456594637397790723
1456841891618512902
1456834456002588675
1456818268543455232
1456814614449065984
1456795296520806403
1456659345479897091
1456647774959591430
1456645840315961347
1456617124953092100
1456601727969366016
1456601488323604485
1456580644251656206
1456575076653010950
1456555288106975235
1456546769865613317
1456528877820342276
1456514888440840192
1456819718275223555
1456676272428371971
1456609116227575818
1456585201778315269
1456525336779403264
1456517786381946881
1456796738556076035
1456674257715482627
1456635339355820038
1456607643749941248
1456605472702677001
1456593218649276419
1456591606451036166
1456544336481382404
1456520217845063681
1456806010903937025
1456614237309079555
1456844827492945920
1456622386107715587
1456566993373392898
1456537008277372928
1456842881033965569
1456823145915052035
1456819594728034305
1456805098479177732
1456706436688449541
1456691162161373184
1456652087090024452
1456651850279579648
1456619227398299649
1456523750367764492
1456832081577738241
1456529363311075328
1456810228146532353
1456669910860320773
1456646267283468295
1456637582465327110
1456598395800281092
1456845205559078913
1456844856089710595
1456843126014812162
1456843027318657030
1456825204370403331
1456815076338376706
1456716569216618498
1456706798828851202
1456697431400275968
1456679198626496515
1456613975072722944
1456604813689450501
1456601172882587650
1456594543420182531
1456582240809340932
1456580660185862147
1456576301096112132
1456574758271676416
1456541439765012482
1456537585736552452
1456529519213355010
1456523763839913985
1456520424297091078
1456515311163756544
1456514122795814912
1456838979030970368
1456664269336956934
1456646675821334532
1456837844895354882
1456835000565784577
1456643133068828672
1456531067146420228
1456733709105700869
1456817171711991811
1456632548478488577
1456548721030688769
1456809826273554434
1456785700989247489
1456745398383497220
1456635348235157506
1456610553955119107
1456595397955268610
1456595074813366281
1456578319692939266
1456571824041517065
1456552268535263237
1456578260020731907
1456569442029166595
1456528611482107910
1456649252604547073
1456648885342859269
1456527942788341760
1456526681510797314
1456636470152744962
