1462630581154443270
1462630108489916417
1462628720888352768
1462628199729283076
1462628016471691267
1462621761455869953
1462620362756161540
1462619807094910980
1462617178029674498
1462616239092629508
1462615033184014336
1462614231501533190
1462611209019031559
1462609434417393667
1462607941618438144
1462605501867470850
1462598526915866629
1462597077418999808
1462594898385727489
1462594302488367110
1462594141850800131
1462591752192204802
1462591472461488131
1462590570883289090
1462590568807088131
1462589795540951042
1462589727714906117
1462588783988142086
1462587894867140610
1462586452320165891
1462586033606836226
1462585678676463617
1462535695143112704
1462529020369772548
1462491747007664132
1462484260821282816
1462469394051731459
1462448116045529088
1462446825491681283
1462445314359455753
1462439864930996227
1462430021188931586
1462428791490301957
1462417723724472326
1462417339438170116
1462416848100610053
1462413747624964096
1462413601923158016
1462410294676754437
1462403651050217479
1462402559478407169
1462398049745993733
1462391568346742797
1462389953502261248
1462385924130557963
1462383610229526530
1462383302111756288
1462380756991283207
1462377313899745281
1462376306188775431
1462372478911594497
1462370033066078212
1462369971133059074
1462368910703951875
1462362207346253829
1462360311600599047
1462357150244560901
1462354332704116741
1462351828830412801
1462351148912762884
1462340454125424641
1462338390162952197
1462337683758272518
1462329484464386049
1462328360034467841
1462327162036375552
1462326618311958533
1462326050369642496
1462318783213686794
1462624589394022403
1462623851188264965
1462623451911385089
1462623052118646788
1462616410740248580
1462615221332168705
1462611295933394946
1462602854779207688
1462598969872187392
1462596836397490176
1462595602923999235
1462594550015299586
1462591838422847491
1462591829161873416
1462590009081536515
1462584378639282177
1462584036652568576
1462583675111948293
1462583333465079811
1462583286732050435
1462581421533327360
1462580578285338626
1462579175118700547
1462575888923443205
1462573929814392832
1462570499880464394
1462563597842886666
1462561366972125184
1462550751830372353
1462539885944848388
1462526086374432768
1462520929905483781
1462480825212043268
1462460111230623746
1462448242126319619
1462426885887905798
1462413460289974281
1462401970702938112
1462394789442179078
1462394386663174146
1462393978276376581
1462381761892012035
1462380506121584640
1462366777879384065
1462364944028954628
1462360939143958530
1462351513678794755
1462349704033804290
1462340791020363776
1462333393774026756
1462616826630709257
1462569156310487040
1462401453083877393
1462630093130395651
1462626713188245508
1462620303343771651
1462611400711278592
1462587638280454147
1462469658787733504
1462434120760393731
1462388371796287494
1462379401400647683
1462370745900621827
1462361769054138375
1462347965473849344
1462347296750718978
1462624358195548164
1462621847866908674
1462620814486880258
1462589352773443587
1462361321391882241
1462350077444476931
1462625303524569095
1462621669420257280
1462621593281073153
1462621568492654594
1462621546686529539
1462621179219349505
1462620260939419648
1462619549233135617
1462619547567984647
1462613760607019009
1462604470190100490
1462593971994071043
1462592347800174597
1462590450720591873
1462590402733744141
1462589608877641737
1462583266725138432
1462542240002101248
1462450741487017987
1462439275807449108
1462418696714940419
1462410813617029120
1462391499987972097
1462333263716913154
1462631684193533953
1462620812007989250
1462618789447561220
1462616079302152194
1462613652989628418
1462613464254332928
1462608653035266049
1462607657613684737
1462606136750731264
1462605372640804874
1462604114529906691
1462601729699028993
1462598922828869634
1462597375856414721
1462591850737401859
1462591288058941440
1462590730862428164
1462590402607919107
1462589603265716226
1462587478129340419
1462573672225333248
1462458941028274178
1462445900299522048
1462414708451909639
1462407223720611850
1462394580649734148
1462393491489628172
1462392534362034180
1462389829660930052
1462389049214210055
1462387283865178115
1462379404789575682
1462379403212587008
1462379007958265856
1462377074203656193
1462372885452898308
1462371053418663938
1462363910070095873
1462362701812752390
1462360819857965057
1462360151940374533
1462356303985008648
1462347315591757826
1462344309865271296
1462338523453739012
1462335488354922498
1462326765846630400
1462425750846328833
1462392518792781824
1462632116190019588
1462628440658513921
1462623827905572864
1462619479511224324
1462616896004521990
1462616324450893826
1462615035272855555
1462614634947514369
1462611098008391680
1462610682927411204
1462609258080395264
1462608873508925442
1462607339643494400
1462593589163167745
1462584118529589251
1462576695626526723
1462470085570822151
1462435571775668234
1462433565988499456
1462426461768351751
1462422846898982920
1462419699724021763
1462408298058059777
1462383294654271488
1462382796995923969
1462357446257635335
1462340587646971909
1462337306384207879
1462335924247822337
1462631973290131463
1462631866674999304
1462631785607491589
1462631014283444229
1462630685395472388
1462629457571696642
1462627273194934280
1462624627360890890
1462618640558161922
1462617931313868807
1462617699473924096
1462616859690233858
1462615360817954820
1462614519948066816
1462613523767328768
1462613237883555845
1462612097158684680
1462612050727821315
1462610614149206016
1462609740169564163
1462609658313461764
1462607964695453700
1462607287583797253
1462604714420293632
1462603624207454208
1462602321414672390
1462602075137785856
1462601639114645504
1462601139287834628
1462600466492116996
1462600286757801987
1462595650869100549
1462594547049906180
1462592127427231744
1462591567978323971
1462589095150952451
1462588575711596544
1462585633944195075
1462585046208954376
1462583862450524161
1462581353837330433
1462579844504424451
1462574757069553670
1462573604369944579
1462571670070124547
1462567753164984324
1462567581353533443
1462558989510529024
1462556948306415616
1462556430125334533
1462552750382669829
1462552653829865474
1462551628809003014
1462541756860297227
1462499797588344834
1462487974881361920
1462474114787016705
1462469868834353154
1462465741664358408
1462459974362165251
1462449805066584065
1462448993712029699
1462446902872444936
1462445268264095744
1462442262747488263
1462440936449863689
1462440505619345410
1462440487957110784
1462440041976774659
1462439510705274880
1462438674793054213
1462435884482002946
1462434667257204741
1462434628803829761
1462433061006569475
1462432388701585409
1462428530814324737
1462426505112285186
1462426135044636678
1462424845765861376
1462423859357839364
1462421126785617921
1462420766096461826
1462420534138859521
1462419135262957569
1462416935316979724
1462415593181569024
1462414060218163211
1462412991618506756
1462411206975574020
1462410353858338820
1462410292080504838
1462410125843390465
1462409989637619717
1462409885837053953
1462407966498299906
1462405850568425475
1462405433591742471
1462404765346942977
1462404175459852289
1462403739772325895
1462398686688735232
1462398304910647296
1462396307243352066
1462392962428592132
1462391800023318533
1462391451963166726
1462390618961813507
1462389390584336385
1462386836316180494
1462385040244064256
1462384034630168576
1462384029315911682
1462383654437412865
1462383653674045441
1462382572667695109
1462380853217017856
1462379580275101704
1462377760706347011
1462376583541530631
1462375256203542528
1462374207363366917
1462373275560939522
1462629067778265088
1462628317362679808
1462627416673701892
1462618721545949184
1462616231375106050
1462613847127195648
1462607218319101952
1462606654059335685
1462604923476971523
1462583263440998403
1462572430249979910
1462572041131806722
1462571678794326016
1462511796498182144
1462478250819538944
1462461247933222913
1462457770293161990
1462453744822411272
1462451741656424449
1462450137490333706
1462449417160515596
1462448883909365764
1462446352625856516
1462441761117138949
1462434868491554822
1462432269113573384
1462429300678750215
1462428539127353349
1462418542276452358
1462414728941035527
1462413499196264449
1462411867838509060
1462409954027991042
1462409722531762178
1462406952177127427
1462406230907887625
1462405916985212929
1462405717474701317
1462396339984093186
1462393031424983042
1462391005810991113
1462390500778938377
1462385911216291844
1462378464867016706
1462374473890295809
1462364946453319690
1462361345039294470
1462358435224162305
1462357530697363458
1462357454197428229
1462351115509321732
1462348825675325440
1462345041339322376
1462339668310040576
1462338967165026308
1462333712658481156
1462302624124866564
1462620601709907968
1462620300558749701
1462615127346139140
1462556371291815936
1462481060315340800
1462452947304910857
1462452695873187840
1462435343324442632
1462433121522302981
1462427488852664324
1462426915898200071
1462424150106988547
1462404997992222722
1462403947491037185
1462395973905235971
1462393101788450818
1462390132359589888
1462379248816046084
1462371165876326408
1462346538328289289
1462345123275046916
1462330980983840774
1462345631612039170
1462460329200218113
1462405865542062082
1462405655650652161
1462622800661729281
1462619191840698368
1462606724095832067
1462604510958964742
1462602191194050562
1462600661237841922
1462595373487194113
1462590994839261184
1462585126739578880
1462584025978064900
1462490708619628545
1462452638105014275
1462451624790540292
1462451517051400192
1462436469235073040
1462436399131488266
1462433220968869888
1462428143071891458
1462426939906420740
1462425313510494212
1462402052680609799
1462398833313280002
1462397295509401600
1462386608796172294
1462381950375587841
1462368238306619398
1462367619672010760
1462364916203982848
1462358426558689282
1462346991363493890
1462346075235229697
1462333743205474317
1462332561821093889
1462373823051800580
1462365463027982337
1462467669777543169
1462350622691188736
1462419503799681025
1462414852866002944
1462377730729594883
1462376582765449216
1462376358378496007
1462355705936056322
1462385026939572227
1462384468086321157
1462460880201732102
1462441856785022976
1462326331740286976
1462610919314243584
1462459782837649411
1462459339877203972
1462435205944262659
1462430913216745479
1462403285227163648
1462390683218546689
1462378770795425792
1462605138439204867
1462599223778562054
1462584104965210115
1462514827046187012
1462510947281432579
1462446679559335940
1462337924687556609
1462627664917778439
1462410707446628363
1462633973134151680
1462633526596018177
1462627379810271237
1462627291855405057
1462601175992209408
1462435841117089800
1462400895916789761
1462623591434838017
1462367401203228681
1462361675080691713
1462331316632907777
1462597410014650368
1462445816820355073
1462624395541680137
1462359840399892481
1462462278578495488
1462605869359591424
1462441953702780931
1462432909776678919
1462518332725215232
1462513620818878466
1462362982827106308
1462417462540996611
1462593046424391681
1462611294750605315
1462602126316621826
1462390066806878214
1462337271428907012
1462633186324672514
1462580423209279493
1462407331531005952
1462406502606536704
1462397034812477440
1462396913878142979
1462442803766566915
1462580976182181892
1462580479102631936
1462580127192158213
1462579782814617602
1462455649959231497
1462447148021137410
1462434214880501773
1462424933342990344
1462424787729334274
1462424389857673224
1462423768878313485
1462423284633333762
1462416626070941700
1462409597277200386
1462374520010919937
1462374318487134208
1462370674706509826
1462362692086239233
1462595333230247941
1462575782782324736
1462361246724886533
1462340919366062081
1462361064712990725
1462358506162450439
1462607117311885312
1462369170423648262
1462622452660326404
1462610691290923012
1462580606169083910
1462442320108814341
1462437957743169536
1462436022453633033
1462435868325466112
1462413718772355074
1462387417147604993
1462364461323329536
1462364449830957059
1462350068703318018
1462334697933918210
1462444719133265926
1462378900974047232
1462638652987568132
1462385832430497792
1462462650730774535
1462459670958731268
1462459295363067910
1462333224328130562
1462620694911471621
1462547400803848197
1462334804888748035
1462634600782389251
1462415257259765768
1462354204404563972
1462354197412659206
1462336396681641984
1462605010601013248
1462457154468597761
1462419899595116545
1462574281150242821
1462595908151902210
1462595067302998021
1462457459881119749
1462455943514365955
1462438094905303046
1462423066479185920
1462422780851355648
1462422615566422021
1462419269673574410
1462415262494248963
1462397818232999938
1462396682419662855
1462395353223729155
1462394502933454857
1462383104606101510
1462380151027560450
1462345862953144323
1462444798057463816
1462436912770150405
1462436659178315776
1462455634419326976
1462442615039692806
1462458154659168259
1462349860284207109
1462615986444505091
1462454904216121351
1462442163128602626
1462440022062166028
1462425868211408898
1462413190587764739
1462397823719116802
1462393022142840832
1462385978526486528
1462355048365658112
1462348959012192263
1462515222535544832
1462352760960008195
1462340641233326087
1462407264682201090
1462624769912623104
1462428485566140420
1462428022577917954
1462407819282423809
1462360517092073472
1462350779050692609
1462488600516300806
1462430437226123264
1462600119509917709
1462603049101246469
1462446391511322624
1462346919888318475
1462446325216079877
1462450647832272896
1462602890019700744
1462602703113420800
1462447901599092737
1462447475843764229
1462447161627475972
1462447161447120896
1462443507868573699
1462443506551586816
1462346700392001545
1462343954054008832
1462343515925475329
1462629413296611329
1462616640344838150
1462598881502380032
1462598375308550152
1462597568186048515
1462586724081537025
1462567710974304261
1462556529425481728
1462550988661792769
1462410292751597574
1462408036459245571
1462406086804135948
1462405549660639236
1462384717144084488
1462375298322681862
1462372465942745088
1462366460441862147
1462351460885155848
1462345109295419398
1462619871766740993
1462586523749175300
1462431231199494149
1462421293676912641
1462390222344368130
1462373230195326981
1462339513703809024
1462612524273000451
1462600305602809857
1462592523839291393
1462536617910943744
1462427569941188608
1462404319785799691
1462384480484687876
1462343295447699457
1462582160116707334
1462524224606650378
1462422758948626434
1462421772620349443
1462411495866712075
1462411445035941891
1462411177439363072
1462410486566174722
1462395798763626500
1462383109182087170
1462355717277601795
1462343507259977728
1462631145955233792
1462617517218689029
1462614126824345601
1462609295267143681
1462582406938984450
1462439665013719045
1462417540815020033
1462410362750332931
1462408743556059140
1462394327779319813
1462389009468911617
1462361395823996928
1462342777245552640
1462568130803224583
1462373113371320321
1462627797961089026
1462587037790261252
1462400315655815170
1462350347700084739
1462612189823442947
1462415041232314369
1462622601298120707
1462620548089860098
1462598829333643267
1462570895201882112
1462427813273817088
1462420865832955911
1462419587979517953
1462412196500189184
1462386705923665926
1462408581387485188
1462620977481744392
1462425201203982367
1462632791145811971
1462473752474624004
1462640858537152520
1462639948385832966
1462639476816105479
1462622656914591746
1462620272704450563
1462609592580395012
1462594429219397635
1462566726818619413
1462409639580995590
1462403404655779847
1462400286115258370
1462389996216745984
1462373145906581508
1462366478905143298
1462356804113895426
1462343322219937794
1462633552709705728
1462594718831820801
1462493869879152640
1462475244594085890
1462409432415891466
1462347581531766784
1462635789351743490
1459888060410122245
1462622860808130560
1462600562055122945
1462608433807458305
1462402672145797120
1462376143646965761
1462633733098409984
1462607216930816000
1462588034180734977
1462554902056484864
1462425616314093572
1462405283888599051
1462375794261381129
1462629026191663110
1462621022725627904
1462608043884126212
1462428989293686785
1462340045331845123
1462640191068332032
1462473887434756098
1462382247391100929
1462608468347482118
1462598402487635974
1462598147247460357
1462597826613891075
1462597742870495236
1462597557247352842
1462597507318382597
1462597463072595970
1462597392973189122
1462597338027855876
1462597283590008836
1462597235904954371
1462597156389277696
1462597089385324548
1462597031743025156
1462594002255953921
1462590254947340293
1462551972771295234
1462428114290495489
1462412504521342983
1462382067174440964
1462354388446420993
1462351550777466891
1462351502949814277
1462645272954040322
1462637290447011842
1462601811127259140
1462600448968302593
1462569155769421824
1462490967907336192
1462412412703838214
1462382963627216898
1462374872085155841
1462364334697242627
1462642568055824386
1462479987680808963
1462360707102490632
1462642570454978562
1462641993603969026
1462623137091125249
1462611340367859713
1462609752924381187
1462600658914140162
1462600018284609536
1462573621998587912
1462562022290194434
1462541413451583489
1462351532314275842
1462340423700078592
1462625967856250880
1462597184977715206
1462356161722679296
1462613796527087616
1462609898148020228
1462599792027004929
1462598523703025670
1462590506156761088
1462580556449792002
1462580407543603202
1462579011666649094
1462566947476807680
1462547685324455948
1462491904310972421
1462452283497598978
1462443702094336013
1462428213011836931
1462424057203204102
1462408783502606338
1462408338306527235
1462403940926902276
1462398815848132620
1462392814185050116
1462391209461096449
1462387965942919170
1462387577651023873
1462377922405167105
1462373608815087618
1462373398131007493
1462369635601301504
1462368578292748290
1462365059737399299
1462362266175635458
1462352289256124416
1462644246897311750
1462626304398794753
1462600621144506368
1462589532356808708
1462581535731638275
1462577137156689923
1462574064619253767
1462531971515572226
1462498987898851333
1462486542002245634
1462395500506894337
1462630002113990660
1462572312390078471
1462550483751497729
1462432871226884098
1462615556087894017
1462616544106536962
1462515568809062402
1462441006314385409
1462397873295872012
1462387581149134859
1462344863895068673
1462363475775164417
1462649740818980866
1462647080665575425
1462645800719110144
1462641321433178114
1462641240587919366
1462641136091025409
1462641095582441478
1462641049445171206
1462634090822189057
1462630178392199172
1462629409026834432
1462581333868253187
1462575268615188484
1462558820886990854
1462542970641543173
1462541798601936902
1462541182345510923
1462634245227040768
1462608474982871049
1462581591314780165
1462404859353714689
