1464443868238200832
1464442665076854787
1464440156463591430
1464436802173894656
1464435544641835009
1464433189892472837
1464432732956622848
1464430049000443913
1464429031894487040
1464425060421484544
1464423308158373891
1464420984123912192
1464420803043225606
1464420306768912384
1464418541344415749
1464418153048383488
1464415108260503553
1464414409778814983
1464414281751879683
1464413628178702341
1464411390760738816
1464406573120327683
1464406537770659840
1464405394806112257
1464405033068359683
1464402720849235969
1464398585760473106
1464393437382209538
1464386420563320837
1464383972712992768
1464383472202489859
1464369403718299652
1464334183388659718
1464325113872928770
1464309647611887619
1464307066806304774
1464306460049887234
1464299523870580742
1464298285749788674
1464296760432467969
1464265685144522752
1464265645449629701
1464264400202711045
1464264098972008448
1464263608246824965
1464250533405814791
1464247472910336000
1464244227370471428
1464242200108146699
1464241542017675264
1464239480374632450
1464238964252962825
1464237294303416322
1464235136736579586
1464234211301158920
1464233391826489349
1464233322721144838
1464229879465971713
1464229567892127748
1464229010754260996
1464227383645511697
1464227247829569538
1464220843886530568
1464218994294984709
1464217419996487693
1464215776169103361
1464213199222308868
1464210411083874307
1464209242936594432
1464203825221234696
1464203313771995139
1464201972446236672
1464200574518194178
1464199321641910278
1464197476458512385
1464193548320841732
1464192259398590472
1464187514692931587
1464184163041308677
1464182468412538883
1464177598167011335
1464176872913178627
1464175855874101248
1464175302607732741
1464172337687715840
1464165446651809795
1464161411970453506
1464159434301575172
1464157094429425668
1464153343715016704
1464149181820391428
1464145491696967690
1464143305298509825
1464141376199618563
1464140134299799554
1464135347776880641
1464132281728184323
1464131876101050371
1464131838587199489
1464131668000661508
1464130622486560769
1464127840719290374
1464120170180345857
1464119927938289666
1464119286797119502
1464118641314566147
1464114282019184641
1464114064976609280
1464111779865235460
1464111750769348612
1464107970069884929
1464105590142091265
1464101178623467523
1464091104517623809
1464090300343742466
1464088022052261895
1464087536234483720
1464085154133995526
1464084214689656835
1464082337411567621
1464442365381275650
1464438158343426051
1464438104908042249
1464437186573443079
1464433331135815687
1464430099730550784
1464429094246830084
1464426267109855239
1464424644497211394
1464424638037909530
1464422114081923072
1464419232523829254
1464417982528905220
1464417633353146376
1464409274218528768
1464404052804915201
1464403639494234117
1464394443671449607
1464371422004871173
1464346977991159816
1464319189821247492
1464293832611168265
1464287389828804611
1464278887177674753
1464274041473097728
1464268996857892868
1464260490113085442
1464259366710771717
1464250071436840963
1464240727861256193
1464237286191616011
1464231402786881542
1464221259298852865
1464219193641881605
1464217866224365573
1464212339952078854
1464209071922286595
1464209065337233411
1464209063755988995
1464209061562314758
1464206774534348806
1464205956930162693
1464198099329425410
1464195370297090053
1464194309792567298
1464191856179232774
1464191270826299398
1464189351852531717
1464187841987051520
1464186426325561345
1464186064587792385
1464185208924639234
1464183178403352582
1464182561391869955
1464182307456045057
1464181775501082645
1464178889895251974
1464177972487680001
1464177371171508226
1464164090176151553
1464163926891909120
1464163021857583107
1464161153408385025
1464161084911210498
1464161019501056001
1464158238438400002
1464153382030135307
1464153376002920464
1464153372462927895
1464153221530673156
1464151336459456515
1464149758621016066
1464149512138616840
1464147046479253504
1464145003060498438
1464144782242942976
1464144671576317976
1464142321335914500
1464142282052018176
1464142275802456079
1464142270731542537
1464142267124436992
1464142261093031972
1464142256152141879
1464142251618181122
1464142242466127918
1464142124513837056
1464141878123646978
1464137763628802048
1464136409422475267
1464122607385653271
1464118746994282496
1464115809928679428
1464114782475223040
1464113033706278916
1464112026762952705
1464109989644017667
1464108065276391433
1464100887400357888
1464090705744171008
1464089382021910530
1464087827419910148
1464087085791395844
1464083872069550082
1464083039777030152
1464229770216890376
1464104518610685952
1464435140801687552
1464400300463194114
1464397759423782915
1464397561293271045
1464388749710663686
1464255795290329091
1464177818481291270
1464168303664926720
1464145385752911872
1464122727648968704
1464111293472804867
1464356335227523074
1464273110840922113
1464242454354284545
1464229965990227974
1464441549828210693
1464438102609457152
1464435061843918851
1464432066397806598
1464425544942903299
1464417744615460869
1464394091240644610
1464296982382460932
1464262290652368898
1464259295508242435
1464253681977597953
1464244819891425292
1464242552261857283
1464224230577377285
1464220671983042570
1464219212495212545
1464217377399136256
1464191741431476230
1464191524485226497
1464175004463996930
1464166445474930693
1464161567142920194
1464161130071216137
1464159735641370624
1464145636777885705
1464141211854204933
1464140506460352515
1464133234023800833
1464118301588529155
1464093074255015942
1464091113950646277
1464091111526305798
1464091109412401155
1464091107180957700
1464436264388546564
1464425394094833672
1464424754702471171
1464423732718542848
1464422742019624964
1464421703866404865
1464410927969681408
1464404377867751424
1464402416468566022
1464400624578039809
1464397488350064643
1464391056112291843
1464387988893278210
1464384122650910722
1464375968055787527
1464370140984721408
1464367764525568006
1464300703497678848
1464285227950374912
1464278047364837376
1464264799202660352
1464264652703952896
1464262706584686593
1464260347255148544
1464260138743697409
1464256972258041859
1464256836148760578
1464237669735538689
1464236294788173825
1464235196945866760
1464234996101566467
1464234050084753411
1464226173613797376
1464225212874956803
1464221161823227916
1464220670808625154
1464220438196670471
1464217719759200265
1464215408441839617
1464215032162516992
1464212837551591427
1464207790755381248
1464206440470437891
1464205307681202177
1464204062233038851
1464202386554064902
1464200432104796171
1464196868049551363
1464196040689479682
1464193161228537860
1464187787595243523
1464185476990963726
1464184737833041921
1464180309801390081
1464178789257478144
1464176729061158918
1464172133429530626
1464171343981645829
1464166103244894208
1464166041378983941
1464163578303299586
1464150868731723783
1464149418882469892
1464146179298525184
1464140270480420864
1464135689306443780
1464132623580610561
1464130409130708993
1464129224600477706
1464120955672797184
1464120439576285184
1464119551985995777
1464114239568691200
1464113463823798272
1464107388697337859
1464107103010713601
1464098241771806722
1464096509645910018
1464090839458598913
1464436381241856004
1464423202168266759
1464439756784234502
1464428369441738757
1464423782781575171
1464417437273628677
1464406298573762566
1464396414109339652
1464396089436430339
1464370891937222660
1464366417994653698
1464287499606315011
1464274440825368583
1464247944203231234
1464233023738499074
1464227043952906243
1464226083851497477
1464220172999282691
1464212313980895240
1464197291581968386
1464196732040802309
1464192035070439429
1464191521456988160
1464189437873582083
1464187606925602816
1464185701038112771
1464183655895482370
1464177322949419009
1464171953581805571
1464171180709986307
1464165899758305282
1464161381146447873
1464158887746048003
1464155098209132552
1464153134398275586
1464146047593115651
1464146007692697600
1464130010747396106
1464129034195849217
1464123281909239809
1464121129577054211
1464116332597710850
1464114144680939522
1464105166714531847
1464103182678724610
1464102082307190784
1464101888182439940
1464094273364586504
1464091343177719809
1464091120053338115
1464442429583466501
1464441517838270464
1464441335486713861
1464441269166297092
1464440600384585729
1464440118094094338
1464438826240118785
1464437291363885065
1464437084152762372
1464437076204523526
1464436844184100866
1464435670429044742
1464435303511257090
1464434848009895948
1464434379443298309
1464434002119389185
1464433641807749126
1464433390225088512
1464433366787260418
1464432275454529536
1464432011699843074
1464430671108001805
1464430513221877766
1464430295982096385
1464430253439275009
1464430119645171714
1464429521751339009
1464429243622993920
1464429228804304896
1464428164893925376
1464427771644370947
1464426039568842752
1464425634441007105
1464424685630738438
1464423944379777031
1464423937559838720
1464423467202191361
1464420979178807297
1464418090133823488
1464417789075095557
1464416831905484801
1464416658101997569
1464416448726515716
1464416369319940101
1464414737211412483
1464413206730850310
1464412446009872390
1464411925274456064
1464411427427348480
1464410739477606403
1464409481417269255
1464409171718127617
1464408843178299394
1464408808462028800
1464408668179296257
1464408649518903302
1464407908955815945
1464406766259605506
1464404618289451010
1464404495979278336
1464402865456254980
1464402837291503620
1464402426392309760
1464400111706906632
1464399097264103426
1464398048490975235
1464393541992390656
1464392852608143364
1464392284221411329
1464391959510806529
1464390834502074371
1464390583636557831
1464390385250177024
1464389293451800577
1464389267090653186
1464388517065216007
1464387249768964096
1464383502623776773
1464379458505228288
1464378207050747905
1464377703910424577
1464377187902099458
1464377011724451841
1464376322159906818
1464375385223688197
1464373407647154181
1464371308842545155
1464369893483024386
1464369397699547140
1464367768870932481
1464364720215891968
1464364486312087554
1464363044373417987
1464360839776026638
1464353779743031297
1464339001561980928
1464326065015328771
1464299269981040640
1464294970056065024
1464292445533970439
1464290573980819457
1464284466218602499
1464282010113888257
1464281437226487814
1464279531770953728
1464277576319320067
1464273237181825025
1464272383942873092
1464270091084652544
1464268951576219658
1464266558138511362
1464263746981797895
1464263164380344331
1464260903222714373
1464258878044921856
1464253009886539779
1464252444599193601
1464252343717822464
1464251862769618951
1464251843832205316
1464251571307356166
1464251017663430661
1464250088734314496
1464249855325315073
1464248612976672777
1464248534081830912
1464247668914286593
1464247610860969995
1464247417759420424
1464246051691319301
1464245636186861573
1464429719084883978
1464428775794352137
1464423785159806982
1464422053709107202
1464420965455052804
1464420660260720645
1464398799552630786
1464398566407823366
1464398169568018436
1464389188426493953
1464388897475989507
1464384134323838982
1464380133712662532
1464377870378160131
1464323737185050645
1464278617689444352
1464273891744837642
1464271031628038148
1464265352737697793
1464255564439961602
1464243213988814848
1464223553109127171
1464223550374481927
1464221529055498245
1464209955775389698
1464202681921126400
1464196331325440002
1464186127099711497
1464172143910871040
1464171734907506694
1464162568692375564
1464157210150244359
1464155920066179079
1464151820264116233
1464150729212366850
1464147948141309953
1464142540916023303
1464142233205190656
1464137081299431424
1464132900845076480
1464131497716191233
1464129011144015880
1464126431374413825
1464126397299920896
1464126007812575238
1464122308046454787
1464122064013385729
1464120753788387329
1464116058810294274
1464111340277035011
1464105296767242245
1464097679114334211
1464084914836426758
1464416837928566784
1464401483072368642
1464398611102371841
1464355917143568387
1464301903131537410
1464280755568197635
1464274705464979456
1464273318509355015
1464263911176241154
1464252670080786436
1464230347936129024
1464215298483965953
1464208321280233475
1464200510886580228
1464199007031361540
1464194974161924099
1464194185188110344
1464191718979371015
1464188392367800320
1464185029307744258
1464177442331844609
1464174250172903424
1464172906515419137
1464172181294706689
1464169415595859972
1464169140009062402
1464167293542354945
1464161822622113796
1464161724085379083
1464160288941346822
1464159590619049987
1464158792577290245
1464156838182539264
1464150417370083329
1464145763533873153
1464143055846461443
1464142569466650667
1464141995220221961
1464134718975217668
1464134054316367875
1464131713236287488
1464130331020185600
1464124746597949440
1464093040742572034
1464082758561456129
1464415292444975107
1464405266468720641
1464390940378894342
1464163219371544578
1464115204543811585
1464183282342318080
1464433169688522754
1464268673523208198
1464245078394687492
1464232371851448323
1464205000960188416
1464443237196652545
1464438976413007876
1464433854739976199
1464427725947609089
1464418451292708867
1464416386764079106
1464414778844090370
1464391028035637249
1464384223238709248
1464375177999896578
1464369498694119426
1464368811629596675
1464340331403431940
1464297538702364672
1464272156590809094
1464267855415758850
1464263624587837445
1464263423865147398
1464259590481010692
1464229685705859077
1464214396469604356
1464211682905886732
1464211620003942404
1464196700826849285
1464194400293060611
1464182424242327556
1464156485622001664
1464151601241735169
1464151566848430080
1464151443946950658
1464150757452644357
1464148478838280192
1464145999878713350
1464143988655460355
1464142237391065088
1464134208587141123
1464133331138736130
1464129764059500547
1464119777996140545
1464113871753388037
1464096166371418113
1464090429956124673
1464085097343193088
1464048043813048323
1464441039603724299
1464426613085331456
1464426609469845511
1464411297064239107
1464180766397460480
1464442723855859719
1464236817847230466
1464167515987214336
1464166911592124425
1464163320718454788
1464241390775255040
1464106178435182595
1464098370385973250
1464224867436294144
1464350576506925056
1464396702136209409
1464271955545059330
1464227956402753541
1464223868017467393
1464212601504600067
1464112002272403458
1464428845151318024
1464250299032358912
1464263057069076480
1464420226628407305
1464392416379609089
1464250155146747905
1464244219145457672
1464202930483908609
1464156028992307201
1464121361433915396
1464436205005594635
1464421459187548160
1464395266484629510
1464387013658886145
1464266673553166341
1464126283596460032
1464109741576110082
1464095853275070465
1464206306064035843
1464205646010613760
1464204285592289286
1464151124433276933
1464446621672886274
1464425918349250563
1464378660534710272
1464403157862080517
1464281479974846467
1464280482443526144
1464155380192210954
1464144513966870534
1464161966746849282
1464088943436066827
1464227720468987906
1464213540965793798
1464178677017550853
1464144102891524096
1464139265881690114
1464419142132375553
1464418721586319367
1464202704813637637
1464198771575705607
1464192190918262786
1464153509410922498
1464090056184926213
1464089797283041280
1464089752248799235
1464089501186224129
1464089242963832840
1464435095750598754
1464197561619677186
1464118304327360512
1464225684386037762
1464222202757218305
1464436697098166274
1464399575632924676
1464265959791730688
1464258134399094786
1464257792454193159
1464257521372196874
1464257159365943296
1464256695169794050
1464256090267291648
1464255496974520320
1464255218602766345
1464254835239182345
1464254528002277377
1464252440237129729
1464249711372603392
1464234482190323718
1464208587874394113
1464206552554893313
1464200923803049984
1464200283597148160
1464105042990886916
1464405429765611524
1464398367677628417
1464267062730117122
1464092180608258050
1464207277183811589
1464101362141069315
1464168963919646721
1464149089717612550
1464136656420630530
1464286533100322822
1464254478421348358
1464219367009185805
1464218836979224580
1464125692266774530
1464097963093860354
1464441545164165122
1464441211385647105
1464431911556640774
1464240694147502088
1464233726359965707
1464203626230943750
1464168508330184711
1464151586871996417
1464146994969014272
1464146927973404674
1464145424210563075
1464096895421202439
1464449141006745600
1464270052820078594
1464430347387502596
1464413355754414083
1464404474756145152
1464307754227490822
1464253023094411264
1464222861049008129
1464221327758217221
1464157637499494403
1464099980071768065
1464441361332117505
1464271101979086849
1464212676079325187
1464170828321509419
1464128045405687808
1464349822626922496
1464280873524555776
1464152021477388292
1464143326827794433
1464444483018231809
1464394355137925123
1464163431343288322
1464161209939156994
1464158160856354820
1464442821285343239
1464423230408585217
1464399268777578501
1464284066325282819
1464283392824909826
1464281330909270017
1464280595555438596
1464272059417063426
1464249141857456132
1464244331217244164
1464241283820503049
1464233209634320385
1464225090065690629
1464220979748491269
1464220781982879746
1464217068627054593
1464212682463186945
1464210293899206659
1464209586051698691
1464203057034502147
1464196232230834176
1464183947735166982
1464176215246323714
1464163593172094979
1464160018828193794
1464156978972876803
1464104126661361669
1464352694332649472
1464110990375538693
1464110462883155976
1464109302369513476
1464192688052490242
1464148141872017411
1464118946299211782
1464119652481568768
1464433771973799936
1464433759025909771
1464393842107420673
1464209509660852225
1464208884579463168
1464169356233883653
1464118016984055811
1464409008429625347
1464160530482958342
1464147953828851712
1464113669936070658
1464171421437857792
1464136459238080514
1464432723326427136
1464422819442225156
1464393332457570306
1464369331274280965
1464248518621622273
1464246921166344196
1464200302525964293
1464191441219899396
1464163911079317504
1464143501910761473
1464143426732142592
1464132184290127875
1464100281453449218
1464222148260556804
1464190611024535564
1464186998822825984
1464322648888918016
1464247343780302856
1464243380737622019
1464138280744611840
1464246069680742401
1464243286147665925
1464247120433614853
1464245305138814979
1464244180037693446
1464242626157187076
1464242626022948866
1464242625641267205
1464192643273953281
1464137183980261382
1464429259317858304
1464399254600884228
1464399157385302016
1464368507643056134
1464298688893784065
1464297374818263040
1464258190908919809
1464254635753893891
1464232310174150657
1464229847685730307
1464217655078912001
1464215036751015940
1464201672180203528
1464187685069672448
1464170235972374531
1464447914206396418
1464438286441607168
1464246512636948480
1464245232942284801
1464195385463693318
1464104148907945988
1464174002427944965
1464121132005527554
1464433400870162435
1464154373026566152
1464393558031405059
1464240732080787462
1464240424264953861
1464170421008224264
1464169688968011781
1464110696321282051
1464436420844535813
1464272437512572932
1464116398074908672
1464440742928023557
1464404006764118020
1464399163471261696
1464346647165612035
1464332451359203335
1464256090397294594
1464243963980750851
1464242160597811212
1464233718432763905
1464232395012329477
1464219438618710017
1464214841397288980
1464206747053166593
1464196794645028864
1464177602755629060
1464155800285290500
1464149941316513793
1464140871259983875
1464140094277750789
1464115931643146241
1464099141898760194
1464422976514711552
1464384973528391685
1464173861381967872
1464141440888410112
1464112573662466050
1464204947923161094
1464170498095341575
1464197233419509771
1464126426739666946
1464227995627896832
1464426976203005955
1464250117196697604
1464114414198480905
1464106538901991428
1464203392461406216
1464222716190285831
1464146268804976641
1464125931509800960
1464421673025748992
1464109055043989506
1464452407841091586
1464448379568545796
1464446229111185411
1464429828367552514
1464426831088521218
1464424387046608897
1464415904955961352
1464414507082543110
1464403337403531270
1464369842987753473
1464247582671073292
1464224924621488132
1464224922729857026
1464214769276096516
1464153614054612996
1464149427900215302
1464142670457040896
1464131414140456962
1464096550339035137
1464094268784472065
1464358999889887235
1464352884049387520
1464258662688382977
1464249784479281153
1464181515252690946
1464159193271660545
1464105589257039872
1464135659786960896
1464131426593349643
1464308632414089217
1464191721722372099
1464211924640436226
1464208327739461634
1464202834006589448
1464195254223921154
1464157099705909250
1464133616250753025
1464180907774939137
1464423293029474304
1464262781390114819
1464186761198796804
1464175485408055303
1464132227755700230
1464131082211643392
1464452482998812675
1464428718651162633
1464399175164989444
1464375654653345794
1464368662035320838
1464248673672462341
1464210698343309315
1464203537143848970
1464166040363929603
1464159192026025986
1464294230562541570
1464266172619124742
1464227488788148228
1464140909214199808
1464127909115752450
1464377517205176320
1464440951712083978
1464450993379184644
1464437457298935814
1464434630157688836
1464425887047192582
1464372537849094150
1464273596524601345
1464265155085176841
1464249712832249856
1464237551800094728
1464220622045679620
1464220533000589324
1464207112368635908
1464205070296256514
1464204140377038848
1464187174551650304
1464185567613046785
1464178169599062020
1464165951146893318
1464161733841338372
1464161468312535044
1464153264333541376
1464142656586477574
1464116263077113857
1464108273104154626
1464099506517991426
1464382219527417857
1464369088470257664
1464365343493656580
1464283102306463749
1464281813954691074
1464272061048635395
1464253118208634887
1464169759314952193
1464152892114227203
1464150897890508800
1464120184596172802
1464114825240276995
1464110667665788931
1464374648716595217
1464315438750478346
1464313212942311424
1464243020925186054
1464212062696054799
1464181717321740292
1464167493606514689
1464106203747913728
1464444661049671686
1464437456200105986
1464278305218064394
1464194219573227522
1464164654964363271
1464128775034220545
1464102019401199628
1464452463239446530
1464451289161469955
1464429376204771336
1464425012270714882
1464415129383026690
1464386894075027467
1464321835840020490
1464285406015361031
1464262147383377920
1464261976247336961
1464251057714851840
1464245205029302274
1464208677548793872
1464196375294341122
1464171166453706753
1464171047549546496
1464168028547915777
1464164120605990914
1464146019596128257
1464141116383584289
1464138850868027409
1464126556104765443
1464124682236538907
1464109991887921156
1464436216028299269
1464425784429490181
1464352318233579534
1464284487269773318
1464258583378284551
1464252619522670602
1464238938109800452
1464215342956232705
1464201060147347464
1464186788289945605
1464134146989592576
1464120704563965957
1464109548394795013
1464451910157541384
1464434502281822208
1464432652983816195
1464428817703849989
1464428667887521794
1464424175947292672
1464421046589792266
1464412845668327426
1464405091633418244
1464398229978574851
1464397669435002880
1464390739069124618
1464344158164996105
1464327339915890696
1464316087022108675
1464315904846548994
1464304944949854209
1464303602051125251
1464292815278592002
1464284492760190977
1464284490742710278
1464274646514216963
1464267496395968517
1464259439008047107
1464257760112128008
1464248846700085251
1464239565388988417
1464223578841358362
1464212766344970242
1464210687513800709
1464209526467399687
1464208792745242626
1464208697588998145
1464204834739949573
1464202611553226762
1464200560685432832
1464200532847783939
1464199749024768005
1464197875538313227
1464197709192384513
1464197245213970446
1464194954171981825
1464189921271287812
1464181840814608390
1464172575454490624
1464171213228437509
1464167134158671873
1464166382640287747
1464164288902451233
1464154494409723907
1464153736163454977
1464150663550619650
1464139420639059973
1464126258745389075
1464123672499793935
1464118108839243777
1464117022900449282
1464115547528859648
1464108919559634949
1464288334037991428
1464258557260357638
1464257846523019266
1464246453707051012
1464241637211533321
1464227317471875072
1464186869264961536
1464164660798574594
1464162385111912448
1464149482103140354
1464144368919482370
1464136286189473796
1464122486665068548
1464119110359347200
1464438903562141699
1464185601297563651
1464159020088848391
1464128365867192322
1464202336662917130
1464407863703441411
1464396192343801859
1464334944117792769
1464264461947080704
1464212453487616013
1464152030042214400
1464235959466164228
1464241134281003010
1464249778787602433
1464149487819976711
1464222223707738115
1464137891999670276
