1455019401720188929
1455017777249484811
1455017511238258692
1455016193689980938
1455011834595995655
1455011777788334080
1455010233718239233
1455007105857904642
1455007086178226186
1455007040682795015
1455002765839663104
1455001042140086273
1454999612394143746
1454998629186293764
1454995325630894081
1454992718271115271
1454990606271348742
1454989375637319681
1454984067934420996
1454983730582282243
1454982948487188486
1454982482416136192
1454982061672992768
1454981276163706881
1454977608622374918
1454977585704628226
1454976478895087625
1454975692647460868
1454974179816529921
1454974096744148992
1454972447938134022
1454970565563875328
1454969660470820864
1454969131946557443
1454968717159198723
1454968593901252612
1454965758207795207
1454964479171575809
1454963750360862725
1454954836814749698
1454947563426222082
1454906398349819904
1454900631425019911
1454889421266948105
1454876014836736003
1454856527118880775
1454853319231361032
1454848749147066377
1454840827495157764
1454839215099822089
1454836134375145475
1454835412698992641
1454834305310490625
1454830683600293889
1454824333839269888
1454820853732892679
1454820483015143432
1454820103162261507
1454819863713615877
1454819751813734422
1454819196328558605
1454815928948977672
1454808496050819076
1454807383851503632
1454806647130386436
1454800436632817668
1454797476498575363
1454794898096353284
1454791946992455682
1454787488107565058
1454786363560136710
1454782896921882624
1454781760449880074
1454780868443066374
1454780538527498258
1454780305148051458
1454778888450568194
1454778450493857808
1454772192168738816
1454769179353964557
1454768089208274958
1454767456153604097
1454766654873747470
1454753356652560395
1454752975482544131
1454751126897659906
1454745278595088384
1454742701467844614
1454732517253124096
1454731210203152390
1454729867619098627
1454727494242750468
1454724583571931138
1454723234209746950
1454722425086644235
1454722007640133635
1454721174542241796
1454718793192656898
1454717401933570048
1454716172876673024
1454716006283292674
1454712050119184384
1454708463095873538
1454705043777757186
1454704327180705796
1454701614162317323
1454699784900517892
1454699423796109316
1454690470454386688
1454687121923477514
1454685641711652869
1454683330880761859
1454679138728480772
1454678440687276033
1454672859532382211
1454671334609330176
1454668965049880578
1454667669198626822
1454667452407705605
1454666789602816000
1454666606945226752
1454665499032227848
1454665497643937793
1454664076399767552
1454663318883352576
1454660530183024643
1454622058910867456
1455017923169304580
1455014800971337729
1455014002715553794
1455011497483010059
1455007298389045255
1455007050451279874
1455006507192373251
1455004207153442821
1455002946211438595
1454993760765415430
1454993250872279040
1454992621781274625
1454992523693211653
1454989882208645121
1454988664254054401
1454984860443889667
1454984118148624386
1454984101316857856
1454981621912797184
1454978932349054989
1454978684767465479
1454975540243357702
1454962831237914624
1454961689934249986
1454941880530219011
1454941859726438400
1454898051118739458
1454892134914396168
1454892073836969998
1454868074704748553
1454867525330608129
1454861489223999492
1454860957033775108
1454856999619862528
1454853469450354706
1454826690362757135
1454822034949611520
1454817164821610496
1454804161434832907
1454800406278639620
1454796435661078529
1454794142546939910
1454782598698336270
1454768394599743488
1454754894611505157
1454735230347005954
1454734325677576199
1454732853980196866
1454719991308111872
1454717227542876164
1454716909270618121
1454713405441404938
1454710710781440003
1454702332311048192
1454700299285774341
1454692864504385538
1454686386842324996
1454682191716311040
1454680260545441802
1454679300473450500
1454646894706130947
1454672245469548554
1455014218311208968
1455008759323914244
1454989464179142659
1454926399807107073
1454832866353827848
1454823306356396042
1454813857973628934
1454802961943568398
1454765389531987971
1454759386782437376
1454729378445791233
1454699808350900225
1454773658602278928
1454750021631496192
1455019269616398338
1455015440141283337
1455014699162951684
1455011748050702336
1455004029013032960
1455003115048955907
1454995898539200514
1454982733608808461
1454970955818627072
1454962775176876032
1454959527128801282
1454926245800464390
1454829529717899278
1454824823461273601
1454822005304332291
1454813034958843904
1454798231271985159
1454763835764588548
1454762634327195650
1454730372680323072
1454705088211996678
1455019156533694468
1455017956149137412
1455017895763734528
1455017825521729542
1455016761837821952
1455016528726970370
1455016081794371585
1455015801614970881
1455014112077832203
1455013488489746441
1455013140756713472
1455013137925623810
1455012137865154566
1455010672966701056
1455009691453452293
1455009175986053127
1455007656582651908
1455007560646336516
1455007558356193287
1455007555718057984
1455006045776932864
1455005484050632708
1455005388814782467
1455004584850571270
1455004355132755973
1455004145010688004
1455003894317129735
1455003764906020868
1455002981967953928
1455002155455188998
1455001923153580049
1455001559188717575
1455001287569805320
1454997045358391297
1454997043785572357
1454997042208468994
1454996287372288003
1454994632446595075
1454990540613689346
1454984621880266756
1454984591836520449
1454981713180827654
1454976457336180737
1454976332635394049
1454974068105486337
1454972969273331712
1454971905060990977
1454967988663164930
1454966054275354626
1454962455365382148
1454946115191771136
1454945542006448129
1454931860505567238
1454909315811196933
1454898088930250755
1454885763762429958
1454877786624172034
1454869364893646863
1454858932845891589
1454851548454916107
1454851445405089800
1454838205501489165
1454832909232136203
1454832102298435595
1454831157313359876
1454828014013861891
1454827259865358345
1454824439120420868
1454822526740094983
1454815990089355269
1454804459385548805
1454804223879626760
1454794073756286983
1454792253130428418
1454791176179961857
1454786952004210705
1454783683836088321
1454781742502404108
1454780283060768779
1454774784768704514
1454774391137439760
1454771508073545732
1454768971928928258
1454754264169938951
1454753714808393730
1454751521262825475
1454750000181776386
1454748808449986560
1454746905527783428
1454744509204471810
1454743153857032198
1454736681823653889
1454736128569856012
1454734706268798977
1454727022182232066
1454726696381214721
1454723440548536322
1454722575540506638
1454721549995372546
1454719646423158785
1454717534507134980
1454716555586007048
1454712768100069382
1454712759019446277
1454712193274966021
1454707680656781316
1454705434372104198
1454705302704582656
1454704695843311618
1454694588115869696
1454692301163302919
1454691599825260551
1454691374490472449
1454688282051166208
1454681071786680320
1454678153054490624
1454668657531883523
1454667517947908107
1454667407105007616
1454666391299133443
1454666387222265862
1454649063471599621
1455002989823815684
1455002980667691011
1454965947739955200
1454953977229963264
1454948936121126915
1454809827020984327
1454777598391709701
1454763852415922181
1455015910301835264
1455007300330999808
1454995356773609478
1454994287431614467
1454992066455343108
1454985442583998464
1454953222196510721
1454952597928824833
1454934196481191939
1454932451785121793
1454867788405698564
1454853965699444742
1454826591238852613
1454822476811173899
1454820349833400320
1454794470814371841
1454782719263592449
1454775324684685316
1454758435648466945
1454754301285257218
1454750684566286347
1454737234737831940
1454694799596949508
1454672791257579528
1454663497174765568
1455021638890647557
1455020815250968576
1455017629383421952
1455017467596607488
1455017257092845573
1455016982433042434
1455016153017815042
1455015581409710084
1455014674307502080
1455013496232374272
1455013005805035528
1455012146065010691
1455011587148840962
1455010736627847170
1455010088654049288
1455008198058938373
1455007130558156802
1455006847614676993
1455006696665911297
1455006052450136071
1455003938369912835
1455002175583621123
1455001629355302912
1455001562787368965
1455000744461930497
1455000716397871106
1455000549779120132
1454999594002108418
1454998188583129088
1454996998306729985
1454994235434803204
1454992608854302723
1454991637675872258
1454990838463746053
1454986813395718150
1454986811856474115
1454985151289573376
1454984619569254407
1454984419790372864
1454983233842548737
1454982024939249667
1454981618674720769
1454981617181593605
1454981614111322113
1454981612614025216
1454981150401650689
1454981106042695683
1454978014161166338
1454976230877450242
1454975990921240578
1454971368873758720
1454969396938489856
1454968139129655296
1454967789790371840
1454967789131730946
1454967009549045760
1454964900535566337
1454962304034824192
1454962025885405184
1454953126461460481
1454932773815263233
1454916726395752451
1454911817684189186
1454905375589736458
1454877373606678535
1454874812023726081
1454870997153157122
1454863464669741057
1454853512580370441
1454847754174222343
1454846509086740484
1454845704879304707
1454843302277107715
1454838908986875911
1454837586317299726
1454837004370280458
1454834082702049280
1454833047518396419
1454832780291026945
1454829196417536002
1454829072605847563
1454827287904354309
1454824454039633927
1454823443388518404
1454822825232011273
1454819997407072261
1454812192302264331
1454811042354122767
1454809893265829898
1454807268671705094
1454807260476084227
1454804870083473425
1454802802392190986
1454801901703221254
1454800001142427653
1454797858729824256
1454795830414622722
1454795438863699977
1454793333293813768
1454792462652743685
1454791513876041740
1454790940636291080
1454790457389506565
1454788608351608835
1454787077137059844
1454786888150106116
1454785890702663684
1454784850662096900
1454783627120680970
1454780865792266263
1454776187557855239
1454775328233058316
1455014798236680196
1455004311943991296
1455003037471109127
1455000298523488260
1454997685413371909
1454996935627010051
1454994754907697159
1454988276897484801
1454987548632104960
1454986415993868288
1454979731770601472
1454976274758205449
1454966032305557504
1454965277540581376
1454958687965958153
1454958249921245185
1454950229334134786
1454893276369018885
1454889940920066051
1454878650357145603
1454868287523725317
1454842140287062025
1454842134352130063
1454839107805323265
1454838818851352578
1454836464206835724
1454834962947981313
1454833444400209922
1454831268533702664
1454829326302527491
1454826518366998532
1454826300175110152
1454817578145116160
1454814281669640211
1454808617660469253
1454804482496204803
1454802981438689290
1454800838925246465
1454800362179678219
1454799346495492097
1454799185991983105
1454796221034336256
1454795743332503562
1454793624122638344
1454793346778492934
1454793100136644610
1454791338747068428
1454791273135501318
1454790885514747907
1454788296303804416
1454782128936263689
1454781087486414850
1454780556755890186
1454779792574746632
1454778129759670275
1454777873672257546
1454774518405218311
1454770701588578314
1454770565915418636
1454768774385573889
1454767703357419531
1454766724926951428
1454764376376758287
1454762597144690694
1454759192430997504
1454756218707140615
1454753880122662915
1454751919365242882
1454751840382246915
1454748615453274113
1454739209533624323
1454736520322052102
1454735982603898885
1454730850507968517
1454730783730536453
1454730780412768258
1454729644880457730
1454725422726275074
1454724823687393282
1454722776875425800
1454719388490219523
1454717247084105731
1454713103937990661
1454709510203871232
1454705990117429265
1454704917088669696
1454703470699683840
1454700798256898056
1454698915656192003
1454679590320885760
1454678408965738500
1454677561586241542
1454673944754020355
1454669590839980035
1454669432844816389
1455002934056419328
1454992048470167557
1454986295562801159
1454981901920342018
1454981620461543425
1454977151929761795
1454947565556797446
1454868045881495555
1454860762850029575
1454850632699944967
1454827473309294592
1454827195117883402
1454821615418499074
1454814650780905474
1454810132899008517
1454803285492178945
1454784383466967044
1454757654325186562
1454753927757320196
1454680387473473538
1454669591708192769
1454668635239174145
1454997132151177220
1454831284606300167
1454791119993069575
1455001584308346886
1454823096637018112
1454756600896364545
1454798005178015756
1454928436162535426
1454927495141068807
1454881702241734657
1454803379524292610
1454810860195512321
1454673664993992704
1454740696766705664
1454979523578007555
1454838600818778113
1454837640004399104
1454805017785880583
1454801240248832008
1454781995364487174
1454750025129488388
1454712002429931521
1454708530213109761
1455023257543979011
1454803592460652548
1454798375006523394
1454797675174383622
1454702806510682125
1454693137201254404
1454684623447887882
1454795371067031552
1454722175831658500
1455005468602998791
1454991455349456901
1454991017346621440
1454989520898715650
1454829033905012741
1454786380702257153
1454773902345793542
1454771494261723136
1454764733035282433
1454762991228915715
1454678361112940548
1454676251344465921
1455004045312102401
1454786019920809998
1454825287032639488
1455003515093327874
1454969546813571076
1454960725089157129
1454904333129060354
1454876689767354380
1454876687754149890
1454876685870850050
1454876683987668993
1454875213271736323
1454803825353629701
1454791798568603649
1454704416943005710
1454669168704323589
1454995065621729283
1454969819661438979
1454699019817553927
1454718924952535041
1455014284430241801
1454719658787938306
1454668233722580992
1454810351615168516
1454719270030491649
1455008234985582597
1454787287804305409
1454720667341840386
1454718539764404228
1454718226122698753
1454664919626907649
1454797449562767373
1454782380292542477
1454760907398017030
1455025800760082432
1455021501569138690
1455019427087335429
1455017884522987520
1455010412114571268
1454953095700488194
1454873842053050370
1454850376021131273
1454832797332303875
1454771879600803854
1454746076821422092
1454698130587357186
1454973861628289025
1454845791688790020
1454824800233291779
1454732219499499527
1454664855512702986
1454938039826874371
1455007141870256130
1455006609411698691
1455006550448214023
1454799183840522241
1454680324445671428
1454959518685618177
1454683976656818182
1454975045416013827
1454834299119702016
1454826435655340033
1454753768373841920
1454747551299608577
1454747542281805825
1454747535751274501
1454734947281817606
1454718514279837703
1452589839782580226
1455014205300506624
1455013031302234118
1455006145068748800
1454992789121343489
1454826478470795274
1454698998665646085
1454791411555995663
1454965290316414976
1454959099020414976
1454823306612203524
1454798100745256960
1454781754477142025
1454773531267371024
1454740166178836489
1454803333168779280
1455029135391158277
1454798510025441293
1454742948264878089
1454989821814861827
1453265406966239239
1454986296850407424
1454951612745601024
1454925845630308363
1454909935653847044
1454850297889636356
1454848699956224000
1454848596700925954
1454827696911904775
1454806578259841034
1454806398462685192
1454805835192832003
1454804625152872458
1454802351554908169
1454802164501471249
1454786327795298312
1454781859527757831
1454777346796371972
1454766782309228548
1454750997289472001
1454742436090056712
1454741948334440448
1454732698623168513
1454721978644918273
1454698148530622468
1454983557491789824
1454669791659118594
1454762097074532353
1454762095124250629
1454729894173155328
1454723199153836035
1454706712758284294
1454999383527727105
1454994646526926854
1454882301926510593
1454826940687257604
1454795879429263361
1454762908018089988
1454735043574697985
1454689301027905543
1455028510192386056
1454800624134942731
1454699832887562249
1454680123337109507
1454676618492801029
1454675474458710019
1454706156958531584
1454717682213810178
1454717248455667713
1454940497336696844
1454824006767415304
1454808434562375680
1454781014849458186
1454778635894755332
1454766686188408841
1454715686442258433
1454708860380401668
1454696368866353153
1454698264633040904
1454775772112056320
1454750317040463880
1454847633412038665
1454789328014491652
1454697760087678982
1455026895527940100
1454963716554772483
1454764892473348101
1455017188289482757
1454830784825593859
1455008571985260546
1454828788756275212
1455000454006407170
1454821045530030087
1454738893425700864
1454699963129106434
1454817908165525507
1455003644915372034
1455003394066694149
1455000861810184193
1455000340122652672
1454998700170702851
1454987928258576387
1454821452255928325
1454820942736093191
1454820497670082561
1454820497401663492
1454819806000005120
1454819032767496198
1454818360672210963
1454818159525986306
1454699639844708354
1455016099041333251
1455006792904175619
1454947275684208643
1454805794013077510
1454805545718747142
1454795417955102734
1454788514432761864
1454781085783511044
1454775307462795273
1454767526982733828
1454762501791305734
1454740772238991368
1454729255523213315
1454966123376508932
1454887113053270017
1454886900985212930
1454709598632300549
1455006795945021443
1454753627625508872
1454744806551277575
1455013627723796480
1454979436705501188
1454681852229427203
1455031692859564033
1455024386755338245
1455022385703186432
1455018652151922695
1454911136604774400
1454905173114073088
1454895461861560320
1454859190522945542
1454823645025423370
1454820627823484940
1454793470879494153
1454790836495867908
1454789849265831946
1454737919994843143
1454732487440015361
1454716176630644742
1454696733363957764
1454675662019518475
1455002790640570369
1454993690313707521
1454829734009835531
1454809102274629638
1454797593716748291
1454754028076765191
1454717125759680515
1454692113589751813
1454849606605369350
1454778036432236554
1455003410554507271
1454788431767212036
1454791057414057992
1455004907677765635
1455004368604778500
1454766229487448065
1455008554566385667
1454965306275745793
1454962237425139714
1454956611106050051
1454826396098781184
1454792710846513156
1454791363963146246
1454788411584249870
1454771922789564424
1454771038114308104
1454771011090411522
1454770530758762497
1454761482588020738
1454755978004471811
1454747092023316482
1454738805584400390
1454732879095754752
1454706438610190343
1454706073420529666
1454699677996052485
1454984021239234563
1454758078788685828
1454741655785926660
1454986814557548544
1455032365479194624
1454890114157473794
1454821795677097988
1454805289509605385
1454803283856400397
1454771836076507137
1454757825427558402
1454756276542398476
1454733851712901131
1454706532411527173
1454695432878104584
1455008410726907907
1454807801247588360
1455012800925814784
1455011598863507456
1455009177739292677
1455008570269835267
1454867158500921355
1454824815534043149
1454812070206083087
1454786796970119173
1454737937451524107
1454998059222396934
1454968986572148737
1454848268827906055
1454832167310090244
1454810979879981064
1454805945796612101
1454791621359271945
1454769563569037314
1454828667809320974
1454684052322013186
1455026174908788740
1455016110164611077
1455014950368280576
1455013393375498252
1455009601473024003
1454994075149426690
1454992880901050372
1454992595596156934
1454986639009222656
1454964842293383169
1454950806625533958
1454950681467518977
1454950622805987328
1454948348150960128
1454927673734488068
1454902511454736389
1454902406374772740
1454901842740080649
1454872431542210562
1454856049274458123
1454846758870130690
1454828693868531714
1454813814994526225
1454804771731169289
1454802348392390678
1454787741829320705
1454786265212063758
1454777037785223175
1454775531988140032
1454764600637808648
1454749776314916867
1454745894687969290
1454739187995865088
1454690110386040836
1454683763867365383
1454812599875473410
1454806379739299843
1454769602131415043
1454753292962045952
1454708285999759362
1455012534776336385
1454996449272340481
1454996398080888843
1454958288194322432
1454871703318827012
1454847654983131147
1454824377506168842
1454818515358138374
1454818356104597505
1454804801204617225
1454798685359861766
1454777381562904580
1454752128325410820
1454721120666480651
1454678839192264706
1455032730169712641
1455031857033056258
1455003389389991937
1455003182384357376
1454956750939910144
1454955603864870913
1455021093916266497
1455018436514312194
1455013823895588867
1454999866770444288
1454998215082668032
1454993490559979526
1454957653822566403
1454928052677349378
1454905869326557184
1454884262562484229
1454780767121276931
1454767164603256836
1454761944997531649
1454751371790405643
1454750674491641860
1454743370937606145
1454717099062951938
1454711846750068737
1454692224088694787
1454979015232524289
1454888023758229507
1454885182327037955
1454837810746126336
1454820329163931650
1454815168618131456
1454773247103279111
1454750822701559808
1454727116801462274
1454720025613377537
1454696748283138053
1454679391989010432
1454956620320935936
1454842598456131584
1454808491701334020
1454796464987594769
1454724519323570189
1454724315622961155
1454770398936010754
1454801829011750914
1454681893627056130
1454724181308833794
1454723990547693574
1454733959309316096
1454835544429498375
1454825239364325381
1454829255301296131
1455007691223355392
1454779933998215170
1454769073628221440
1455018434698178563
1454857288389312512
1454857286078193670
1454975808259309568
1454984447942533121
1454964344807059461
1453578687626895362
