1456108930283700237
1456108046350835712
1456106357795344385
1456105692989820932
1456104816048951305
1456102618137174022
1456099965852209159
1456098793141641216
1456098568532488194
1456097570325811201
1456097256298270721
1456094300857634819
1456093685444055048
1456092811787337738
1456092369405628416
1456090806587060226
1456087995489001475
1456086577357099017
1456085191655497729
1456083749884493825
1456083721140903942
1456083140582146054
1456082521494544385
1456079236477820932
1456078658418868231
1456075372701773825
1456074698811326468
1456072584437460992
1456068407237832708
1456067263140794374
1456066212228579328
1456065169046454276
1456064914171248641
1456063654382735368
1456063526267719682
1456062163991289863
1456059889441116162
1456054691494649858
1456050028372381697
1456048932543365126
1456048679366844416
1456048554703687684
1456048048102985730
1456047305652510726
1456046859424722951
1456045510679150593
1456042900265988097
1456032321790939137
1455983966469591042
1455975480104914944
1455975419996344327
1455972043007143938
1455940570749100033
1455935494810783746
1455932508470534146
1455927713475149828
1455927705195597824
1455926904645570563
1455923646283739137
1455921841210462218
1455920353935446017
1455917870903271424
1455911892594020355
1455910479231025161
1455910344170217477
1455905064812363783
1455904919693586435
1455904323825639426
1455903471727616003
1455902188144717834
1455901777203642374
1455901496340455427
1455900924430356490
1455898729236422667
1455897557918310414
1455895779332132873
1455895067407708170
1455894307609612289
1455894129238372356
1455889969696804868
1455887760598790153
1455886694415097862
1455882787223785480
1455882110951051264
1455882036808335360
1455880881197838339
1455880214983049223
1455877892286533643
1455877233633992705
1455871698540978179
1455871686239141890
1455871355769946120
1455869753549983747
1455869044456890373
1455869004040441863
1455868756811337729
1455868462241222656
1455865281729875969
1455864870595805186
1455863455823458315
1455863222502785030
1455862472628310017
1455854020975742980
1455853400130732032
1455850238120390658
1455846381222907914
1455844312378331137
1455840815247355906
1455838815482888195
1455835684183293957
1455831811636948997
1455831540517146629
1455829236975951873
1455827576761372674
1455827294413418499
1455827021171347458
1455826866212786176
1455825361967534087
1455824488235290629
1455821808284979206
1455816047722786826
1455814368663199748
1455809008296620035
1455807772293959686
1455802490885222407
1455791859519799301
1455791258941542403
1455785491781980163
1455779934102638599
1455776512376901641
1455774291560054785
1455772842344075268
1455771400539496449
1455771147123900419
1455766014466002947
1455765500684750853
1455762694154248193
1455761670391934982
1455761265167519747
1455757839314534401
1455757437374328833
1455753049465491457
1455752377038893056
1455751307843698689
1455750443569532932
1455749161794502661
1455748663729295364
1456108521150291974
1456108512027627524
1456106637270335489
1456095432514228228
1456093017664720897
1456091493928558593
1456091232438865921
1456090802849943556
1456090337001160710
1456072401926512644
1456065786808733701
1456063091662213122
1456058792752283648
1456012966457839617
1456009780414201858
1455996126562177029
1455985630861611009
1455937523968925702
1455916527530565633
1455913261912657924
1455907004350812161
1455906086502817798
1455903850167160839
1455897886034518018
1455895441413791756
1455894557741260808
1455892009512837122
1455889929175646216
1455885810486546438
1455884226595725312
1455882727786364936
1455879399266557960
1455870267364761604
1455860234094739457
1455853634927796232
1455849184481845251
1455830063836897284
1455811298394992643
1455809705314435072
1455798363526287361
1455797351642112000
1455797337058512901
1455791958757031938
1455780728600285184
1455780327893311492
1455778432579620871
1455777790381285380
1455773880761524228
1455769951885692930
1455766532911362057
1455763549100281862
1455760671048548353
1455751881473474567
1455751862087340033
1455748734935977988
1455747104966651909
1455731100362231812
1455524540155584516
1455886725310402572
1456068524657442816
1456061884612837381
1456052425844932609
1456040128690864128
1455938883955216384
1455928055952601089
1455926080674545666
1455910837634289674
1455896391964774407
1455891196862087176
1455882851333787650
1455874740426457088
1455816906070319104
1455805160085590016
1455794714838331397
1455778013992288261
1455776935653429255
1455760157124665345
1455754060909330433
1455876146701213701
1455855150577369091
1455781388272029699
1456086445135843332
1456063649236365315
1456056441798680577
1456019299898826752
1455909838945349640
1455907924211953675
1455906658861785096
1455905104863719428
1455884969209831426
1455882346633121795
1455868946163372036
1455841091756855302
1455838203940794371
1455837209660215298
1455834107787694080
1455831896680587264
1455824590735757312
1455820186649432064
1455807247267762177
1455799069717110790
1455789515520413698
1455788274509778950
1455785296402935818
1455785055226191872
1455781795274936327
1455780419396243460
1455768637797650442
1455764690915586051
1455751727290880006
1455749214315548677
1455749190374473732
1456107067291226114
1456107063906476034
1456107060362317825
1456106893491855360
1456106568521420802
1456105426768961545
1456102553884631040
1456098876809572358
1456096219097284613
1456093861609082882
1456092088924131331
1456079578208763909
1456069931225677826
1456056871018586118
1456056099472248835
1456033722038374403
1456028421566369799
1455997003511459843
1455953322049867779
1455938216939327493
1455937909832372226
1455933321616117762
1455929901454790657
1455925693573840896
1455920888063279104
1455917770978172928
1455917183188365313
1455903690355736576
1455891350897840131
1455884102893117448
1455881847523536898
1455881535920349188
1455865910552457222
1455857241072930821
1455855498658340870
1455853376307138560
1455851052545101826
1455850839734558721
1455848580283985923
1455839408830230532
1455837542717214724
1455829162145558528
1455824708813787142
1455824289937207296
1455822831695003650
1455821472224657410
1455819843777613825
1455818126470246401
1455816673584353282
1455813748413775875
1455810391448117248
1455797221199335425
1455794866093318155
1455789705186844677
1455786660919078913
1455786658473803777
1455786655835512834
1455786650227773443
1455784320258424835
1455784117333684227
1455781022742708228
1455778012750774276
1455775873945071620
1455775422025662467
1455772005995745280
1455766580369920000
1455764829315026957
1455764745638739973
1455764612079505417
1455764218314067978
1455761250114179072
1455755370178088961
1455751723771842565
1455751639378366464
1455750085631897602
1455748573228789765
1455747385653530630
1455747155155558407
1455727650341670914
1456097279480266759
1456093060710879233
1455932050087694336
1455926930415362059
1455923560623448065
1455917698454413325
1455910208908058633
1455904719595999236
1455897001078312961
1455893767030861828
1455886407914848258
1455881327039811595
1455859337897807879
1455853385299550211
1455818230749011971
1455785424786386948
1456105161596694528
1456068663858003972
1456067942018211845
1456045251534020609
1456043904684290049
1455944231562792961
1455941756487299073
1455927500979068935
1455926355602788357
1455922103819980807
1455905977325142020
1455885021168893955
1455874671052681222
1455870974532808713
1455865862305452033
1455856777988239364
1455849180828631043
1455844279692115970
1455840027024367621
1455835563580276739
1455824473618202626
1455823868791181314
1455816573692743683
1455803306081599492
1455800263298535427
1455797532391469066
1455791939945521158
1455778025723813888
1455775773785161733
1455765409446051841
1455762502042619906
1455749985861980163
1456107603117936640
1456107285500006407
1456106206771122180
1456106176525979654
1456103735369732109
1456101815397666825
1456099272324124674
1456098194195025927
1456097886026883080
1456094624137695239
1456094614738194434
1456094318658154502
1456093572252323840
1456092364691304449
1456092157949841412
1456091794454630400
1456090977760792583
1456089546802688009
1456089408499716101
1456088058139267074
1456087702047055874
1456085888434257922
1456085561035276289
1456085302519349248
1456085189067563012
1456084556558200833
1456084303033499654
1456083239982940161
1456082140416802816
1456082136499322882
1456080364519133184
1456079022627057665
1456077470667468800
1456074660110422026
1456073533751128068
1456072766059208708
1456071594502025216
1456071551703420932
1456071050295332868
1456070226173304835
1456069745740976129
1456069441913982978
1456067127975157761
1456066497126621188
1456065782484385792
1456064777185218569
1456064774119165953
1456063736263839749
1456063474077892614
1456063071764451330
1456059346064924674
1456059012630265859
1456058749022457861
1456057119170457605
1456056040198328325
1456051830576668673
1456051327155380229
1456050332815876096
1456045089499717635
1456042907459207170
1456040072952750082
1456037296734498825
1456035344957120516
1456033537803620354
1456028853776920579
1456025791918219264
1455991976491319297
1455969397705641985
1455955874552320005
1455950815328231427
1455949132191784960
1455948778494513154
1455948490031329283
1455945659337494529
1455941549670342658
1455938412867846150
1455937990128136198
1455937762364776452
1455936602660737026
1455935144984920072
1455933396127928331
1455930413583519746
1455930040370167808
1455929155535532032
1455921870864150531
1455919997302108167
1455918606814900224
1455914697668972546
1455914030489423872
1455913707297402881
1455913413020839938
1455911936411926538
1455911203608223757
1455905120659595275
1455902521621245956
1455898682700623881
1455896407731150851
1455896350692978693
1455896049894236163
1455893286640517124
1455892232234430473
1455891981834489866
1455891812531380232
1455890076064382980
1455889472726335491
1455887702767947778
1455886848132141061
1455885144410279937
1455884035410915333
1455883901537165322
1455883750747697155
1455883605507395595
1455882735688433670
1455882705967599626
1455882702167576576
1455882699713875969
1455881800429944835
1455880191532666884
1455879516136476681
1455879471186133005
1455878950190673930
1455878677720231939
1455878443187544068
1455878205659762692
1455877873626009605
1455877808287215616
1456102741743308806
1456088937055748105
1456061671814819847
1456054642396123138
1456049409846743044
1456020476602445833
1456013607704018944
1455999412967149568
1455988817324875782
1455944299250536457
1455923200177557509
1455916244373106696
1455895686621270029
1455888528148033546
1455888019160907780
1455887964001607683
1455887872230256647
1455887413473988609
1455887102374146049
1455887031066763268
1455886812593807371
1455886209725579269
1455886114472947727
1455886059334553607
1455885693121564675
1455883785082269699
1455877147327799300
1455876998031495174
1455870414136115200
1455868025077329923
1455865583648460804
1455858481123119112
1455855905459765252
1455851723336007686
1455851667757305869
1455847760914096128
1455838345045561349
1455837521934315524
1455832370335010817
1455824211310624775
1455823068631162880
1455822867229130757
1455818261472284673
1455818244145614848
1455818109386825729
1455818103510556672
1455818095096840194
1455818091955310592
1455818085655449601
1455818083042430987
1455818080630685698
1455818075677155337
1455818073630334979
1455818070597922822
1455818063924715520
1455818055892684802
1455817904985808905
1455816376510152705
1455816292481462274
1455809610141487105
1455801136045117447
1455794607053160448
1455793372870811649
1455792541723336712
1455766996193202180
1455764559692656641
1455763847625670656
1455762524318490624
1455761902483607554
1455752809370959881
1455750189495447560
1455749223358480391
1455748920529674249
1455747394260242436
1455564776218587138
1456106914132025345
1456098068508467208
1456066960395943945
1456066727263936515
1456064345905897473
1456047074294702082
1455950239265812482
1455939556478316547
1455935676986183683
1455926685325422599
1455924705534234633
1455916096712699907
1455895077037821960
1455893254080131072
1455882937627447303
1455880920456564739
1455868940064727046
1455862484045156356
1455854798314487820
1455853980819472384
1455848624823291910
1455845610729316353
1455845005864497159
1455841456069898240
1455841309093027852
1455824577641295872
1455814707076493314
1455806377847263232
1455797631880290307
1455782059662725128
1455779001268465666
1455762694913421313
1455760419130204160
1455759068572704771
1455749341453250562
1455780116173258752
1455854641397178371
1456109256567103492
1456101016131145732
1456085405921538049
1456084484135133194
1456058995974631425
1455975343047593986
1455958592079601667
1455944506000297985
1455930138961403907
1455928639027965954
1455923725245685769
1455889549339418624
1455887018546765827
1455878067470041099
1455869663250771977
1455861372357472262
1455857696092004358
1455857135204507656
1455856585180286979
1455851440107180032
1455851202764230656
1455843335487168514
1455835687291215877
1455833039309737991
1455815277862539266
1455809505669779460
1455804891327188994
1455798543235653632
1455798456585363460
1455795386921062404
1455785006874300418
1455780012628406280
1455778156862861334
1455776487907364864
1455740268141969414
1455723643497943042
1455718280962842629
1455712166862942213
1455709512292175874
1455706892047568896
1455704768937009161
1455704216069050369
1455699503047077891
1455694498374164480
1455692591031209988
1455685014587199490
1455676818950787073
1455641335726178310
1455639743367028736
1455607759219531780
1455567331531231235
1455556306396352518
1455555933061337092
1455549725713727488
1455543000679862272
1455541078363365389
1455526767859576846
1455508067307569153
1455501492606025732
1455497928026439681
1455491459776499712
1455483873245106181
1455476784091197450
1455469791360159753
1455469343844696066
1455468609438773248
1455459776880537606
1455454682277576705
1455433393940807685
1455415972282597387
1455412430679408642
1455399553704685568
1455396435919179780
1455385786069577730
1455368360858832896
1455361632708841475
1455338872628342784
1455335436461633539
1455334810558234628
1455319102549991424
1455206906839003143
1455192423244517378
1455188760337944582
1455187526939938819
1455184082514575361
1455175708339146767
1455162488882823183
1455162079963271169
1455156576550113281
1455155686334091264
1455155352685539328
1455150951111610372
1455135877970239497
1455130119559790594
1455128712819527685
1455127707570696193
1455125524963999748
1455124618591682562
1455107588115238914
1455096942690807808
1455096930573426692
1455092472242049028
1455086830949330959
1455077754714476547
1455062854579593222
1455061321980858374
1455054830842499075
1455045810496835586
1455032932301619201
1455030313885659137
1455030301772505100
1455025230313754630
1455018915398971394
1455012016041566214
1454999526045937667
1454999094305300480
1454997824697876483
1454945713486368768
1454930079310499844
1454911129654743050
1454881679005282307
1454846488547233801
1454842280234262560
1454826271863574538
1454814443284549639
1454813580096802822
1454775273744846860
1454772394707484684
1454752572087025673
1454747808213323778
1454740387394772995
1454727970065555460
1454719486284603396
1454706786871615490
1454696891803848712
1454693309771763717
1454689594360795138
1454687793699905539
1454686458573295617
1454685614423511044
1456097015239036939
1456095722613317637
1455826403807555591
1455814800374591489
1455755747992637441
1456075751808139265
1456032050474008586
1455864881819701255
1455859813737381890
1455858470188568581
1455809368033689603
1456082341697261574
1456027522961915905
1455894140391084038
1455814956541042688
1455811075757117446
1455810398167334912
1455756150876504066
1455755446325628932
1455794313015615499
1455372810558349313
1453637696732102667
1455951891049824256
1455950395964940288
1455948683757842435
1455913285107085320
1455876872332460033
1455876263176933378
1455870460546093060
1455793476503625732
1455787337313570822
1455764458370830347
1455882302160998400
1455862501522903042
1455753457533526022
1455900801595895811
1455922997303267333
1455921626822762498
1455765534671192070
1456055629907312643
1456032549592051716
1455934799298773003
1455793903341211648
1455770456695263234
1456055922590109702
1455785496508985344
1456088823083855877
1456084593820327940
1455799564301074441
1455004935909642248
1454789945550274571
1454761904346263553
1454327323222634498
1454033550437535750
1453748595690143753
1453653301119967237
1453582624534896640
1453264758644297731
1456099705729941509
1456086088821272577
1456082435750252544
1455947621470597123
1455930125661335559
1455897775124541440
1455841697045254149
1455970971668533252
1455832930706546693
1455881868495122444
1455916649542868997
1455861834662256641
1456083741743353857
1455889985299628037
1455854083303100419
1455772921742249985
1455802245442723842
1455172231626067968
1453207356515356672
1456108261715812353
1456078081559388168
1456066446455304193
1456058276555091970
1456022405399269379
1455941839383531523
1455890873930031113
1455849376929095685
1455841240843317249
1455832937102864394
1455827957214183426
1455822833297158148
1455821027401867266
1455815113965850624
1455807617268273152
1455790019436707840
1455787357861400584
1455786549786775562
1455777459849232386
1455766267026030596
1455765786786598916
1455765368417386498
1455764938165678080
1455764493296758785
1455764214954409984
1455763008714526720
1455762563459739648
1455761447355445251
1455759579824807941
1455759195718897666
1455758816193040389
1455758404824096769
1455757851050188804
1455757572225396736
1455764006325526532
1455903831921860609
1455902923557257218
1456078910970421256
1456052519973502976
1455972197529362432
1455903575045861386
1455902677590630406
1455902374057295872
1455847275234660352
1455828671760044033
1455804077783203840
1455769158403207170
1456105831502520330
1455884535128678403
1455934229498327042
1455900481788678145
1456095099880804352
1456082273288146947
1456056878455214087
1456051928761204738
1456051565446373379
1455970601810599937
1455939014079377417
1455933806859325441
1455931654615142407
1455931023754088450
1455923397150478340
1455893769090265089
1455890869974749189
1455859827767341056
1455850895950815233
1455840834419519500
1455840709324382209
1455832729145122816
1455831813247565824
1455828699287334915
1455828594291195904
1455827372872069120
1455826903911198726
1455807581008531459
1455803001772253186
1455919524922810374
1455912552999751682
1455908012053254144
1455827499728867332
1455770947592417281
1456096090466373634
1455933811355623425
1455933808700583945
1455918388157378561
1455895203655536641
1455892359107932165
1455859343547514883
1455854393698390020
1455811863514472461
1456102716497817601
1456098710560018438
1456001474656227328
1455983766321520646
1455872905535909891
1455757722092126213
1455733292427141133
1455547578502631424
1455540791179362323
1455332715981467649
1455091208536006659
1455036256497254403
1454807662177099776
1454796132228288520
1454657897699287045
1454635256397524993
1454271886234296323
1454257234033065990
1454039061287424002
1453740731407814657
1453637530528616454
1453392157188898821
1453386282730614788
1453336939390595079
1456077327574593541
1455874562223050756
1455873543082709000
1455808496092340226
1455767257531838467
1455752882913878017
1455752258222583809
1455946504204533769
1455886856030019586
1455897852471693312
1455854835387887619
1455815161340596226
1455807342969163778
1456077325506805762
1455932133181063168
1456114920127299584
1455817485731569668
1455815154029842433
1455804755255562250
1456087741662314497
1456082622455500807
1456076794772144136
1456074882987409410
1455921912027090954
1455906200130711552
1455896965372268551
1455887419786477571
1455876799104049153
1455875040885411856
1455874208580259841
1455834904755785729
1455799005523312643
1456033203555287046
1455846348616450053
1455758648114769921
1455758583400841219
1456107063566749703
1456057895011848200
1456082304263024643
1456045447034802183
1455885057772580869
1455844058044141571
1455697605330018308
1455024196556181510
1454726870755278856
1454719403790983173
1454529918428069891
1454487303892582404
1454368055807545349
1454023024768782336
1453705328650903557
1453661525470707713
1453644507975753731
1453529400075456513
1453311551109173249
1456059527472685057
1456058191045791745
1455533668659867658
1456115222180089856
1456086253619716099
1456052245775060992
1456028092607070208
1456028077243392005
1455911242975961090
1455835750490988545
1455829565142568964
1455805567734222849
1455916835715514377
1455870831825801216
1455792140307492866
1455783029624827907
1456106619243143170
1455876085158014978
1455845809044410370
1455836379401768960
1455796002166804480
1455774111804755972
1456043418715504641
1455920940957634573
1455793352943800322
1455791977274896385
1456080085270732808
1455908970779009025
1455904974798417924
1455890007177109504
1455861009944436741
1455828194104283141
1455763133620899841
1455797739686490113
1455792056639520768
1455492285857030145
1455045245033271298
1454864832314765318
1454755739663155200
1454104874040188936
1453937109656424449
1453370351509917706
1456089865410387975
1456075362501156864
1455910382963347459
1456112432598769667
1456004288333766662
1456089413625122823
1456076222497132550
1456075818795368451
1456009945762074632
1456112566153801729
1456089269345210371
1456076056968851461
1456075146918125570
1456015689047707650
1456009175255764992
1456007629730238465
1456007629008818177
1456007627532431366
1456007622432210945
1456004196029767681
1455997389181898757
1455856480112963586
1455805573178400768
1455765027911208960
1455856795931463680
1455040468559937536
1456094029582536705
1456083377082155008
1456068801703731205
1456064125541355524
1456033555558150149
1455933896957186049
1455933581432217601
1455882557615054849
1455852900639404038
1455843807967137793
1455837506323116032
1455829481596194819
1455822317955678213
1455814163276566531
1455809607171919872
1455809463768666113
1455804477735276551
1455792004814675972
1455770446322814984
1455767040212410374
1455767035405766660
1455762168125673474
1455760894688849924
1455926894570786819
1455920505370775564
1455884185835429897
1455851031187714056
1455952069257424897
1455916369023696899
1455848555298496515
1455814600117522436
1455812643852210184
1455812524117348353
1455812388662308865
1455812338947297281
1455812282059870212
1455811756698128385
1455810433013538826
1455881812257882112
1456087877582872595
1456002712424812549
1455951030043168786
1455915017576927236
1455895760084484097
1455862163130634245
1455860011792429061
1455846682143252485
1455822511577255943
1455804733331951618
1455787022468091910
1455767040472408065
1456099407066066947
1456086023394398211
1456073627166646276
1455984361241595904
1455809591799779330
1455785098020732928
1455779040665608195
1455776858788614149
1455775599444717573
1455774699686825990
1455767856109342720
1455763127664984066
1455761766919520261
1455818075937259531
1455948992328650755
1455889814088142852
1455812204045881351
1455804370000367622
1455725096371249152
1455697726662975491
1455650005411188745
1455525535925235712
1455524187091529728
1455428161273937922
1455192769824112641
1454461546633990145
1454460600868741125
1454152934103552002
1454130881560408066
1454117642252414978
1454116126753841159
1454108281819910147
1454082487248846849
1454008596870483971
1453930015138086915
1453892696758652935
1453828949373558800
1453736415099908105
1453720467378901006
1453551540258500610
1453538146986041345
1453374593779961862
1453243140203241473
1455912457919086594
1455849252941275141
1455848035158659074
1455956801636036610
1456105237249282049
1455912814577532928
1456051534597431299
1455688910378467328
1455134849946112004
1456119039223238657
1455920219818397701
1455913846510653444
1455907264238219270
1455871049187299331
1455843041558728709
1455799999225204740
1456100965723959304
1456081379121254403
1456061867437137924
1456060392560488452
1455863414786428930
1455803403519422464
1455810980852604928
1456115015983853569
1456111985305612288
1455951359929323520
1456037687496904705
1455912814036410368
1455799301561466881
1455794973866020870
1456117401876058116
1456115250399354881
1456108132745179137
1456090627121168384
1455916259191574528
1455907796814209027
1455865132907593729
1455861746141302791
1455836483827343360
1455817204461539329
1455808751462535175
1455803469789466629
1455770524764684288
1456080987431919628
1456079267444318208
1455876135443570694
1456105160418103303
1456099975713067010
1456025001195446277
1455908018520879108
1455849976156725252
1456006051275231234
1455873444755640321
1455758385631006721
1455730689987407873
1455454601436483590
1455415763196526593
1455344064069390336
1454955101030797312
1454703647980285953
1454597732266483720
1454293051883524096
1453952513565097990
1453870909236912132
1453739880467496971
1453498316294029315
1453236459117367309
1453222858973319168
1456122254090125321
1456113317466959875
1456100321617321984
1456070386638987271
1456063268305321984
1456061802148601860
1456057428353507329
1455957464516415490
1455884987626967051
1455866953193517056
1455865652023943176
1455856240010010632
1455849047097372678
1455846619400736775
1455827645216616448
1455777096383352833
1455768726553255937
1455764108431691779
1456116305828855808
1456081150355537925
1456076294433607683
1456066309603487748
1456050501611450374
1456050241874972675
1455962662857179136
1455912329472737284
1455818748766527489
1455800765386145803
1455779952570212356
1455793450247340037
1455799074360287234
1455800365912186880
1456057596029308931
1456019240759095296
1455846451997773826
1455799171634511874
1456112620709179396
1455813732664176640
1455783145765158912
1455782838104592386
1456113983656808452
1456075837128597508
1456060894723526656
1455978954725199876
1455965361388597249
1455943818423857156
1455943059217125388
1455928903894134786
1455924539741724676
1455893237298827264
1455884374436581379
1455874660919230468
1455871188970795013
1455864620644663299
1455863064671047683
1455862614303510534
1455849806165790724
1455847990157922309
1455840991903109124
1455837359111503876
1455814526318772225
1455777649775742977
1455776742174445572
1455635077984051200
1455895485831520265
1455828356948119554
1455771832498331659
1455771518487519235
1456102297419665414
1456097248601788417
1456079120421449729
1456078301424861196
1455852814144442370
1455877307910930441
1456106671890055175
1456049802618101762
1455922126393802754
1455917725813903365
1455835830530887684
1455639782462164992
1455564816219836416
1455559773794050050
1455558074865913870
1455556545312403458
1455452036548362246
1455425147846807562
1455393712175927300
1455357063245094915
1455231582613159940
1455231039064838144
1455187672071229447
1455171998913495042
1455162871898263553
1455118931216240641
1455115407711346691
1455076701063446528
1455044419380342790
1455003835626229764
1454901550208462849
1454887912844136448
1454861761069322242
1454857906185199621
1454826403451445254
1454795293954826242
1454752131408228362
1454747563815436302
1454717926334889988
1454700371306184709
1454528962932084741
1454487565336121352
1454370977714950148
1454359205905776642
1454330149248196616
1454310932063027202
1454209987765411842
1454141647839707141
1454119032823574531
1454071907016454147
1454062093922013193
1454061774429474828
1454060361880113156
1454051226434224132
1454046571927015433
1454032412988506124
1453996487403180037
1453980349629964293
1453958299783610372
1453916510787813378
1453913909086220295
1453913101170995205
1453885559621910531
1453883915588890624
1453754858897543168
1453754662495170568
1453734891732930560
1453729176968577036
1453725446739152907
1453723671990726669
1453694840814940171
1453691403171663874
1453691256203210764
1453669233888428035
1453668134729043983
1453639285345718277
1453585113191620615
1453579543906856962
1453547732442890243
1453394136736813057
1453393783211528196
1453327280785145857
1453318316336947204
1453241926136877065
1453176490011488260
1455782874045554690
1455780959270236161
1455779513174880257
1455825399586246658
1456080944759132160
1456085060570943489
1455908536035135503
1455865260892512262
1456067543672578050
1456000421466497025
1455858165459742724
1455963651223871489
1456073399407501317
1455754118497116163
1454273611947147271
1455887463461711879
1456069481734631428
1455883633609220115
1455919721916764168
1455944867062841349
1455438352409186304
1455136572198686720
1454714771035492361
1453714126853718020
1453372563518681091
