1464801178542170117
1464799089053241347
1464796715471421444
1464795137419087873
1464793955342512130
1464793898782392325
1464793657614102528
1464792982289141760
1464791692578459659
1464791531836125187
1464789640087367685
1464787271727546375
1464784347685277702
1464779066423209984
1464777578175078405
1464776058608267268
1464775416627875851
1464774345398521861
1464773936017674245
1464768993177128960
1464764738248667140
1464764118590574595
1464762781450878979
1464762729261002752
1464760983096901636
1464723227872305156
1464650896747347968
1464639961722851328
1464633972277739521
1464633589128052743
1464619776227954691
1464616130471858183
1464615990033928195
1464612610419036165
1464611950734635009
1464604994867367938
1464604200071942145
1464603907900903426
1464602094455824387
1464601047331078151
1464601041014382594
1464588951520309260
1464588465979355144
1464587364567687175
1464584796319858692
1464584480555892740
1464583763048861698
1464581582530899971
1464579415149461509
1464575877186945032
1464575158639755269
1464572962556694534
1464572573174222849
1464570677046902790
1464570024778092547
1464567688517218306
1464566837480407042
1464564669100609541
1464564379030933506
1464563240311029763
1464562628236218371
1464558808210894853
1464556369328041986
1464552289914396673
1464546429100167171
1464535927334727686
1464534416542208001
1464529556421763073
1464522142804889604
1464505577820745731
1464504856488513540
1464503353103175681
1464500185392828416
1464497131901779970
1464494702795759622
1464491791260925954
1464488940094640132
1464485644550303747
1464480348931182592
1464474844402053121
1464471811165351939
1464470419679809540
1464468334145982465
1464467540311089154
1464463670323208194
1464462953562861569
1464461683997360134
1464461314198175746
1464456321143480328
1464451869267283974
1464450321325846535
1464445797198544901
1464806281127120897
1464798427988959236
1464792903679549441
1464790543787970566
1464789133772001280
1464788515678396419
1464788054976069633
1464787705972228104
1464784621741039617
1464783048164081666
1464776456702103556
1464775595514949636
1464774407973269504
1464771573257101322
1464770091527000070
1464768826214531076
1464765516384387072
1464764287482617857
1464754108900937729
1464744590443835392
1464730722447417345
1464669491112017921
1464664467107577858
1464660336527626242
1464655914170941441
1464655509710000136
1464649605371482113
1464641833347141636
1464627731233062917
1464622541104844800
1464611933290520579
1464611085646852098
1464606879351394307
1464602739132940294
1464600819425157123
1464594939350695943
1464587481915871234
1464582277489377282
1464578435393622016
1464571234738266120
1464569830464376834
1464568686157582337
1464566385493766146
1464562233745162246
1464558002032185345
1464548746633486336
1464544714779070464
1464535323577360385
1464530334100328451
1464528783948480516
1464522354000744453
1464514598174789635
1464507429358428160
1464506468682453001
1464505087640829953
1464504688720625667
1464503335868764161
1464502640713236483
1464498670615752704
1464493574003642369
1464485107373277185
1464485075014197249
1464485035701014529
1464476364942233602
1464469462858403843
1464462747861716994
1464461209810313218
1464459759948484609
1464450651820154884
1464586539627732994
1464521213506572300
1464776059858137090
1464740601878827012
1464650996320063493
1464620549695369227
1464610253073309699
1464532805124300802
1464507646292250627
1464448598804860932
1464445718114959368
1464776695647399946
1464775919269072896
1464773989033644043
1464764304540897280
1464757408278876162
1464742080547332099
1464727802800869383
1464726072738476035
1464643077738360843
1464617623929294852
1464564370084556802
1464556993679532037
1464540125669564417
1464534485337362436
1464528604583239680
1464525165602033669
1464475189891137538
1464469958457393161
1464460947003625474
1464802729411317767
1464801568167972871
1464799934834561025
1464785960361545728
1464776054120271888
1464775434860564491
1464774694574301193
1464773802374561800
1464769430106173441
1464768631133204480
1464763926562828290
1464753416358576129
1464753406170447873
1464747691385126918
1464746729589202952
1464698282240724995
1464651135055056897
1464642266438406146
1464611580495085571
1464604539705647105
1464594656524574729
1464592481333366786
1464575622898847745
1464571094690516999
1464570698181931014
1464565473559777283
1464563401791729665
1464562884487245826
1464558659535474694
1464554336416010241
1464550957732319233
1464537532985593861
1464525595849605128
1464523491672158210
1464523137815617540
1464510213894017027
1464508260363370498
1464508038665015299
1464505472065556487
1464500361280962565
1464496342709927936
1464493962144612352
1464493904049233924
1464472358450712583
1464467525886898176
1464465789025615875
1464456049767772172
1464454131066683398
1464450491245420544
1464445768475963396
1464611931059228679
1464510776253681667
1464792937615687683
1464790867441745920
1464782281088720903
1464780860004061184
1464776637669535748
1464748754238459904
1464676433389711361
1464623557632147457
1464608183658287116
1464599455227805702
1464585421875077121
1464568051320307715
1464562254058192899
1464554599625342979
1464552828370702338
1464548345112776705
1464537758853074946
1464504617954254848
1464488678508564486
1464473348600066050
1464462058871685123
1464452529383612419
1464445188995047427
1464801336143220738
1464800305036492806
1464799698531676166
1464799102101692417
1464797106787405827
1464796682244149257
1464796582759464960
1464794769259859969
1464793211851853827
1464792680186085385
1464792423192612864
1464792420546228227
1464790504785121282
1464788983418810370
1464788834084741121
1464788304344219649
1464787563827269634
1464787451973496832
1464787445430374403
1464784359156764673
1464781265983336452
1464778754555727873
1464776056099901446
1464775881218408452
1464775238437072903
1464774324812873730
1464772894307745795
1464772806218969091
1464772803199062025
1464772616842063873
1464771866749452289
1464768737148485638
1464765623896997888
1464765128751005697
1464764125767032835
1464764013108084744
1464763733054406658
1464763241159020556
1464762704371929088
1464760952939630592
1464760948250447875
1464759944066920451
1464758482486259718
1464754549156036608
1464754231512944642
1464753626564284422
1464751496549994498
1464750584079159299
1464744596940877828
1464743491062226944
1464743343418531840
1464743207015632896
1464741857674551297
1464739541680488453
1464737635981692932
1464736644968288262
1464736292638502917
1464735856485302273
1464733373843132420
1464715755354615808
1464707417292238850
1464697526372626435
1464689684961894401
1464681180297523200
1464681178653360128
1464680328115621893
1464662312896413697
1464654132774539264
1464635820321624064
1464635572442464265
1464631387315589124
1464630800943509505
1464628586795524096
1464626864396193805
1464624452432449619
1464623941616476160
1464623763455045638
1464623571502731268
1464621791838539779
1464621480017154053
1464620112430833664
1464619981782482944
1464616039174459393
1464615732256276484
1464613747025072136
1464613101907574785
1464613059184377859
1464610820361359364
1464610670171746305
1464610664043872257
1464605440109473801
1464604778550345738
1464604712888532996
1464604692625903623
1464601902683865091
1464601751495987203
1464601585552531458
1464600863175942145
1464600503803801603
1464599768320016385
1464599314806673411
1464598121464303617
1464597986067898368
1464597907743535105
1464597012460965896
1464596724735885315
1464595289084338180
1464594869410676739
1464592890026348552
1464590435339292677
1464590202115035139
1464589677772431364
1464586661933686785
1464585854345572362
1464584189164933122
1464582853849608198
1464582332938027010
1464579765000716292
1464579495885611008
1464578043029372930
1464577540643717127
1464576547180847110
1464576261699694595
1464574600294002688
1464573613676240901
1464573192492634112
1464569900068790281
1464801051203104772
1464795977756266501
1464795849729327109
1464795722755178496
1464795602303160331
1464793742951415813
1464793519965442054
1464793342890295298
1464787831759388677
1464786952402587651
1464786845900763138
1464786499765882883
1464786412222304256
1464786259113431042
1464786071166717953
1464785643309985794
1464785483188166656
1464785305035182081
1464778534899970050
1464775694827671555
1464774747334397955
1464763157797216259
1464757166842073089
1464730739543404546
1464715707526959105
1464662852715696139
1464658725147328512
1464649975246123010
1464632316953694208
1464620811025739777
1464587543505031171
1464586113171935233
1464574066518417408
1464572421248147466
1464572221179920393
1464570967494070274
1464570842759634949
1464570194064408577
1464562592928526339
1464559228043939845
1464548093395804169
1464547263649222657
1464544760631160837
1464540999326179330
1464540952945516549
1464538841210146820
1464533602230669312
1464511563377741828
1464510855970623489
1464498017390583810
1464493533239422978
1464487336155119616
1464476553530601481
1464466414287261698
1464465048399605762
1464464970934939648
1464460810197946371
1464451457290145811
1464451149294018561
1464447560882393089
1464804022813032455
1464790203294384130
1464789522911162368
1464753988922843137
1464744859994976258
1464648309289545735
1464617088316686338
1464611657187954694
1464569524804460545
1464551813231767553
1464551637654007810
1464528545732984835
1464521142249525248
1464507121425207304
1464497483489243136
1464489839357677572
1464489728296644613
1464484691348635652
1464484243745034243
1464466019292905475
1464451664681734151
1464501231129268224
1464787133693005826
1464784327267389442
1464553829144219648
1464618448097480715
1464552529476427781
1464512024352747520
1464795956721815552
1464787944909131778
1464778660406173699
1464765895608127488
1464759652759977986
1464657918473609220
1464642534261465093
1464636099330916352
1464606380610908166
1464601213689733120
1464593525710864387
1464550798268911619
1464477608960163844
1464473725537972228
1464470486876712962
1464469770208571395
1464468242118811649
1464776932973711361
1464765535346827264
1464663731552468993
1464528522253197318
1464779967548452873
1464757053050658817
1464551946732204035
1464561939179180032
1464528666805739527
1464451524063498243
1464615252797001737
1464806097869426694
1464804385477718022
1464791278965587969
1464776495918817281
1464757329274892293
1464737909362225156
1464630125035618312
1464586431620206593
1464750576680386562
1464511385266647046
1464469590986027008
1464524100999675906
1464507681687752705
1464449190163976198
1464589089332625412
1464586329421803530
1464569648045649921
1464541893040099334
1464450179017461770
1464805996644163584
1464803994115526660
1464644773101273088
1464598916440100865
1464499137999556609
1464633062638059522
1464599400869552131
1464585122166890497
1464559845319741447
1464535496533557252
1464498408874405890
1464640646979883021
1464558272048893959
1464623140395388931
1464475178465849346
1464465808717795328
1464806748410105859
1464560000970362880
1464559323195924482
1464489013843152899
1464488782334349318
1464450092505591812
1464603252121505793
1464568828457734146
1464472750735585281
1464771919794696194
1464576284290273286
1464803692478181380
1464774326591258627
1464771531683209219
1464733768497844228
1464609738977542153
1464588496782249996
1464586758230732804
1464537912578490369
1464537299723558915
1464536735354736640
1464535971827904513
1464534983654010885
1464484606736932868
1464476894775025668
1464460779311169543
1464652371993120772
1464645272282169345
1464738648532742144
1464769397310955525
1464558887407742980
1464478673340289028
1464451416425222149
1464471693003399171
1464808876222545920
1464788696801046534
1464782676380971009
1464635332633104391
1464554085911203841
1464545836826718208
1464545826991050755
1464545817344151555
1464457890412916736
1464450656656257027
1464591754993176576
1464751006818848770
1464779457432993794
1464725977318060040
1464629013477937156
1464559082572955651
1464553741395238912
1464509019846971396
1464504263401512962
1464789636991967234
1464475121544957952
1464564516058898432
1464797001271312387
1464657572242210819
1464628658908241920
1464575646042968072
1464784737185132553
1464786089378410499
1464645041243049991
1464629316348641281
1464628769646252036
1464628305395523584
1464628107768303619
1464611095352516610
1464610973461872648
1464604937657090049
1464587054541832194
1464585317936103426
1464582932178169856
1464576657709096966
1464563438957449218
1464560538298376192
1464552651756957696
1464551359819108355
1464539862732656649
1464513158630948864
1464506310104281088
1464490545485533190
1464474725082558467
1464472490218905605
1464465776853729284
1464465405930397696
1464455334496374784
1464764151201288194
1464612620967702528
1464491020335267847
1464491018431045634
1464627274309783557
1464507616336363525
1464740436929515522
1464612799586336778
1464521054034878468
1464794346587316224
1464768942304497665
1464562113750265863
1464512230615965700
1464807964213071874
1464790831588536324
1464762375446274049
1464597894258827265
1464505794238496773
1464811326203523075
1464613883696484360
1464477434586144771
1464499989732728832
1464498397012840451
1464808978542563330
1464589267049451520
1464805949093269508
1464798017559547906
1464724444199350272
1464651834082004996
1464529265488109572
1464517380839600132
1464505821627305990
1464505765562134528
1464505762345062402
1464663288642297856
1464502539106205697
1464556873160396806
1464513445106110467
1464501852486045697
1464473025231810565
1463787435146366977
1464459217595633667
1464145905095884801
1464716346957066240
1464715217091264512
1464498548213387273
1464458461303894019
1464715134509535237
1464764013036773377
1464756070652334085
1464729979380375556
1464719004979761153
1464718803640590339
1464715555907129345
1464600460359188485
1464599245982339076
1464598784059400195
1464598783350620169
1464515204331409414
1464500980989321220
1464500363579445250
1464499940923641866
1464498787175440385
1464498674013147140
1464498448690937856
1464791360666435587
1464761279344611331
1464758514329391107
1464743824899514372
1464732131872018435
1464709775665471491
1464616462451036165
1464608404895272970
1464605430752047112
1464605277743824908
1464579860664250369
1464562528743088133
1464553572704534537
1464545258713141249
1464535848775393284
1464499853749223426
1464495579069698055
1464459654876909571
1464811754517524491
1464805308232962051
1464799092798672896
1464791997277818886
1464608903983861761
1464552108372283406
1464548230268551168
1464534536633692160
1464516303658569738
1464516195919355904
1464492151119630336
1464473120576708613
1464468887819325445
1464160119738880001
1464635411368529926
1464603843488931844
1464742124218241024
1464496878549016577
1464807060223102979
1464564904472428548
1464524078618853387
1464806942186950659
1464701511074828301
1464637049890349057
1464627459056357387
1464619399650807811
1464618796610555905
1464618289355657223
1464605224467767297
1464600593863872515
1464593737732874243
1464592765426171909
1464573106115121153
1464565506678034432
1464558635170689028
1464536181073334275
1464533837837307906
1464533024779821060
1464483472186097664
1464481159933427714
1464478427168141313
1464464490775212035
1464455615732858881
1464797933669216262
1464791396028534789
1464781843568345094
1464762525090607105
1464759772079558656
1464640222138753034
1464552805474045958
1464497453919465474
1464461454908686340
1464778044636205061
1464777619463819265
1464567929731571714
1464483751409319940
1464797695525068807
1464792232729350147
1464777652728860672
1464547910578671620
1464540829905608705
1464599971055869960
1464798025126084613
1464633052030636036
1464786484179865602
1464770908757708804
1464752713049149444
1464626571939966979
1464624573496770565
1464567793873920004
1464796793875492873
1464778593704169473
1464776293715611655
1464762586973413380
1464761122410561537
1464580085550247939
1464578160100462595
1464569794628243464
1464559144887668739
1464555032108429314
1464514435121176580
1464499259177598978
1464481403278544898
1464766815742017539
1464766812097171457
1464766810062876673
1464513460834689028
1464491126254047234
1464483701320945665
1464478642600173573
1464470586613141504
1464772909012975622
1464770714108522497
1464671366678913027
1464542778612858881
1464495235921170434
1464775017200160770
1464580032462872579
1464485187417300996
1464800009442902017
1464740740387328008
1464654306947186688
1464639713516552193
1464593414125727759
1464579902292652037
1464576507993485316
1464563919029030917
1464771557000024065
1464641100916793347
1464629712345395210
1464619583860457473
1464533637777350659
1464517294332145667
1464650964518916099
1464805904960745478
1464624916104310784
1464535848406319110
1464492834388541444
1464815490295943169
1464805183716691968
1464804384525537282
1464802969661046784
1464792993072750597
1464783690509078530
1464783034150887428
1464750319410188290
1464654323678285824
1464623415139061761
1464614996931874819
1464611692243869699
1464602987435724806
1464597817704398848
1464592463029432328
1464585684354744329
1464573911354392581
1464568229683023876
1464559517102841860
1464551408875683841
1464514853578502152
1464513211663720453
1464511896254435338
1464503885184131073
1464496894852227072
1464466215594717192
1464790731218993156
1464780887069847555
1464634095506395137
1464594758743904264
1464558809653788673
1464543876086071303
1464537799932006406
1464490766034604033
1464484496732876800
1464689953036775428
1464554741296353283
1464542900004569089
1464517350539988993
1464333623671369741
1464799474589466626
1464622509392031747
1464504794601693184
1464488051611246595
1464482765894823936
1464468951803568128
1464811831231344644
1464797047668699141
1464796632713596928
1464785664063332360
1464773679284248579
1464763551357100038
1464758593975033857
1464734615046787075
1464721721555144708
1464712037259436040
1464624971209404416
1464622472595066886
1464621135148904454
1464604590792347663
1464594456624177168
1464531098650742788
1464514228694355975
1464511138482245638
1464504395920396296
1464480638233370627
1464811735559258113
1464810994010509312
1464625835432841216
1464605189483106306
1464540202500702208
1462114912143036423
1464811495087165446
1464787764600193031
1464786919124914178
1464786104360394752
1464784623829860355
1464773688536883202
1464739925257961473
1464713481110888457
1464708716977082371
1464706649185087488
1464690712772026386
1464643047409528849
1464637483707076613
1464629981577834500
1464617247280754694
1464614614134448139
1464609059064143874
1464597657880444937
1464588604806631432
1464585582244335621
1464578558911651844
1464558835947819009
1464556200645697537
1464542349376188416
1464536247674847232
1464536231975563268
1464532799625433089
1464511367914954754
1464511349187350529
1464511344472907776
1464499570080206849
1464498922341253124
1464493975503458306
1464493365139886083
1464491474893127683
1464489768067076099
1464474541846052864
1464471945886453762
1464470814678347776
1464467307862888449
1464465738660384768
1464459977553182725
1464697330326720514
1464690808318271491
1464627992869498880
1464623196443795457
1464621090840342528
1464559332578578437
1464538553761763331
1464522782910279685
1464470762614505472
1464748428827627520
1464747907446308869
1464556652703612932
1464543632938074117
1464622003122421763
1464754602176253961
1464562243530473475
1464779193607065600
1464669285293436934
1464655312510586883
1464563038393044996
1464556472872882177
1464524291622334464
1464515833019912195
1463787725333536769
1464527454966452226
1464784941007310849
1464582694734495745
1464512497499529217
1464822946900299785
