1460454152455086093
1460451747923521544
1460446848116670468
1460446274474315776
1460445851571015683
1460445628350156806
1460443984124207106
1460443359592390667
1460442931630948354
1460442107043147781
1460439763249291265
1460435639371894790
1460435026382925826
1460432122628362242
1460430656895291394
1460429747951833091
1460427758257860608
1460423399365173248
1460422318182703104
1460420853401731074
1460419589045571589
1460413252895055877
1460413134364020739
1460412145707986948
1460409349411459074
1460396874733527041
1460395241702244352
1460372169527988227
1460369787284951045
1460366676986417156
1460346858564292610
1460323314576990211
1460310626224410629
1460295449064054791
1460295415757037569
1460294818903433216
1460291830235340807
1460287994280087557
1460282436391034882
1460271787946565632
1460263282019745798
1460260215052328964
1460259506290520065
1460256851472257027
1460250012470808582
1460249175057129475
1460248971595563008
1460245492990836741
1460241403183697922
1460240615841492999
1460240201956032513
1460239123336372242
1460238457389809668
1460236126531117061
1460234006872485892
1460232476450689032
1460229111687749639
1460225224062898184
1460219465312833539
1460219440839028746
1460219302330568713
1460217975579938820
1460217069287337984
1460216983908061184
1460215583300100096
1460214654127407110
1460213062095421443
1460212022319075331
1460211255646380033
1460211008547426306
1460210929405022209
1460208262746284034
1460208098291847173
1460208097956225028
1460207446618611718
1460206979373309959
1460205827189473284
1460205674822967298
1460201771301675012
1460201106831593477
1460199182057173005
1460195399587676163
1460194218069004289
1460193838517997572
1460192461226078211
1460190133324435458
1460182827098468357
1460181766824546311
1460180208137359361
1460177794109829120
1460175062552645632
1460174308412510211
1460172801818587139
1460172521999765505
1460165705031053316
1460163469752209414
1460160655626059777
1460157959212711936
1460156371953803270
1460151835080085511
1460149579328884738
1460149051135959048
1460147807621423107
1460144307743064065
1460144298704265219
1460143574171881477
1460143006523138048
1460141390646575109
1460140624976310272
1460137538492911616
1460137532239142914
1460135765338300423
1460134033728229377
1460132942844362752
1460132562508996617
1460132425627889666
1460131850605641730
1460130340106735617
1460129455033049093
1460128691413868544
1460128341587992581
1460126278997008384
1460122779567550465
1460121928769830914
1460121023458676736
1460120792444768258
1460120389820944388
1460119116501577731
1460118550748614662
1460116521217232897
1460115558628659200
1460114496458944516
1460114099543498754
1460111916542558212
1460111913178648576
1460110311990591494
1460107093994708998
1460106204898680835
1460105922559184898
1460100273913753607
1460098416202051586
1460098287281659907
1460097968296529927
1460097663731310601
1460095893575647240
1460455140788359172
1460451919718195200
1460435113133547520
1460433897368350725
1460432407606267913
1460430819114164229
1460430341638811651
1460428220977668096
1460428200354324481
1460427795968917505
1460425236050939905
1460425177989189633
1460424127106281472
1460421520841314304
1460419128016003076
1460414921225744384
1460411625119256582
1460409508954456070
1460409202409709575
1460407836249235458
1460402557751156736
1460398416366759936
1460393099339788290
1460392746691219466
1460378327516995587
1460308917364264960
1460295252653195266
1460278079348043778
1460267957330726917
1460262826589655050
1460258093250465797
1460256727643820033
1460254957194530821
1460254064718061572
1460248749440000001
1460246967678758914
1460242597457240068
1460234524789395456
1460228462585679872
1460222140502872067
1460215769757749248
1460215387375628288
1460213371664429057
1460207071140274178
1460197926165118979
1460187114843238404
1460181596821020674
1460174903877914624
1460174303773618179
1460169721123250182
1460167903433486336
1460167217966817284
1460165574986588164
1460160860366594051
1460156569912414211
1460155602781421574
1460154803745542144
1460151066012516352
1460147989565952002
1460143568530538500
1460137994669608965
1460131415429824514
1460127375027359744
1460126160742846471
1460125037919305729
1460120333139132418
1460120000295956484
1460118629815517187
1460117123452211200
1460115958253510656
1460110329879228418
1460110328449011712
1460109916224425989
1460101515478138880
1460099577810358276
1460098440117952520
1460096480014999566
1460394185484169217
1460174483302584322
1460125110912765956
1460456031599824896
1460438554996187137
1460438215161040899
1460244150666731526
1460192770157547527
1460156161957769219
1460149769217593345
1460118657736925185
1460097377428119559
1460430781549932546
1460425825988186117
1460408341209907205
1460242647998603268
1460235905994674176
1460213564145532929
1460199890017865729
1460179081534709764
1460175384633389057
1460151728788029442
1460151725768134657
1460151707472580608
1460149569610661891
1460146340038471682
1460140797362204673
1460131877654724613
1460113792029716482
1460454497176604673
1460454444634492938
1460450284719652868
1460448455071973379
1460444396499849224
1460439828487491589
1460438423555039239
1460437979474718722
1460434869184434179
1460425157005119493
1460409496308633601
1460409280469905421
1460401619648929792
1460400859817254912
1460224890682757124
1460223748456398849
1460213545820246023
1460206373082472458
1460198470002880516
1460189593576169473
1460163161227612161
1460156875878588417
1460154348323885060
1460125461132967939
1460121027246133248
1460109462287441929
1460095605963821057
1460456898948337669
1460456078328487938
1460448451531927562
1460446274444935169
1460445667394945025
1460437757935849475
1460437352338247681
1460436077651574791
1460434970099388417
1460431175151861761
1460429996300771328
1460425867599835140
1460423584170397696
1460417355041828866
1460416368856104962
1460414080934506501
1460412259402870785
1460410857821593604
1460409217471463431
1460401806094131200
1460373696116260864
1460302504168542214
1460300747623604230
1460296966932361216
1460286773234262024
1460283955194871810
1460267840892715010
1460261928039698434
1460256157507809280
1460253549393154048
1460251383181942789
1460238832771559431
1460238352481861632
1460238109807763458
1460235154367004675
1460234602119778309
1460233029796851716
1460232732982665224
1460232623721103361
1460229762941476875
1460229634969128964
1460221676168220675
1460220944618647555
1460218034031792134
1460213880815112196
1460213590191861766
1460210966277222407
1460209851515105281
1460207359272226818
1460206199933059076
1460200918851497985
1460200911096082433
1460199950487195651
1460199594789195785
1460194122359132160
1460188156012072960
1460178408529293317
1460175666054262786
1460170249630732290
1460165618519396356
1460164543078830081
1460154357836656643
1460150942871928833
1460149931256074244
1460149630746775554
1460149538103050240
1460149484894121990
1460149425582403584
1460149365255798786
1460148057857662979
1460147132917108736
1460141668489838593
1460137452538978308
1460129322975457280
1460117407331078145
1460114176861368320
1460112674587492353
1460111366312775684
1460106697544925185
1460099895566630914
1460097003975753733
1460404130254516225
1460286258349965313
1460198196949360645
1460144179627978754
1460453984917987328
1460448331319037954
1460447053876662273
1460446146703233032
1460443903648174081
1460439514296426502
1460438670192754689
1460437270138286087
1460434643249876997
1460431104070938632
1460424687872139270
1460422757364076549
1460418917805944834
1460417978453815302
1460411537458298880
1460410383877820419
1460408248750600194
1460397769663737857
1460386810127798274
1460367067266301956
1460279752393035778
1460268931009040392
1460253676581244932
1460250597802668042
1460239305142517760
1460234412059074562
1460231733471629312
1460205267384090624
1460204001480249347
1460199588829171716
1460192917536985090
1460174524041760775
1460165842948132867
1460163424806080515
1460149719275958276
1460139649788121088
1460137608793649152
1460125398763671555
1460121243001102338
1460121025853620231
1460118974436311040
1460106640850518018
1460101368308387841
1460095763736764416
1460095580907065346
1460457618606940164
1460456193965506565
1460455255045382149
1460453059666976773
1460451535628890114
1460450699301593092
1460450489493983234
1460446961190928387
1460445538055196674
1460445487182409729
1460445383209865222
1460445300905021447
1460445037758615558
1460443779031191556
1460443771498217475
1460443408401453058
1460442947216805896
1460442725656846337
1460441212209356806
1460440717130665986
1460440533105471489
1460439952588611588
1460439671893200900
1460439366623379458
1460438753504235524
1460438330747736070
1460438030540410886
1460436896790679556
1460436582612156419
1460436280920055809
1460435661169709057
1460435541086781440
1460435286500864001
1460435112374390785
1460434586454749190
1460433727884914688
1460432544248205312
1460429679710507010
1460429528250023938
1460428594904121353
1460427540624023554
1460425957290905602
1460425499562315779
1460424642976305153
1460424018469613575
1460423481225408519
1460422830584057857
1460422379377610756
1460421785606782976
1460421486036983812
1460421426222039042
1460420855712808967
1460420844392386563
1460420635478294528
1460420157109534729
1460419569223413764
1460418040042905604
1460416135287869442
1460415246418333696
1460413956221145088
1460413883533905922
1460413359774261251
1460412301597569025
1460412037956136963
1460410994707025936
1460409366394277890
1460405697372311554
1460404752131366915
1460403048186933248
1460402503351091200
1460400664014516224
1460391688115916800
1460382102801637384
1460374101097209860
1460373835476209667
1460312311327969280
1460303676682252290
1460300713016233988
1460292293563351041
1460291954986532866
1460290811078217733
1460287793389727746
1460287489545936902
1460286176540041221
1460281938468507652
1460279282630987779
1460274862136565778
1460271562985144324
1460271165126037504
1460270495421501442
1460269231526662146
1460268855570452482
1460263976273596423
1460261587432792067
1460261520189767682
1460260692888469509
1460256097734856706
1460255837205708808
1460255168172232712
1460252969648091141
1460250825540784131
1460250131584806912
1460249796422234118
1460249473733435397
1460249296536629252
1460249250441273346
1460247998571507713
1460245761044586508
1460245638927437827
1460245405581537283
1460243583689105431
1460239508650213380
1460239348041981955
1460239007338545163
1460238931350331400
1460237835479384069
1460237726888783879
1460235999104012288
1460235568323829769
1460235270201102341
1460450725457108996
1460448545324998658
1460448310808875010
1460437135694041093
1460431852431306758
1460426869057024004
1460422002414481410
1460418903755026435
1460418290044444675
1460415689672380416
1460409331099176960
1460408548303638530
1460408321362567170
1460407931107639297
1460403372297654273
1460398059427270656
1460389693892087809
1460366784515559427
1460320690674958336
1460316010599235586
1460313831402467328
1460310651100745730
1460298129937354754
1460289469538471937
1460278556013989890
1460277688812257280
1460273116786020360
1460272324368748549
1460269687636328450
1460267673493721093
1460264638822506498
1460263428862349315
1460263331537715207
1460263112385327106
1460262968315183107
1460260212992921600
1460259854967181322
1460255992558456838
1460249762553163779
1460246893892550656
1460238516974075911
1460234751348936706
1460234118172594180
1460234018192969730
1460233903210328065
1460231042309054470
1460229349995466756
1460227034307719168
1460222539096260610
1460222101692895242
1460218118995775490
1460208066217975824
1460207112865255428
1460205132583366657
1460204401960706051
1460203357503557635
1460202683109761026
1460200472279543816
1460197044769878024
1460196858324668420
1460189000405184515
1460188992163356678
1460187383710683140
1460187069498679297
1460186933611560967
1460182740385427456
1460182384456790018
1460180564930019330
1460179254314815492
1460168294187495428
1460168269071937537
1460164652629835778
1460161685558235136
1460158218924032002
1460152180644585476
1460143301416218630
1460133185157689349
1460132958744956929
1460132948708003842
1460131351819014146
1460125108865957889
1460124196688728069
1460123794215866369
1460121615245606914
1460115987223642114
1460115173117628418
1460114703103893506
1460106362461900802
1460105044032835584
1460104651563429890
1460103026992058373
1460102303675867140
1460100527241379842
1460097443740090373
1459923646332370946
1460437913984847875
1460434989426745344
1460434706067963907
1460416013204295688
1460403311828353025
1460397496174186496
1460302175343562755
1460279322397138950
1460265783674630151
1460265560722132999
1460263689773142024
1460261253155213314
1460259244213633025
1460258702569529354
1460250531734044675
1460223902643146752
1460217438390284289
1460211922423332871
1460204254585503747
1460197456478720002
1460193709606068227
1460159957152583683
1460142709604188162
1460141150585561090
1460104903922118661
1460451749139914760
1460430062478508037
1460279163227566086
1460167202741506056
1460454265390989315
1460450340466221057
1460448016637128704
1460447446748708867
1460442341131522051
1460430406121975808
1460427746627055616
1460420552695246853
1460416807634755584
1460416773841305604
1460398684437241864
1460394419211829248
1460381656888401925
1460319833262903303
1460288383108804621
1460275884212953093
1460272807229542401
1460267738497126400
1460265365456384002
1460251288478699525
1460251225706827786
1460250313407954951
1460244187836600328
1460239202843435009
1460235189330726916
1460231780909256705
1460219963516485635
1460219857631268864
1460218025953480709
1460214031952666626
1460207131735441411
1460198684327510018
1460197322478874630
1460194874716610561
1460191980663705600
1460189912125173761
1460173962260873219
1460168003065053189
1460158242449805312
1460151345298632713
1460129535987380225
1460122858680512515
1460120993993682945
1460117469176102912
1460114211648905216
1460103731953823746
1460101274024566784
1460097833407709186
1460401799270060033
1460220824082792450
1460176413797937154
1460261747969826822
1460266158863491089
1460111149286903813
1460210441645215746
1460161062938951682
1460158050069667840
1460111843943346179
1460213315431727104
1460112691431817219
1460214875565613057
1460427347694260229
1460152905453821952
1460436176825815042
1460459382898970626
1460424035217534978
1460261424551247877
1460260490920140801
1460227115199000581
1460151259327983625
1460136173242773506
1460105056640851968
1460102967915212801
1460429111629803521
1460407628836716545
1460257984878039043
1460234067295846400
1460134831061299202
1460292590360834057
1460209246885220357
1460393710898667525
1460393311252848640
1460312100794888197
1460236588626038788
1460166216157327364
1460151816394461188
1460249478754148352
1460248356316319751
1460231198651731974
1460191141974790147
1460188875087769606
1460187998117449734
1460179552576020480
1460422829552246785
1460407137251643394
1460395352222101507
1460207950576840705
1460201534726152194
1460173587730497540
1460165284275240962
1460144133264199684
1460451679908687874
1460182766985744385
1460182002586382344
1460181003398303744
1460179859443879939
1460179261843664896
1460154644362002436
1460133752370176001
1460303285693206529
1460230502099546115
1460204113317093383
1460243603033182208
1460397749631795201
1460251274612391939
1460233881622224898
1460449576612204550
1460446924629331968
1460106414647435268
1460458865057697801
1460446247467175938
1460441990156275714
1460438082092625921
1460234020290121731
1460212027532533766
1460191182881898501
1460123480318382084
1460230553416790018
1460210867006410756
1460139818738847748
1460426061125066758
1460419862472183812
1460419508405878784
1460407748621860865
1460384501993914371
1460253952360865792
1460253419164164098
1460252995094859778
1460252534623203328
1460252193143934986
1460250805412392971
1460250374426615814
1460250085380423687
1460249530859806720
1460249114424201217
1460245260257267713
1460229287982755845
1460219965810696194
1460216483691204614
1460171423733796867
1460453529932296200
1460435833052286981
1460424390026272771
1460227264465936396
1460226882062864388
1460175332003041280
1460152924516982788
1460152919727095809
1460151807187906565
1460144578971856901
1460281357972557831
1460420222058328066
1460458388265988102
1460442836503961601
1460442352472899586
1460218008224157699
1460171850533593092
1460170476907470848
1460170173323694080
1460152912575754241
1460063427808817154
1460195922592239617
1460174401907802120
1460448912079142916
1460425682371055619
1460422567928287238
1460418598690717696
1460145854849773569
1460449906842243074
1460445061020196873
1460410512236105735
1460205822500167681
1460195891764105216
1460193088270331907
1460188082754392064
1460188078069350400
1460188073321328646
1460178427680485377
1460170739210874883
1460399218309271559
1460142444696129538
1460353754981494787
1460270923920011271
1460242925166624778
1460201563381637123
1460181926153572356
1460174691126038535
1460170400860495875
1460209158708363267
1460427349065801732
1460376344433291264
1460372240940220422
1460245146784518147
1460222283780276227
1460202332675706881
1460196060266070018
1460189259088814086
1460177006268616708
1460175703698116609
1460154996192727043
1460140511466037253
1460416373222379522
1460128666319392771
1460170712006598657
1460148891915935752
1460163159445028869
1460454575333203971
1460107068707274752
1460458849870123009
1460458854609653766
1460445006364229638
1460405133297078274
1460287076004347910
1460286879748661254
1460285218997239813
1460284903992397829
1460284766742212612
1460230931290079238
1460214712814080001
1460211293596504065
1460202663811768320
1460448700505853952
1460447813561552902
1460213538346070020
1460178278459666432
1460242388761210882
1460233528105267205
1460400566060732416
1460270488932913155
1460228681717084168
1460182571329802245
1460163562014273540
1460447588444901385
1460234243414511616
1460208196845408257
1460170938004111365
1460107210160103427
1460104524945715203
1460418566985973761
1460409531830194184
1460141048470982656
1460121900135239680
1460285471590813700
1460192836318494726
1460144625583198214
1460410027500392450
1460417623175409676
1460286987127037954
1460164576872263689
1460108168650887171
1460193123502477322
1460183219983175681
1460157260957630471
1460157157014441988
1460133356155195400
1460459019680694276
1460199292207910920
1460184786828337152
1460109904513880065
1460166156656906241
1460218601479151617
1460440396677271552
1460454326950789131
1460451312462712834
1460432205658800130
1460416801179717635
1460432638620028928
1460432132422062083
1460245185242095618
1460244392929751041
1460244161475403778
1460244160355602439
1460243265765064707
1460242693607460864
1460412390340644868
1460382173630849030
1460300509625995264
1460236496741576704
1460231716447031300
1460222684915277825
1460220817082515459
1460201715584491528
1460184488135196676
1460171565786484740
1460128314933186564
1460110672444854274
1460422964873084933
1460416642316324865
1460396819624521730
1460396366320918528
1460237222955859975
1460208162091384834
1460194297014145026
1460160909616189444
1460150112739549189
1460197756299972610
1460432228375154688
1460421225805606912
1460363423993139202
1460170711268397058
1460166670979244039
1460453286763401221
1460237367583854592
1460213334704222214
1460113057015762948
1460448244090109952
1460440620586057733
1460380244964114439
1460220335333076996
1460156599444508675
1460468943663947778
1460467779119693826
1460431393146560513
1460401277075030021
1460389036732739585
1460345848689217547
1460324728514641922
1460273131268886534
1460229043098296325
1460218254350184448
1460213475154661376
1460133484823941125
1460107734225874947
1460457924824735906
1460424591889682438
1460285966703226883
1460271342352171009
1460231133732425734
1460176110499426307
1460159689086226436
1460133466381570054
1460109234104795137
1460229383034130433
1460140078852833281
1460110879836364801
1460428649228689409
1460466270143492099
1460446988890042368
1460288845547667457
1460147741326077960
1460147695708868609
1460147682056740864
1460147646333546496
1460147342833688576
1460147308000006145
1460147244997349376
1460147207961645063
1460147179155120128
1460147031435972609
1460146970824114176
1460146715240009730
1460146530963259396
1460146188682862592
1460145606102376455
1460145433905303554
1460446455928217603
1460400713297580032
1460385341886533639
1460296030553985031
1460262858416173060
1460207664839860230
1460258391041970192
1460216270972862470
1460297338895749122
1460306703593840646
1460192263791808512
1460444348118560775
1460197702407364610
1460140707486724098
1460206901929541647
1460179476612935685
1460465149643423748
1460439739324985347
1460406650511052804
1460390374648664076
1460389687189671944
1460289273291108353
1460256285396725762
1460240214014582784
1460234107510669312
1460219288971735043
1460199931914842115
1460193884420513792
1460193358555533314
1460172245175713794
1460148598100795395
1460465784917012480
1460459126014849028
1460364730904850433
1460268006253101056
1460245216099586048
1460245210206638081
1460208395332378626
1460207807454580737
1460206388076941313
1460175558415818754
1460137508113563653
1460463113354944513
1460401105733439491
1460315600748642312
1460259002411937793
1460248822420938760
1460246235097427968
1460231062458560517
1460136772277440514
1460441123957084165
1460129554165469185
1460470664163315718
1460469561191370762
1460466660494622721
1460449807160393734
1460429557693964289
1460428789364576257
1460426192218038280
1460415867448336389
1460405300154953728
1460263747214209031
1460245219832520713
1460208970467987467
1460207027314069504
1460200624323059718
1460193095606145028
1460173065581596673
1460149509887909889
1460116209127493635
1460110920852688904
1460221087480832004
1460216635319406592
1460215152637136902
1460165517461753858
1460407051285270531
1460398730591424514
1460390886592761856
1460247229512310796
1460174504697622536
1460137221940383748
1460255938233782274
1460439766999068678
1460421181475995651
1460421056611577858
1460172422003376129
1460468088801878017
1460456314014822406
1460434492896604161
1460425779351724033
1460425515769077762
1460425212126646272
1460424868579594244
1460423761350463488
1460413024410370048
1460410041081630724
1460390419456729088
1460259570245275655
1460258973488070663
1460258400294486023
1460257592266002439
1460252331375661059
1460244973064839168
1460236470606655500
1460235448375144448
1460232801735745543
1460225178412072967
1460220541290233859
1460213716260032514
1460209838399508485
1460209794455785478
1460209760150507523
1460207298932973578
1460200310681473029
1460200193559719936
1460192983853113344
1460154489210429440
1460144546491207683
1460462530338299906
1460448237349863432
1460300453862776834
1460218901367640064
1460212342570946563
1460205613288329216
1460150095639302144
1459714090197082113
1460396716964728839
1460231277299253250
1460201746718871559
1460427401414983683
1460414818804920323
1460412878410772484
1460403836959424513
1460401829032775688
1460400736081039368
1460400233930629126
1460312822085214210
1460293253048246273
1460258438915575813
1460258037898235905
1460247847987658753
1460242395040124933
1460216358436700162
1460216143671545867
1460211614225887233
1460204927112908810
1460174690731769863
1460168979444428800
1460460670646816769
1460437615828553731
1460431099998334976
1460428296374554628
1460424112560435207
1460291767979294721
1460266311980781569
1460211234700021764
1460192052080103432
1460119418122358784
1460115880172396547
1460113632516198406
1460446798867095552
1460442066345889792
1460441679362596866
1460441543941128196
1460436965489139713
1460404570052431876
1460388591205376001
1460377179414487046
1460308143544549376
1460307730279796737
1460300597496795143
1460274676442152961
1460273249225363458
1460251531198885890
1460241124728074240
1460217799192690690
1460216135236743174
1460206532730101767
1460193148336967680
1460191812132294660
1460191762689900546
1460191460616142848
1460187605417431041
1460152668018536450
1460112818586324995
1460112240649015300
1460439730646962176
1460437738604224514
1460432900437209093
1460415360067272706
1460250184542162946
1460220051684999173
1460212839042457602
1460211244380876803
1460193478390935559
1460191862464008195
1460190663983525890
1460175858253983751
1460131860910989314
1460122654438944771
1460121992368168962
1460114313180495874
1460462919481638918
1460252982176407563
1460222833875832837
1460220179548237824
1460116099597484035
1460468118724104194
1460450077877555203
1460443800216629261
1460322202876841986
1460255870772781065
1460237902688960512
1460229502097715203
1460195719705337859
1460154803049451524
1460118455764410370
1460219102597812224
1460161919403249672
1460365362453614592
1460458433967054849
1460436093476630531
1460240573760040967
1460196403775344640
1460459019005427713
1460458827262820357
1460419972090372098
1460185315444809737
1460185248201773060
1460307749254795264
1460194313271275526
1460134697648852996
1460224643319713799
1460289692998373378
1460173427826827268
1460453845432033282
1460193305619173376
1459726043883835394
1460403326110113793
1460131015171604487
