1460093040488431621
1460087140151296002
1460084775260090369
1460080298449063936
1460078111572123655
1460077617139236865
1460076729544757248
1460076511763959808
1460075193905209346
1460067459784851458
1460065982395793408
1460061752561790982
1460056509207834626
1460054967448862722
1460051924141572099
1460051035079131138
1460049825521618948
1460045449742602243
1460040298600353794
1460025132382973955
1460024719822897154
1460023109705076742
1460010405590224897
1460005842887929856
1459978035109769230
1459944116096098305
1459935087718375434
1459934760940097537
1459933895906922496
1459931980234051585
1459928473816879105
1459915527011241987
1459914640356302849
1459914569871085574
1459913804565729280
1459913530929336327
1459906852557262851
1459904102813470727
1459897001747759110
1459895021436502022
1459893155491315713
1459892700384137224
1459892241430888452
1459885464563826707
1459884936479920130
1459884189088563200
1459880287098212363
1459879766606049282
1459873577524613136
1459872493573791755
1459871469383536640
1459869477537939458
1459869180228825089
1459868372569509890
1459865861947158532
1459863947243184129
1459861394564677633
1459857321492824065
1459856327031734275
1459856114875392003
1459855467111280641
1459853245849878528
1459852784119910401
1459851297432039425
1459849439938375686
1459843963037175809
1459843950945079304
1459841531817299973
1459838519568842755
1459837435471298563
1459822273246818305
1459818964238823426
1459818391045165057
1459817669780283393
1459817299456638977
1459812380506947584
1459804582595506176
1459801786101821440
1459800721151299586
1459800469237219335
1459798234054881280
1459796820503281664
1459786679837814784
1459783212679380994
1459782763549130753
1459774627295612933
1459774467643625479
1459773996023484419
1459773234539163649
1459766280186056706
1459765132733534213
1459763855534407681
1459759186515197954
1459749439149522947
1459745854999252996
1459745561016369153
1459743694643363840
1459743463461699586
1459741535893737475
1459739058213584897
1459737945234042884
1459735118788980736
1459735116889018375
1459733963149234181
1459733942962200579
1459855017322549252
1460091900606627842
1460091120281608193
1460089473413181441
1460088618945368071
1460086471407329280
1460084106721513474
1460079433101066243
1460078133025984513
1460075874926022661
1460070450537586695
1460067459499712515
1460062144607637507
1460059511125807109
1460058435311915009
1460058424599744515
1460056583954599940
1460054659704320003
1460051691357622272
1460051312054128642
1460047924923039746
1460047590175690757
1460044776653262851
1460040598845472776
1460040232342994944
1460038069462044678
1460031522719744000
1460015938770665472
1460015499098705920
1460015462897623046
1460000876601479182
1459938081109266434
1459914362643103744
1459908921011814405
1459899931049664513
1459888861773844482
1459888172276453376
1459887283755098120
1459877988510564360
1459877942234808325
1459872691729547264
1459869344830164994
1459866791404982283
1459866596063674370
1459865681260789765
1459861554753466371
1459861422532349955
1459859684509163526
1459850169961173000
1459849515020824582
1459848103964540935
1459833231566512130
1459832449895002116
1459828171361030144
1459827195073945600
1459824921744343044
1459818299533893642
1459813761468932098
1459810625538834438
1459809371156668418
1459809015383293952
1459804933457211392
1459804426223321092
1459804390206832641
1459797254747967500
1459786730928701443
1459785540929155075
1459782725192224772
1459781941293563904
1459781857671671812
1459779453999980545
1459777444945166337
1459770858633928704
1459770130766839812
1459766937383100417
1459761993745768457
1459755756014555147
1459751697597616129
1459745667631529984
1459742340772466690
1459740623506837505
1459737137788567553
1459735345331798024
1460069986068697089
1459897646047322117
1460085065270972418
1460083296382058498
1460068077744181251
1460067292885094403
1460066742927986693
1460066038112940037
1460055795140214786
1460032585615044612
1460009988730933254
1459879840547442689
1459864308087619593
1459860928233496585
1459850225632169984
1459804468636106752
1459770274451050497
1459762736611532805
1460093233736781828
1460000716676730880
1459896808629432327
1459896440814067714
1459880342895022084
1459787385923772420
1460094963107057670
1460094674803183618
1460093537760866305
1460090666483007489
1460083713962696715
1460070733850152961
1460070691336712194
1460068786816659464
1460065392877965317
1460065218361397256
1459904712329756680
1459848740265598981
1459836214429638663
1459787241006395395
1459777356239753216
1459758022410964993
1459756402587553796
1459740571707207690
1460095183836499969
1460094600622723076
1460094174955405312
1460094168642949123
1460093987587428353
1460093774483263491
1460090687819378701
1460090484966129668
1460090449704599555
1460089726153543687
1460089554216521733
1460086151339855881
1460085686585815052
1460085062028853248
1460084830754918401
1460083610229170177
1460082156315680768
1460080915158163463
1460078149861969923
1460077961650925570
1460077223554265096
1460077043232559108
1460073520893812738
1460072023938383874
1460071944947077122
1460070033233571840
1460068290101866503
1460067925566443524
1460067318986260481
1460064951897264129
1460064365508317188
1460062157320589314
1460061019040989186
1460059676410671109
1460059226982600711
1460056351011442689
1460055362409680897
1460052823215800322
1460046684423999488
1460036641108606977
1459949445756309506
1459938956452118532
1459925692066398211
1459914228534415364
1459909068785537029
1459903602693062659
1459898322798272515
1459897014808768516
1459894896618209280
1459887861667225600
1459876245638762498
1459863969716269060
1459861692964216836
1459860885833281547
1459859162720923648
1459846704769818625
1459832972979281923
1459823443453661192
1459819704160194569
1459817241373937665
1459816797041934341
1459813344748003330
1459812437318791168
1459811867635769351
1459811865370849283
1459808202963357697
1459803752735522818
1459800304057204736
1459796383389519873
1459792923378085888
1459782617469894658
1459781537549852677
1459778329934893061
1459778328013901826
1459778326344519680
1459774572085997570
1459774505140703232
1459769119520092164
1459765555049603076
1459755472303452164
1459746153386287110
1459741093117849601
1459740971457863688
1459739605331111942
1459735817245523968
1459733639776796674
1459940360268828674
1459851436477456387
1459849853802979331
1459838808279511044
1460093484518371336
1460087759775756288
1460085438501113858
1460082946690351105
1460079143312310272
1460073024535760896
1460072857820532738
1460070553780252673
1460065067676966915
1460062164677398528
1460058380345569284
1460055412821037056
1460050188794400772
1460049914713440264
1460045462593892353
1460039712375119878
1460038463932100608
1460022746499346434
1460021523125706754
1460021409443291137
1459931501638795268
1459919115343171588
1459915454638555136
1459911519110533127
1459891581733933066
1459886965231259648
1459882723393212419
1459879933904257026
1459877909879873544
1459876113967030272
1459875259981594624
1459874426736939012
1459874122213642253
1459857539273662470
1459856399425433602
1459842184455221249
1459842130986209287
1459821249467543556
1459812321157521411
1459811779744129027
1459811737977245697
1459811306932883456
1459807661793284098
1459806951894761472
1459806869183025152
1459805983148888064
1459800407887077377
1459798513471012873
1459793578763427841
1459793540007874569
1459786266656927747
1459782436770877446
1459779813703503879
1459778465855520771
1459778421098094596
1459778331885260800
1459778126821486606
1459778097188798466
1459769375808884740
1459762533259087872
1459741076269400070
1459739980775899138
1459737932290420740
1459734092363223042
1460094348314484736
1460091098391453697
1460090109810790405
1460088555963777030
1460088553338126337
1460088322068410371
1460088227969187844
1460087671007633412
1460086821560279040
1460083604432818179
1460083346000678915
1460083300861550592
1460082896912273408
1460081635383070726
1460081424946454530
1460080125375098882
1460079159846195205
1460078394503172098
1460077150573264906
1460076620832727045
1460075842156044291
1460075381810028546
1460074899972653057
1460074436078436352
1460072132310814726
1460071568273379328
1460071387444305923
1460068528191537161
1460067424565223429
1460067067541934081
1460066994191941634
1460066965712609280
1460065331938955270
1460065210203447299
1460064279235678208
1460064037308227585
1460063483601448960
1460060027964690433
1460059627668873216
1460058965027418123
1460057870456668163
1460056371676663810
1460056325757362178
1460055215546064898
1460054082974937089
1460052523583086592
1460049946149724163
1460048264003158018
1460046923008671746
1460045327231115266
1460042760791080964
1460042464069255169
1460042362806284289
1460039361534197761
1460038587995590656
1460032269628821507
1460029699048894469
1460026958713028610
1460026120791678976
1460023004625137668
1460017953617809408
1460005098948481025
1460004716788830211
1459959348868878337
1459940051693948937
1459939032364814336
1459939000173559809
1459933970464849922
1459929794892599296
1459919922809782275
1459919436547244033
1459919017569755140
1459906563741655044
1459906559475998721
1459905276761444359
1459904502811619328
1459904186183663618
1459903771669106692
1459902200247832576
1459901539858980871
1459899398364696581
1459899046789738497
1459895639362260998
1459894643038949380
1459891370022297602
1459891357158232067
1459890705455726592
1459888944741376007
1459888109223485444
1459887164108394498
1459885923068350464
1459885363229442050
1459883949920903168
1459883607103729664
1459879032426663938
1459875896584638464
1459875679403532288
1459875513519030274
1459875074048094209
1459873751852593153
1459873625775829006
1459873321718202373
1459872416927084547
1459868354479484933
1459867223682547715
1459867068287750146
1459866481546567682
1459863847150538754
1459863705865240589
1459860101561344002
1459859500211400708
1459858102732218375
1459857062758793218
1459856637552828422
1459853722448629763
1459853622381101056
1459852082958143488
1459844136387813382
1460095213553299463
1460090268569407495
1460090219038838786
1460086300145377281
1460082492346560518
1460079988166647817
1460079957632172035
1460079352167616515
1460077162225041409
1460076068128186375
1460074171967229956
1460073609083322368
1460070135809462273
1460069538649706497
1460069490134192135
1460067054690570248
1460066593111638023
1460066573264117766
1460065143203655683
1460063738715783171
1460049280312377345
1460047380296790018
1460046174186926080
1460036721735733248
1460036179768664067
1460035923937169408
1460030882446659585
1460023591970295815
1460016414614458372
1459926989175812098
1459924167306797164
1459918102410317825
1459917209883578371
1459911693002166276
1459907473746190339
1459906118944112648
1459905969387827206
1459900842035724293
1459900597608402952
1459898532496773121
1459887887588024326
1459885101999738882
1459882957628264455
1459879254708002821
1459873862963720194
1459873611196473348
1459872787607154703
1459869585511907330
1459867305937027077
1459866794592587780
1459861293205102601
1459839842905247746
1459839045513539589
1459832517004075008
1459830485404684290
1459813104691281922
1459805099069358084
1459803228661444610
1459791856972173320
1459791830992580611
1459791623852724227
1459780522377318407
1459770582887661568
1459767362052263938
1459766010722996225
1459764415172018180
1459762265859584005
1459746341618262016
1459738831293325317
1459737428122501120
1460067203345125377
1460067060000591873
1460066475062939651
1460065615616438272
1460057621168152584
1460056887001374722
1460056524508725248
1460050113435697152
1460047378614943746
1460034035833442306
1460031498996748288
1459923638015041536
1459919316166451200
1459917265437016066
1459896542433726464
1459886262618234885
1459885029237014533
1459878129103609857
1459868450432512003
1459862487818391555
1459861422926532609
1459805335732961280
1459793661521055747
1459792496624472064
1459790686748700674
1459790487166935040
1459787071820685318
1459782028757323779
1459780524373803010
1459775844868517896
1459762307232239616
1459735114909319172
1459733829384478720
1459733827098583045
1459787272786563075
1460080328618348546
1459867678076596225
1459824043230597124
1460088627472441349
1460044460859924482
1459999536772890624
1459968151865544706
1459965205820018691
1459958517431824388
1459936896293900289
1459905586988941319
1459901319490117634
1459896081706143751
1459894490022379524
1459871296649523200
1459859608034369536
1459851448192098306
1459846470807351300
1459846193232580613
1459814202692960260
1459811068637708291
1459805337700081667
1459805007180550146
1459797225282818049
1459788202517037060
1459786938978746372
1459757543891234822
1459756385730662400
1459753934852005899
1460090293542211584
1460076741553233926
1460067880637124611
1459873171587284994
1459872100227772419
1459868808407969792
1459811852028825601
1459802379172278275
1460039906319745027
1459869506495418370
1459797961089556480
1459797321256894464
1459870031458627586
1459912223703252998
1459813374028513284
1459811172727721987
1459803224475529218
1459795400269856769
1459790187622326274
1459780617848033283
1459760841272664065
1459753987582791681
1459740068755636228
1460086944470233097
1459784944557834242
1459744460758077445
1459858863604174852
1459842470389248000
1460093061862604800
1459895884779442176
1459891325768122374
1459845730122682374
1459759134710984708
1459846526209970178
1459846405808287744
1459843455367016452
1460063792247627777
1460026885706956802
1459920016787185665
1459872241811099648
1459872139062874114
1459863656548614149
1459848991554740228
1459777971959386112
1459764235538513923
1460065443855495172
1459796310668705797
1459778438496063488
1459775658351988741
1459943039665774592
1460052733839376388
1460045820649099265
1459895575923412996
1459891946109816833
1459783920933765120
1459767161560629248
1459747022748090379
1459910778773852161
1459815266288758789
1459815223116722178
1459783242626699269
1460078062503022594
1459905338707046400
1459859368325758995
1459854343952232452
1459835729756909575
1459767607197073408
1459895584907685892
1460082103325007879
1459848775191580674
1459847679513546753
1459790507333226498
1459811641579606020
1459781171672350723
1459771946514538501
1460047381630574594
1459998188019101699
1459919728810491906
1460070640380100610
1460052445871046659
1459804995356745730
1460023690297368581
1459869972440629251
1460070178633306115
1460051893254643715
1459824876911349766
1460087370657665031
1460054147684704257
1460045966686392326
1459832870881533960
1459825901600796677
1459824458714075139
1459824450291916802
1459824445585911808
1459816766092103684
1459811665986293762
1459793108896342021
1459772017306001408
1460079020893032457
1459910462062022662
1459903800009838592
1459868887311216640
1459769656328163330
1460028389813743619
1459802945361301510
1459770154586284037
1459864050595098625
1459831213372309509
1460089417767342081
1460021272541204482
1459916381454217216
1459894712060448771
1459879969048334338
1459845152554446850
1459783446700584964
1459750172154490884
1460033963175546883
1460032212405948417
1459887729957761030
1459756705860911108
1460056116377784325
1460029693390843906
1459946876367634436
1459760075023679492
1459747924666159106
1459779548669566978
1459909602729132032
1459786328984342530
1460075463615782912
1460070830327488514
1460069114483855362
1459918561229426692
1459916893960417283
1459916096468062208
1459909864751353857
1459908708230594567
1459901606426669061
1459900886725976066
1459899539482050569
1459887860899725315
1459883427524538369
1459864878215155717
1459862247262461954
1459844335269154818
1459817043138469890
1459759247273738241
1459926527349444611
1459918815706243072
1459888219558854660
1459887740254711808
1459819996826112005
1459916267293270016
1459869680227606528
1459798811232989184
1459824855478509571
1459841452733657090
1459832688861343746
1459840727064596480
1459897302697451524
1460067993136685060
1459917842472595457
1459816057762242567
1459882968890044417
1459873396649447425
1459860156146397185
1459742512256454659
1459741427622039552
1460090429152526336
1460041433377693698
1459850595091705859
1459809088351588354
1459871196883795974
1459861768197472272
1460095759701839872
1459845384088395776
1459794694247006210
1459787958026838017
1460078636929740803
1460066939825385473
1460065921481863169
1459926084107988996
1459872529292562434
1459828307793301504
1459820944923369478
1459909700816752649
1459909577902751744
1460061121528819716
1459906893950849025
1459799070084501506
1459910117160194053
1460064568705568768
1460061678607867908
1460061033293225990
1460060819517935616
1460051105371418626
1460037792256331783
1459912238899228675
1459907579824406530
1459906813126529030
1459906558846926853
1459905472501141509
1459905472245370887
1459798972701184002
1460060019794186241
1460058790716342275
1460078275678457858
1459885732219142144
1460103825520349189
1460086328750600194
1460085950860517376
1460085720370929669
1460085538405294084
1460050158134050817
1459952396885364737
1459868808022138888
1459866409840746498
1459865962577281032
1459865163587198978
1459838825463644160
1459808465140912129
1459769578410500100
1459748030677073926
1459745706017636358
1460100446345854976
1460088110633549830
1460076063673892865
1460066127120240640
1460059024917819402
1460048014026829825
1460016581434437639
1459902845050769408
1459850647927345153
1459781708400795648
1459845612958932993
1460069575114903552
1460069083643138049
1460062690001375233
1459926417463029763
1459880660479332365
1459864578855034885
1460078346230927365
1460071250047344641
1460037369600483328
1460104423196086281
1460099197500231686
1460050017691975688
1460046843937636361
1460043539828539394
1460103024810942470
1460013637997793285
1459992436869115904
1459932335239876611
1459917710855266304
1459894245054054404
1459886573021921292
1459878447044460549
1459833978173607937
1459832075406639104
1459809824372232197
1459762112708767744
1459753637127680007
1460082938712760327
1460071131218526208
1460054187337609219
1460037165937676290
1459922862345654285
1459843325670789122
1459814434583433217
1459838023286202373
1459827018321727490
1460104966324903939
1460089592372072453
1460055596607049728
1460048457021140992
1459881981336907786
1459881810037411843
1459868506954944514
1459797396494422016
1459746234818654212
1460105616223920128
1460082609321566209
1459874598816665604
1459857645909671936
1459823664321359877
1459815422149095424
1459793416062222336
1459781201372139522
1459765026508529664
1459763343393124353
1460106247542345732
1459804929158041602
1460103012362375172
1460099761919315970
1460074808910123011
1460072566517682180
1460036633642749952
1460025031052857354
1459917366439993346
1459903499060219906
1459892161806147585
1459887917539618820
1459880192596316160
1459859111231639565
1459812987280125952
1459812631330447363
1459801526201843715
1459791478121631747
1459773519491780608
1459766787633942531
1459765055705157632
1459763718238064648
1459757307298861056
1460071147052187650
1460039198044344321
1459887078469095428
1459852117972172800
1459751363273838592
1460076556743704578
1460053741596332032
1459918606423113728
1459915477409361927
1459850868585496578
1459835718012846081
1459816425204244483
1459747873776488460
1459915731529728002
1460110196722716674
1460069213393940481
1460048331447549952
1459914221156593672
1460108090825588742
1460099063047770113
1460090045172310016
1460084044561977351
1460081848424419338
1460074891869257729
1460071409724506115
1460067784067584006
1459936211385024514
1459874579283726337
1459863345750700037
1459859833570529283
1459837072714330115
1459791071030902784
1459772109509562369
1460083164144017413
1460079951340736513
1459928652460658690
1459922577283960841
1459917130988613635
1459862226148335621
1459849242541891589
1460084215186296835
1460038163733176322
1459848536217067523
1459833873244639233
1459911197977837574
1459898271334240269
1459871246296895501
1459818295582871554
1460109958876327939
1460105515157970951
1460104609578373123
1460092327511220230
1460088527161479171
1460078542163636226
1460065132948557824
1460062889600249856
1460051861168214020
1460046427183140866
1460044930928111619
1460044815479934979
1460044675784404993
1460044523443081224
1460042098493718533
1460013522998284296
1460011913652236290
1459941237356576774
1459940234632708107
1459924470236258305
1459909455294787588
1459897295755898880
1459896826006368259
1459879027347316738
1459867371795927042
1459814837664378881
1459814144786382849
1459795488530571271
1459789365236748295
1459778796484059145
1459776764658388992
1459769763886895108
1459769705388920839
1459764853577437184
1459759239358943233
1459752738246459392
1459751934215135232
1459748799593988097
1460087711243534340
1460082297080668160
1460079269481050114
1460068347870162948
1459947417374187530
1459939033778434050
1459894115529740297
1459851173016453123
1459829726340530181
1459794945963802626
1459789148458393603
1459778053765308418
1458626781687123971
1459908029306978307
1459903334102421513
1459767230988644352
1459773957704355843
1460070275785969667
1460052402661310469
1459871281038258184
1459870820264996865
1459869881214455811
1459869842996363264
1459865872831451136
1459833308758482946
1459831982175625217
1459819252144246786
1459806696365199361
1460109712356102144
1460039593219158016
1459832872798277635
1460097464107560970
1460073582134890497
1460069773237129219
1460059616536973318
1460040523419324424
1459961120379351046
1459960169446608901
1459919576745930760
1459911587708342272
1459901913583919109
1459888992292200450
1459884837561528320
1459868022710038539
1459862959488847874
1459858470820204546
1459851094687846402
1459847663742971906
1459845637084618752
1459839090145173505
1459817570228269056
1459792168843841536
1459779818745069569
1459775117156827142
1459774651287048194
1459764920367472646
1460108074400636931
1460083919647166465
1460061293121921026
1460050163897028612
1460031809878577154
1459923115346071561
1459907637240381453
1459897393726382081
1459886986794201092
1459886597499875328
1459845021616672772
1459812542939746305
1459902986910527493
1459889466781233159
1459856655428947971
1459929726538027011
1459881699370692610
1459841307564654593
1460097934037446658
1460040456067112964
1459977491259428865
1459940223941365763
1459907742752071685
1459906668720918533
1459906649871634435
1459884514457505796
1459874474380066818
1459846551501606916
1459831263594827782
1459822192066240514
1459808405724405774
1459796049007050752
1459788467450179590
1459858796788924422
1460101338704924676
1459831256682663938
1459901807539339270
1459848953600507911
1459766704485982210
1459754025654493194
1460092743242321925
1459888052013125640
1459762726633459713
1459808267056521221
1459875266805653505
1460062694753464324
1459905632333533186
