1464081479420440578
1464080439983828993
1464078350100537351
1464070787044823046
1464070472996294656
1464067590406356996
1464066635833258009
1464062080705646592
1464061910811168771
1464060547427495937
1464058689157939200
1464054302041776139
1464052773922611206
1464052268735426561
1464052113927913475
1464045231695818759
1464043166634446859
1464036855549104130
1464036290089869313
1464032146322984983
1464026653470826498
1464026314235547660
1464026291238178829
1464025557515976705
1464017252777226263
1464016297604182041
1464014483798441985
1464009203337424917
1464004049766739988
1464001742329114624
1464001342322536455
1464001339756019713
1463960328362881033
1463943669648605186
1463925047312072707
1463911823485247501
1463907751029985286
1463903348013236226
1463895592149549065
1463889567535091719
1463885768493961223
1463884758891433990
1463884755363979267
1463882832829313033
1463879071096442880
1463878227575803906
1463875928421924865
1463873942364438530
1463873757731119107
1463872499351916548
1463871385529323524
1463871292977811456
1463866568476020738
1463866228418572289
1463861218955784200
1463859597135908874
1463855998687268866
1463854799120580619
1463854302162669575
1463849392780165124
1463848597229748225
1463848287266492423
1463848214281523207
1463847760092794883
1463847674201792512
1463847325650993154
1463845984639676416
1463843654292762627
1463840018930155520
1463839208351494149
1463836536470859776
1463836382263013376
1463835229949362187
1463834880870019079
1463828835992891399
1463828159657250819
1463827607519043585
1463824760958173188
1463824060626845697
1463821556862251013
1463821496623591424
1463819566203555843
1463818694363004933
1463817384288927751
1463815878831579141
1463811211393265664
1463811131827376128
1463810882224283654
1463809009832529921
1463807151487344648
1463806458693251074
1463806195177648135
1463805623045218305
1463804547281813505
1463798714590326790
1463794886822354945
1463794193877254148
1463790240091365380
1463788952146481154
1463785846532820996
1463784178634264582
1463784116420108290
1463783052694458375
1463779445563482113
1463770310474276865
1463769786165313542
1463769081966837766
1463765464392241159
1463763366950830082
1463757402071699458
1463755407197806592
1463754520039620609
1463754417790873605
1463753293562204166
1463752442735038466
1463752256117895170
1463749357987975170
1463748611582627841
1463744424672858114
1463742116891279360
1463740916703715329
1463740898160766981
1463739765275062277
1463739543375384577
1463738338196615168
1463735326053003267
1463732174331416579
1463728868036988930
1463727565428846596
1463725289603690497
1463724346187214848
1463722670109851654
1463720861773406216
1463720765941944326
1463720747969302533
1463719605550022665
1463719180436328451
1464079701333348355
1464077822079602696
1464075716186705923
1464075258151927809
1464073198668976138
1464073003629572102
1464072545485815819
1464069999283167234
1464069879376482307
1464068476805402631
1464068372455313409
1464067243264733187
1464067030169100289
1464066473312219139
1464066351983517696
1464063535328096263
1464062099357782022
1464059310556815371
1464058282851504128
1464056386082390019
1464056144708526080
1464056072189054978
1464055644017680389
1464053574862708740
1464051804166139909
1464051148092887044
1464049774600986626
1464049769228034050
1464048420822343685
1464047527175409666
1464045025398964230
1464042600583761940
1464040723011948545
1464039712897732614
1464038829648613386
1464030254427639834
1464029817020432387
1464027066886668290
1464026349136494606
1464025643071410176
1464025485759897606
1464024869847379976
1464023651850887169
1464023156570656771
1464020927482454017
1464019355834880006
1463997166783844353
1463989720858476548
1463963716890685443
1463914341346861060
1463910107473793027
1463907264801087488
1463906610372251650
1463905263426015232
1463904309943300100
1463894224953221126
1463887700986003462
1463886903208382470
1463886120035385346
1463885390935314437
1463884551265075200
1463880902803542017
1463874275102707713
1463870760989065219
1463869256987074562
1463869088111808514
1463866068070330374
1463860013416415239
1463858602330845190
1463848935269666822
1463846469941694467
1463846367143493635
1463841919457390600
1463839591463473154
1463837525273821186
1463835747274788871
1463833173293363207
1463833086244925442
1463832941302272001
1463832873933238272
1463830388711718915
1463827668462227466
1463825889716686850
1463821950115934209
1463815992241373188
1463803450144133131
1463798884472217601
1463798176800927747
1463796855779647490
1463790654660792322
1463786223630094340
1463784263250178057
1463782040327757829
1463781270299635714
1463779860703109122
1463774787843489793
1463772830735028225
1463768569116704772
1463767274494382081
1463763916786323461
1463762731559841793
1463762225173184513
1463756975385112580
1463754386207752194
1463750322698948608
1463748799180857345
1463746711512256517
1463743858081079298
1463740094238453760
1463735658350923779
1463735128270721024
1463734164650283017
1463723471754698754
1463721664412196868
1463720878135414784
1463871387467010052
1463838808969936901
1463816255459061765
1463794012490399744
1463791961026883591
1463788456686018560
1463779829703225346
1463777210922242051
1463753573699710978
1463739162255769602
1464072318917906435
1464043728855732247
1464043340454793239
1464031993855840285
1464025600847351823
1463994837502509057
1463903420830535682
1463868677267226630
1463867206614224900
1463865920292462595
1463864236149411840
1463845897146490880
1463841482515886085
1463786225358102535
1463785710008242176
1463761440649609222
1463748012191059973
1463747336849350665
1463743932056018953
1463730767939342342
1463730522899714049
1464037824382996498
1464020995610611712
1464015926844485640
1463961044649340949
1463935876929519616
1463912654691471362
1463910095469748227
1463869249991036934
1463825252387983360
1463801500375732227
1463763007457005568
1463759565133021191
1463753881905614854
1463738730301181962
1463731232504619012
1463727288634068998
1463726893320916995
1463723433280212993
1463723421540311041
1463720665203154944
1463448041160015877
1464070410140467211
1464070152899620870
1464068090988138496
1464057584235606016
1464024288629907456
1464021451388776448
1464008560870780928
1463998432163500033
1463868503211995143
1463853764671119360
1463841153212637185
1463836329754513408
1463813461935280129
1463811113972240387
1463789491068358657
1463776011967885320
1463774461065248770
1463772608776716295
1463767339887828997
1463763013228539909
1463749837086543872
1463748222736756739
1463747371343482882
1463727877514424321
1463723943164997634
1463720597276397569
1464080373734731783
1464078052376207363
1464076867959279618
1464074682966151176
1464074220397232128
1464069834765844485
1464069209042796545
1464067514342592518
1464064649255555072
1464062804772765698
1464059284497608714
1464053795181277211
1464043055082737670
1464043053325324300
1464039753586675733
1464036383262003202
1464032404474114050
1464030312413872131
1464029025899221010
1464028607383097347
1464027106707451908
1464021979883708419
1464014665025875989
1464013414594801677
1464011515304898591
1464008285887950871
1464006760037904397
1463902805614342147
1463899965030158341
1463887062671654920
1463886349463789569
1463882475155779587
1463874154138988545
1463871983884533763
1463852462062792706
1463847135309295628
1463840426566160397
1463839897475706880
1463839376996065293
1463832058627645443
1463828704379817989
1463828044787773445
1463827442993287173
1463825656622448648
1463818408001040391
1463815970040868866
1463814141114605570
1463811811828846592
1463811149309251587
1463808487775883269
1463803582134718468
1463803288772431875
1463801325620133893
1463794992736919557
1463794977155129350
1463783581520515075
1463782061408337921
1463779873378471940
1463778241076891654
1463777778734563329
1463775693125259267
1463773230401933312
1463768246432124931
1463768243152187393
1463766203856347136
1463764594355150854
1463764417791754245
1463755815123181572
1463753063793975296
1463748951845130241
1463741024954564608
1463733904947363842
1463731869157969923
1463726878162755589
1463726474008023040
1463721663023878152
1463933227765141505
1463893490044006404
1463793729173524487
1463778796855721984
1464081761986514944
1464077751384567815
1464076520712929294
1464075712705351683
1464072541677391881
1464070892401528834
1464069610412544005
1464069227149619206
1464065003426697223
1464058619801055238
1464055614028451840
1464048743066451969
1464045393432354819
1464045088951062533
1464023602643148801
1464018687522840577
1464017082543190016
1464010504104341506
1463891978957910019
1463879969998716928
1463876652946001923
1463869195637039106
1463864521647267844
1463848401695436801
1463842068124430338
1463840390247682052
1463837388845633545
1463836099218862081
1463832862793211908
1463829425573621763
1463829094982819848
1463824542036475905
1463824367096266753
1463822900801130498
1463817278609248263
1463816952535650309
1463811336404492289
1463809936702328834
1463804348211683331
1463802056746012673
1463799619402420228
1463798362218524674
1463778804837478404
1463776591528398855
1463776478479278080
1463769980730707969
1463767759364386816
1463767685024546820
1463762512004874243
1463750705055821824
1463747512490070020
1463744497590829068
1463739331156201473
1463733466902585354
1463731253400596482
1463730510417383426
1463730090982793216
1463729906668294146
1463720851056906245
1463720744467140608
1464079912021622796
1464079623981912072
1464079272352501767
1464077895588986880
1464075803382018054
1464073933427146756
1464072326639616002
1464071618943422464
1464069110208385025
1464068743407931398
1464068498577973250
1464068273834651650
1464067898289262593
1464067520680239115
1464067009138737154
1464066653763764237
1464066529855639556
1464066126409711618
1464064970857934853
1464064414546477056
1464059834035179524
1464059333566611456
1464058339067760640
1464057772450856963
1464057205146062852
1464056840338042885
1464054903114850307
1464053439088893954
1464052887525281792
1464052299748102145
1464051902904102918
1464051475303133190
1464051281023193097
1464049877353000964
1464048592872787968
1464048095352668160
1464046692139864068
1464046215293648898
1464045252952526849
1464044255349858306
1464040529050497028
1464040243439439906
1464039606182055948
1464039184792915979
1464037206679457802
1464032885766197277
1464030225486942228
1464030150257876998
1464029465533550593
1464029084892106766
1464028460058251264
1464026800552505346
1464025082271985665
1464024813299666951
1464019978072383490
1464017456209358874
1464016580464066569
1464016037326647303
1464010522571862022
1464007628250443782
1464006127071293489
1464004603171598340
1464000933646405634
1463992258626158595
1463968516848054272
1463958422622142464
1463956596887744520
1463947070390226964
1463940372078465034
1463923857673232410
1463923458526515204
1463922948918562819
1463919463900663809
1463918734561529857
1463917636798992385
1463914615318794244
1463913851955470337
1463910723797458950
1463906502150926346
1463904746222153731
1463903771486875651
1463900173512298499
1463899513232367626
1463898086443393024
1463896626414514180
1463895485677248515
1463894270629142534
1463892247989178373
1463887040873832456
1463886443089211400
1463885425970278401
1463878251927851017
1463876669685448706
1463876470409809923
1463876090577911811
1463874005090254849
1463871912388411392
1463871776799162378
1463871101902065668
1463865050276392966
1463864938028363778
1463862974435631108
1463862134069030912
1463857770772381702
1463855995059200011
1463855561514967040
1463855445223751685
1463854931144699909
1463854678442057732
1463854218826027010
1463852406513438720
1463851931860758530
1463850038161936387
1463848325627752449
1463847939835584517
1463844830954463236
1463840137612185609
1463839497741733894
1463838328340447233
1463838238750109702
1463838040405667849
1463837446634807299
1463836886447714307
1463836069334450177
1464077777494167557
1464077628038520833
1464077519401848832
1464077210784985089
1464073856021577728
1464073024466866176
1464068971603185664
1464066599330058241
1464066417729236995
1464052106206146564
1464049021895393285
1464049007555006468
1464040729458610200
1464040351098834978
1464034460551188498
1464030571185672216
1464021750660964354
1464002262997471236
1463935547705999360
1463930346857119746
1463919796999757825
1463919346179186689
1463906438095380485
1463904550125854724
1463900098719412225
1463894751787184138
1463885982952931331
1463885310740234240
1463875317458604033
1463871860253233153
1463865545825030148
1463850924196073485
1463850017379086342
1463848403507372032
1463847876547670020
1463846896519155718
1463842943588921344
1463836326680141831
1463835354725642241
1463835350271336453
1463835322790207490
1463835295137218565
1463835291244843011
1463835210886307843
1463835138895187970
1463832907256975363
1463826749146296326
1463817734387425288
1463811577094676483
1463806218489663491
1463803099609370624
1463790364930678784
1463787536145285120
1463783870386487297
1463776787243044866
1463768440406114311
1463743294207250433
1463732510290964485
1463731094847516679
1464080639888527369
1464070116916621316
1464050892320083970
1464035409118171136
1464031882597711873
1463947618703208456
1463920782430511130
1463915244728688662
1463898544109068293
1463893854713614343
1463885062038978563
1463873252682391554
1463860960951562243
1463857510213820417
1463853834606825477
1463826075775946761
1463822466950713347
1463821484443385861
1463807238707953670
1463785055017324546
1463766601157595138
1463757218453483523
1463737878563807236
1463729565797261315
1463723474149527556
1463829282950508556
1463787252954243076
1463773132578115584
1463742234784788480
1464065052030369796
1464060351608090628
1464079553219887116
1464072203557765121
1464062945126612994
1464058009106083845
1464055443278336002
1464052175961796610
1464046251154935808
1464045267062165505
1464041344062558211
1464039591992725542
1464038374977671208
1464013011731902464
1463955212763217920
1463953016671793152
1463949952837578758
1463949331778527232
1463949169912008706
1463948886167351304
1463943436243914786
1463943395739455493
1463929632630083585
1463929175631286274
1463929126486634497
1463929095360696326
1463928692241879042
1463928619458170882
1463928576328159240
1463928407410966529
1463928116527583232
1463928022398947334
1463927985107394562
1463927911514206209
1463927840726863872
1463927730316005376
1463927712456724485
1463927614263861249
1463927605103513611
1463927562254503937
1463927537126412290
1463927507581747200
1463927473893089281
1463927442486091776
1463927372537729027
1463927277872304136
1463927257794166784
1463927137077846016
1463927078294732803
1463927032325107713
1463927006068756483
1463926977606258692
1463926927199113216
1463926902108786690
1463926851580022791
1463926803467149312
1463926745929637890
1463926701876940808
1463926660734996484
1463926629571260420
1463926585950572547
1463926525380595717
1463926464856805391
1463926419981930500
1463926382195462165
1463926330790084608
1463926306538602498
1463926264335519754
1463926220794445824
1463926169082875912
1463926134056255489
1463926104691937280
1463926077504442378
1463926038841348099
1463926014522781696
1463925977084354563
1463925949305479169
1463925914148884484
1463925877993996289
1463925849724375045
1463925823858040832
1463925783945093121
1463925751149854723
1463925721278005252
1463925685806780426
1463925655184109577
1463925627669540868
1463925584354955266
1463925550691471374
1463925507469168651
1463925477391814659
1463925443187200000
1463925404809367556
1463925368818049028
1463925331165794305
1463925110700593158
1463924903892054016
1463924877119741954
1463924819620073474
1463924798187196419
1463924750867075077
1463924707770523650
1463924670302879744
1463924629601341443
1463924553080459267
1463924524412407809
1463924517986717707
1463924450152255490
1463924406552457216
1463924077584785448
1463924022370988033
1463923952867156002
1463923878586032145
1463923651611271186
1463917474492006400
1463908935966986246
1463908840282279942
1463900127567876097
1463886306811924486
1463882975368474626
1463879563147055108
1463870728462233600
1463857382228828169
1463856050453422094
1463851551668064261
1463848594310524929
1463839582613491714
1463833555922931713
1463833259557617668
1463832111253622790
1463828547739340801
1463824296875155456
1463821222366433281
1463812160925016070
1463776464701046785
1463772756831440898
1463772474764673028
1463768381241192452
1463749375545405444
1463746457006002177
1463744140974309376
1463735831735136260
1463733477120131078
1463732047730524161
1464036957512634416
1463800811301916675
1463753024359174144
1463734967930810372
1464001895039700997
1463999879814869010
1463997993611194373
1463790812286705670
1463813101653225472
1463794720170074114
1463936007221374976
1464068985733877760
1464018821216235530
1463917847424671744
1463839070220521473
1463812176313872389
1463804197174865921
1463765424760254465
1463741347194572805
1464018897405767708
1463819699901194240
1463729889094221832
1463728476544851974
1462217141936025601
1464082600843042817
1463739309094158339
1464077881894596612
1464049638604869633
1463835067227074561
1463728536330461186
1464045502643597317
1464073788656545793
1463887189142507528
1463870156162015232
1463729692544962560
1463854443292618761
1463724964503162884
1463562811808759809
1463788346296074245
1464058380599787528
1463895546297417732
1463873683248738312
1463840254570295305
1463805991208710153
1463747356403269639
1463863343362424837
1463764896995176448
1464000106219200512
1463985791051317284
1463867808706535432
1463747455296499718
1463899574620151815
1463735987775754247
1463835858176397315
1463786191971442690
1463784157868277764
1463754154354958337
1463874350856097793
1463742971493244929
1463727618579001353
1463767209482678274
1464032402305544193
1464025435222675459
1463898073671733252
1463841353104650247
1463794888198082564
1463794474836844549
1463793679668113408
1463793394061221890
1463793064258859009
1463771273008275464
1463747302451863553
1463726792443719689
1463725162910547972
1463893660521857026
1463893325061103618
1463877495992643586
1463780138286338050
1463966758688092190
1463884351158960136
1463883523790544900
1463881627235348480
1463852552844288001
1463796735986188288
1463781900263178246
1463882278585585668
1464054512302243844
1463884042164572161
1463887288610394115
1463820651517689858
1463752669093187590
1464070291269713927
1464067682009894913
1463943313438887943
1463863184662532110
1463851122989277187
1463851065607032840
1463850287177760771
1463773141088358407
1463737705683054592
1463729221805608960
1464082333112291332
1464055209106178050
1464054922601631746
1464028764216729602
1464026076737277962
1463850471882326016
1463848038414405633
1463828205647712265
1463804536515006473
1463804244515954693
1463798499460337665
1463743928457326592
1463730434399891461
1463728239537389575
1464059019211853828
1463734842294558722
1463819887936106502
1463745058167930880
1464056401181888513
1464029585285124097
1463776206050848768
1463770521116438534
1463767499799810049
1463735096838557698
1464019942190112769
1463986719892533248
1463913795290468352
1463908935799230466
1463890413127823360
1463783633215389701
1463777555228463106
1463768921572450307
1464077712281194506
1464049797556420617
1463871088278917123
1463808436991320065
1463776481797099528
1463760623091830784
1463787628382281730
1463791393793470464
1464054421302640645
1464029174184644619
1463905280949821441
1463903376194748421
1463816606262259719
1463734067015208962
1464042189382586426
1463887088374325249
1464020009806565378
1463751611545649155
1464062334754701313
1464046856237846535
1464036387297005570
1463943823839547396
1463904939185295366
1463887146641596423
1463886939510099972
1463886655517908998
1463872315049975819
1463871181912608772
1463867504816656391
1463858289574219783
1463858002117545986
1463857841303789570
1463855891174678532
1463854485084655620
1463851909102530560
1463849427106353156
1463848826301661193
1463773515887235075
1463747824131067907
1463744058887585793
1463741345873289220
1463738957586309120
1463732817943097347
1463922539189530624
1463796403285549062
1463760926385922048
1463754546061012997
1464003560664756229
1463759794842456065
1463857609232969734
1463729075671887874
1463730730106720257
1463744905478492167
1464050820748496897
1463993762883911680
1463932820280147969
1463809507859914755
1463732496021921797
1463945714069872650
1463945686169358336
1463895029756272640
1463894539551195142
1463884212642058240
1463854920705003520
1463854919186714625
1463780966397353986
1463777773084831747
1464082178489262080
1463882138839748615
1464060443144589316
1463913234721742885
1463815005489401857
1463781040481128451
1463772768906870787
1463734803149189121
1463971184630849537
1463780991487688706
1463882925988933633
1463876609115451392
1463795762165395459
1463795863193411592
1464015830643929101
1463870777640439815
1463890264250933250
1463971750815830018
1464083083360030720
1464083009443745799
1464083430509924356
1464083291288399876
1464081158308712453
1464081084405071876
1464007672533958672
1463971874711375872
1463971668473171971
1463970760377057297
1463968809660805137
1463968636004036608
1463884546613469185
1463883521760501763
1463883519457783822
1464037340498726928
1464036343810461722
1464009179757047828
1463904945678127105
1463880485394784256
1463872137681195019
1463855281494843394
1463815290634919938
1463809898639024134
1463790980037894146
1463789326546837507
1463786240923226113
1463764584611778561
1463755923143331844
1463740210986975233
1463738903664357376
1463737218497843201
1463733576726290432
1464084681297567746
1463913670837092356
1463873159854059522
1463835979047792644
1463765618264444934
1464071808525606917
1463848324377632768
1463765582575112195
1463813262063988745
1463759879034658816
1464088839211810817
1464079062175924230
1464054680636444676
1463852831501287425
1464060263393423361
1463881171431878656
1463849326111694850
1463781515582603268
1463781102653374466
1463771941286776832
1463749976484315137
1464087997486305281
1464060225325977600
1464056319489585175
1464015486924910612
1463972866983174148
1463954643906535427
1463892520207740942
1463865058253889541
1463847788538564614
1463823522443108352
1463820468452933632
1463820152647028743
1463804390137950212
1463782065455857666
1463772981675507712
1463772766599974912
1463764884965916672
1463743996497256450
1464072140471169026
1464068906415316993
1464042198035435521
1464005732810964994
1463859408723529728
1463801682777706497
1463786690703552513
1463775253918748676
1463774416525950978
1464077546224455682
1464036009570570241
1463777444775677953
1463759297389555712
1463919916491284519
1463866911628791808
1463753715781812224
1463924339657437184
1463805938322731013
1463755816264032258
1464035053227315219
1463856458005565449
1463821052211908609
1463781447278333953
1463782909186228224
1463904198790041602
1464084460459151360
1464078110698053640
1464075091856093191
1464054469923012610
1464042619210637313
1464008904308715542
1463899790090338306
1463857587959435267
1463852800488607744
1463845303858069510
1463841608076390409
1463825445514743808
1463794587315572738
1463792494399791107
1463754725526933507
1463753495572451328
1463731908953706504
1464056262614605829
1464044881186373636
1464038806877736970
1463833925256548354
1463807874447003650
1463796703618760708
1463769421604810754
1463759373508161539
1463837282285228034
1463783487845007363
1463782489638379520
1463820716382449667
1464082626008870914
1464051944054534146
1463893699922841600
1463848800049455104
1463827868681605124
1464003367210864644
1464071744084275200
1464042562054852609
1463835117902696451
1463768333887569921
1464092905308573704
1464068693885784065
1464038164792705024
1464019636500897792
1464003404888350720
1463892672150601732
1463857156017381377
1463857142151069701
1463856807529484292
1463828419607556099
1463820567664988172
1463805687369142275
1463772083352059907
1463745307229843457
1463907226028892163
1463840363664187399
1463802340486508550
1463756739640115201
1463933108802101248
1463849185359192068
1464095331260329988
1464094835661365258
1464094449827418112
1464090716469022721
1464088724254470145
1464081344573571079
1464071285458145286
1464064556536270851
1464049828103557121
1464049119941431298
1464006017453158405
1464004885347586050
1463896751312556037
1463882343769251841
1463875973724532737
1463872740486639618
1463862051118276610
1463850314331672578
1463842559281676290
1463839345433997313
1463829074598457347
1463824373576466437
1463820665069338625
1463797014974533632
1463790652487966720
1463779475603083272
1463777141842067456
1463775390044884997
1463773662864023552
1463773579070230531
1463772948662087684
1463761921186750470
1463756588846444544
1463754273632620546
1463740245006905348
1464059330802565122
1464031126868180992
1463940284790689796
1463910112972709897
1463905546558345216
1463900918181552129
1463867872321490951
1463853829644963847
1463831606536323074
1463808990501085186
1463801555606335491
1464084570421161984
1463965635306823681
1463837885950476290
1463826327941922819
1463824585405526018
1463879592335265793
1463818826018181129
1463808796015296517
1463735680614289413
1464081867825717251
1464056267094122497
1464031271210741760
1464019550484193282
1463898622735564805
1463865117716934658
1463860509237817355
1463848304878383105
1463846931407327239
1463844872591327243
1463844352338264067
1463842467971833857
1463809269082439688
1463736966302765059
1463763126940172289
1463763114801856516
1463763098506973188
1463763082161704963
1463763066265292808
1463763055041417217
1464062633951182854
1464049554240778242
1464007636270010368
1463941107146903560
1463919271604461573
1463873911360307204
1463871112350105606
1463862864306130945
1463855670348980231
1463829408066592768
1463821818767175682
1463798589667246081
1463796893734129667
1463774028305367043
1463769731458949120
1464086812134047746
1464059661418524672
1464053290509877249
1464051054060847105
1464025709039403011
1464023644439416845
1464023110139596805
1464022206061563907
1463947195854442521
1463931348989718546
1463913071643172869
1463902439124312064
1463896413494865922
1463890549715480576
1463884388941254665
1463872957520834566
1463866340171661321
1463864043664379915
1463852444144730117
1463852402008748037
1463849955915878401
1463846871135252485
1463842310857191434
1463839802403471364
1463839130333302789
1463837494030569476
1463835759622819842
1463835698277060615
1463835479858552832
1463834854412341252
1463831255716347909
1463830694224973828
1463828557327568899
1463827471116091398
1463822910783508485
1463817723419377669
1463816849406242825
1463810419739398144
1463806541136490497
1463801124151083018
1463792982579109893
1463772942135791621
1463771344210849794
1463762269674913800
1463761307656601601
1463753631992217602
1464083710056095746
1464065069684170754
1464056051410497537
1464053569330372610
1463937568995786759
1463849220029313026
1463845918986293248
1463842553602580481
1463805405750910985
1463804173338624007
1463748084186312710
1463735686444445704
1464062632298573829
1463913904417894403
1463877146376425474
1463875246696529925
1463765237241286659
1463754323007971332
1463754321099509762
1463754318637457413
1463747639862648837
1463744463432347652
1463889318007607305
1464048479496327173
1463951515421392905
1463923112894820353
1463909902863138817
1463841936452702212
1463821063738077184
1463810839870251013
1463793616380260359
1463783068976787457
1464039584359092234
1464039580563247105
1463746587323101184
1464087029814161412
1463859766954840070
1463878211448688644
1463877343512956931
1463876618661752842
1464008209190907905
1464056386871074821
1463840448640737282
1464054671199330310
1463844231995269120
1463798118059687947
1463913680236466181
1463910533388660737
