1458283274980179968
1458279602711715841
1458275466075197443
1458275252052520964
1458271947419262976
1458270909559492610
1458269911025737733
1458268562766942213
1458267703232589825
1458266331313152001
1458266221619474435
1458265792294756354
1458265190382772227
1458262670155477000
1458260782471278594
1458259102853787651
1458253575448977408
1458253449158615042
1458253162612092928
1458252208701521925
1458249508819660804
1458248974142373890
1458248829740859394
1458248027932483584
1458247708192370689
1458238048085422083
1458230345585676292
1458228773577363456
1458228591452246016
1458228455674245121
1458227619502051331
1458226423949258754
1458222120396201985
1458221084457594882
1458220575059447810
1458212915836719104
1458203536626380801
1458147864849256449
1458126739150831618
1458115280459087885
1458105552697839625
1458102509377966080
1458099319664484368
1458091972397240321
1458090774495694860
1458090700898177025
1458087735546327047
1458086669144444948
1458086497903648774
1458082696505274372
1458079881846136840
1458078755281276931
1458078668085936143
1458078321208610824
1458077639676084224
1458073591266693121
1458069998232948749
1458069469805252609
1458068361670119424
1458067809515171846
1458063754415902722
1458062373395202065
1458061762150813696
1458061425474080770
1458057791361327106
1458055553322655748
1458054893973884930
1458054064231444487
1458051891208671239
1458051300013211649
1458050628232441858
1458049626901082126
1458049143407009797
1458048359504089093
1458047576213655557
1458044351280418818
1458041985529311234
1458039882937368582
1458038078099001349
1458037957755949064
1458037044173676549
1458034936351391748
1458033885636218885
1458033683667976196
1458033591808454656
1458032658756239360
1458032359232598018
1458029566899863555
1458026060780490761
1458022802276040710
1458022009347051523
1458020449405661185
1458017464889929728
1458016653954850821
1458013602548359172
1458009192959131657
1458008951946035204
1458007698662850569
1458007123829276678
1458005456148860929
1458256339084349443
1458280206922256384
1458270371786813447
1458264537128394753
1458264483617333250
1458263755255476226
1458260254769225728
1458259238682341377
1458257110697852929
1458255978931970048
1458255971424227331
1458254475987087363
1458253909642788865
1458251518600044545
1458250003537805312
1458249223850246149
1458246492318167043
1458246319290519558
1458246071763685378
1458228033895088130
1458223503199592451
1458218068686118918
1458209509504012288
1458203942136029188
1458203921156034571
1458193098392018953
1458163435313647617
1458107749607170050
1458105054238441474
1458103385756880897
1458099220217483280
1458099158276005895
1458098026464124937
1458095300430766089
1458088785711968275
1458080922268483585
1458077476031287299
1458066390192058377
1458058533639884800
1458054092945649677
1458053509492850698
1458050584926326787
1458039109885181952
1458035357111308293
1458029174749208579
1458024815059558400
1458022637272064005
1458021058687217667
1458015049289650179
1458012961696485379
1458007946424639490
1458007128233287680
1458006752184582144
1458247450427154440
1458245160744067074
1458283038404608002
1458279666330992642
1458260623158956035
1458255568334831621
1458241509992505346
1458232713656160256
1458119957196128259
1458097499001036814
1458036035154104321
1458277600946651139
1458265527759953920
1458251420046483458
1458238361676648451
1458071432827588617
1458065606859583494
1458052234307006464
1458033712793153538
1458032828206125059
1458280850903101445
1458259736613113856
1458257203601633280
1458254208432365569
1458253075227971585
1458245388658360322
1458235460359053312
1458234157809553410
1458224333076107267
1458216955924520962
1458203999358705668
1458089110023909385
1458028466754916354
1458282099215978501
1458281617709879297
1458278669126754307
1458275242804080642
1458270385686806528
1458270369802960898
1458270363775746056
1458270355856912392
1458268739342934025
1458267135948431365
1458263454305832961
1458263446793834499
1458263437507641348
1458263417597292546
1458263136532774913
1458261017213825024
1458260967129681922
1458260879250649089
1458259732766990336
1458256075547811841
1458254985506930688
1458254097459548161
1458251227762987015
1458248219658371074
1458245296064897045
1458245140024152067
1458243391787974661
1458239287779016711
1458238259524345862
1458236414752006145
1458235846402789379
1458234856245190656
1458233435043008512
1458231464651202564
1458230698859393026
1458223154698993668
1458222355604402180
1458221639691165697
1458221192385421314
1458218137233485826
1458139620055699461
1458094838751145990
1458089912834695175
1458088381276098562
1458081837784371210
1458071119349436422
1458069181748813836
1458069047652745231
1458065190038085633
1458062896416493577
1458060554883457028
1458048625406218245
1458048278855962636
1458047974722846720
1458042315528818689
1458031751037472770
1458028289377718278
1458013331776700420
1458010106906378242
1458275723190292482
1458234198410424322
1458044223320592388
1458041600890716161
1458037785059725314
1458036729399562248
1458028252241416198
1458282908142108679
1458281336293134341
1458279885563072517
1458276222048215041
1458275277537103872
1458272333701943297
1458271459164389377
1458265205054402561
1458262220647780352
1458253111852601346
1458245524595879941
1458242682380189700
1458241748245700610
1458125745645969415
1458093807854133256
1458089185567547392
1458085684024053778
1458047655402110981
1458047018585055232
1458045985058213890
1458037270175522818
1458033944167804928
1458033914576994309
1458033862643126276
1458030560350068736
1458026912631066629
1458023076176674820
1458019243040014337
1458017402390663174
1458016200089239554
1458283290083856385
1458283288267829250
1458282482495676417
1458277539407806466
1458277393886375940
1458276797150220293
1458276423865491461
1458275833127194626
1458275721852252171
1458274642477600772
1458273966498398212
1458272918509527042
1458271307452207115
1458270362005737472
1458270358260252672
1458269425530912771
1458268573223161862
1458268321237778432
1458268187536117761
1458266282101391361
1458264643885940740
1458261560304934927
1458261162173210626
1458261049656807424
1458259653310095360
1458257354772738052
1458256847777959942
1458256768413306891
1458256159303892996
1458256108900941824
1458255604691070977
1458255508884705282
1458254390620348426
1458253432259678221
1458253281315205127
1458251940916195329
1458251078869217283
1458249765116731392
1458247309339213829
1458246670722818051
1458244783021850626
1458244392062435331
1458242781114036226
1458242773505634306
1458242364225458176
1458241636689793024
1458239796954886147
1458239502753968128
1458239068672704516
1458238092029009925
1458236910325878786
1458232407404912642
1458231211642417154
1458229953762250755
1458229951245668355
1458229941892382724
1458229035440513030
1458226987483287557
1458223977847934977
1458223897061380099
1458222117892198403
1458221947498614786
1458220778969649158
1458219178226110466
1458215809071812611
1458215721473744903
1458215326416441350
1458215264676315139
1458213388517998596
1458212923457740804
1458204793709547522
1458195230889426945
1458193771359657986
1458173280653746176
1458142699718987787
1458137294313951234
1458131334057005060
1458128856267718659
1458117486390362114
1458117388763746305
1458113908472889345
1458112885884796935
1458109573827489795
1458105734130851847
1458104056166055937
1458102981770059790
1458091665915318277
1458090983925686278
1458089915103817736
1458089910653575169
1458089907709173766
1458086132638490632
1458081755999711247
1458081691503931395
1458079131921485833
1458078620589588480
1458078511235846152
1458078236110462980
1458077529697357836
1458072828629028868
1458072763164348426
1458072415603286020
1458068812138377217
1458063771365044225
1458063347081826305
1458063264248578058
1458062827990630402
1458062250854338562
1458059734141968386
1458057756334858241
1458057053876875265
1458055187222962179
1458053434079264772
1458051297148502024
1458050503275810816
1458045946508443651
1458045438402170884
1458281264218181639
1458270487394459648
1458269881950892033
1458268187678576644
1458262816029241344
1458262710999666688
1458262153023004680
1458254766552018946
1458251031167393793
1458244864009592836
1458234982858584065
1458234254018547716
1458233717890027522
1458227356074590214
1458224119720263684
1458092703070269441
1458090497952690187
1458086995725586440
1458078447666810888
1458078260206710797
1458077052658143232
1458070982342569985
1458067788711424011
1458067570632761351
1458063731364032512
1458061819193413634
1458061580407480327
1458060757979914240
1458059806166577161
1458058000166363137
1458057393682616323
1458057209493929999
1458054691355435018
1458048835847012353
1458038210387267590
1458038073770471431
1458034331784339462
1458034259516481541
1458025919801544705
1458022896052305933
1457660991118798848
1458282049312198661
1458281811830657029
1458280738965504005
1458280126651666435
1458266813431574528
1458261076592631811
1458255584893935624
1458236063906873349
1458230298785705987
1458225784032673800
1458223327252664321
1458103809469603842
1458102511257067522
1458100753864839174
1458093260262490119
1458092559943847960
1458086827735273491
1458063675093241866
1458055624969781248
1458054406415413251
1458037622379401225
1458025604767379461
1458024650986774533
1458016485129940993
1458009992842207233
1458118680278028288
1458017084282007561
1458174815806758914
1458277346624999426
1458272807784177666
1458239857679949826
1458091868298829825
1458080105700470790
1458076995951083522
1458060660042960906
1458041399245361152
1458037342724231173
1458036834005487617
1458036832231313414
1458036321314738177
1458035507938533389
1458030938194001922
1458272699365482496
1458271271179862019
1458265046572691456
1458234017732460544
1458200665633669122
1458146033205055490
1458128646158254080
1458100054917529612
1458091432904900624
1458077499116687365
1458067762027261953
1458056013563584512
1458039851245129735
1458023587537772549
1458015530716073990
1458097052748025860
1458078363751309312
1458014565275353090
1458216857727504385
1458026370093617158
1458250538944897033
1458246816378490880
1458233396102983681
1458210904974114818
1458072853027319808
1458046816193159171
1458271846227394560
1458244790781300738
1458056737676615686
1458285314208788481
1458284682349408261
1458284110535802880
1458242295061311488
1458242090043789318
1458234991654043648
1458234986327281668
1458234975728197642
1458220112247357441
1458098320556142594
1458059482257186817
1458050101813735428
1458049886348218374
1458049094878842886
1458052799837597709
1458266356764196868
1458228671135682566
1458228220004683779
1458234980987932675
1458224952901988355
1458189170589900804
1458143738811744257
1458098212703719425
1458091658524991510
1458068502640672771
1458052810780545034
1458230331287359488
1458113425968484353
1458042098544889858
1458075792705941505
1458278645370265600
1458258193776214016
1458252359730008068
1458122302642483201
1458109166212370432
1458036745337929732
1458018246884356097
1457198894446637061
1458257137755312129
1458251190853111811
1458242133027000322
1458252529951596545
1458020040045850627
1458026944407093257
1458281868147658756
1458243253753372673
1458097746192314386
1458095976531496972
1458046729207484416
1458041408145616898
1458024767399755778
1458010860115267585
1458265428787019780
1458263991378067458
1458027898892288002
1458254609571409923
1458017819564511235
1458271314305683459
1458254679058518016
1458063239082696710
1458011688037351424
1458072915862192139
1458047008673964034
1458272064603783171
1458255325916635137
1458068717129003009
1458254691226161155
1458254667285073923
1458245240322547721
1458100571420889092
1458056818135949317
1458056210309992451
1458047170272137220
1458027876041723915
1458024753973792769
1458017828871688197
1458017813713481731
1458248416035622917
1458115599574310914
1458264359793164288
1458276073871872006
1458125828458356742
1458285726332645377
1458228694162423812
1458214596049719296
1458065066696212483
1458023278832865288
1458065245222494211
1458026739645493249
1458023045935763463
1458016838613278725
1458240379896020994
1458059692572229637
1458101077342138370
1458094840919494657
1458068084942467074
1458065250415104014
1458064550901682176
1458063841577734153
1458063006466641920
1458062861251452936
1458030063870300166
1458101747566661636
1458057641767280645
1458035842094534660
1458064709291106309
1458209741625196547
1458244081193152512
1458248929175216130
1458143096521125890
1458026573009879043
1458237917688582148
1458236563855327233
1458228601984225280
1458086573594095621
1458080909434003463
1458079874984382468
1458079453381152772
1458073718530318341
1458044119779926017
1458288354496180225
1458149009323806722
1458112846319919116
1458084777060360197
1458068096388763658
1458054869248405505
1458064671873765381
1458055016879587328
1458063835516977157
1458173902123765760
1458065382791516161
1458064563555815428
1458063540208615434
1458061089065689088
1458059400376045570
1458059131269484544
1458056982397534213
1458056982082953222
1458277309979381762
1458192466117492740
1458285054510043140
1458293859780157450
1458284176583446530
1458259518240944132
1458258508940333059
1458238604304470018
1458231487539548160
1458200350003908611
1458101736355270657
1458082829603151885
1458060634818445312
1458184605538955272
1458067067819552768
1458050908252565513
1458273605830070272
1458108869738041346
1458079921834643458
1458066061316616193
1458065749352673285
1458294599680552961
1458070352681070594
1458278634074955779
1458106946788073473
1458097939612639237
1458096827161583634
1458067359432785921
1458051004578996226
1458038812014043149
1458283082310553601
1458239517517697026
1458081898039812097
1458054519590293508
1458046061818253317
1458045668061171714
1458045487706112004
1458265138851577862
1458263987275976708
1458038063880237060
1458284432016613378
1458087090411950088
1458246806144380932
1458081602265829386
1458277810603118592
1458208236423692288
1458043557667741703
1458036306601148417
1458039209176956937
1458051940558901255
1458234940395454465
1458233826149158913
1458035978912743429
1458049076868501505
1458287156196118528
1458277269600800772
1458264470526910467
1458256775702999049
1458243544741605385
1458231928654426113
1458224123956523008
1458091680020799495
1458073731981475840
1458051951824814082
1458019627586318344
1458258450706694147
1458253151195131910
1458232463428239369
1458066879377932295
1458078563442192386
1458275490225999877
1458274450286153730
1458273880460578820
1458291659360198661
1458257557001162752
1458254308512657413
1458028115926687745
1458248063781261312
1458064764484001797
1458275747768922113
1458259018258939905
1458229068667654144
1458224364902518784
1458219892520353797
1458176222891028484
1458085972793495572
1458050582288080896
1458025580973096964
1458257890691538948
1458257490873782276
1458098756575010824
1458079493596323845
1458282425285443584
1458051230073163777
1458286691588792320
1458277133801775116
1458269451015516163
1458259607587983361
1458250434452213771
1458249717788254208
1458244295597576193
1458225803301322753
1458219339039928324
1458143242118000643
1458118975452160000
1458089511548817411
1458089299044356096
1458066674142171144
1458064464209596416
1458276470426583048
1458245994584297472
1458235299272613891
1458233611891744769
1458223366997827588
1458157762718797836
1458125325624348678
1458111376594022404
1458098595127824397
1458090076802633730
1458045355740721155
1458296241398247426
1458256738805698560
1458275452997435396
1458267553730478085
1458218186802069504
1458206874134671360
1458152452579119113
1458113434696957961
1458097439211130889
1458084848560705554
1458071290191962120
1458259243371425797
1458227680394940418
1458292270654902272
1458290557873115145
1458289899824562179
1458286987480240129
1458283025079304196
1458278518089912322
1458271538466099202
1458252582128799744
1458249727246364687
1458249474820620293
1458232789573070851
1458221697677422592
1458212677436665863
1458104362253778946
1458093404957589509
1458082558281986061
1458072005614260231
1458070889841442816
1458066622174744578
1458052703456620546
1458034938951782409
1458032624673251329
1458030810192236546
1458030070576996354
1458292420165005312
1458276616866435073
1458267741438156802
1458233056196628481
1458224306303893506
1458061022774759434
1458057510246510592
1458036367493984260
1458272019762475009
1458230692983152643
1458060746869202952
1458042860503064576
1458171395221774336
1458112582275854336
1458101889602576398
1458056596198764558
1458038835103756291
1458120678893256706
1458055427086643205
1458103253569196032
1458293550307692552
1458091920274636807
1457287174991216640
1458220620580196355
1458061022669930497
