1459366450418774016
1459361323855220741
1459357933880242178
1459355544549007362
1459354639007027202
1459346474584592389
1459344302757142529
1459343304017858563
1459342073396563970
1459341794680791042
1459330585017552899
1459326459873402882
1459325482399268864
1459325173069451265
1459324168915206146
1459318932561530884
1459317893431119872
1459316895492939778
1459306334004736003
1459303438848692227
1459303215690772485
1459302631948521474
1459260819242467328
1459225531321237505
1459209934986350599
1459207487437959168
1459206869633830917
1459205059367948291
1459202453950255104
1459200914816860161
1459196606411001858
1459193711649181696
1459190702651281412
1459188188929421313
1459187527248613383
1459187044496777219
1459185734359810058
1459184932928983040
1459182048891920387
1459179571069087744
1459174590807113738
1459166093264633859
1459165999022764035
1459163839979655175
1459162995611750400
1459161965150961673
1459157968650334210
1459155859183788038
1459152254280241155
1459151894492844042
1459147940665069569
1459146889983451142
1459146889337597958
1459137028159774721
1459136757992099842
1459133025766178825
1459132205159038999
1459129885583024132
1459128228514185220
1459123634304212999
1459122477133537283
1459122430887170054
1459122239488462849
1459121490822000642
1459116668110602242
1459110669991616518
1459108529491492866
1459106370406342662
1459104815389179908
1459104231625875465
1459103628166189057
1459102319501479942
1459096689260720131
1459095487680696330
1459094817917399044
1459093494316756996
1459093011464265734
1459092620404146178
1459090968590774272
1459089858492710913
1459087774879944705
1459087215967944705
1459078316946776064
1459076962530430979
1459073479475544064
1459072186853957633
1459072073133965336
1459070179938209795
1459064517183164420
1459063268190740483
1459062328079486977
1459062318784937985
1459059803238453248
1459057682711646208
1459057383670308867
1459055998174253060
1459054682664431618
1459053375824138243
1459046616128651267
1459046520251043841
1459044775856730114
1459042669980647424
1459039833255395330
1459039243305504769
1459039224322158592
1459038636284866561
1459037394611494912
1459034011615973378
1459032278777024512
1459031819660136450
1459059048381222918
1459365350873522185
1459364898186563584
1459358316044304386
1459357601393561600
1459343275844771849
1459342766110953472
1459341631052652546
1459338061108723716
1459337912055566344
1459336818218864645
1459334144211570691
1459334136192110592
1459333803059544066
1459333018791731200
1459330342054100996
1459324259214364673
1459254550678827008
1459210479436324864
1459209849812652035
1459207761976168450
1459206422244200453
1459204491656400901
1459190549924048897
1459175929037524997
1459172511959052293
1459148854859689989
1459146449560629248
1459140392721342469
1459131795572609030
1459123530096803841
1459118161442205696
1459115948170878980
1459114010909966340
1459111124129902599
1459101909109772292
1459101130294579202
1459099075979087873
1459098282202828808
1459097685684723720
1459087951057534977
1459087429453824002
1459085385380732930
1459079061033025541
1459073730307493890
1459072525237768193
1459072490999738368
1459071386715000837
1459068780651462659
1459067780863434752
1459064868208713728
1459063943138136067
1459057530613776400
1459053689079881729
1459053239203205125
1459052576108916736
1459051760476213263
1459051201941544962
1459050959103954946
1459050384949846016
1459050218779934724
1459049227644932096
1459047325356027904
1459043575040122880
1459043410233331715
1459042914529472513
1459039597392904195
1459039106390900740
1459037478686396418
1459035576624058375
1459035179071143937
1459034422573895681
1459370435619930117
1459164697324785668
1459121073161523200
1459120273819459588
1459118883508527105
1459364780758626304
1459364112874360832
1459362756683972609
1459357720398614528
1459357290729934849
1459356951863693319
1459313527861440513
1459229403829846017
1459210323383046146
1459189586953916430
1459184464588783621
1459172177429680128
1459167866779930625
1459161024397860867
1459159141289660420
1459155619038973957
1459153272195850247
1459145626407501838
1459141449224753156
1459136249189470209
1459134586433126402
1459133964422025216
1459132955205390341
1459132547317710850
1459117576361963523
1459113761504067585
1459108308896280578
1459104518885445636
1459101162477539328
1459096325853573129
1459083938077417473
1459063375783104514
1459059204879044611
1459056514564460553
1459055222127403011
1459053054955704322
1459052402275803139
1459049622748291077
1459036873330995200
1458799314575052806
1458254630459113478
1459357556522962949
1459353136930299910
1459342642169335812
1459178852480000006
1459171114714746885
1459128565446819848
1459126878053175297
1459096997885997056
1459067006179627012
1459057969237164032
1457957213582987269
1457950627787468807
1457938940237791233
1459370437947936775
1459353745116983296
1459344233349877760
1459344011311951873
1459327125995986944
1459320120786915328
1459318806627504130
1459317443176767494
1459295378260381699
1459193056440172544
1459178467048640517
1459151950277013504
1459150914502103040
1459132419685056513
1459130725341425669
1459129835033223178
1459119278146273285
1459115068554158087
1459103502043549698
1459102419854319617
1459100033698070530
1459094894538989568
1459094204051644417
1459088981476339713
1459088920403054593
1459083554197966848
1459076536275853315
1459074878406115361
1459060724546768899
1459048162111356934
1459048128674340868
1459047341235736576
1459044416098734084
1459040831097106435
1459040270994055169
1458984615243177989
1458978958720966660
1458948386346864650
1458797492108029955
1458713198866042880
1458627033496387587
1458619057335267333
1458612219101388814
1458596369422114824
1458588748044591104
1458411612981792770
1458384096028086273
1458285812223647745
1458275913049645062
1458225523855790080
1458222920681996291
1459370691594100740
1459368566117994496
1459364967015084034
1459361534556008450
1459358893671280645
1459357972967030789
1459357747967762437
1459356269660151812
1459355367217909761
1459349539014410246
1459349449960919042
1459348178784833536
1459344868535267329
1459343545534271490
1459334890277670912
1459333953148440578
1459324111117635586
1459320797953081345
1459318658396667905
1459311800634073088
1459311137086861312
1459302693873225729
1459299770657165313
1459294806358642693
1459285003448291328
1459222514572292098
1459218760557113348
1459214606275006469
1459201324860329984
1459194853154193409
1459188675166625796
1459186658859884548
1459182502761820163
1459175419408633861
1459172826598895616
1459171666420920322
1459170287044362245
1459167241568591874
1459166866249682946
1459165638337855489
1459162762538455040
1459158818428837895
1459158717681713156
1459157184520941571
1459154069394657295
1459152827196993538
1459151493576081408
1459146856592674817
1459145041935433729
1459144068286464001
1459143338385305603
1459134208031473730
1459129803492106242
1459129786219962371
1459129481013043207
1459125409115635716
1459122019216203781
1459122003156221954
1459121900001447943
1459120775118536706
1459112129118670851
1459109364736802816
1459108676820557833
1459105707085549570
1459104982720933892
1459101111445442565
1459096362125905920
1459095533272788994
1459094757284585478
1459094338928058398
1459093304419573761
1459091052149706756
1459087841179226112
1459083234638139392
1459076897644560390
1459073189175185409
1459071220511436800
1459070495723192320
1459069668228952066
1459067469998428160
1459063854550241281
1459059952387952645
1459058641458237450
1459058087034191879
1459056518054088708
1459055217337536514
1459048844688297984
1459048578576359426
1459048320677007360
1459048032889028611
1459046899164479488
1459044052221923331
1459042223618678798
1459041842234748931
1459039863257251841
1459039838573846528
1459039146689794049
1459037476341764101
1459032433429561348
1459031794146177026
1459363531334172673
1459342608430362625
1459179121422995458
1459107512989282311
1458237546131955713
1456789260447617030
1456552578024501250
1459367997533933570
1459367644876865537
1459364147154472963
1459362914171686913
1459361970340052998
1459359365518012423
1459357098697900040
1459356815188062214
1459356682732011522
1459355745497927689
1459352737057886209
1459352565863174144
1459350893787181057
1459346921328312327
1459344595255394309
1459342070947143681
1459340287075966977
1459338208605474823
1459336159591481348
1459325094543589380
1459321722004410374
1459317444946771969
1459317440995680260
1459303683942797313
1459302626382659586
1459213733977231371
1459212269041029122
1459212018162884610
1459200572658053120
1459196214268751873
1459192854987767812
1459181685883301892
1459172217497931778
1459169622893101057
1459166069520683011
1459163940676517893
1459160071904972806
1459153577465638912
1459150386476961795
1459148190951690242
1459142576020209664
1459140978992828420
1459135324534099969
1459133293702512643
1459132452589355009
1459132204513050627
1459130586904215555
1459129547937308682
1459129230285967360
1459118694269812744
1459116751417851906
1459113981168087046
1459109572640002049
1459109184058761218
1459107714886340612
1459106702356221952
1459103976100564992
1459103128905678852
1459101825219457024
1459098454483877893
1459090975398105089
1459087542460960769
1459086860681199618
1459085841268043784
1459081548150427652
1459080820136689665
1459078780555726851
1459075865371762694
1459069966565588993
1459066168975577092
1459066031700250627
1459061263879733252
1459061136242868224
1459060885868060674
1459054361431052288
1459053264691818498
1459050387520909314
1459049321718976515
1459047045361115137
1459044565470441474
1459044311656398852
1459040168808091649
1459038388045029384
1459038232054681600
1459036085481197568
1459370448404291586
1459369279267041280
1459368858293129219
1459368493933944833
1459367262259855363
1459366889256206340
1459366185686880256
1459365700259123201
1459365648178450432
1459365435921481728
1459365125836607492
1459365084874960903
1459364066854518792
1459363390506225674
1459363277566201857
1459361158121463809
1459360477780135939
1459360472654770178
1459359908348895232
1459359908176879618
1459359906864058376
1459359712093212677
1459359554810957831
1459359110663573512
1459357044478136323
1459355492094857216
1459353841690824704
1459353833604214785
1459353119695929345
1459352457092292611
1459352227168993280
1459348897365573634
1459346728700682243
1459346539210440711
1459345188900405249
1459343860375584768
1459342349822140416
1459342076907163655
1459339613873475586
1459337310642704385
1459336743421812741
1459335722884759552
1459333729285853186
1459333647098544136
1459333582711771140
1459333577913430021
1459333381968203784
1459332060447842307
1459331968114429953
1459328561135820807
1459328117768556546
1459327197903130624
1459325834871795717
1459325657922478080
1459324431210213377
1459324066708353027
1459323976790917120
1459322706256564227
1459319955879391237
1459312557043240961
1459311568139665416
1459309806213165056
1459309582379929604
1459308015023104003
1459306065783259143
1459305725293785095
1459305273483350022
1459303612262215680
1459303344682332161
1459290284693417984
1459289164298403842
1459287411624710151
1459273256116973569
1459272670709571588
1459246972712349696
1459230947778256905
1459230218485481482
1459221408425250820
1459212165932478470
1459204342943154180
1459202459960692742
1459201422684086277
1459199479064633344
1459196587897331715
1459192286487609345
1459190888152780807
1459190579279974406
1459188812966416393
1459188323679760389
1459187350060285955
1459186957032968193
1459186423735619587
1459186301018599425
1459186049494568968
1459182215967903744
1459179936825376768
1459177818391134211
1459175952433381385
1459175801631301636
1459174813251956738
1459174665528561669
1459174415116107779
1459173679233843202
1459173409024139271
1459172673146155018
1459172198262792198
1459171866715688960
1459168403235606530
1459167962481319941
1459167683753119753
1459166305018212353
1459164037476806659
1459161694622478341
1459160475652943874
1459160366856871940
1459156432704532486
1459366835170668548
1459365377759010818
1459365000209121281
1459364431272419328
1459363447859138561
1459360890432548867
1459354689783287811
1459348631396360203
1459348511107862530
1459342833052094468
1459335168624250881
1459330237750075398
1459322676539891714
1459321884336553987
1459313515315949569
1459312695358865408
1459301483954860035
1459250309377798155
1459230107126620161
1459222850171117572
1459202972349390851
1459188240049524740
1459187444125818889
1459184662786424833
1459179600123084802
1459169590118785039
1459169389605896193
1459167056985681922
1459166987314089984
1459166910633762821
1459165562118889474
1459165384586584071
1459152500938838016
1459152479975657472
1459152461445287946
1459152182117158915
1459152084830343169
1459151364915822595
1459151228634484737
1459146593882435590
1459146526068920326
1459146486466289668
1459146482188111878
1459143944353243140
1459141007539425286
1459135094233317377
1459130588024037378
1459129515951669271
1459127396972392448
1459125633959690246
1459123484609572873
1459108470607679490
1459104520756105216
1459100301860823050
1459094067845877764
1459086383541198858
1459082571006939140
1459082564719632391
1459082052133818369
1459077634097180676
1459077291183460366
1459075907671379968
1459075008215465995
1459074606099144704
1459074139377987584
1459065747942952960
1459060497337094145
1459049908070014983
1459045800206426117
1459044594750951429
1459039024681684997
1459347736013148160
1459341658785386496
1459310038200291328
1459293046592266246
1459225099278508036
1459200237130563590
1459138240124911620
1459129179031552000
1459123521808842753
1459123148427698182
1459119021949784065
1459096835637710852
1459090942376382466
1459084705010122753
1459084041882275840
1459077646080348164
1459069197653139462
1459049076637405185
1459047450002407425
1459040697747607554
1458728441130356737
1458718613741793282
1459099709981659136
1459087427239178241
1459087425259536389
1459087422919118848
1459041614492418050
1456545664016416768
1459347871371726852
1459366898512973824
1459348997680754690
1459179552798756864
1459177180064145415
1459121579305041920
1459355181896720390
1459354079759536139
1459350412176150529
1459349631163265026
1459347785921097732
1459344635839406082
1459328362170568708
1459327075580407809
1459212251114586113
1459195527652773893
1459175281374072840
1459173944330653700
1459170100230037504
1459167839760252933
1459166730941390850
1459147868346863619
1459131377698234375
1459124993061621760
1459120523913297920
1459118965347655687
1459112613086781441
1459105612302671872
1459102543309459458
1459102288165801988
1459100278423048196
1459100141898518529
1459099737378803713
1459089955993505800
1459075849190137860
1459074152602628099
1459038248391561218
1459032467487158272
1459164465723674627
1459161233660121094
1459063707338608641
1459038511542112258
1459035813870649344
1459033809173635075
1459295222622343170
1459132781846405125
1459363236793315329
1459162057543065601
1459068158845718533
1459319818352357377
1459082018872979457
1459155813323337739
1459080443714699266
1459150100098273280
1459366118728949760
1459333687674224649
1459307168100806657
1459229867589832704
1459151890021638145
1459133215638097926
1459116885107113991
1459046871251312640
1459352195371991045
1459199490888404996
1459168524228726784
1459348510889840641
1459037906484416520
1459364582103814146
1459351170535739395
1459348993226383365
1459335199322370054
1459215069431042055
1459214839084040195
1459105982600994822
1459087339154640897
1459361997447778308
1459345739004334081
1459236584688021505
1459171440364699650
1459333781484027905
1459191514525884422
1459100881136197634
1459059249611304961
1459035122221522945
1459231696100872195
1459101014078857216
1459232139388489730
1459177042923065344
1459241961714454528
1459155006368534531
1459146829459722245
1459036299164225538
1459035114424258564
1459146163223814149
1459053139642830849
1459218201703698436
1459103310065979396
1459152748792868866
1459149493140529160
1459142859081216003
1459372998528430083
1459339003111477252
1459200687519133704
1459151141141315587
1459132810627715073
1459116772477444096
1459104893885501441
1459077856118525952
1459074905488572416
1459200025557286913
1459130451486932997
1459123502682832904
1459363849367216131
1459354893110571014
1459352367518814213
1459352089553883139
1459351738956193797
1459350918797791234
1459343986808610820
1459340551015190530
1459340549480071173
1459286292617965574
1459186515058200576
1459119335289417733
1459118314223915014
1459117781866061828
1459117429410328576
1459113640133468169
1459108816839069698
1459107170276892674
1459106866856808451
1459048052237340672
1459047696531034113
1459047390858473479
1459046436134346758
1459046082554437633
1459045729477922818
1459058821473599492
1459041502202527750
1459105635249778689
1459333934974599168
1459114677477142534
1459106711424229382
1459101758148415492
1459064949741801481
1459058574634610688
1459176924962385922
1459373337776246786
1459184410662621189
1459160355129610246
1459159848210235402
1459158937735819266
1459105483529220096
1459092853175435265
1459091656687316992
1459074405410082819
1459059390070149122
1459373855961612291
1459358095927222272
1459356566151331845
1459356485377351683
1459354573668192256
1459184215073845250
1459180398664032257
1459131789046284291
1459097257693769733
1459097181462228995
1459097077854597122
1459095982868553731
1459090531963736065
1459359908915073027
1459331559589249026
1459331410892705799
1459160230470717444
1459150652676866048
1459113221772644356
1459100777935347714
1459056685868150787
1459136790539878400
1459108944505233418
1459183435331686401
1459084691567300611
1459191225945243655
1459190933744803841
1459126493510995968
1459353156098265089
1459339219642454018
1459162316101275648
1459080151212257286
1459368182473396237
1459170533736546306
1459039335722803202
1459038854308978688
1459343891035951104
1459333412804653059
1459311526167281664
1459357732406841346
1459299075443015681
1459215476358213633
1459215378391846912
1459172603268980739
1459170657862766592
1459157524762955783
1459156055527604227
1459127216013332482
1459126984202616835
1459123540368584712
1459103276008230912
1459097030010146816
1459096372939214849
1459064034737602563
1459041035510693889
1459158429268725763
1459054103619903491
1459116537869004801
1459315669393022979
1459058834488528897
1459312021040549891
1459217386934988809
1459189022585098241
1459117654325673984
1459116318423093255
1459361529560637452
1459218781360717826
1459095552545607682
1459069832951914497
1459119470752927748
1459360432439709697
1459333332139851779
1459086566320590854
1459042272285057024
1459323346919706628
1459203089513156615
1459124221490040832
1459123666445238272
1459113163484372992
1459152851876278275
1459152552860160001
1459131805378875399
1459126795374981123
1459096917787373572
1459093451413200900
1459074026056257540
1459376814795616259
1459225890752135169
1459040273732825089
1459358134821027841
1459069236509220868
1459044424676085763
1459352165282103296
1459330992418668544
1459250995498655749
1459253234837516292
1459257166146146305
1459253153434509312
1459250827739078659
1459248541029703680
1459248539914039298
1459248538894815232
1459248534885076992
1459129996346228740
1459355427414560770
1459330986299199494
1459325315470159872
1459295727775981573
1459228117092868097
1459168410634362886
1459134436465778694
1459121475730898945
1459083979408084994
1459071859509526528
1459056071746543624
1459298478119526400
1459190211867332611
1459132621972070403
1459128045982269447
1459096631731621891
1459096214939471875
1459154912034443268
1459154636909137923
1459379655090192387
1459367108685434885
1459346503831490565
1459337405001965571
1459333569965215744
1459184505260953601
1459096013147238404
1459057486896386050
1459080284645867549
1459334593476063233
1459312988700090368
1459146311496654849
1459377534001303552
1459377469580996611
1459337681469521921
1459319281288503305
1459288478152339459
1459286061176307713
1459273622669963268
1459271022893543429
1459262233863614465
1459188880750485506
1459187293600710658
1459168300252872705
1459152707839664132
1459151932631629825
1459151706126647296
1459148044163641345
1459147369522479110
1459139609460236290
1459132586194657289
1459122621572730882
1459087344905060355
1459077753727119363
1459067860655882242
1459067038819774464
1459066821663879168
1459057852870389766
1459055074487902211
1459369282014380034
1459358725190209543
1459334930408767488
1459125220011229189
1459348661079461892
1459320430221664260
1459161201804406785
1459134614136496134
1459113853975814144
1459359299868659718
1459138610238685184
1459127854931660806
1459075698577100800
1459240218062557184
1459114825972260866
1459107193962131459
1459088099032518664
1459188230717259778
1459373694204071936
1459320925682163712
1459350379821477888
1459188212966952960
1459115630343323650
1459044488379174916
1459226384002281474
1459139210896494601
1459132309135712262
1459068581673861120
1459220082882609154
1459127808655958017
1459119774185656325
1459377985715421192
1459373790907887618
1459299633612558336
1459297254234230786
1459222586592673792
1459151495631290375
1459133675140837376
1459116656660123653
1459075995139514371
1459073238315663363
1459053930978050049
1459052434546778115
1459046334510493696
1459045796607844375
1459325048347496450
1459206072174923791
1459133792581402628
1459125341365043201
1459079650441785346
1459077173860388864
1459050968964730886
1459182249023516672
1459081298622889986
1459044592477609984
1459370205100986369
1459195862798663680
1459173473670950914
1459171885267050497
1459063902923198465
1459058885579325440
1459369588211159046
1459340467129122822
1459231159393554439
1459154277616664584
1459080363049766915
1459077921188896772
1459060501816639491
1459383272799031299
1459380584992620545
1459378703515873280
1459354809253859333
1459342967739588608
1459296802549604354
1459202363512659968
1459166610732642311
1459164467820843008
1459146738741100550
1459130098674774025
1459124613217075201
1459123738004316161
1459123020157620226
1459100383104565253
1459067274065711105
1459059902861565954
1457299478650654721
1459291591508586497
1459110254625497091
1459063364865331202
1459175489021493248
1459174995922280452
1459134823486791685
1459123772095565825
1459193136975020036
1459355291380715522
1459307077885566977
1459222526853189639
1459192981534101506
1459181052820262915
1459176515116044292
1459174766842040320
1459171073103216642
1459170809453297664
1459169471751327744
1459168457484767232
1459166185753174029
1459165694897967104
1459151986910134284
1459137846749454340
1459130620009873413
1459104905205927942
1459090750298157057
1459088343040344068
1459088177004572675
1459076279261487107
1459384847302942720
1459383757127884801
1459336475573559302
1459329980433764360
1459259862114652160
1459192943546441735
1459153390026440709
1459151452295745540
1459145150869880839
1459131249050603521
1459364148228222976
1459363375532568580
1459350206487556097
1459149374533947394
1459378713502515207
1459316433591013382
1459293965761478657
1459226054569168896
1459168956367839232
1459157614021939206
1459156680562786304
1459146826381029378
1459139335135973380
1459138850337345540
1459124962233503746
1459124386569490438
1459121714260897792
1459119696741994500
1459107040060575744
1459098277563940864
1459049677316247555
1459019122642096129
1459379939635974144
1459349013405175811
1459126368063553539
1459096700866334721
1459077865878605825
1459064376527245324
1459376023347154948
1459368772779712514
1459360561741795334
1459353345009672196
1459347969862340609
1459303116545822720
1459302606837202944
1459298108798431234
1459292860105195521
1459226482258022401
1459211445283930114
1459173799547469831
1459170533463916551
1459167824224473091
1459166035769233420
1459162215945158656
1459142864726736901
1459142864726724611
1459131216708325378
1459124971926478853
1459124339677155330
1459123912038490118
1459119827822395396
1459084181716226049
1459083514855321603
1459080047835316226
1459073723244240899
1459071562921906179
1459370791594651654
1459237510567976965
1459220783188697091
1459204169378648065
1459190344327725062
1459162808214450176
1459159851041316871
1459124248585269249
1459111493220257793
1459061765224861697
1459047564259442691
1459376232651362305
1459362465825787908
1459341183637884934
1459118871932141582
1459076345594482691
1459354239457628163
1459349190006358017
1459156348990488576
1459066199317397514
1459360799122550787
1459156581296316418
1459116960109633541
1459067274405367808
1459174808965435397
1459066866022764550
1459064157634908162
1459054061659963400
1459188619961257990
1459357408220921857
1459336263169806339
1459042721822248965
1459173943324000260
