1462318783213686794
1462318311341842433
1462311951220948992
1462310653662674945
1462307845047681024
1462307817805672454
1462306414454468612
1462306373379584001
1462306049365405696
1462301794017562628
1462296096974127107
1462291439870644230
1462288596187029512
1462287162573946881
1462286792166498305
1462286513677299712
1462286090069364736
1462285308272152589
1462279704631672836
1462277531424346119
1462277484448153604
1462275771964084225
1462272984647827464
1462270050748952576
1462270032671494147
1462269984399192064
1462265945909456898
1462265511647928328
1462261490249916420
1462256433043369984
1462255741960523776
1462254549746524164
1462253474096181254
1462253162996273157
1462251917187301379
1462250439731126278
1462241776312336390
1462232588957872130
1462227092792233984
1462224126211461120
1462221438723575816
1462220132759924739
1462214777258725379
1462207884754710528
1462204038204723203
1462203173637013519
1462200280959705090
1462199851630821381
1462198192322138112
1462194026786951171
1462186515006640128
1462167149347180550
1462159838562201610
1462155059010048000
1462139307775324160
1462139058096771073
1462136935544070145
1462128981222694913
1462112515517661187
1462107140714205186
1462106666137108483
1462103867831697419
1462102031695548416
1462101441875636225
1462100824528543752
1462099276893282306
1462099156546174983
1462095608014016512
1462094789080281089
1462093146397970436
1462091683143716872
1462087861818122240
1462086242632224779
1462084289961476104
1462082201709801485
1462081896779685896
1462080872920719361
1462080215509700611
1462079292007849986
1462078191825162244
1462072454197616648
1462063836052164614
1462061759297048580
1462061751915069445
1462048986848661510
1462047928361512966
1462047916210618372
1462047694277386245
1462043048938987534
1462033929045635076
1462032997805281282
1462032236002172936
1462030998816759808
1462028751592509440
1462028552790966279
1462024906611195905
1462022334710108166
1462021997211242498
1462017853515710467
1462009969692209156
1462009499577819139
1462007166382972933
1462003749774237696
1462002943150882816
1461999351631204357
1461994924119781377
1461994918524571650
1461994832713318401
1461990197550325767
1461981349707862022
1461977695722479619
1461975007878213635
1461971106940784640
1461967457757716480
1461963300904656898
1461958491585744897
1461953149464317958
1461951775104110594
1461950447036473347
1461947319813693448
1461946188077277187
1461945081401724929
1461938437590642689
1461935508330713088
1461935161860263939
1461935066699816963
1461934567971979267
1461931112796622849
1461928185902161925
1461927146218156035
1461926288210333697
1461918739528515585
1461917687970516996
1461914845318561796
1461912895734775810
1461909869351497731
1461909175026421764
1461908383112601603
1462037376746680324
1462317338028511240
1462314044065398790
1462308951559532550
1462304643543822342
1462290182577668097
1462287111772512258
1462282714720079873
1462279688877920256
1462275988369207297
1462269988564205568
1462265469662941191
1462254233130921992
1462254222557081600
1462252905063350277
1462241673237303305
1462241322937450503
1462241142481715200
1462234579486400513
1462234539074285577
1462226830061031434
1462201575556878341
1462197203405983744
1462172383494623235
1462104308611047425
1462098210529300490
1462076101031723010
1462075341740994562
1462069115330301961
1462068245620412418
1462052271286480898
1462049771997204486
1462048559553867783
1462047498831163399
1462031323560701954
1462023248506327040
1462015055189270529
1462012906497662979
1462009771595210753
1462001750253178882
1461995615483621389
1461985131896340480
1461983209663565828
1461976080508616705
1461975179488219137
1461969934179717120
1461961178012213249
1461959619975081988
1461947310892404748
1461944889193615361
1461940832257208328
1461939865814278144
1461939332508438529
1461938881142530050
1461934391421124608
1461923744285224964
1461918492207112198
1461917931374137345
1461916548164042754
1461915270578987011
1461909940105191430
1462274839255797761
1462273807897415683
1462063570661691392
1462318109478453251
1462273287757598723
1462264566121840644
1462245693494464522
1462222222357975040
1462213074392256519
1462147826570326019
1462121797109747713
1462077915554746369
1462066896140791809
1462033416099041288
1462027158033879048
1462026932531384323
1462026161244938241
1462023924397404160
1462013438574546945
1461985560344477697
1461977240283934723
1461972849422258182
1461969882644242434
1461963158424207362
1461953077427126272
1461948812344238087
1461946260840013829
1461944514906492928
1461942333537017856
1461925819077447680
1461922252262449153
1461914088640901120
1462301263433900038
1462300472484634625
1462219220574302208
1462095470428180487
1462055004529856516
1462049527519531011
1462038085747691522
1462037756448702478
1462036670774054915
1462029346508476419
1462026131427639304
1462015855282196480
1462002038598897665
1461990903594119171
1461981217780240395
1461979528666832897
1461969241888878594
1461962700393639940
1461961005232238594
1461952709242720259
1461947147704668160
1461946818091048964
1461942306718715905
1461940186489704449
1461938779824943109
1461931646609883149
1461926542498402307
1461925393586262016
1461920249092001795
1462304804584112129
1462303512105295874
1462292197030694915
1462287860543811584
1462279990511235074
1462242240483393537
1462073049918832645
1461998015640530946
1461989841403408389
1461972845945241609
1461929298139377667
1461925908214779904
1461924318078595075
1462324122411626502
1462321325414907905
1462317415790833664
1462311828516528133
1462303219271360514
1462300241621835779
1462295969312034822
1462283164764704771
1462267116615204864
1462264470848237569
1462260185661984770
1462258028481155080
1462255346974552067
1462247404078387209
1462243919387709442
1462237524663832577
1462226109378953221
1462222532828749831
1462216376148389888
1462213443109351428
1462211159872860164
1462204752591130633
1462112988320595969
1462093464959479815
1462093358864560135
1462083884426752000
1462073507215380480
1462072832226070530
1462049942776651779
1462033774804307974
1462033705602457602
1462031913766424585
1462028969528549382
1462028141854007296
1462027565946716162
1462020108688130050
1462009075386839040
1462004560071856129
1461997749310681088
1461997728758517761
1461978855103680516
1461973298238033926
1461971574295183361
1461970570434605061
1461955694777671683
1461953845223833600
1461953268821610501
1461940998313963520
1461939933858263047
1461929961141399555
1461925276019925007
1461923061465190403
1461920808490524672
1461919641643614210
1461918758704848897
1461914846195159040
1461913927508377605
1461913760541536256
1461913505758539778
1461912598413131779
1461910407317278729
1461908226199277572
1461907583673847823
1462254463599595527
1462100309816184838
1462076739857760257
1462040826750529539
1462034512225832964
1462021704738172931
1461912920774696961
1462303131069399041
1462280497216712708
1462274960043372548
1462264831860375552
1462259387003596800
1462237685989343232
1462214361020178433
1462184738219651073
1462120540252958724
1462114948172029952
1462105483787976704
1462085235017875459
1462064710702956553
1462052799521255425
1462050721570848771
1462031565752455170
1462021415587090432
1462019404879650820
1462005726394478593
1462004022479491072
1461994015037947910
1461982283976495106
1461982043995185154
1461968698927824900
1461952234564907010
1461951828329783305
1461944286161768450
1462324413743828992
1462324413123072001
1462323004809957381
1462322903114924033
1462321918040702978
1462321706358378503
1462321279713755138
1462318126255652865
1462317766044622850
1462317049107996675
1462316213741047810
1462315585342111744
1462315122215428103
1462314294813417475
1462314019239256065
1462313202562199553
1462312487454265348
1462312327462723584
1462306332107698176
1462304831494766594
1462301968718700545
1462301793992519686
1462301510151262213
1462300898160365569
1462300329093918726
1462296895200448513
1462293059060731905
1462282883851190274
1462282658419937285
1462280578187751427
1462279414000066561
1462276584438738945
1462270937902977024
1462269549114449923
1462268840503480320
1462268688812294149
1462266287984295941
1462264702583508993
1462263680330985482
1462261776569962496
1462261708324442118
1462260801113264132
1462259550883483653
1462257068765634560
1462256729031204874
1462256705371205640
1462253931786952704
1462253258580250626
1462253020469612545
1462252460735537160
1462252242531074054
1462250468759912456
1462248469251252229
1462247568658690049
1462245749823995904
1462245379118936067
1462244897713393667
1462243116757495814
1462241839151398912
1462241027855577095
1462239813780721674
1462239192314904579
1462238976467615748
1462238649597284352
1462237685808963592
1462237652145430530
1462235308779466755
1462233941792808961
1462232533001670661
1462231171660615685
1462230475817177088
1462228645498404864
1462228595347111941
1462226593816870917
1462221439197581313
1462219469913137156
1462218487217020932
1462217753109032960
1462214422298955776
1462213867153465352
1462209413104631812
1462203922123165701
1462199703819350016
1462196729143447555
1462194071011659776
1462193450082660357
1462141734444363778
1462126293164572672
1462122361512071169
1462122151889178630
1462121585804910596
1462116947169103877
1462109326428958720
1462097788611612674
1462097383592845313
1462096880440000513
1462095761651363847
1462094123532369921
1462088578104582148
1462088318422712325
1462086629208649728
1462083283093622788
1462082869455515653
1462082593147392003
1462082561035829258
1462081484643205121
1462080806587875335
1462079545029189644
1462078239258525698
1462077945430695937
1462076648048644098
1462075243795677185
1462073424637927425
1462073258182725635
1462069240538664965
1462068783393099787
1462065930318450692
1462065603888308224
1462065375709851649
1462062601433542662
1462062525814505475
1462062441655791619
1462062248940105735
1462323081129590785
1462321745134637059
1462307066631135235
1462306695145668618
1462302373984948225
1462295193890148352
1462289697917472768
1462285698287890436
1462284959817691140
1462283857743335430
1462279592534708226
1462278425389850630
1462274093869199374
1462271337045454852
1462267151847358468
1462265445390585856
1462259810926170116
1462240383056764930
1462225245620752388
1462225206785675264
1462196819723571205
1462133973685919746
1462107615714942978
1462100073219702785
1462099866532794369
1462090370943098883
1462081889527730185
1462078951233261575
1462078730625372164
1462078095427399686
1462075304919244800
1462074923443130377
1462061970895433728
1462053536376635394
1462051695412670468
1462041081948753923
1462036561789284360
1462036312383373322
1462034375176900612
1462022330893299713
1462018479159013376
1462015369757945862
1462012168296038403
1462012102093127681
1462011966659067905
1462007844727783425
1462007839048617991
1462007832648118276
1462007800452714502
1462002942471409667
1461992094302543872
1461989853273288707
1461987372971687936
1461985991607025665
1461981239666036737
1461979958482333698
1461975920059715590
1461971325581463556
1461970301072203782
1461949784223207424
1461946926434111490
1461943958641123328
1461939435797319686
1461933904953110534
1461930717374345217
1461926858476245000
1461924032719179785
1461923232982847492
1461920338581676034
1461918986128424961
1461914196677779462
1461910334340362241
1461908847535157248
1462305309964177408
1462274533415522308
1462245211837321221
1462239681022545924
1462234752899899392
1462220954927452161
1462107408327610368
1462106661925974018
1462104858153009153
1462100994846642177
1462100848876527624
1462100638519607298
1462095298759577608
1462069603161411585
1462067801892397062
1462063264494342145
1462056968634261508
1462047803467702283
1462037425509724163
1462023346342662146
1462022541623496704
1462015051343097857
1462012021633736708
1461984635391340547
1461974827837771784
1461958013204385794
1461944477245870086
1461927143311507459
1461922921568342017
1461921341431373832
1461910540419100675
1461910188122783744
1462081181944475648
1462295174030102531
1462322385529409536
1462047571384287232
1462323418280316931
1462322054472949760
1462308168407478272
1462304450119299073
1462290212487188484
1462289316525133828
1462284002190970881
1462278410793730053
1462268103253848067
1462251906374373381
1462216377939283972
1462214767213367299
1462191258391121926
1462138612267372546
1462114476858085385
1462108897196474373
1462101771308863488
1462086537949052931
1462085608768114691
1462073394749267969
1462073316219375616
1462034661207539718
1462028675822473224
1462024105364918276
1462022237393801219
1462022051397464068
1462012042638872577
1462006777738764289
1462004338398679040
1461995965250871297
1461985088686620675
1461973731069218821
1461968530966913025
1461965942938767362
1461960957010137089
1461959437527093249
1461957907172380677
1461942893258567684
1461937191915978756
1461933924163088390
1461932862228209667
1461929219210969089
1461913693470412809
1461910216761511938
1462078263400878080
1462061109356027908
1461983468095557634
1461909850460278789
1462269510614876169
1462244390940729353
1462305551086284808
1462305676173012997
1462281011518074886
1462281008816922630
1462201678057275396
1462022510979944449
1461920581381541889
1462127052341989377
1461969689664376836
1462244060085686272
1462057221869608965
1462246167320821765
1462258826623655938
1462248908453650439
1462028599410642949
1462016149596504073
1462015523772768260
1461933268517875716
1461921089462759424
1462283820414103552
1462098601283178500
1462047434624815114
1462047427674841094
1462047411904266243
1461981785613475842
1462310215857020928
1462031326517751819
1462277260585496583
1462301988863950850
1462280337145221121
1462059108530475012
1462006721803554817
1461993095273205763
1461988903393501185
1461942874510020609
1461919879347331075
1461915119793831943
1462295868921450499
1462286859388686338
1462277180319166464
1462074058950856706
1461922181634355207
1462072192036839425
1461990592490061825
1462304473028567049
1462301341791907840
1462255866673983490
1462234309088071680
1462113983993843712
1462082391963357186
1462080979485396999
1462043968623972360
1461987886631325698
1461937166620061707
1462305952468647938
1462096283406159877
1462076699915350028
1462024827330461696
1462281427236446212
1462039787833999366
1462299483992047617
1462299377964236805
1462298830448181251
1462294377674407937
1462103587459256327
1462020649359085569
1462014563335823362
1461947535371636742
1461947287240773636
1461913188887248896
1462289102519160834
1462108208554676227
1462090429046816772
1462067226928762883
1462067087472349186
1462064184485564418
1462040907658661890
1461997836430577667
1461982128539725830
1461953507456544777
1462111299999977472
1462076844061040643
1462021387858497537
1462291140745383941
1462278882917175297
1462229394643030024
1462087478534234122
1462066548076544004
1462064371278909446
1462052452371365889
1462051727599755269
1462052474274005000
1462017561415979009
1462002653576065030
1461939909652992002
1461936388350177281
1461948767490347008
1462313946711425028
1462095264269824000
1462077444899311616
1462000357551181830
1462310391443165184
1462310341736472580
1462310210383400963
1462250828492730369
1462248723400908804
1462220377942204417
1462101860186165251
1462044955807866890
1462027630669033473
1462004889727356938
1462004878616588292
1462004874179006466
1461991525554950151
1461986974818996227
1461984598141722624
1461983861395447808
1461981906367442958
1461918040962916357
1461918018410139651
1462312917244669960
1462311736774565889
1462218441826267137
1462048084741918725
1461982423248347136
1462063173473751040
1462324195228991494
1462317604299677701
1462237243741925380
1462236758523854851
1462184250677989378
1462040350080454660
1462000036695343111
1461957150746439682
1462068325488336902
1461956234999959553
1462313285915594757
1461964680943988738
1462282600764952578
1462084572590469124
1461985422322532355
1462276831785017351
1462058912320868359
1462058884709818375
1462014702171525126
1461956330957070336
1461956072294416393
1461946856049569797
1461933070211108864
1462295045516578818
1461923685699227652
1462318716662681601
1462315891593334786
1462305525320720387
1462252792341434371
1462235685222424582
1462232411043864592
1462210601514536966
1462127658699931648
1462096916813008896
1462091172608819202
1462089855333122053
1462080516992081925
1462079849858699265
1462076838914650119
1462071295386873863
1462068637670334479
1462068330752188418
1462061456120160260
1462058853357395979
1462054502895271938
1462053463513124886
1462052475146436609
1462042174460071945
1462037769648173056
1462031231650975749
1462026685683933187
1462025586390433793
1462017003409993733
1462011037926846466
1461997506288439300
1461967553450946562
1461964156060372995
1461960849564704773
1461946661735854083
1461925058071330817
1462309801304625158
1462298933770604544
1462298603360112641
1462296600395476995
1462031187837284353
1461966520427319301
1461915755394396164
1461928397630627841
1462081596740100098
1462294214671155203
1462230594209861636
1462219767276736516
1462168655270068224
1462139222031155205
1462074887900520459
1462021988944269316
1462319532664492034
1462313083100024835
1462311458289577985
1462294944807145472
1462275377607286788
1462251930021888003
1462236511500337159
1462232894940663808
1462060486359351305
1462059164629278730
1461952358326280192
1462278699756097540
1462192329087864832
1461979075002519555
1461966950846722049
1461964902667411456
1462310452382167045
1461956137528348676
1462028231842799624
1461987983502897155
1462331343761821702
1462331330268700672
1462141178271318016
1462093903906021376
1461968942428213251
1461968907036672010
1461924434499948544
1462051015117578241
1461944367736766467
1462272224392450051
1462262215575105537
1462221679355056138
1461993585214046209
1461957400424894467
1462229023258394624
1461959336440205320
1462319214627209216
1462217540424192005
1462174073727832065
1462174071525765123
1462070804603015177
1462069465953161220
1462069071072038914
1462068284430241796
1462025219841748996
1461959909361127430
1461959731543609348
1461959212913758210
1462318254605570049
1462284940893044738
1462254920812228611
1462251297583681537
1462224559050944513
1462194367955816450
1462101715998572549
1462084668405153798
1462076992052875266
1462065134847684618
1462043209769492487
1462037674894639104
1462025781815570433
1462014224528338944
1462013804162609152
1462007398994874371
1461989487156740097
1461982773632114690
1461952594939498496
1461922529077985287
1462285367910961166
1462047869117079556
1462027080711897088
1461970212329189378
1461949810215317512
1461962822212980739
1462248762936479746
1462205465723424768
1461968176862744579
1461968064564502533
1462195703237816326
1462158796839522312
1461959019019579398
1461942161595723777
1462173768218931201
1462057013689524229
1462066083666415623
1462018750505369602
1461960965126193153
1461960268833906693
1462333825703239685
1462328088717524992
1462317212983644162
1462281192464551937
1462280912452734977
1462264948252299265
1462264641204064260
1462210931589406721
1462207063283490818
1462171027086233603
1462129185032310785
1462110123527073792
1462080154008580099
1462044827432873995
1462032731760574468
1462029947359219715
1462028953137205253
1462011892373676036
1461962199929212935
1461931639500533766
1461923640224755721
1462268290886029313
1462240728747102209
1462064134233604097
1462053039569657865
1461920436992700421
1462052690343563271
1462049332400562180
1462310045048135681
1462289455021113351
1462278790227234820
1462109930387767300
1462062399859527680
1462026868354260996
1462291276871602180
1462220324515155975
1462043752801792004
1462029699366883329
1461993060284264455
1461966245578768384
1461927170045923332
1462058230637498372
1462305080070205443
1462303719756685313
1462221593883525128
1462202865716326400
1462128777912143873
1462094492987637762
1462059576337989639
1461963359922782214
1462084187775594501
1462085832433496065
1462234053923401730
1462312165218549760
1462292330552037380
1462257327277428737
1462248626059579394
1462239462436466694
1462232768079806466
1462221577655709702
1462209360134696967
1462193707000623105
1462061831996907522
1462040335995924481
1462037367057879049
1462035355398393862
1462024033080201220
1462009345214873600
1462006164233736197
1461989515485073409
1461956421763825664
1461955080018554887
1461953747425263618
1461940255695667200
1461935412100808710
1461932507595567108
1461922699517722630
1462041142468349954
1462038770467803143
1462221644106113029
1462050669494366211
1462261740628938756
1462302015321620487
1462033049915322368
1462009198611288066
1461998861581307904
1461926939829018626
1462293025304969216
1462246240616267782
1462214750364790786
1462122897082753025
1462086776764260353
1462070836668420103
1462067579481047045
1462062405635035141
1462042153517924360
1462028936674643976
1462023065588535306
1462020325013475328
1462011388939755526
1462011145326190593
1462008832863850501
1462007415277113344
1462000990698098691
1461993818018881538
1461980150879244290
1461973817232793601
1461962502070173698
1461959959587917826
1461954094017380352
1461952626195517445
1461951190103515145
1461947869678632961
1461945043581689857
1461942796705624065
1461932979563884545
1462303244995104777
1462245052080525318
1462225548994777096
1462058530710560768
1462016534449065987
1461953718140620801
1461950656210558977
1462226671080067072
1462059381827117056
1462052558696960007
1462048947006951429
1461940658495639555
1462080916071731209
1461953907685425152
1461934477949607937
1462220466278449154
1461978400310980611
1462336875981524992
1462303604337872896
1462300872264740867
1462299526480347136
1462291121367707650
1462288058120691716
1462284620578242560
1462275835369431046
1462272578844643333
1462268624979124228
1462249995357200388
1462245865213415430
1462244135138562052
1462231974043480070
1462221793444315137
1462212529069854723
1462193239448903684
1462114598102790145
1462066060723572741
1462056354634338304
1462055334806056960
1462039316125794307
1462035309332369411
1462018287894614023
1462017998663737351
1462012883265462276
1462012240614211587
1462008542336991232
1462002949102604292
1461977506802593793
1461943314358288389
1461937051696123906
1462329029529272327
1462321576456642560
1462295889704194049
1462289289711177730
1462288760851234816
1462273138163474437
1462199322896859142
1462134151126007809
1462052639084990464
1462051553087348744
1462022820192346116
1461979078873944067
1461984777918029824
1461943083168321537
1462061831615250436
1462283476258803714
1462029832959651840
1462018899130552320
1461969221781372928
1461957151446818820
1461957024787230723
1462330557707141123
1462294115693907970
1462287935919644674
1462241547219394563
1462173726955421701
1462024264454860804
1462016792159686659
1461982108163837952
1461978676078120962
1461957409254039555
1461940806202249223
1462265651230240778
1462217900861784064
1461950610094186499
1462319491015077896
1462272266767519746
1462234611585409033
1462054534314803207
1461982345079099393
1461976338739335169
1461960548019359747
1461959741513498628
1461955571746181126
1461954503591153666
1461948222839033858
1462332091446611976
1462327962439598083
1462324385012875264
1462317212769738754
1462313674316468228
1462284412108697602
1462230083200950273
1462222366830837763
1462222306877444096
1462193219970625539
1462157446303133705
1462118999752249344
1462117588155047941
1462090103015161856
1462089740073648140
1462069042756214790
1462068554237288452
1462059717732155392
1462057226453938178
1462036146519633924
1462028331298144264
1462024312454451204
1462018105941454852
1462016900544675841
1462014757305610247
1461997548995026944
1461994036546269187
1461987866305712134
1461970541322014721
1461954792226312193
1461952622911373316
1461952580104249345
1461948079154688003
1461942179513835526
1461937948673249283
1461933276680142854
1461929497184256004
1461928944593084417
1461924977549004808
1462320712597716994
1462319674704596994
1462279911528304644
1462271060418580484
1462088369173721093
1462065040836628481
1462043320192946180
1462039602676518917
1461996398123970568
1461988968925331457
1462304648212070402
1462304030009401352
1462251337396088832
1462098104790892549
1462027951197798403
1461996880699797507
1461958524431323137
1461944683907608578
1462280442975981574
1462315555000504325
1462303726517981184
1462162708879527937
1462132424926760963
1462129000936091648
1462116444712230915
1462092200385335302
1462088669662269442
1462076264248979456
1462030046512615427
1461977095668572167
1461965956314537988
1462269070099763201
1462292712720273409
1462292642373406720
1462233074704404485
1462060559105343489
1462248162689634306
1462206234853998595
1462204823873327104
1461983644801650692
1461935079773540356
1461932657772687361
1462313677684559874
1461836578175664128
1462020259578200065
1461935959721795585
1462326686360293383
1462026237660909571
1462138027187134467
