1465530506859073537
1465528841305133056
1465527393796300803
1465527361533734916
1465522345498464261
1465518446095917126
1465516311023337475
1465515535794274306
1465512388833071109
1465511473954770948
1465508932508524546
1465508078313345027
1465507595423137793
1465506748211421187
1465505472857837569
1465505206750175234
1465503122852552705
1465503103013163011
1465492286058364928
1465489420241367041
1465488960675745792
1465488005167140867
1465485596416266240
1465482883238273029
1465481345669365760
1465461576224313347
1465460510199992327
1465458329858183168
1465427933296676868
1465411528929079301
1465389947800612868
1465386781986021379
1465378255796523009
1465375447944859653
1465371271105945600
1465363288351395844
1465357758966865922
1465357467269799941
1465355799346094085
1465353538310074371
1465350645221838854
1465349583651831809
1465348399423651842
1465345769133674509
1465344717952978952
1465343020274884619
1465342152473411588
1465341332650479622
1465337459265343491
1465335758651154445
1465335440282509314
1465332327169478656
1465332302209159172
1465324463516381185
1465324426434473985
1465324176982482947
1465321923756249094
1465321208249937921
1465319008576565249
1465318968600662024
1465317488351084545
1465313958760366084
1465313436254883842
1465313382626586627
1465310145592713222
1465307240852701196
1465303296436891655
1465298952484388871
1465298450405203975
1465297326159790086
1465295430124638213
1465289754153418762
1465285923705217032
1465285468036104197
1465284578663272455
1465284404398469125
1465283977313337344
1465280654996738050
1465280626269974537
1465280041223221251
1465278738283728898
1465275536893100032
1465275130737672196
1465275063054131204
1465272895060332544
1465268729684512768
1465267534253355011
1465267493971251210
1465266950360092686
1465266065861066758
1465265900718723079
1465264045838123015
1465262704449384448
1465262463893397515
1465257340672741378
1465257281440808965
1465256959083352068
1465255718408245248
1465254856004751368
1465251730426269701
1465249029550346245
1465247913546768385
1465247739143282694
1465247458917683210
1465243953192603648
1465243899564224518
1465240553075867650
1465239327227580416
1465234866472054784
1465234370684354561
1465233849181372421
1465230764459446279
1465229921446363140
1465229615937449988
1465229593913303042
1465229432092651522
1465229421623664642
1465225359670996995
1465224131129982978
1465221019501666310
1465218287881490437
1465217962638331912
1465217735038619652
1465217349158522882
1465210374601338883
1465199482946002949
1465198060842020866
1465196279483355136
1465195749944164355
1465194264120332291
1465194078463610888
1465193519157444608
1465192482942033925
1465190961269538816
1465190752363765761
1465190576584679426
1465174753006678017
1465174107029336065
1465171252943810561
1465170224307601409
1465531017150832646
1465528637445181449
1465527608423043073
1465527031098077184
1465520781899677700
1465515281132916745
1465515096390598659
1465513707589406725
1465512374736068610
1465512267156533251
1465510631558184961
1465509600313044999
1465509447791378433
1465507830308356097
1465506876574081025
1465505157588807680
1465504604884508676
1465503836752257024
1465501508271689735
1465500546182225920
1465500538674446339
1465498957790863362
1465492675524644874
1465481646099124231
1465481542910701569
1465481215499063299
1465477857392533505
1465477292193320965
1465474899481284608
1465398813607137282
1465392814297018369
1465386988199022593
1465376603043622915
1465355850852093955
1465354145431359495
1465352929838198786
1465343282829873158
1465342619362357248
1465341027422769157
1465340907004203012
1465336224227282947
1465332140657152006
1465331592730079243
1465322564583051282
1465322419019780103
1465321961790312452
1465318372749365252
1465313436959604738
1465313134072123399
1465306736869326851
1465305890521636867
1465305223031709702
1465305098796425222
1465300321324863492
1465292580841611268
1465290707892154378
1465290481722540034
1465289016564088832
1465284085748846592
1465277557805240321
1465275277513158662
1465269644365742084
1465266607563816962
1465263012969730054
1465262487368916997
1465262485552832518
1465262483392716800
1465260585495384077
1465256877156036609
1465252323022671880
1465252018369355791
1465246973615751173
1465246807080910849
1465246246495404032
1465244360832733185
1465240285085065217
1465236267004694533
1465232410702974983
1465231168693964804
1465220442499665922
1465219617689780226
1465211550420156422
1465205284813492229
1465202738342490120
1465202460897599493
1465201867533676546
1465199987130728450
1465198121177149441
1465197282245054466
1465193763672772608
1465181771218264067
1465181131288895491
1465174551139008514
1465173677025206273
1465355691820945416
1465337500432433158
1465204083367706626
1465529000453754884
1465523499406028804
1465499271596163074
1465475601116979201
1465355815548641280
1465335561770569733
1465335407751491587
1465334091641868295
1465322408362090503
1465311710344974338
1465271040896954369
1465269338055737345
1465266397882183680
1465259783410237444
1465259434062450692
1465258612092194819
1465236343223582728
1465191216299974657
1465495726213849097
1465320283909230592
1465319765342257159
1465196088483147783
1465169607333847045
1465514186855772161
1465503587132272641
1465482794558234626
1465345867284508672
1465325516395737088
1465312995349708809
1465304633761415180
1465285353749704705
1465281803627892742
1465277776680742914
1465271631337586689
1465268212749291528
1465259274364502018
1465254589804920838
1465234715535810566
1465228602413248512
1465227833584730113
1465224642801528839
1465204045379817478
1465203434898923525
1465203265327362054
1465187258357719042
1465178297650671618
1465530750116184068
1465530416312426500
1465527322468093955
1465524045206601731
1465522823229677568
1465519638549123078
1465517726936416257
1465515893262143490
1465515418932580353
1465513043652141059
1465512281660444672
1465511686014586880
1465511638388273166
1465508570431049728
1465506233692016640
1465504845389971457
1465504604913684484
1465502230363082754
1465500889024581636
1465498259250507778
1465492829581365253
1465491977898639360
1465485437653303300
1465481955802243079
1465479383993487362
1465478313464401920
1465478310536704000
1465476972109197313
1465476014230806529
1465474029540634625
1465468196681515008
1465460326942445572
1465382517763047429
1465372724759433221
1465367738302427136
1465359869578342404
1465348449679806466
1465339422790983687
1465338196217122824
1465333360184594436
1465333334087647242
1465324307555356675
1465315266267475976
1465314099642855430
1465312898008289282
1465309290785173505
1465308498045059087
1465306835687141390
1465304565373280263
1465304541616820228
1465303415089598467
1465291606332903435
1465291135824236549
1465283827501133826
1465280802225229828
1465280130410958851
1465275431326662662
1465274137606180871
1465271356870828035
1465268931849981954
1465268716971520010
1465264528447266818
1465257261182291971
1465256414322982916
1465256112047865858
1465255930019209217
1465252661440049154
1465251700206452744
1465249670536433668
1465249426193014784
1465247503050153994
1465245095247048710
1465244189113810947
1465243005456027653
1465242099092049926
1465241519409938435
1465233413225402371
1465229046581800963
1465229041552617472
1465228595622645762
1465226348226486274
1465219584701521921
1465216015814447112
1465209497740357635
1465207645585899526
1465205949614858240
1465204366663585792
1465203873384001539
1465203395464024065
1465203356331216896
1465203237829545987
1465192734076014592
1465192243854077954
1465191799656353800
1465188709733519360
1465188047440396290
1465179260507725824
1465176354463252480
1465173821938233344
1465173675867402243
1465170573927989248
1465169798153736194
1465472835736858626
1465427687380381697
1465357307894591488
1465353196759486467
1465313709182492677
1465279386299502600
1465275205983473667
1465267254174502922
1465530975945846795
1465518423614525442
1465503861603389443
1465502675269652480
1465499436868534280
1465498524724858881
1465444472452354054
1465374448693874692
1465374336580079617
1465368247146991619
1465367680857165833
1465348491891249153
1465343623411605504
1465336160553627652
1465314586043682822
1465311408816476161
1465310019461660673
1465291030442307601
1465290528975511563
1465289231568228356
1465273484515282948
1465272084670476292
1465266005907705859
1465265038722146307
1465255183345074176
1465249397898301447
1465232101289062403
1465231675575586820
1465227813330382855
1465217353868722179
1465215232121393153
1465194119639146498
1465190014216642564
1465183740645167104
1465176620474388482
1465175154024091652
1465531031562305540
1465531031008727045
1465529832083656713
1465529260878155777
1465528751236653059
1465528695473405955
1465525486683967498
1465525402156343297
1465525082105827338
1465522898559324164
1465520540014329863
1465520005097803781
1465519988974915591
1465519482839859201
1465519201091612678
1465517569029197824
1465517500343328776
1465516059113394183
1465515043169181696
1465513911441002506
1465512154514300937
1465510178699177990
1465508973633622017
1465508937579466753
1465508759296360456
1465507187422236674
1465503585165197316
1465501480929140737
1465500919731159041
1465500851536109578
1465500650557427719
1465500213972389892
1465500205864808449
1465498609667829766
1465498336794796033
1465496994739200004
1465496041659113474
1465495994129260549
1465495144480739337
1465494637385191429
1465494268835876868
1465493546949955589
1465491280528433155
1465491153642422276
1465490645892562946
1465490037819121666
1465489784667738112
1465488446546272256
1465488387666706433
1465488079058137091
1465487735460753409
1465487594989314052
1465487488751833089
1465486582706688000
1465486121689772032
1465485737034350596
1465485459694317570
1465484924291469313
1465484866829488132
1465484262505795589
1465484062278053895
1465483398026199042
1465483389159428101
1465483077199675395
1465481672434933761
1465481563303415812
1465481276601733120
1465480947629920256
1465479771823886343
1465479665565540352
1465478180752478214
1465475439774691329
1465474405815836678
1465474273695305732
1465473873340628996
1465473591269416963
1465472088043524096
1465468901945274370
1465466856127430656
1465465858549903361
1465463472645238785
1465460155206701057
1465450076948496394
1465441021236432896
1465405405954146308
1465389197531906050
1465377280302018563
1465376868241076227
1465375243837521920
1465371634257186818
1465368985872986114
1465353760067100672
1465350290698244104
1465349908488200196
1465349846710165504
1465348889410609155
1465344104393445380
1465343638632689668
1465342149533130753
1465340623804715013
1465337991203680265
1465337409696985091
1465337170944684032
1465336373536120841
1465336319974932482
1465334867420274688
1465334302246326280
1465334009559322625
1465333943155060736
1465329963213594632
1465329813703385091
1465328415163043843
1465328300025204745
1465326985287061506
1465326363716452359
1465326194937634818
1465325365140676613
1465325326066610178
1465321265145647116
1465321186951237636
1465317811362746371
1465522142968049671
1465521167498895360
1465520807560421381
1465510018552197125
1465496370001813516
1465492093829189635
1465490025018114054
1465480185617125380
1465470819333664774
1465448106426699785
1465447830110101504
1465354489641123841
1465350902471004165
1465338014343647241
1465336077191770119
1465323383738961923
1465322002714038274
1465315226870374402
1465314779497566215
1465314396880576512
1465309620516188164
1465307943105036300
1465306731072819204
1465298297296285699
1465286889070493700
1465284206502764550
1465275813142491140
1465273296753094656
1465268931631857670
1465266237563305986
1465262173945434115
1465256258156457986
1465255158405681157
1465251047622856705
1465249250317508614
1465246566365622275
1465243269516836868
1465240876477603843
1465235938473234435
1465231441713786883
1465229201674440705
1465227265193611264
1465227237607624707
1465225154875691009
1465224529513308160
1465223445772337152
1465218912467898374
1465216088484900866
1465215970037755906
1465207702242480132
1465200270397169667
1465196762449076225
1465195281792729093
1465191792312127501
1465180307439513602
1465177341173252100
1465175487471177740
1465174055498096640
1465173969628119048
1465173886455062528
1465173725863579655
1465173515657637892
1465171845078945792
1465171834169528325
1465486576616558593
1465475204818243586
1465451882139164681
1465338965293207555
1465337627389792260
1465304728426844170
1465291683289972736
1465259028074799111
1465251907488804870
1465250981277405188
1465240560617152517
1465236501248163841
1465230803831386117
1465215094426456071
1465208111904419847
1465197865161035779
1465191806555942912
1465190754100203527
1465189494190067716
1465185331712454656
1465183540035784708
1465171618431324161
1465530263329402887
1465499429566181380
1465472233556439041
1465334643842949122
1465288974834962434
1465485231553531907
1465324474408992777
1465300580650262534
1465295480145940483
1465265095185874951
1465231189564821504
1465188793674125324
1465526809122926594
1465520238649171968
1465514522932756483
1465509943763632130
1465505015079096321
1465500828064567298
1465495617162018816
1465490581379895301
1465477037376770053
1465419667254693895
1465405598418169856
1465379459473674242
1465371490514178048
1465359033804623872
1465350626422886406
1465343443115278339
1465342738795155466
1465335747804753924
1465323344098578436
1465315264770183177
1465312768253333516
1465310445011537928
1465302307130810371
1465300915775172617
1465300718672232452
1465298563861155846
1465291501370413061
1465291168074240012
1465256029726208001
1465250227137376257
1465245403171811333
1465231996221734915
1465224431073050624
1465219478422097926
1465203137359200260
1465191216799125506
1465190657396330496
1465184087212056580
1465182832108527616
1465465392885686274
1465178234203504640
1465497238713503745
1465528437385273349
1465186416724303872
1465350314026946562
1465307395131805698
1465362480406794242
1465362316359131138
1465362228647895042
1465171638652076035
1465362609775865858
1465344981283926019
1465288396343971840
1465210296314728450
1465485756093194241
1465513851458232321
1465494336498372616
1465484242226274306
1465345564501938180
1465340396645466117
1465310800436809728
1465290559010926596
1465213354075561984
1465202430119841795
1465529011417673739
1465495592491118595
1465434658187792384
1465315349650296835
1465297974519484416
1465297404182208512
1465280420933603333
1465229813728231426
1465519384655380481
1465346037887823875
1465516245365637128
1465290189476036609
1465269802407055370
1465500983853662211
1465359806240153603
1465283357059665924
1465275810114195461
1465226777928765440
1465189267185963012
1465174068731125764
1465520129026846721
1465518078272307200
1465489542845132802
1465307626070151176
1465305685499940865
1465300374152118274
1465476726729977863
1465215442918674438
1465486818468503554
1465364620869206021
1465353148512366598
1465287902363930637
1465197733082329089
1465356197201006593
1465334514654220292
1465198079942934529
1465529332395175938
1465477059841388551
1465338833474441218
1465251473097330697
1465251311163568131
1465527716556390401
1465482476726349827
1465381126852153346
1465323557680869376
1465302067254226951
1465294250975760391
1465273920613871623
1465269677068849155
1465198447787606016
1465197465133408256
1465196764605009925
1465181005497585669
1465515969804079107
1465343475486838788
1465184471607513093
1465197990264512514
1465531896813678599
1465515718615519232
1465504604762767370
1465201652781109248
1465201354532552706
1465201038651129856
1465199986933600259
1465199371717283840
1465199035044687872
1465197725905874944
1465197007379714051
1465196733130964992
1465196005570187272
1465194914996654080
1465194326313496583
1465194016446685184
1465193721188605955
1465184149149421568
1465180530987581452
1465211629553926146
1465182546770030594
1465519374215770115
1465506367695851522
1465505531813007366
1465411129421688836
1465293629006639111
1465183244425449481
1465519280607436804
1465489446489362437
1465479155441537027
1465441814282846208
1465337730196410369
1465325915815047173
1465283069858893828
1465269832799043597
1465268821644627976
1465268572775587851
1465268560561782788
1465384054212022276
1465208456143511556
1465504898468876293
1465353388254584838
1465475556577710080
1465463703436873728
1465321328639045636
1465319133172486144
1465199329774227456
1465527266864246790
1465523953720442889
1465508034298318853
1465507142878654465
1465499086388219907
1465318188338405377
1465292756234891267
1465282849855074311
1465226959932194819
1465209358363480065
1465209015437127683
1465282798118268938
1465208212395749377
1465515958299082755
1465278808089509893
1465227811052941316
1465209019094560768
1465217601274269696
1465213932507787268
1465202097561866240
1465487669568307200
1465242621463330819
1465241759533846534
1465239695600746499
1465236591043964932
1465224432377466881
1465210016562962437
1465522633840103435
1465517196751171587
1465437814904872960
1465372623282475010
1465372416868188160
1465364790788820994
1465327574800732162
1465320510976233475
1465318193904304135
1465314379134476301
1465312151459958790
1465306852124545031
1465305545833807882
1465290832005636097
1465282831232344064
1465274183454126088
1465229039690420225
1465213945254318082
1465190114305327105
1465183741651865601
1465276199618297865
1465296029578772482
1465464470826729474
1465336336072601609
1465202176402153474
1465196682589573125
1465511720512733187
1465487032201859078
1465473261370687490
1465473009653719041
1465380770487279618
1465378329750425607
1465354649855094786
1465325955711320065
1465322395141431304
1465308282487070722
1465291745776713728
1465223118985711620
1465355593288335362
1465349311676387338
1465300987371950089
1465530071091875842
1465427040207732737
1465233109226508292
1465228494263128066
1465498012910702592
1465246823753216006
1465514254975455233
1465488661173051393
1465315416918863876
1465302094986899466
1465224081234530305
1465206945678168067
1465513768385794048
1465400526628016131
1465335268022439944
1465300854836105228
1465300006470967307
1465294278721093633
1465262996708413444
1465225011107532801
1465302820622532611
1465280244470849536
1465190663838842887
1465319696408797194
1465319463457153026
1465319781066625024
1465486016819589125
1465325007995736065
1465324941016850441
1465305196800532480
1465305196234350597
1465288879829762048
1465288674128531464
1465516088234438656
1465487362549448704
1465455741515415554
1465448547617181701
1465340025504075785
1465313690480115714
1465286998025912322
1465282562050314240
1465279478616117251
1465268941991804929
1465244950203826178
1465241359560835079
1465221997244272642
1465214092717617160
1465204478383046659
1465197540970696707
1465183932601700352
1465487452798283777
1465482371441037320
1465355144506200065
1465330957355917316
1465292662307651597
1465281195567042563
1465405391370694658
1465511933201707014
1465401326699909121
1465227893043126273
1465155503739207683
1465522596649132037
1465310621243621376
1465284029289316353
1465201657793314817
1465542555618058241
1465255696828547075
1465231499720998914
1465198131163713542
1465485567655698436
1465469466494455811
1465419355794063360
1465390967859687425
1465388746262691850
1465357659096240129
1465310501227819008
1465308730531418116
1465256286694477825
1465227897120038919
1465227895345872897
1465216642611232768
1465216165169418243
1465214276134596615
1465213278544535552
1465203222973337607
1465200563189018626
1465526922473992194
1465525021602762759
1465498106951192580
1465494313391906816
1465489473643315211
1465344048214929409
1465461181015998467
1465236460986986498
1465487234014986244
1465236332096081924
1465205965251244038
1465199499324788736
1465188941976387588
1465230526126575623
1465540098120769537
1465518170928648201
1465510938916786179
1465489041839644672
1465304379049660421
1465304223424266242
1465283708978487296
1465233513821597697
1465199311902314496
1465533049483894785
1465374469954818052
1465530106697306121
1465516682496020482
1465514694874120194
1465497879389245447
1465483921945096193
1465471099530002437
1465374797433430019
1465343369576534017
1465340645090885639
1465339526872592387
1465316519391367170
1465292364939886597
1465287757526286342
1465259110396416000
1465239050109915136
1465211064673452034
1465193206321061888
1465525185105125380
1465354711574274050
1465325946752225286
1465281870959026178
1465524773023141888
1465476438061031424
1465299630803939330
1465528726465040387
1465356083459883010
1465324995580612623
1465301793257115651
1465476432637792261
1465530891632103431
1465514609486417926
1465502100612255751
1465501358140715008
1465493652185047042
1465490227649073156
1465488685449633797
1465483911140569089
1465397870559956999
1465340252902473730
1465325671031324683
1465315028978974729
1465285974091390981
1465275357280432128
1465269353037787142
1465262025903276034
1465261829987336200
1465249760793677824
1465249511140315139
1465241932142022657
1465233108001714176
1465228833242562564
1465226092906614785
1465214922556538882
1465212821893881861
1465203713853693953
1465315238203441153
1465295764574244866
1465243679480692736
1465233227971395586
1465232901889351685
1465206337495703552
1465497725135245317
1465491089540804610
1465529475567808516
1465495548857700352
1465487316235874315
1465485070370684936
1465480069296517123
1465479189356638208
1465473825227739137
1465461267171143685
1465394052598165508
1465361231439532032
1465330023804538886
1465320564390694917
1465314757255122954
1465309581924454406
1465282634980859906
1465267298390798339
1465256053570895876
1465253351268831237
1465237703318859781
1465227656476053504
1465226513939251205
1465204333838962695
1465204115160461317
1465194758993702914
1465192676119089164
1465191347887951876
1465190020218712069
1465230388519845888
1465538371493711872
1465523899962040320
1465518913643433989
1465510802320879618
1465505895899492358
1465501400352264193
1465488723273940996
1465487035808972802
1465397913266233348
1465353863200862209
1465330094587580424
1465314867301085187
1465275134487502861
1465235579797340167
1465233584650743814
1465193326160666625
1465490909076746240
1465331602976870413
1465516115040223238
1465373896295784450
1465350803594661888
1465253074025562113
1465542413825429516
1465486610712051715
1465477126157709323
1465469622010802178
1465419800402927626
1465376724544376835
1465323889907494914
1465276930471567361
1465275194537246723
1465261938238185478
1465250840407683077
1465244074450067462
1465240873088606212
1465238535355523074
1465229227192688643
1465227941889990657
1465220892401623043
1465206196214931457
1465189034817294337
1465234546375348226
1465542836653211655
1465532185230790663
1465530410033577985
1465517935963750403
1465466500119072772
1465329698523648006
1465214284628041729
1465545908217655299
1465538831055155205
1465531402275868677
1465522854124949504
1465515213965258755
1465514396860358657
1465419523666890766
1465414475822125063
1465353572036464656
1465350676482076677
1465345131670818830
1465334950010388480
1465320498850455552
1465315245639884800
1465307564757770244
1465300586199498763
1465298305252954113
1465294513363034114
1465291343899480072
1465286295266070529
1465278846773514242
1465275085971804170
1465259295033856001
1465257375288348677
1465248162860331008
1465236159634841602
1465234387193061378
1465227191768084484
1465223599623598081
1465214560831299584
1465206783622844417
1465206378239193088
1465204748483796992
1465196925385203718
1465184557238349829
1465166790896410637
1465472552155770885
1465364671578312705
1465348856141398030
1465337078573502465
1465258897044762626
1464801295395483650
1465531298785628162
1465513316827086848
1465481906460397569
1465451092515254273
1465376866005446656
1465215281169514502
1465184113288228864
1465311722386821120
1465298589857505280
1465269818689470464
1465246133316304899
1465188393617264648
1465494669198987270
1465528289565437967
1465310764097409029
1465525623665741826
1465253222356901888
1465291195219808256
1465340550794530816
1465228021615370240
1465497481475772419
1465496922098221062
1465496006691336194
1465474548246073348
