1465168190745448448
1465165598111924227
1465165007931412480
1465164237475508228
1465162959223541770
1465161702299758597
1465161690920615936
1465159835716968460
1465159416420786179
1465156699774341122
1465154063213883393
1465153878043750409
1465153773651771396
1465152336276299780
1465151625656365071
1465150192630394889
1465150097331671045
1465149201738653696
1465146732384194562
1465144830250532866
1465136835198271493
1465135926980448262
1465134870812770306
1465133762698625026
1465131564833009669
1465124948964425735
1465123267375550465
1465123188501889024
1465121526542258176
1465120241235550211
1465119306283315202
1465107228407451651
1465103237300699138
1465101118120235011
1465100004368863233
1465058987699802115
1465051791511285761
1465022326341206020
1465021463258296327
1465017261454868480
1464994298013708297
1464991433551532033
1464986278017921024
1464985264346910721
1464982928161529859
1464980873833377798
1464980591317716992
1464980460778319873
1464980346508742657
1464976236208222209
1464974116520218627
1464971213378260996
1464966891609333768
1464966673652346881
1464966229521625089
1464965584194473988
1464965020144467972
1464964744972959745
1464958122913456128
1464956886805934082
1464953999107366923
1464953685390151682
1464951969995374593
1464951557338796038
1464948477717217295
1464947282361524230
1464945605327790085
1464945545344995331
1464945099897376769
1464944896884625413
1464944400744660993
1464941628859191300
1464931857561096194
1464931805614665740
1464931536717824001
1464931372032671747
1464928231144910851
1464927249778368513
1464926939164987396
1464926296727691264
1464924921360904197
1464922622336978954
1464921764887031811
1464920672354795523
1464920351150804995
1464920014918590469
1464919152452276225
1464913044778074118
1464905686425346050
1464904592689299458
1464901215871848453
1464898703714492421
1464898462625853444
1464896356531638275
1464893524399165440
1464892057957195779
1464887575903047680
1464884980606070788
1464880474233335811
1464878077901639682
1464878001082957830
1464877332167073797
1464877326647316489
1464874014925488131
1464870238370029569
1464865866076463112
1464863173945692169
1464860316919996418
1464858610626809858
1464857623543508995
1464857299701231621
1464856486652170240
1464853980039696391
1464849338287509510
1464841715886399494
1464841674966794245
1464840585706192900
1464838522498543624
1464837831348473857
1464837425503498240
1464836249768783878
1464831218667581440
1464829231116947466
1464821384937308163
1464821085552087042
1464820324369793027
1464807248912433155
1464806881214406657
1465164293163282435
1465162445618483206
1465157140625047552
1465154623379939328
1465153337028841477
1465152112208203782
1465149093714403332
1465138087508561922
1465136664062267400
1465136644793647104
1465132929030713344
1465131761541783559
1465127940253880321
1465125945098964999
1465125354595512321
1465122168698662915
1465121964561817600
1465119869129695232
1465119457051774979
1465106038122713089
1465102786115346432
1465101883228528648
1465100808010272776
1465100180898861062
1465098462656143362
1465081936045613059
1465080558116032515
1465046448790126592
1465018092275187715
1465000962649571334
1464995033824710661
1464983547043729409
1464981876121255940
1464969076887851024
1464967615856582659
1464962164062515204
1464961844318195727
1464960703496736768
1464957874556129280
1464957872085684225
1464956217793544198
1464946733906071555
1464945128225841153
1464942078660468738
1464941233499820032
1464940127017312263
1464939774922297351
1464938464474853384
1464935680287686666
1464932978207825923
1464931685624016899
1464929976461848578
1464923139171774470
1464920746736513028
1464914157317156867
1464906626658230274
1464898307931533324
1464894354577756162
1464893229405376518
1464886009590530053
1464881757031862272
1464881145997250567
1464875654432768003
1464867091358654471
1464857454575898624
1464855458435387395
1464852316926853120
1464846747423817731
1464844345459183619
1464843907875827713
1464843354810699778
1464843270828134404
1464833937012760576
1464827133801349124
1464821849531957250
1464821353048014855
1464812761267851271
1464808252873469956
1465156363978371075
1465129836649742340
1464957226624245760
1464881340281765892
1465160279667265544
1465154900006899722
1465145450978291720
1465144554223386634
1465136927024181249
1465112240374362115
1465060671322742789
1465008318213238791
1465007556523446280
1464999613920804866
1464957280638492677
1464954965634347008
1464938462851727367
1464924498898010113
1464879141166018564
1464829619912151044
1465159335357472776
1464920620827770880
1464873312358526978
1465165905319530501
1465157226864119809
1465145992831913989
1465141175946334210
1465139278845857792
1465130238396887040
1465123343321939976
1465119458947579906
1465119455206260742
1465119453071364097
1465117175673462788
1465115178471624705
1465101287670779904
1465078110047522816
1464984033025302529
1464981451523297286
1464974773813977095
1464973031848267781
1464950138124656641
1464932164777086977
1464908776012541955
1464904835078180866
1464901660220674048
1464867646449467395
1464844130006097927
1464811853687627781
1465168342897999881
1465165795390939139
1465164641386958849
1465163738185539588
1465163450993156098
1465160095633838089
1465159146358018049
1465158537705787399
1465156296533966852
1465153283853406211
1465148117938888713
1465147361252950017
1465146621973331970
1465144031566974979
1465143583913263104
1465143141716029442
1465141161488629766
1465140774018985986
1465138441985961984
1465134913045237765
1465134392678838276
1465133409043243010
1465133350088151041
1465132561819078656
1465132465949790208
1465132433339150338
1465131759100563460
1465128845640568834
1465128282148388867
1465126530095280136
1465125697207160843
1465124601042722816
1465122595569684482
1465122285531004934
1465117663785414659
1465115174814175234
1465112125400039435
1465108497700327424
1465101980976697347
1465099431678668809
1465093907167936513
1465078844730187780
1465002155840995330
1464998740654100481
1464993346233921537
1464992165528891397
1464980436929507329
1464978744175517701
1464973442034270210
1464972562778185731
1464971641067290631
1464950964151103491
1464942508702457867
1464941289049231366
1464938322577412102
1464938026589569024
1464937430734180353
1464933085590392838
1464930739380580357
1464915196795703304
1464904310815264771
1464899196201230341
1464899155201982471
1464896876512169984
1464892191373885440
1464880366691360769
1464878522699108361
1464876700999684101
1464876566345699332
1464874032927371273
1464861755952095233
1464849166966788098
1464844003116036100
1464836453872009216
1464835704354078721
1464829459479949316
1464818281475239936
1464817643207098370
1464813777824915456
1464813682966155270
1464811159018639361
1464809110801563654
1464808269499691012
1465149480869646337
1465142503351283713
1464977681745780743
1464969202507206656
1464816939163783170
1465167673436696581
1465160441554890752
1465158874793578497
1465156287239319557
1465154764585385994
1465154008964763653
1465149742900400133
1465142585899438082
1465142263638466565
1465142073036660737
1465141665086132225
1465141451990339586
1465141405399994377
1465135031676899334
1465133361450536960
1465130653654024193
1465130154309521408
1465123347923025924
1465116478483533824
1465116410334650377
1465111700680495112
1465109356492509186
1465101956884545537
1465096688658305029
1465088857855066112
1465081250088169476
1465005586832146440
1465003375250980866
1464970874260500485
1464952970613714950
1464924460364955649
1464923827687755777
1464922931113328640
1464910638652612612
1464900849398792199
1464892454893592577
1464888177953423361
1464887546543067139
1464884307554488324
1464881899801821193
1464881575632379907
1464876769819848714
1464871621324271619
1464869960811962371
1464861584409313286
1464860239207927817
1464847068548132865
1464841493022007325
1464836602270650372
1464815069649199107
1464441242171760650
1464439160781959170
1465167190064185344
1465165393274621959
1465165140836294658
1465163307497635847
1465163157970702345
1465163114425434118
1465161161247117318
1465161091936256007
1465158155634024457
1465157541168513024
1465157369663426563
1465154283813302276
1465151938362626053
1465151662306185220
1465151328288579588
1465151055486881794
1465150793556709377
1465150466321354753
1465150129166376965
1465149986618834948
1465149705625604096
1465148915691319302
1465148789010812930
1465148632647176196
1465143261257875460
1465142707932655619
1465141937132818435
1465141915028918274
1465141469409280008
1465139713912627200
1465139602792988674
1465138506917826562
1465137648331227138
1465137529212915714
1465137494752518145
1465137463957987328
1465137347784175616
1465137004006428673
1465136042323808258
1465135925420179459
1465133663255875587
1465132289411612672
1465131990085107713
1465131601801584645
1465130893786304512
1465129521091268611
1465128704506417155
1465128647505809410
1465126714250444807
1465124711256322051
1465123841416437761
1465122558638915584
1465120860851740677
1465120090848776197
1465119578447486979
1465112776091660294
1465111727754780673
1465110761315790850
1465110350651695106
1465108835522146306
1465102663255617537
1465099072029614088
1465077457137012741
1465073070486343681
1465065281076613120
1465053214139564032
1465032941004722178
1465021290717147140
1465021158235901956
1465010445811658773
1464993284766322688
1464989152907186181
1464986991729152001
1464986249542782980
1464985989047205890
1464985213952409602
1464984385661255681
1464981933922816004
1464980429425971207
1464977696216158211
1464977434927763460
1464974704284880899
1464973703096139782
1464972513247514627
1464969140997804033
1464966357624049667
1464964798047612933
1464964591327137796
1464964445050839041
1464962814934536193
1464960549934931977
1464959971712458758
1464959602336813056
1464959521051136003
1464953272616189952
1464949489098117122
1464948852063019015
1464947224400437262
1464947128078192643
1464947035472162817
1464945541746360324
1464942220167966726
1464940580094414849
1464936622286258178
1464936434138234881
1464935543045644288
1464934172514938880
1464934063936978946
1464931971839102980
1464931935789015042
1464931831430537225
1464931668637020168
1464930998072713217
1464930527350177799
1465167820140937221
1465167656827326474
1465159639859818496
1465158355081592840
1465150236796456963
1465148107339960323
1465146134666493955
1465143332288413697
1465142651624120323
1465140355909578753
1465123808986091520
1465117532365283330
1465096838873325571
1465021244483379210
1465020512631869440
1465012003257430025
1465004096709009410
1465001953662955527
1464986006126350342
1464983988351557636
1464978990146338819
1464977925715886086
1464977815258861576
1464965182669541379
1464953956451303427
1464953861286678530
1464952572179931140
1464945968877428737
1464939617371648006
1464935741289418756
1464932629350813705
1464924477553197061
1464922067023794176
1464919907712131072
1464919631932497921
1464914731412508676
1464911885380190210
1464906630412177410
1464902157648285704
1464898183662768130
1464889035667632133
1464880084695744524
1464869667927838720
1464867373937090565
1464863168904105987
1464849616843665409
1464847506655760386
1464839988626038787
1464835384517566465
1464835278271483911
1464831503007813632
1464828677229666307
1464828550532329478
1464818691820843012
1464771034511380490
1465125966271840257
1465124147168616452
1465121447743946755
1464994366678704131
1464982441295187970
1464967390567927808
1464943331159408641
1464943165450833924
1464936346783346692
1464929673742147589
1464894687471226890
1464888272488861698
1464885709278363656
1464883824660135936
1464878632296349699
1464868335477088257
1464867779652161543
1464856936206123013
1464855133783670785
1464851583649214469
1464830235363348486
1464821233011150858
1464820388014161920
1464849296235261959
1465162121474297863
1465022348046704641
1464985303832170496
1464865217314058242
1465168644732698627
1465168644543967236
1465168415757201417
1465165062146969607
1465159073972645895
1465138092910977024
1465136235538751488
1465128294362218499
1465127761631068161
1465038674488291331
1465010475071012868
1464988562676334594
1464983910941483009
1464980778798882828
1464976142327111686
1464966175134158853
1464948071817568258
1464933921188036613
1464895976636760065
1464889504741818376
1464888166490701825
1464885997573853189
1464884180353892352
1464883263948812288
1464865635486236674
1464830938697719810
1464821622838226944
1464819690006409218
1464817492082130945
1464812576848498693
1464963899304779776
1464921993178804226
1464938909394104323
1464850471114338312
1464811357379854340
1464876721409191943
1465162017312940040
1464876371197325316
1464972489419726851
1464945108738985988
1464877354166149127
1465151818728554500
1465139251473895430
1465033381377286147
1464943199307190272
1464821590990880776
1464814709966663680
1464867772014350336
1464830747278123019
1465012368447094784
1465147791240417280
1464827692042186754
1464963482206437377
1464952091974189063
1464950779110838277
1464950710198362116
1464935174320259076
1464859889063235590
1464830647864758276
1465170882930745349
1465160860460994561
1464979164403048449
1464950802980630529
1464924280584429568
1465152709187629058
1464979912880574469
1465087518399864839
1465122586577145858
1465111945426575363
1464987058049482758
1464863744119361540
1465121255389114378
1465161034419691530
1465161034038059010
1465161028220579848
1465161028220571650
1464917725403172864
1464917465922629635
1465167129137672197
1465117269793525760
1464956696833396738
1464947154561110016
1464941288000614403
1464909930339528704
1464872871436505091
1464853063961776136
1464827437569638402
1465154962682302466
1465143064654016514
1464978629947912193
1464923293526331394
1464819233385181184
1464984309245169669
1464966214334115845
1465153437507543041
1465091553530052611
1465155020534345731
1464926335797653508
1464897123896287233
1465154938577641483
1465140970081505283
1465074755380256768
1465004855139835907
1464956309053198339
1464898001617371139
1464897992956137472
1464897988287815686
1464892892351131652
1464872850599251970
1465128219544145922
1465111069878194187
1464873598510718985
1465169817137127428
1464934549398306817
1464869035925901316
1464831302054547458
1464857997536940039
1465117567173869571
1465108252539060225
1465101314086477829
1464915181960450058
1464898377598976008
1464856836683669504
1465150667706748932
1464940042703589378
1465121281703956482
1464869468216066052
1465104292038119425
1464996898482229249
1464960954433622016
1465141588745543686
1465135430496448516
1465125343568695296
1465124603609509889
1465122974869057538
1465121752095150083
1465168752253620225
1465155064591306771
1465153904157491201
1465149190036615177
1465148610903871497
1465132929177161729
1465130715150831617
1465116235130015744
1465107652405436418
1465103441458458627
1464997707118874626
1464997385419902987
1464995728153976834
1464974844676640769
1464955027722620933
1464942944461463564
1464940715461332993
1464938071611240448
1464936083389513732
1464924709871489025
1464897388145831936
1464887877427359745
1464877975820767238
1464859121937649674
1464850205392588802
1464847776836210689
1464826996752470021
1464821631260364801
1465159670121725954
1465116363068899332
1465113220377497601
1465003383211786240
1464950820005244937
1464876275374252036
1464900925554769921
1465171798157189124
1465142232269213697
1464958794123735040
1465161020729479175
1465156715725287435
1465147428235923459
1465024917884178434
1464932546030882821
1464885157203087361
1464938339564331010
1464890211368800258
1464868028269617152
1464868020610867201
1465152500437118984
1464973939168346116
1464868011916107782
1464873091666903042
1465123047514329092
1464998782718791681
1464929133973049347
1464915433916538885
1464899836109418496
1464899834465325065
1464868009462403073
1464868001061212162
1464863838570876931
1464827247789887495
1465171811625095170
1464965537822171139
1464939367697248259
1464871402524139524
1465144623836270592
1464986744999215109
1464899837749383179
1464868064516845571
1464962317410451458
1465142834017673218
1464961639493505029
1464960155653533699
1464888370924908544
1464838288087207937
1464838048907022340
1464571183047659520
1465166808646754304
1464960068248424452
1464837881206243329
1464962213551083525
1465166921419030538
1465142714672971779
1465142469901778948
1464960474202603525
1464959188652617740
1464958520885841922
1464958354665598977
1464958353260437506
1464838380827516930
1464867818617270276
1464857204339601409
1465175358387351553
1465174533556502536
1465174459472437256
1465173731676868618
1465173609563918341
1465173017638551557
1465172690365386754
1465172420440911882
1465172419446935562
1465172311623962627
1465172244015902724
1465172234914336770
1465171293540524044
1465153727149445123
1465123615515447296
1465093306883272708
1465000797398179841
1464975478381367298
1464942241625956355
1464907722822873092
1464851583477243908
1464846566829608970
1464835816581066752
1464824333574934531
1465164304580169729
1465134919412109313
1465133564933009408
1464978790984011777
1464971221083168771
1464946654985949187
1464872362088800262
1464859040962400265
1463143582966059010
1464826620305285121
1464868621734354945
1465110548022890500
1464979919880933379
1464911700012908547
1464868033525026821
1464823433213014018
1465140392651751427
1464940379090739204
1464891466262597632
1464890974350442500
1465134522148659201
1465059790619611143
1465001161065308161
1464976291694714883
1464955976209952773
1464940665360375808
1464900225781276673
1464884802931224576
1464878941772992518
1464876783791075337
1464859578269503492
1464840335339573249
1464827460046839816
1465180020800831491
1464963609474187265
1464925258759110660
1464853785625255944
1464838033367134209
1465166180230918153
1465010219725950976
1465008793633189890
1465126723565981701
1465028606434988035
1465169195994255361
1464963553626976260
1464963276853309442
1464868664088293381
1464862596213866500
1464833850500993029
1464821711451267074
1465138819871637505
1465045534092115974
1464858115631845377
1464839090428264453
1465175917152505859
1465165467937488898
1465150022329114625
1465147469499568128
1464953959609634818
1464910350139023362
1464871123057709059
1464853352232243201
1464852298572525573
1464851279361224706
1464850903706578948
1465145708114178048
1464842449935691777
1464819613330333704
1465131383387418630
1464869792452685825
1464962127148421121
1464944308662902788
1465165368490532866
1465158609680015360
1465104149343715332
1465089686401998850
1464987369392599040
1464986600903831555
1464981775734620160
1464945663788007429
1464931254634102788
1464919247302250498
1464905778154795020
1464883211800956933
1464870727534866438
1464870181868429312
1465165881734959106
1465163631616991235
1465156199930732544
1465129932162428930
1465110854462947335
1464996594357456897
1464969215383719937
1464958149094359053
1464924295570735107
1464946873450459136
1464944028869271561
1464938512591900675
1465177004274110468
1465169045787852800
1465150215074107395
1465144245778485253
1465142741633945606
1465114668343701510
1465107870064656389
1465102472020594695
1464953512958124034
1464945494547828738
1464932077824974850
1464921340268335109
1464878858331561986
1464846566288617476
1464826201898307584
1464824742192549898
1464833203789701126
1465109942910676993
1463787694836707330
1465143559539998725
1464889307047469056
1464971234492354564
1464948491042496517
1465176889933271043
1465173544220848128
1465159724718985220
1465157398100787202
1465142434325622787
1465134401646317568
1465129169587617793
1465129111127347203
1465128617562697731
1465117545145405442
1465114946249711617
1465114422884536325
1465108577920581633
1464991466120306688
1464986323631050763
1464973913146806272
1464966774277898245
1464964738127855619
1464940863272882179
1464940615976710159
1464937386836520963
1464905118407540736
1464896616981164034
1464893725214085121
1464888865366306822
1464874129182498823
1464862647426306050
1464841795532034058
1464841029056536578
1465179537478615042
1465154822215065601
1465148283542642699
1465138963627184130
1465096690348826628
1465006159106953224
1465004174664421381
1465003187044241415
1465000039877545990
1464973846973333509
1464971317250252810
1464965312760082436
1464952640001875977
1464933239064203264
1464919434607218697
1464919240721403909
1464919217791143940
1464883863491121156
1464844041766408193
1465036865812287495
1465026879191146504
1465147300070629377
1465136316102762502
1465115144485097474
1465114257918349318
1465093915195838467
1465037189587288073
1465036958246359045
1465035516689240073
1465027676922683396
1465022813845299200
1464919545856991234
1464867348188442628
1464854146763403271
1465154217824325634
1464889657246699523
1465180182575079425
1465175060822433796
1465174726536351746
1465147155677515777
1465146050872709122
1464965139782778881
1464910963224678403
1464870729984339973
1465163353840504835
1465152755899588610
1465151555473063942
1465131077991743488
1465130273977233409
1465114879929438213
1465114660361834497
1465101096272027652
1465093234921811971
1465074553827336202
1465055453671530500
1465027766265470979
1465025004500832266
1464972373531283458
1464971813008515079
1464970348084953095
1464967299228704768
1464955824774676488
1464944275263684623
1464916557360865281
1464905074430279684
1464900617244057601
1464898066696318981
1464896356099702789
1464894420981936130
1464881007497146371
1464873882180014080
1464873396504653830
1464872947106164736
1464868333505835012
1464857170730700802
1464852294537670659
1464836229879451650
1464823914203340803
1465172612133261314
1464934285320671237
1464924129140699136
1464921457117446147
1464915941846761477
1464897213369180163
1464888535958233093
1464877303607922689
1464834644537270277
1465179093897416710
1465171524676046855
1465042341803266059
1464945158047236101
1464930764705779715
1464872918626680833
1464868851200315396
1465045190842798081
1464934026674724866
1465180198086004736
1465011922122665991
1464994396491771909
1464972300562821134
1464929225094221825
1464921061926092800
1464880807894523905
1464868236311281667
1465140455209766917
1464917510516400129
1464963012322729985
1464916745919991810
1464965271458770953
1464987761753018372
1464937933379489792
1464939001408671749
