1457556475157438468
1457555746946629635
1457553615413907456
1457552758928670723
1457548705184157698
1457548238618198021
1457543753699373056
1457543398311665668
1457541628286038016
1457539516072218628
1457537343913488386
1457536385322156040
1457535207280500740
1457532642149031940
1457532522259046401
1457529914555396096
1457529612536213507
1457527725887918084
1457523922048483331
1457522727258968066
1457521897017516035
1457520710360858625
1457519161370808323
1457518611489165315
1457518136429744129
1457517191612428291
1457516972539883520
1457516625276518402
1457516469365862404
1457515944738127873
1457515808687472640
1457515412111835137
1457514737508372484
1457513670796201987
1457513047883399176
1457511048701890564
1457510302245810178
1457510277595820035
1457510064021913605
1457508190933848065
1457506951894425610
1457502182064885762
1457501405531439104
1457501335423635460
1457500744085491714
1457499067764801536
1457498816131784707
1457498417492496384
1457490778112942083
1457489096721383425
1457486533821296643
1457486383681970178
1457475347176312832
1457421990176833536
1457421317582381058
1457402848350593030
1457392122328350726
1457390338306236416
1457388357772668932
1457385145124540418
1457384750247669765
1457384403890442241
1457383831414050818
1457382879516786689
1457377271241580552
1457375772209913857
1457373813126021129
1457365581976379406
1457361001968373761
1457357789475446804
1457357094445674500
1457350710505271301
1457349122822864901
1457348757222133770
1457346268032684034
1457345160627380229
1457344867600793601
1457342005265113094
1457340584822128645
1457339462229233666
1457336946645110789
1457335568405172232
1457331191464353798
1457328088652529666
1457327067238789120
1457326616254636034
1457321191006375938
1457319549020229633
1457319443206336522
1457318566403842050
1457317992761466883
1457316432622940162
1457309358899924996
1457303875929526273
1457302008436641794
1457300109264183299
1457299977374371840
1457297692791431168
1457292543503192068
1457289301088145411
1457287204724633602
1457285881199353873
1457284543732322313
1457279464509874180
1457277632861511685
1457275380562382850
1457271870902837253
1457268399906582531
1457266570288189440
1457265795478609926
1457265365885460489
1457264976205287425
1457264472448376835
1457262513142124548
1457262228147638278
1457262132660031489
1457256015208992770
1457252867270610944
1457252158043197442
1457251610212458497
1457250870161145860
1457250443554287623
1457250389993033735
1457249784067096578
1457249656614752261
1457248974432133124
1457247956654956546
1457247671278837762
1457247204737884161
1457246939766951937
1457245800556228608
1457245346623631362
1457244903784648711
1457243638182780932
1457241888440963077
1457240801902170118
1457240007551324161
1457239631955562496
1457239487612796934
1457236292698185730
1457234427319242755
1457230514725613568
1457229422608539648
1457229409820102658
1457229281977720836
1457228835687043073
1457228291580960769
1457228095685947396
1457227348982460418
1457227228861796363
1457358171689816065
1457557490166599681
1457552651571236868
1457547243863482369
1457547237412810754
1457546594077741056
1457544532904472582
1457543810141982723
1457535215752994818
1457532373189283843
1457529516000100355
1457525734864420864
1457522397553172483
1457521824388947969
1457521814209323011
1457520856502996992
1457516293544763393
1457507687780945922
1457507379247943687
1457502565462011909
1457501625220665347
1457498340539527174
1457497782365741056
1457478185101275143
1457478164154929154
1457401877369221134
1457374099420823554
1457370472199245826
1457366352235167745
1457360206258577417
1457359977165639680
1457345490782064647
1457343040691982340
1457323793450364937
1457323377186594828
1457305840369561603
1457302479339548676
1457294356939886593
1457283513900695557
1457276064288296960
1457272567828418560
1457270469116063750
1457250004783960064
1457248159965532161
1457242453770080257
1457229050062127109
1457213595540807684
1457208654692712448
1456633468117348354
1457497317045518336
1457317112486060037
1457315340203954178
1457281664757878785
1457270448480157697
1457262162611609601
1457239716336582662
1457537461463121923
1457534205743681540
1457287231937212420
1457286698908352513
1457252784915447808
1457224819158618114
1457557511817416707
1457547171352530949
1457546624704544772
1457544290444341249
1457535844638728196
1457512878655696897
1457511741038813186
1457511506686316544
1457506444438245377
1457506439518318594
1457496238945800197
1457474427877138432
1457375944918781958
1457375120805154819
1457359641814335494
1457333324091822084
1457301285024137217
1457300923550613505
1457300472788705280
1457287859723931648
1457277308339773446
1457266094482157570
1457262146501296129
1457253132090560512
1457249476200960002
1457223245422231557
1457218059668795395
1457217704369086466
1457214502156472323
1457211304863621126
1457211226019164163
1457209572347633671
1457207870089359367
1457202087243051008
1457558509982261249
1457558509965434894
1457553379480068098
1457552028394090498
1457544552781258765
1457544033350270978
1457542228847431682
1457538030466596864
1457536231533957122
1457536173648203777
1457535401296420864
1457534730975342599
1457534036465778693
1457515690382946307
1457513224115396612
1457512042852585476
1457510145588563968
1457509151014195202
1457497901261737988
1457481600422137857
1457376311907782666
1457374918916460548
1457369995751555086
1457369681661075459
1457365648628092929
1457362852063301640
1457359578094399489
1457357544330915841
1457350035276980228
1457348460282187784
1457346805490806791
1457335528647368707
1457333291296514059
1457331241217232898
1457327474551844865
1457325678680948738
1457319872577228810
1457311991278624772
1457292156050178050
1457289552020656131
1457283266327695362
1457276287219744768
1457268259921616900
1457258684556320773
1457255030344409090
1457254706267361289
1457252167560138759
1457251113053216773
1457246285858152449
1457239351729950724
1457238237445910530
1457234264903192576
1457232812528988168
1457225668349947910
1457218792900075522
1457217088901160964
1457212481286262788
1457207501435199490
1457202501053153282
1457201444491202565
1457552064037281793
1457548352728358922
1457537264137867268
1457524251880136706
1457515248823386118
1457435581919600643
1457368959028662283
1457355198217687052
1457350004767539209
1457335778485276672
1457554128620511239
1457550301125177348
1457549967669686278
1457548731897683973
1457545609032859648
1457530526370127878
1457524147987173378
1457517969274114049
1457447551074926593
1457370844473163785
1457350530821361664
1457333340265086978
1457322270628540423
1457300006872834048
1457264242453729282
1457260113295597576
1457230888052277255
1457228345574264832
1457224530498228230
1457196959391879170
1457556246999945218
1457555988005928963
1457555929193345029
1457555781427945473
1457554636626296842
1457554006889283585
1457552837454360579
1457551204607692805
1457550250516779010
1457550063937286153
1457548944003665930
1457548408340680705
1457546521168080904
1457545977489809410
1457545628246949890
1457544666635640836
1457541002990813186
1457538323925274628
1457531349892407298
1457531246595084291
1457530104536395776
1457529695281430532
1457529319010418692
1457527976300474370
1457527314904870914
1457526412236058626
1457525801964892163
1457525432484458498
1457524225439256580
1457523892835151872
1457523529776205827
1457522317723013120
1457521094844321793
1457521088032694275
1457520367740723200
1457518631076589570
1457516984610869249
1457516121221857280
1457509073386029057
1457509049197633542
1457508959774863364
1457508916309336068
1457508510489452544
1457507184598650884
1457505426912604160
1457499367364038660
1457487356160741376
1457484395791618048
1457482507323002881
1457479977801162753
1457468410212720641
1457410740483084289
1457405640226258958
1457405140948819974
1457397304701292549
1457387344416235521
1457384578516090885
1457384236789366787
1457381487645319168
1457380413194727429
1457380030753947652
1457376907993837575
1457374443399905280
1457374429239971852
1457373943178747907
1457372739019235338
1457369776502697990
1457362978253115397
1457362516636405767
1457357608940032006
1457354539216998404
1457352953921081357
1457350217263579138
1457349730816741380
1457349120180428802
1457348413809324037
1457348394700054538
1457341435812868099
1457339884306243586
1457334867079827466
1457333703391072260
1457333397928349700
1457333307587186695
1457333299110502403
1457332396001427465
1457330359171883012
1457328680800243716
1457326527901622279
1457325760096583691
1457324499620098051
1457323965836247061
1457322900529160197
1457321761343635462
1457320224491917315
1457316096176898049
1457315509968388096
1457313163142176774
1457312892731023364
1457312336075583490
1457312325963190280
1457312260133511172
1457309512843493377
1457309508728885255
1457309355489959941
1457308476330287105
1457307603592118273
1457307435132067840
1457306467111870465
1457304380923842560
1457303554289332224
1457298578729172993
1457295020172578826
1457294352712011779
1457293767203975173
1457293259475017728
1457292498804506628
1457292018221158404
1457290926179581959
1457288863714406400
1457288835998658563
1457557317453422592
1457555751153528832
1457554202712891392
1457552453671424000
1457549407834935296
1457545601092972547
1457523735343222787
1457518164183453697
1457505915309989892
1457498769646407683
1457493514267156483
1457489618094333957
1457478277644242945
1457474905960685571
1457416990025338882
1457405207285932034
1457402743841193984
1457391111748554752
1457389330297606152
1457384584203542532
1457384117855608843
1457382969698521095
1457381863371071494
1457378691315474432
1457372238366187520
1457371658403016711
1457368727658196997
1457367296079392773
1457364592833662984
1457363295413805060
1457361203622076417
1457360049425117190
1457359111226490891
1457358641376337923
1457357242638897160
1457353719465447425
1457348882254340096
1457346286877696002
1457338799323639823
1457337437227675655
1457329737714462722
1457329058778284039
1457325745898811399
1457324040469630981
1457323855047888899
1457322112608210946
1457318171162013700
1457314941250072583
1457311591771242502
1457303282989240324
1457302724274376704
1457298639571718150
1457296833382805507
1457295417742225413
1457293979808980994
1457293928990855176
1457289959702872065
1457287419733045249
1457284807411396609
1457279783276974085
1457279396239208452
1457277133001089027
1457276690040713216
1457275805118074880
1457273025359798273
1457270708002689026
1457267873018114049
1457267164658929669
1457267159038521344
1457264381431930881
1457264269922242564
1457264140527960074
1457263895777722372
1457263354041434116
1457262303053705220
1457261451077308421
1457258253449003013
1457254818922205189
1457254260198969346
1457253607590416391
1457251125455773702
1457250183612289029
1457249478184820741
1457249168754315268
1457249153180844035
1457249148890071041
1457242460837466115
1457239316820758540
1457239184859484164
1457239064403316740
1457238293553184769
1457237368906207232
1457237090970705927
1457235549664677891
1457235408001986565
1457231626581118980
1457228955870658565
1457228283523653637
1457227830484295686
1457226020050780160
1457221709698764803
1457220381253591046
1457218728546865158
1457218109752811526
1457214663230328836
1457211139054456834
1457210966647525378
1457210306606755846
1457209993225117699
1457204260756594689
1457200173050830853
1457554804956274690
1457522681742434306
1457518837725732866
1457518118297767937
1457499104762753026
1457484955403968517
1457449064371421189
1457368621605216262
1457334293655547907
1457324132303917058
1457306018925273097
1457291025286721543
1457287462837837827
1457233123570114562
1457218805197803527
1457217533535080452
1457215617304444932
1457196836574273537
1457375245883502599
1457288883167662086
1457232004366278661
1457460561013141504
1457556836345729025
1457410231219015686
1457366947746574340
1457330044548747266
1457558732271927315
1457558728580927490
1457557057851199499
1457551837574270983
1457550468687618062
1457547330912067587
1457546811200004104
1457534560007180292
1457513777381842947
1457454198241456131
1457436518713200641
1457405033075511302
1457401150295076864
1457393146204090370
1457378739956768771
1457377876542558216
1457367697231003654
1457362718885744644
1457355366447009800
1457334779913785349
1457333427397533697
1457319840947965952
1457309422795968513
1457309165542514695
1457306506882285568
1457293767120089088
1457293178923466759
1457259859884187656
1457255886649364485
1457242417971691529
1457230016190640128
1457221104737525769
1457209354042556416
1457207450503839752
1457203409136717831
1457300618737958914
1457246411498541058
1457219506942611458
1457217051240534018
1457216067806265351
1457293640330481665
1457294503161708547
1457530889429078016
1457370456709734400
1457328480824160259
1457242765868236801
1457514038955548673
1457543719394054145
1457401951335829505
1457356233367699457
1457323712240177161
1457262742801244164
1457218904388878339
1457461550785073156
1457322150369497102
1457309462125940738
1457355961065037828
1457348733541048327
1457535786891448325
1457534475592556555
1457554927518167040
1457542908156940291
1457365027153842177
1457312430933962758
1457249360253632512
1457543795206082562
1457397801071955977
1457369684496445447
1457305736111747075
1457251201141993472
1457521444598861825
1457204970948755458
1457230296022138883
1457529226354208776
1457538015539064834
1457514756726657027
1457380646544818182
1457352886384398343
1457327975129436170
1457298563063435265
1457258988471394304
1457258791230009349
1457253984301817862
1457227062750560259
1457224919532466178
1457201517186850824
1457544599816138752
1457394482811334656
1457231593219629057
1457219243074723840
1457227340916805634
1457408950110855174
1457227969768820737
1457225652029906945
1457225394109616128
1457311299554070528
1457300646114119685
1457226830256115715
1457226521517584384
1457224683741335552
1457514020810813441
1457501588499550210
1457289181416230917
1457282619633135618
1457230082854952970
1457326887810654209
1457351824550158336
1457316453342797831
1457349567565815809
1457560526829993984
1457541896826359808
1457535111230943236
1457533925983653889
1457530867832610823
1457530423328735235
1457530067735617538
1457529728991064067
1457521144366440456
1457506054611165185
1457445048094625796
1457331589902266375
1457310167570157578
1457278739016867846
1457274246871224323
1457253936281243652
1457253487541055490
1457252812434280451
1457232384739328002
1457226218760146944
1457222536920399872
1457219025373593602
1457210746475925508
1457206833613996038
1457206590138847233
1457200663234973703
1457540963564339203
1457324200687853578
1457389430830862336
1457549033384280065
1457533676896595971
1457289754215473153
1457558638894084101
1457536043863871493
1457288618301530116
1457523429624532992
1457491136478543875
1457359581009506307
1457300902306484228
1457228237671526405
1457219776892178435
1457548634845708291
1457544111309811719
1457540137462558722
1457520388456402946
1457315822326538247
1457299313567039488
1457295706721427456
1457286348386148354
1457286195004592140
1457286111332605956
1457273736629866499
1457258268305231878
1457258191549448195
1457257786740396032
1457235436976230400
1457220954778574848
1457356333468901384
1457259798357893121
1457259047044874240
1457256032330076165
1457223955169742848
1457554885491130374
1457317014138015749
1457427130506100736
1457340050178383873
1457286958988738564
1457510827389456388
1457490724987949063
1457344859564494853
1457308010389278722
1457303401914503169
1457261182927048704
1457214033824649219
1457209994839949314
1457208024687206402
1457207636521152522
1457202683039793156
1457559763387027464
1457550289846820865
1457549419990200325
1457530635484950528
1457412416124248068
1457412279213834242
1457367415562534912
1457362530360180747
1457362372142645253
1457358964564246535
1457336088284987397
1457335317308968972
1457332790551199746
1457317451532685313
1457315264391831554
1457313162030551042
1457291047193636868
1457281745812787202
1457272891888734208
1457267759058849794
1457242858692362245
1457419918572281858
1457370238341697541
1457332767885193216
1457284340962906113
1457319231935057921
1457284755762782209
1457303006882324482
1457524675471286276
1457563429607075849
1457504638886809603
1457504286066110466
1457309945204916225
1457271086383435780
1457268852270592007
1457255315343249413
1457251861057064961
1457229808182587393
1457224968341647361
1457220876835852288
1457218168288538631
1457504404177702913
1457366821569380352
1457358258507714563
1457248890688655362
1457545399707652096
1457478201739911168
1457206130648645638
1457377371338600458
1457563020192669696
1457377148642082820
1457376767900016646
1457313598393315338
1457279171319586816
1457263989226807296
1457223305908264963
1457562452313337856
1457559142856495106
1457262831259238405
1457259418706345987
1457213226018500615
1457204755302780929
1457541236651220997
1457261152283422720
1457522933035782146
1457484478197035012
1457538364605808653
1457534159442767874
1457533882685792262
1457522577719529473
1457522432495927296
1457486440678387716
1457486190412632070
1457485174673793025
1457485011062452229
1457484390917808130
1457483719728525317
1457483130248458243
1457482506324742145
1457482506052141060
1457465909530935302
1457254387949064201
1457246594902888452
1457246509515243525
1457546936286806019
1457488252265328642
1457454789789245442
1457406629532471296
1457376518041047041
1457372046078275589
1457345023633018885
1457324500425396235
1457315109550759941
1457290726090285056
1457286125588942851
1457274599129837569
1457272433539354628
1457271935725817859
1457271509425156097
1457257608692125703
1457245618817028097
1457220440359784450
1457561073318449155
1457411571815120898
1457387622968430594
1457346791720902663
1457318460766130183
1457271537715843075
1457357627260747782
1457253568507887619
1457243487875657730
1457243195801145345
1457312100527730693
1457301539316322304
1457301288585101313
1457301234130427904
1457299754421874697
1457294249670500352
1457293329700327428
1457293244467843072
1457293181486206976
1457293098816454667
1457292840803860485
1457292838954102792
1457292564353011719
1457292115529011201
1457543157160157189
1457218937758765062
1457535455113584644
1457452772140457988
1457418008213684227
1457337468257136642
1457311100546936837
1457295261504475141
1457283024328925187
1457269180470685713
1457249179898552328
1457219975198896135
1457215594726498309
1457544278419197957
1457531351406563332
1457515357749407744
1457510750914633737
1457374020119105536
1457363184210243586
1457313840694054915
1457269977807917057
1457268212060413954
1457259858877579265
1457259361818996746
1457232503958237186
1457230444462686214
1457226254306865158
1457209938619498501
1457236609963737090
1457213651006353410
1457241701181837315
1457323430764638212
1457454992344829955
1457560685311762441
1457379083835232262
1457362090503507976
1457336640397996033
1457329693108019216
1457249420349620227
1457247438943580161
1457564578980663296
1457370667213410305
1457359250720649221
1457321385236189187
1457309234337509379
1457234890810814469
1457224039731109890
1457558584913371142
1457296870393348104
1457534687526612993
1457523289148952580
1457518272782372866
1457512453529423879
1457507468825690116
1457499399920095235
1457487610834681857
1457371656528162818
1457352936854487041
1457332626272837637
1457331931247374339
1457329085168840709
1457320397066498053
1457318402133872647
1457304962581483522
1457272301049692164
1457271886535032834
1457255007368081410
1457207827592716304
1457528625394294789
1457462704843595781
1457325414557175814
1457299558736695299
1457501451391942657
1457312296271708164
1457231220270534657
1457534600922558465
1457510032455704578
1457321203777949700
1457532659802861569
1457245951429537797
1457548892321435649
1457507635079442435
1457383450999025669
1457380723942248451
1457367012003307520
1457283355230158851
1457267084879007756
1457257467109208065
1457237491728019460
1457220045961003009
1457384105750917120
1457356971116412938
1457338776343121925
1457313157899116548
1457304272169619465
1457287397553541128
1457214586344521728
1457216624201662466
1457400817766391808
1457386921349378053
1457343768047144961
1457284718219513857
1457208904996167689
1457569185349783555
1457557440325505025
1457553686343741442
1457548664788828162
1457539919589507073
1457514409857671168
1457511281460604930
1457467341764104192
1457455943021588482
1457367981772607491
1457347977236729865
1457346979168591872
1457341859571798023
1457336435770466306
1457331263874879498
1457310376459051013
1457306048134463495
1457275932209606660
1457274983722328070
1457265449205338113
1457254668698980356
1457248078428135429
1457239774494806017
1457238410125459456
1457235930016747522
1457233095183069186
1457224256400416780
1457218432332562432
1457216511119003649
1457214712651796482
1457214190502903814
1457213939557670912
1457208293030391814
1456163699358568450
1457549388335575050
1457530126900424709
1457416981288730629
1457376115845070860
1457372845844021252
1457278785858904067
1457274534369792000
1457245746093182980
1457243855472902150
1457242168649650180
1457241471082397697
1457573610500022274
1457290755387445248
1457550656231772163
1457535531105992709
1457528791224307717
1457520275524702209
1457511115320029189
1457460243290472448
1457406099821236226
1457391055670755329
1457369066390253574
1457367227557036032
1457367131587325960
1457366003378130944
1457365271476260869
1457364678326185990
1457363866988388363
1457363273330823170
1457362929632694276
1457362638682263559
1457337329912188928
1457330212295692293
1457271299315621890
1457258548736446464
1457244758187732996
1456258994452844554
1457562991407165441
1457558711963058177
1457534556282638338
1457516567680278533
1457498353973940227
1457447352625598467
1457444873611534336
1457244604227469316
1457538140420276230
1457509471815553027
1457506407918358532
1457498201263681539
1457492334334013441
1457470446039810049
1457462337447727104
1457462255050641408
1457461906235551744
1457379057679716363
1457378554107158533
1457363581213700098
1457360092613906435
1457349364767203331
1457336700414267399
1457324995806367744
1457320883786113024
1457313198827180032
1457309129794416648
1457294771798503425
1457274261555453953
1457269110270791680
1457258807617212425
1457255979372855298
1457250984225349632
1457242173112344582
1457240703839260676
1457239788952510474
1457235261465628675
1457226574227550213
1457562128039120900
1457560306079596547
1457553612289155079
1457549962061881344
1457549055886651396
1457515974953877508
1457514467915231232
1457499451459702790
1457497574332514307
1457392850065190916
1457380903286575106
1457356213251821568
1457354988619845634
1457320774570635267
1457320014957015045
1457270848331522049
1457251997753622532
1457245103781675011
1457239420025729026
1456890428087627778
1457316469973282820
1457287577786994692
1457264396200136708
1457227795533238275
1457212022144135171
1457224581312286720
1457359498767523850
1457410631976427521
1457364360859316230
1457305818563420162
1457313192305065984
1457332375109521411
1457328205887520771
1457328565930774530
1457250597275455488
1457334002596020225
1457239670014709765
1457275963608207360
1457557628897292290
1457379246884605953
1457287174991216640
