1473523741497847810
1473523267579248640
1473523019230285832
1473522654313271301
1473522599518892034
1473522406572445697
1473521016584343553
1473517933343043592
1473517818880552963
1473516917130350596
1473516099945730051
1473515308199464963
1473515288125526017
1473514992481673216
1473511355286114305
1473511271551029248
1473510685623853057
1473509094342361088
1473507035534688259
1473507003850846213
1473504795658907648
1473504427394879492
1473504260214034434
1473503209217925123
1473502578470129665
1473500417040400384
1473499497032421376
1473497618185527297
1473497035584069635
1473496608356458501
1473494272213020675
1473493229202931718
1473492816055701516
1473492107482386433
1473491180075700226
1473490856497717249
1473490530700906502
1473490481623416832
1473489421785714696
1473488714882068480
1473488129797484546
1473487056210776066
1473484508955435012
1473484378743271428
1473484172404531205
1473483974932504578
1473482830982246400
1473482477633032192
1473481657961246721
1473479727847403521
1473477607542824965
1473476927734173696
1473476584329728005
1473476036151025666
1473474286648107008
1473473852718018561
1473472843920801793
1473472117492445186
1473470296170459136
1473467379606720514
1473466423284404235
1473465779232272385
1473465533253107714
1473465391825362946
1473464719302221825
1473464399524347905
1473462875255558144
1473462773019336709
1473462454994628608
1473462446597672963
1473461967239061504
1473461415046356994
1473460441711923201
1473458390814924803
1473458364738793480
1473455831484026881
1473454760791805954
1473453674277978116
1473451740695769090
1473450322114723841
1473449547628089344
1473447699374428160
1473445272432771072
1473445266128658442
1473442637780684802
1473442596366155781
1473442494876504066
1473442265280376835
1473439025855795200
1473438136697036801
1473437185533644801
1473434428248449026
1473434383990149120
1473434320966590466
1473432167296339969
1473428521385017346
1473427462671405059
1473424957564612610
1473413003374514177
1473409547440062465
1473407770288218116
1473401186959040514
1473399432817176576
1473399135483006978
1473392655702712323
1473390457560260612
1473389823759040513
1473389717605416961
1473389420459872257
1473384032272482304
1473378962092945408
1473375901895122944
1473373845293711360
1473371115745538049
1473370999072731142
1473370965706825728
1473363000471916548
1473361296569487360
1473360423906734084
1473360052257914883
1473359604910153729
1473359356108279808
1473358806595764226
1473358711540248576
1473357948776681475
1473357615505698817
1473357516713054216
1473357401768161284
1473357355265916935
1473357250940968966
1473357155189227522
1473357001136566273
1473356974246948867
1473356868575657989
1473356638392176642
1473356387249844225
1473356298628452352
1473356237370654721
1473356211227529216
1473356152511492098
1473356022206984193
1473355987578863619
1473355871237251072
1473355763833733124
1473355221191446528
1473355092174667777
1473354606256082948
1473353402449276928
1473353195887886336
1473353075104485377
1473518311270879236
1473514432797966337
1473512400972247040
1473510319167197186
1473510031022694404
1473508199546425352
1473505357221613570
1473505345469251584
1473503467788402688
1473494873504243713
1473493883694686209
1473490692802502662
1473490451948654594
1473487592209276931
1473487366157307905
1473481557306327043
1473473363959959556
1473470376130797570
1473467099163115526
1473462939503902720
1473458597094850560
1473454176890163201
1473451282148982789
1473449941926174723
1473439899877478402
1473437250511781888
1473434853781635075
1473429734985895938
1473413605311664131
1473389190737895427
1473385701446090755
1473351075398766594
1473348136982568960
1473337215996542982
1473335017161908229
1473312975150731265
1473310902845726721
1473310383930675204
1473306001692626945
1473302069238894594
1473298812428951556
1473289199813943297
1473281951620423681
1473281038709243908
1473278877954981888
1473277234727120896
1473272331464175620
1473271484588064770
1473269317269868546
1473267943119077377
1473265971376787456
1473263673749622785
1473261310037037059
1473259716621000708
1473259130706038786
1473257962613489666
1473257310680190981
1473252243654721538
1473250956691140613
1473241797308534788
1473240792076480512
1473240265414434818
1473237772794163201
1473236259946573836
1473222322957918212
1473220771233239040
1473214392443408385
1473207600804102145
1473207287749611523
1473206267321618432
1473206265211867136
1473202045251309568
1473199734873477121
1473193718446362629
1473193694085873666
1473186439034597379
1473180148920832002
1473178369353302019
1473177246735101952
1473175068410740736
1473171873416433666
1473167333363355649
1473165249914150914
1473162363691962368
1473159721074847751
1473152731892224001
1473152319529185281
1473147847499341826
1473145989577854976
1473143038146854913
1473484084915556352
1473474632288284673
1473423211949748225
1473284491468697600
1473143715568832514
1473523382805090307
1473496550806482947
1473462028262010881
1473325494942588928
1473296208487600128
1473286223670120448
1473282579348410371
1473246938224988163
1473242603957075973
1473231259455275009
1473209111948849152
1473191634296729601
1473187077445414918
1473176116479160320
1473147347664179201
1473469641917751296
1473291754761699328
1473522066280235013
1473521773249323009
1473510324070338561
1473506412051320832
1473500075074543619
1473488370529538049
1473481773082308611
1473480828684361729
1473476404549324802
1473453442479714304
1473428327998410758
1473338022573711361
1473266335782105096
1473259581572730880
1473245925736783872
1473231986957303808
1473224824243699713
1473189730850205696
1473151343946653697
1473151190737117185
1473150505014554625
1473142106252210184
1473521424622964739
1473520756986318848
1473519294562672643
1473516033826701312
1473514650985635840
1473510320203190274
1473503573354946563
1473500294558355456
1473495967320068098
1473494481466888193
1473491181606559744
1473485238395277315
1473483429521985537
1473482473564557315
1473480825932902400
1473480823521169415
1473478653925232640
1473478482852134913
1473475955666481158
1473475151488438272
1473473428904624130
1473460284287115264
1473455987516489730
1473455792862859266
1473453230482931713
1473441258404077568
1473438188777607172
1473383727262666752
1473321325049483266
1473320718876110850
1473320653377867776
1473306828788232192
1473304608994828290
1473300881923731456
1473299778570113026
1473299148178804736
1473292135243915270
1473290754751549443
1473287707971317761
1473275472217722883
1473275068566302720
1473262821466992640
1473257203087777793
1473250139171033090
1473249776523046912
1473244953769746432
1473234399411912705
1473232955342352384
1473231921077317636
1473227098793799680
1473226525235314695
1473220446627631107
1473218110719029251
1473216093552463875
1473201958592794624
1473201715998445573
1473196852354830337
1473191718241505282
1473186036737929219
1473185203866669058
1473184170809593859
1473179042648002563
1473174836822228994
1473174797131542529
1473174675945492481
1473174540477890570
1473174519388930048
1473174373032816645
1473174100772151298
1473174025920675840
1473173932312174595
1473173823071522821
1473173754536554497
1473173647724449792
1473173576739999745
1473173502303768576
1473173375048568834
1473173286569709569
1473173216222867458
1473173166487117824
1473173044784812032
1473172949943271424
1473172869194534913
1473172866011000832
1473172791000113157
1473172754899685377
1473172730010685441
1473172673253363715
1473172498304802819
1473172435633532928
1473172232700854272
1473172197300600833
1473172137837879298
1473172091503472641
1473171789882617859
1473171725768540161
1473171692180566017
1473171516355272704
1473171470700343298
1473171368518696962
1473171261081616385
1473171132400369664
1473171025252610050
1473170802367361024
1473170767210631168
1473170652941017092
1473170631407517696
1473170455011991557
1473170374762237952
1473170231187030019
1473170164690522116
1473170111368286211
1473170074496163845
1473170013297070082
1473169973065310212
1473169922951815171
1473169758455414786
1473169655162310656
1473169599839432704
1473169534521466882
1473169208963854344
1473169192270503936
1473169121483243520
1473168954688299010
1473168826674020352
1473168769883127808
1473168738287374336
1473168515775406080
1473168291216576512
1473168200284049409
1473168148903825412
1473167853188620290
1473167830497447936
1473159255431647234
1473155216925028355
1473153561957527557
1473149123822256128
1473145038880264197
1473512200044040192
1473148589538889731
1473141517661335553
1473520730411200512
1473519366918467586
1473517878154391552
1473508082810376197
1473501995898048512
1473500954116833280
1473495412262596608
1473493749179297794
1473486950556266497
1473480277783552000
1473479789906259970
1473477990449180672
1473476583545458690
1473469165629423617
1473468544234913794
1473467297436082177
1473460171997208576
1473455796197330946
1473432907570049027
1473382326482587649
1473381388606836741
1473356357524852737
1473341788081451011
1473329768527319041
1473322638579625984
1473321950298529794
1473307351775997956
1473303115457728517
1473302548861775872
1473300937670217729
1473294539896938500
1473285011910524929
1473259512714858498
1473255741100154880
1473250861287501828
1473249695522717699
1473245287162413059
1473215553481314305
1473215425479524352
1473210501467312128
1473209046639382528
1473206977635389442
1473205700692103170
1473204037721985028
1473199190708789250
1473192245830373377
1473191935510671360
1473186476313690114
1473184489547317248
1473181063887220736
1473176477105598466
1473175650684997635
1473170439656513538
1473168909175975941
1473162217017077761
1473159091430346757
1473153932163788806
1473150355135348736
1473147993503125505
1473143590280830976
1473524064966770689
1473523739199348737
1473523087849054212
1473520860493279234
1473519797522604032
1473519191810473984
1473517727666999296
1473514205949091840
1473512461655416838
1473512182553980930
1473510865500446723
1473506553713942528
1473506096841035778
1473505337755856896
1473505183652978689
1473505170650644483
1473503982781829122
1473503940540911617
1473503717215375361
1473503313567965184
1473502501504634880
1473501408896847877
1473500587769544705
1473499116525080578
1473498422699511808
1473497499188948998
1473496819258707968
1473495595805511686
1473494974498885633
1473493765343956992
1473493285968637952
1473492490678267906
1473492153506484224
1473491990041874432
1473491933477572608
1473491867610218497
1473491822638821378
1473490204220481541
1473489797784035328
1473489560784945160
1473489086962814988
1473488843105992710
1473488472371605510
1473487671406198793
1473485529899429891
1473485089140973576
1473483602880909312
1473483070158290947
1473482963991949312
1473482652598501384
1473482008156205059
1473481926480887813
1473481554080894979
1473481273641295877
1473480462685245442
1473480327146328067
1473478603685838851
1473478259924897794
1473477666871255041
1473477138116321281
1473475331738591234
1473474146302447617
1473473614808813570
1473473000284381184
1473472370471890944
1473471498710962180
1473470986943037445
1473470130306707459
1473468460852137986
1473467587862274051
1473467409474351105
1473467083476271104
1473466596983144448
1473466036275998720
1473463781443260418
1473463224515260418
1473462896843575296
1473462235724857351
1473461595774672904
1473460685166186499
1473459567203799042
1473458547837259777
1473458269968424963
1473458146446249985
1473457898072285184
1473457283765977088
1473457192019714051
1473449589415968769
1473449466606669828
1473448099926327297
1473445748192669701
1473435725332836352
1473434949801811968
1473433634736513024
1473416281755840514
1473406296024039427
1473405201965281284
1473403826954805255
1473387969297879044
1473384228557664260
1473383764399046656
1473378683612110849
1473366945776881668
1473362845442084870
1473361884669624321
1473361705581174790
1473359763559747590
1473353455196524547
1473349986205138951
1473346700936769536
1473339082512035840
1473338725627162624
1473337704070844419
1473337526609870849
1473336554097549323
1473335407165149186
1473326168782741504
1473517875298070528
1473517868725649409
1473517859867299846
1473509415630172166
1473494078658473985
1473485932636491776
1473480799907315712
1473475301862621186
1473474852182904832
1473472809019981829
1473468907067305986
1473461340811366400
1473460561346134017
1473456206702206981
1473455304205828096
1473451468837384192
1473437809243398145
1473403576588275715
1473373296271900673
1473349706302382085
1473339237978148868
1473326632941150208
1473319712574828545
1473315771405139971
1473311891338321924
1473311235865124865
1473309487775686656
1473307450161852417
1473307135123415041
1473305700751200257
1473304603575738372
1473304193649627147
1473299151353888769
1473289797317709827
1473289488491167745
1473281723861385219
1473277516194320387
1473274485130219525
1473273003114856451
1473271281390817282
1473265992226664448
1473265611350306824
1473257715728195588
1473256226020495362
1473255301918834688
1473253654702419969
1473247784555847685
1473242282723708930
1473233105565589505
1473227896000966661
1473225812442697730
1473219541014511616
1473217261355749379
1473209242102370305
1473199517470105600
1473198697026519043
1473194642724118530
1473192918621908993
1473190184619368451
1473185135725928451
1473179356813922307
1473171878093070337
1473171373790879745
1473166738661335041
1473153907396251654
1473153608128495616
1473147888997785601
1473146637140647938
1473146261293256706
1473144067487793152
1473141923430813701
1473514966393126912
1473513711935520771
1473503434330427393
1473501672584323074
1473480352559771654
1473475998117089280
1473469320629944322
1473456344913039363
1473413795359825920
1473311626065416196
1473305493430931460
1473305491673522176
1473305489089851393
1473288635684323331
1473286897325670401
1473273353951604736
1473265070842859520
1473263240654114817
1473231426908606465
1473230657522331649
1473227550738432001
1473227076408729603
1473210695952916482
1473202355751424000
1473169506792980481
1473166755501469697
1473150973618970631
1473455914866802689
1473322070599634952
1473225145082777601
1473467572242698243
1473226443362471936
1473490871404273664
1473484178037432321
1473476090064605188
1473462930570051587
1473391237528895491
1473339764333940737
1473332386771267584
1473319689216348161
1473309977158713346
1473302060342734853
1473291544392187906
1473283454485733380
1473282431520153604
1473270216805085185
1473250457480953858
1473163166792093699
1473150684778295303
1473143308482318340
1473523629618991104
1473522074073198592
1473507673903558657
1473497593636401155
1473497078059835393
1473491209423245317
1473489883083595778
1473480725483892738
1473451471505002497
1473440126130802690
1473358774949740559
1473356955213205508
1473353830439870470
1473331835891433474
1473329592538525697
1473324761904123904
1473317436875108353
1473315185590894592
1473302869642076162
1473289299730653194
1473272357678583808
1473261999710564355
1473261784307953665
1473260124202422280
1473256931657596929
1473243521754677252
1473243447725215747
1473243410584637440
1473241131408257026
1473234457360355336
1473233108023480324
1473228296468848640
1473224193848217601
1473222741213868032
1473221109038288896
1473219539676499969
1473211884828389376
1473210572879835139
1473200289251352584
1473186461289648133
1473186356310409216
1473183007804510209
1473182375043485702
1473179416834363393
1473167189129584640
1473166571296096256
1473165242024673281
1473157191402082305
1473151394894864388
1473149424050180100
1473525281222578179
1473514424757415941
1473503180872769540
1473494213241278469
1473494020231815171
1473485314274459652
1473472435173298177
1473465368979009536
1473453980332216326
1473452408604741632
1473449414815531008
1473436702693728256
1473339486738083840
1473321676460859397
1473317913499090945
1473308799696052238
1473291621860974598
1473288384168660996
1473287517491249153
1473281481975877634
1473270275034673153
1473237470988812289
1473236338174410754
1473225774106742787
1473223351329980419
1473219705112387584
1473213926095474691
1473210350224871425
1473206258366763011
1473206255191670784
1473196099393392640
1473173405935411200
1473169125841137669
1473166497476329476
1473158627418464259
1473157268044582914
1473156195787493378
1473150800754921473
1473149497806970884
1473147099319439361
1473145212746690566
1473322788895088640
1473225573728014340
1473218541058871296
1473214233974165505
1473456225811456002
1473299317725155329
1473247086304923650
1473223892692987907
1473153502205652998
1473201633588695046
1473499246775070725
1473300933090050051
1473166315086962691
1473325985969803273
1473325840792309760
1473259488652115968
1473199841438158848
1473471632333283330
1473471496634908679
1473405784834949130
1473260599408685057
1473506997030961154
1473457931228045315
1473435668504137729
1473281351432359936
1473278521816485895
1473277912929341442
1473276758522830849
1473276108921401345
1473257226554908673
1473251913634250755
1473248227453333505
1473207193071546368
1473196061355249666
1473164165795614725
1473491721086373888
1473309733775839233
1473269627207577602
1473167564834488320
1473521290082340868
1473301410070491137
1473197766906048513
1473183630247616515
1473520704909832195
1473504528238403589
1473404587726020617
1473297279612162048
1473232774051946499
1473201312409874432
1473150826860347400
1473473232816672768
1473289854288990209
1473242362490941442
1473231700146614273
1473209609133326338
1473168493834952704
1473151936991928322
1473510165299163136
1473499960855306242
1473268992387084294
1473208230784299010
1473501407986655233
1473493010599972868
1473450403748462595
1473307854152998914
1473450942716682240
1473223571644297219
1473482103555641344
1473479523123404803
1473473461464956933
1473467356043104260
1473317694967402501
1473300893013471236
1473286507666436097
1473231629736939526
1473460882764013570
1473234318776422402
1473496061209575431
1473320042452316162
1473291287566512129
1473210917403856896
1473209141065748481
1473206337119010818
1473184089578434561
1473227963659272193
1473381067969032194
1473465636558807041
1473453074609893376
1473304139694153729
1473275025138470916
1473266575746560003
1473252097793880070
1473228440069304328
1473219751476269056
1473205654491852800
1473177844503048196
1473156060840009729
1473148905810317312
1473145828860522498
1473276291860238339
1473239600625688577
1473490291860541442
1473382093321166850
1473381753603592192
1473279546136752128
1473238826378170370
1473230084412612611
1473230003080876034
1473188424093863938
1473447132640079872
1473297665223839745
1473256950943019010
1473245982070480897
1473245708304089088
1473245616037789696
1473243069327679490
1473243056962822146
1473243054798618626
1473241200064827392
1473210040043532292
1473510517142528004
1473437045959774209
1473457160474730501
1473443079470211073
1473303040631324674
1473286450691010565
1473229494181720065
1473226945236066306
1473200443379490817
1473164380825030657
1473150718622060545
1473293286177574915
1473520756944347140
1473469528583536642
1473283019779698700
1473152516351168517
1473526870750609409
1473526211582173190
1473518200604147712
1473517588558712832
1473495755197353985
1473487778654535682
1473304211832000514
1473294606053756930
1473293291210694659
1473290110758100992
1473278172162523136
1473269523549769736
1473268174996971521
1473266399241916417
1473263435945177092
1473192175915581441
1473171373812072451
1473301531101319169
1473342592888705024
1473204896505626629
1473256023792128000
1473458816465395713
1473304513557581825
1473267714592370689
1473264423674728448
1473301051423920128
1473220463266447361
1473275557777272833
1473274015930204161
1473232433956855809
1473530601244278784
1473197185046966272
1473497481165955074
1473477679152185347
1471422551888785408
1473503443247534086
1473468113245011972
1473419460383965186
1473379060516483072
1473319015762120713
1473318095741542400
1473306123839041539
1473300759999434755
1473257962344828932
1473218589633044485
1473181906761961474
1473167403639255045
1473529123326750723
1473462041541103619
1473158246407892996
1473157812054200320
1473238122066419713
1473445310839934979
1473282844331950082
1473497296637599745
1473443059325038599
1473443161460465669
1473224037660717056
1473461098779078659
1473445028521385985
1473443952514662403
1473443794108354563
1473442461317931008
1473442460139356163
1473182266322927616
1473182166532034560
1473166424478650368
1473531888765526016
1473531025133166594
1473529494065405953
1473517467968294913
1473516667640500224
1473504255810015232
1473500474133282821
1473490232045563910
1473489267531735040
1473474604123316227
1473472567251857408
1473460078707503108
1473458476768710658
1473430295730810883
1473327870688694275
1473307814504263680
1473296750219722757
1473290369269862401
1473277003478433792
1473253335301976064
1473216952466231297
1473211688652398594
1473156349177384961
1473518484906975232
1473499327981096962
1473475360935186433
1473316176918835201
1473214639764869120
1473191355400654848
1473190488165400576
1473156941278973957
1473155882498215937
1473171624148930560
1473507998957858817
1473456950608236547
1473239162740363265
1473533786881073153
1473531058033360897
1473518491542044674
1473446239366615043
1473279536242462727
1473182936149028865
1473175967166173185
1473166396934615042
1473463733766615040
1473392001840209925
1473344671212453891
1473255408630386692
1473209416929333252
1473155626008072195
1472931261144391685
1473476867575345153
1473458927685693443
1473455833207902208
1473449495484502022
1473404877745258496
1473283329587703812
1473179541740736513
1473533906792361986
1473535741183492096
1473535695734018048
1473534399253671940
1473534388679757828
1473534170336923649
1473524149658157057
1473382779568234496
1473185253925658630
1473463208560132098
1473422277651820546
1473477167124074497
1473284443494236168
1473216324872523778
1473230028389457924
1473239313596911618
1473324252103254016
1473299642053844993
1473310976032210944
1473307002566688769
1473306925588639745
1473535018609741825
1473236257148784641
1473260245778501634
1473535047630143494
1473498222576365568
1473491420065325058
1473484349299326977
1473475140436389891
1473472582896664581
1473466051207712768
1473465557647179779
1473463986674749441
1473463103287291904
1473459549700968453
1473448241639264257
1473444603021856772
1473400207593201664
1473303656443244550
1473283653870383104
1473277241635184642
1473273622840020992
1473269511948173315
1473268255385030656
1473266755694825476
1473232303174283266
1473230598059659268
1473220348808024064
1473218627608334339
1473201733954277376
1473201153332576256
1473197178688401408
1473194342164566020
1473182319594782723
1473177373172396034
1473161134920253444
1473536295880519681
1473289820931641350
1473228537222287365
1473183087446028293
1473267623773151233
1473197751613603849
1473471116677025792
1473437350176772102
1473331987184173056
1473211849378131968
1473207220019941377
1473206463698903040
1473197414789959681
1473196938896060417
1473161594884427777
1473483875330392072
1473479431905632261
1473461699730497544
1473288414069809154
1473267474170667014
1473243815515287552
1473192390332534784
1473169486928769024
1473527315011293184
1473524976787484674
1473330397391962114
1473323990584225793
1473304665466949632
1473279393413824512
1473279315554885638
1473270311420264449
1473240505177698305
1473215542190170113
1473212988043763712
1473208815818457089
1473200360210587648
1473169463180607489
1473381263557869571
1473290101765521417
1473276265184444421
1473259467600850951
1473513370431070211
1473511860984942593
1473303729679917056
1473263258316328962
1473485021763674116
1473177168456740869
1473535962013593609
1473532815803248641
1473532537209196546
1473530323480707073
1473515250255159301
1473514957887008770
1473514941235994626
1473510202792026119
1473498347369484291
1473488774462009352
1473484590299762689
1473484086794612736
1473484077869109252
1473479382421307396
1473463500940840963
1473454690054459392
1473454410068078593
1473450711648145410
1473433684443234307
1473427528257732611
1473334172487852034
1473327299093164037
1473322331816665092
1473316899979087872
1473315316763484163
1473308675091566593
1473304442887802884
1473304154181230595
1473300951880536065
1473300559742464001
1473298923972268032
1473293489798483973
1473291674361073666
1473273235353608194
1473243923271147521
1473242729895268353
1473222935443697667
1473220776601870337
1473215380025925634
1473207976030736385
1473206913567363076
1473206433088868352
1473197320749699076
1473185820152516611
1473165435566641153
1473159778209701894
1473158612151246850
1473158475400179712
1473522434837921792
1473493587216121858
1473486281405390849
1473486134172807169
1473484019706720258
1473475814066769921
1473467261742510082
1473445811241435136
1473371261405442052
1473298426368458754
1473229840119525376
1473194582389104642
1473193575739318272
1473242390743838721
1473398165533511691
1473224173745057797
1473523798221545472
1473513609820979202
1473438649182142464
1473426342427299843
1473300003024416769
1473222228493750273
1473210470869848064
1473210015947259905
1473209532071354368
1473208292390301697
1473207643787255808
1473207047676211201
1473205951888965632
1473205452754227200
1473204869674663936
1473204466060980226
1473199414550274048
1473194861964578820
1473188692697178114
1473538859187073027
1473529838443003906
1473513009938976768
1473512738303492098
1473476983052853254
1473450082577960961
1473295691699003394
1473290830546804737
1473273729505390593
1473270679344541696
1473244067001561088
1473202789580869632
1473184522636169217
1473183902315565061
1473530481752752133
1473523090197934080
1473496764720168962
1473495925930692613
1473491821661540361
1473484247981719554
1473476916493488129
1473453008113397761
1473439206361866242
1473357978292031495
1473356526505005058
1473345967042662406
1473330191103455233
1473315266356412421
1473312362782687235
1473299596050767872
1473299204743127041
1473292984183664642
1473284890946719744
1473282375828135938
1473268062388322306
1473258296211488775
1473256832491671552
1473249012530614272
1473210150341136394
1473208680182996992
1473207447275724804
1473203801624440833
1473199421206634498
1473196835346915330
1473176362655518724
1473170756162883590
1473169178223857664
1473168202918240257
1473158707601100804
1473343006707122177
1473311706671575041
1473304978374598656
1473268420451860486
1473249870802665474
1473225993665974274
1473225550512615425
1473207338341257216
1473158147774681091
1473508960766357504
1473424153977839618
1473327195795849218
1473300706165731335
1473273497489403908
1473273422679400448
1473273177027399680
1473261970501644293
1473190230320578573
1473268810186563584
1473330154944401410
1473308274355175425
1473273511485468677
1473185775395258369
1473165417858359297
1473495545775747080
1473388041070735364
1473481999327264768
1473301514785472515
1473479767395823616
1473279260085276676
1473198521842946048
1473470008277667842
1473471352531132419
1473470855380299781
1473447551906955264
1473434638853242884
1473434079487873025
1473431521109307392
1473327006750105607
1473315313798184960
1473303324082409475
1473286637006180354
1473168864703770631
1473527097205280769
1473525585594892293
1473467694867369987
1473277910089830400
1473467028665090051
1473466444243365890
1473465630263164931
