1469522577634832385
1469514139101851648
1469511069680820228
1469509888153829378
1469505610286649349
1469502975940841481
1469502582901121029
1469495826896470022
1469492489836843016
1469483188913274881
1469482263708463106
1469480125771120640
1469477620358127621
1469477176378478593
1469474054272811008
1469471891119349760
1469468076714303491
1469460997916139522
1469407620662534154
1469358010522685444
1469346750863265792
1469337649286561796
1469336209235136512
1469331758038470657
1469326176174804993
1469324386918223874
1469324217892040704
1469324087331733508
1469323035568009219
1469320451843186693
1469318885480742914
1469316122675535880
1469316021735493632
1469315971978436611
1469310327338590528
1469309332349018123
1469307572142239749
1469306336361861121
1469303721410453517
1469299284432490499
1469293935453356033
1469292268339097603
1469289348159860740
1469288132809875465
1469286600882331648
1469285709299077121
1469285641238167552
1469277426790273024
1469276970408038400
1469274184979136516
1469272523585949701
1469272477989687297
1469270832824270851
1469269262808145922
1469267249001238529
1469260600630919172
1469254118506074114
1469254004580356102
1469251401410695168
1469251231457558533
1469249908112642048
1469249889783599106
1469244942849490944
1469242695088422912
1469242436362768386
1469241305675010050
1469237846569480192
1469232697503408129
1469229767954075651
1469224682930851846
1469224428957364225
1469223877859438593
1469221911234187266
1469221709404196866
1469219618061312001
1469219351123218435
1469218905621209088
1469215313564561408
1469214451517861893
1469213918421651456
1469210612358078467
1469208673243127808
1469204651471872006
1469203598860902401
1469197767385833472
1469195172948983811
1469193351953977344
1469192961720131584
1469192908054036482
1469192732178403333
1469191664136691713
1469190015754600448
1469186681509068801
1469186662043308033
1469185911833657344
1469182962256080896
1469182444695801856
1469178730996461569
1469178642760568833
1469178336509263872
1469177985869631488
1469177318610333697
1469174177257062405
1469171237339295749
1469167822282522625
1469166871681241091
1469162172840247298
1469161638733303811
1469160637951463425
1469159720858443776
1469157376053764097
1469157035769942017
1469155684352679942
1469509248614690819
1469525922025906177
1469518179219099650
1469515997787070466
1469515031192616962
1469514103978807300
1469508570496397312
1469508562829266947
1469499101079224321
1469498910477410312
1469493460432347137
1469492922705870849
1469479946162638850
1469475304146026496
1469468070523510786
1469466766816559105
1469382430704295937
1469351821168689158
1469348706017103880
1469319823297445895
1469312468971180034
1469280496748171268
1469271681529040899
1469263978358624258
1469263138646278144
1469254741012058112
1469254019826606085
1469252076551114754
1469240125846474753
1469232105414705156
1469227873793810434
1469224113822572550
1469223195509022720
1469215641391575045
1469215613994287105
1469212244865019906
1469209664600489984
1469209388573360129
1469206917746544643
1469202709786071042
1469199357090181124
1469185461276975105
1469183682514612225
1469167257091809281
1469164833513771008
1469163519308275713
1469162998329581571
1469162043722788864
1469160942600482819
1469514685011488771
1469514086991937539
1469513599831851010
1469510253494423557
1469459867035308033
1469456743256133632
1469439289331048454
1469342298781540363
1469301143721316353
1469300930893934594
1469295661786959872
1469295182164099073
1469290742874980355
1469288569873190915
1469273669780131840
1469269788970995716
1469268591459504130
1469254573160157185
1469243289383563264
1469226616719122432
1469212657068560384
1469184586651340801
1469184221256159236
1469184031447130113
1469182293420146689
1469159470294921217
1469461698129981442
1469250284631199746
1469234117040508931
1469208321299140608
1469187732295413761
1469162888090697729
1469159725002420226
1469501958373269508
1469493651986288642
1469492794074931200
1469490066800013314
1469490032624881668
1469488869619818496
1469482502175617026
1469476940142632963
1469293385970118658
1469291834316759047
1469227385996283906
1469197827960029184
1469189435791052804
1469186941958512640
1469527978660937729
1469501507221417986
1469497162925023234
1469488111969181703
1469485447051055104
1469481534444883968
1469476545039265792
1469469857066340355
1469469528966897666
1469453150541148164
1469439548551618561
1469362334829219841
1469340500784156674
1469332704797802502
1469330380675170308
1469326801772056582
1469316002747850753
1469314055554748417
1469301553735426050
1469301158250364929
1469296149844480000
1469296134493388802
1469269685807943680
1469257332748013571
1469256664461156357
1469254322617602048
1469251699202134018
1469251572672565248
1469251514283610120
1469249280112152578
1469245565254963200
1469245041247981569
1469243059913252866
1469242308365205508
1469235628969631746
1469230850889900034
1469222855326015496
1469220113148616704
1469211561013100545
1469208716247375872
1469207219757486083
1469199444117581824
1469198835641569280
1469198794747113475
1469192723030679555
1469188537278894084
1469184385979015170
1469181449110638593
1469178613199040512
1469177768025870337
1469177042457399298
1469162889776812032
1469161920347668483
1469028782015090689
1469502262036905995
1469227142932099077
1469176039528022017
1469527598514393090
1469515326454829058
1469515156816216064
1469510673046507522
1469509619957448706
1469508440506593282
1469501683386368000
1469497614995378178
1469494391895166981
1469488910241722369
1469488181120618498
1469485061305077760
1469475130912886785
1469472542242971654
1469452672289763329
1469452110865465345
1469449021450186755
1469444777162670080
1469374865966727171
1469351901430833154
1469342121505132547
1469337492276985859
1469331973831217156
1469331411295371268
1469327385354911748
1469326074588790784
1469324305422897158
1469322862662017025
1469319674579980291
1469315961207476230
1469314232202133506
1469311261678575620
1469299840060325892
1469292336345595905
1469288802715947017
1469288712412401665
1469283323734159363
1469281603964715014
1469275870669856770
1469274291673862144
1469271000793686016
1469264350468718600
1469264310064930816
1469253054352424961
1469250112291770370
1469243345838825478
1469242805025329155
1469232331131011074
1469226714324557824
1469225623289663490
1469224444597989379
1469220023142998017
1469219197221629953
1469214372253736961
1469201171701125127
1469200255052746757
1469198535698440196
1469192343320293380
1469192210117627911
1469191639402831873
1469188110726565888
1469183751376699397
1469180001115258880
1469179142390181892
1469178259346579457
1469171767126097922
1469170602040725512
1469170534923444227
1469169142250946560
1469166302946201601
1469163884946747396
1469162268428365831
1469160391229935616
1469158131850567683
1469527694823940096
1469523615796264963
1469521638987542531
1469521283775807488
1469521139013599233
1469515393685282816
1469514025293680640
1469513608908341248
1469508390476943362
1469508380402143234
1469507517059239936
1469505899609788416
1469504814660784128
1469504194289623040
1469502203417272325
1469500763550277635
1469499296617689089
1469499022243074054
1469496179868139521
1469493387942252546
1469493201975185408
1469492795035451395
1469492770062495751
1469490871787827208
1469488971709235200
1469488884614459392
1469485084541546497
1469481578187264001
1469481570696241152
1469480061262651400
1469479938470203392
1469479550492889088
1469476789747474432
1469475450556661762
1469474944253788161
1469472827807977472
1469471174434328577
1469468260265390080
1469463901028839424
1469460697050460161
1469458553500962816
1469455772052459521
1469453736485396480
1469449600595488772
1469448632243941378
1469440150870450180
1469432722242244617
1469431120550772737
1469430415249182723
1469425672091168771
1469417181335023620
1469408328094666758
1469397825758793731
1469388206541983746
1469386464391622657
1469368214471671812
1469362765286416387
1469357864036700161
1469355352147726336
1469350622801530888
1469348802263859202
1469343714841489410
1469342907488366597
1469341652774899713
1469340014425174016
1469336121930706945
1469333300862799875
1469332990216048642
1469332477311426575
1469332393395843073
1469331790724669445
1469331154436116483
1469331152364204032
1469330131269271554
1469329258560430081
1469326480832303112
1469324963014266884
1469322372557664264
1469321798722285570
1469316789188268035
1469316000247996419
1469315941884317696
1469311610120380416
1469309837611659269
1469308145612644356
1469307083417796610
1469305653722173441
1469304829616869378
1469303476450586628
1469299177280532484
1469298939140599809
1469297745403940864
1469297144255299587
1469297108431749120
1469296641752506368
1469295720310001664
1469295406689316870
1469292366875922434
1469292186571206656
1469291383986921475
1469290812332781572
1469289171789381632
1469288130167459841
1469286188112506881
1469284786535473156
1469284617416892417
1469283542723035142
1469282524299890688
1469281660449570821
1469281015885488128
1469278792199770114
1469273455459594245
1469270494138355713
1469266403563769856
1469266152266231810
1469263070375538693
1469262138388533248
1469261566633824258
1469261299586531329
1469260646990721029
1469260611322368001
1469258147487379457
1469257707249025024
1469256505715302401
1469256286453702656
1469254925578215425
1469254471003770880
1469253343969112064
1469253011843125248
1469252935959777280
1469252591238270977
1469251456779767813
1469527623898308612
1469517942031192065
1469511456538304513
1469505837311807490
1469496389956636673
1469460518955978753
1469454980855709698
1469431354844594181
1469419681106649091
1469387765347336198
1469375589249261571
1469369096827400194
1469365266358292484
1469355317456633861
1469332349284323331
1469328209736912900
1469325619527782401
1469322183860056067
1469321821950410752
1469316181408432128
1469304277008928768
1469299041741643776
1469295465048854531
1469286313958383623
1469282327591206913
1469282068064464901
1469281074597412865
1469279043652513793
1469276372447240196
1469275714679627776
1469267764200108034
1469262161134297095
1469261198361169924
1469259673899442182
1469251016507871234
1469238127860412416
1469236415175135232
1469234685221867523
1469223017347633153
1469217718435909632
1469215972892495873
1469210971046510593
1469205433373970432
1469205150350729225
1469198746600697857
1469194018898661377
1469188732238524421
1469187114176704513
1469184771829821443
1469172718352302081
1469171344260485124
1469170002284605447
1469165055732158465
1469162845279756300
1469162820403359749
1469160134924406786
1469508642227449856
1469497411441549314
1469496075845210117
1469445253677543425
1469436454392586241
1469363771713802241
1469330321732636674
1469314811112525828
1469301864726290436
1469297384316289025
1469286099411296256
1469285415937273859
1469282995399888896
1469277582629609476
1469274416420847616
1469273486178742277
1469259496417464322
1469254581443911683
1469250945968054273
1469244178429198337
1469234638266585092
1469229097016459267
1469220417856589828
1469218439772336131
1469205849054662656
1469205059435073539
1469191614824280067
1469186884584673281
1469186247617028098
1469186235914547200
1469183103553847298
1469173261036441602
1469166623059689472
1469163150280781827
1469156358092058624
1469155936849719296
1469155807560302592
1469520734967906309
1469204621885206529
1469257820373716994
1469217649817112578
1469303260515233794
1469177870022967298
1469175746367164416
1469446083277312000
1469340496526905345
1469310240575291392
1469288637187588098
1469265419387113472
1469242686997549056
1469218433761824770
1469214820754866178
1469526989291675651
1469504218880958465
1469502373844307972
1469480719445467138
1469480165449207808
1469463936449744898
1469456468214571009
1469455187827855360
1469434271005913089
1469429821469982723
1469366165059211269
1469342296520937477
1469337853704359936
1469337843101097984
1469327176822497281
1469324267711975428
1469319969636638726
1469300888900538376
1469292697600991239
1469276813478268935
1469274578035744771
1469273055968956417
1469270602561187840
1469266401743360000
1469246853904355328
1469237564749934593
1469232083562209286
1469225738985377795
1469225194594000896
1469221906532343813
1469215210514763776
1469215165216280576
1469214581146873859
1469213685713276930
1469211114021949447
1469206510580367361
1469206372038234113
1469206322994315266
1469206148058210311
1469205956915466241
1469205876988809221
1469201179888418816
1469199351780032512
1469193953232654339
1469190058745876481
1469188454110019589
1469174721786773508
1469171243655913472
1469168350165041152
1469166242678247428
1469163078256365574
1469160051252162563
1469526249567514624
1469522238034493441
1469517813551271936
1469510970217172993
1469508071583932418
1469503613328191488
1469502211201904645
1469478772256559104
1469475653598670849
1469475091616395266
1469472385178894339
1469441453155766275
1469348271105712134
1469322024082296833
1469309471276945410
1469303689647034369
1469297545729896448
1469275787740299270
1469268089057398785
1469267838942658562
1469261240371273729
1469244195093110785
1469243640669114368
1469230411188514817
1469227705392504834
1469217584650227712
1469206701245009921
1469192340799569922
1469177556792348676
1469175418645143554
1469174742632394752
1469173983509508101
1469168478535913472
1469157856188370944
1469157300627816450
1469155976137768966
1469166616743006208
1469427310033977346
1469176819676971009
1469159869538127874
1469231746008813569
1469291103216095236
1469234339829346304
1469197999075037186
1469177990265274373
1469178385326751747
1469186654644543488
1469300802686574594
1469260031044435969
1469245939432898562
1469241578359189504
1469238069110861830
1469190465186451459
1469339233051631619
1469336565264564229
1469211398743879682
1469481528958795777
1469476876204888071
1469229956873932801
1469530560326356996
1469477199279534085
1469317068709236738
1469311925775335428
1469203586659667968
1469508470617481216
1469315454413930498
1469311488871395329
1469299149908504579
1469217011548835841
1469465234758934532
1469273229697040389
1469209683290329095
1469166760943259652
1469211380469288960
1469529209122947076
1469270726037278724
1469262027784802304
1469264260903571456
1469433403757895680
1469339343689232384
1469302147992875016
1469270730994978818
1469260102657986563
1469248497505300482
1469237128349450242
1469227726443712514
1469169031856852994
1469259936647417857
1469209430545760259
1469504462746050566
1469306103565484033
1469519695409598466
1469307389350670341
1469290720351571968
1469267928868552707
1469383848089636868
1469313720870326278
1469197319107067909
1469355938867941376
1469304977654829059
1469280394931363843
1469260151156662274
1469207054766075906
1469176134784798720
1469162024751939589
1469513693993922564
1469281632557359104
1469524739823575042
1469524448852119552
1469277584345034756
1469523864220672001
1469497306718228480
1469305911143374857
1469520186990465028
1469479945692844034
1469309768976068613
1469194423678300164
1469511591385186306
1469501134477791238
1469489607603462144
1469264971653476352
1469264959238393858
1469262200875462659
1469262187801690114
1469262185473871873
1469259314128822275
1469255905891864578
1469255600211062784
1469240223808688129
1469219476474195969
1469299043113127937
1469297039804493824
1469256483002978306
1469261092299821056
1469363408185135106
1469297344332005380
1469241467583406086
1469456535013117952
1469179425665486854
1469526611535929346
1469506733319983114
1469436947298803713
1469336070110076928
1469163485401518080
1469264612109393922
1469220641744113665
1469214713405796352
1469530385130262528
1469481823654670337
1469514825449414656
1469483229035991042
1469516921531875328
1469432819013152768
1469283354096791555
1469526388772196355
1469525748822147075
1469312510792593410
1469312211868782594
1469290346563584000
1469289661969276930
1469275358302138371
1469263133856264195
1469253750808145921
1469243901105950721
1469230419157651457
1469228229252632576
1469211472605499392
1469202442340298754
1469192657016692739
1469512797411168258
1469263524568317953
1469261592655106048
1469260398951948289
1469241650610274304
1469186377992458242
1469185965109362689
1469433003373850624
1469214954519613443
1469503268640280578
1469489272092704769
1469238065893806083
1469242387188764672
1469246169469505536
1469477035898593283
1469319178930712581
1469311906821201923
1469239244505812994
1469194327385464832
1469432396260937734
1469250465023938570
1469233663325835270
1469216724163645442
1469197924382830592
1469420490875887622
1469237959295594497
1469216674104549378
1469212346996248580
1469438674987143168
1469244056408453126
1469219455121211397
1469167518191271944
1469535700139741186
1469408255659024385
1469329869897015303
1469167431755001858
1469257613510512643
1469353280232837124
1469490997750992897
1469313992594124803
1469313002746773505
1469287601022533633
1469316073186942981
1469311387893583874
1469313491882242049
1469312905162096644
1469311138143760387
1469310621745233927
1469310620931551232
1469208241095675906
1469536399183384579
1469528967593934851
1469516398393126914
1469506663619043332
1469502644347543554
1469442550154940416
1469341706193567751
1469290898932453376
1469242640747024389
1469222076972036098
1469204959396720643
1469200291341893633
1469194867012030468
1469170076637036546
1469517301145763843
1469391996867522564
1469269151650770949
1469226727003983875
1469204344184532993
1469521448347713537
1469448127094484992
1469373732590399495
1469501700918546432
1469304729578532865
1469263108493377540
1469242999779454981
1469189831880179714
1469466726832095232
1469260401162403840
1469209194779721731
1469405500169146373
1469327267490840588
1469323109249421314
1469322957470121987
1469320614146019331
1469289592020889605
1469289020668538882
1469287085425119233
1469285419233656834
1469250100689977349
1469239610077290499
1469230568386695168
1469525512313655299
1469503402631565312
1469485335151214593
1469191704381050881
1469493202801487872
1469442825028734977
1469239966450413570
1469173624200253440
1469536298612715520
1469217124723744775
1469208062195945477
1469521532976132104
1469521289337393153
1469521255271333892
1469521137373569026
1469474259277783040
1469311386874351620
1469523597110562818
1469519308694831104
1469489297917382657
1469487119135834115
1469436517382701061
1469306427382517762
1469301226512678916
1469300861612347392
1469294540934684672
1469265998356238341
1469264514256306178
1469212017932181505
1469312724509204481
1469307254679605248
1469296434209951746
1469279736916426755
1469232547162775554
1469201437368324101
1469188233649004544
1469309463534333953
1469279655819718668
1469290959615582208
1469537373193052162
1469507335747825664
1469480066224513025
1469477128861216769
1469353176386076672
1469338624013398018
1469321922101989380
1469311722527805442
1469288920860925957
1469208951954698240
1469206282393452545
1469212076044288000
1469285800173260804
1469216386949943297
1469201933537660929
1469446361422589952
1469346536681213952
1469332411276476418
1469326940033089537
1469511391111376898
1469485606812078081
1469467183595941891
1469281703097094151
1469281155404894209
1469515644647272452
1469512905288675329
1469512123390652419
1469512121931104256
1469486436294348800
1469351629874892800
1469349973980450817
1469348593442062337
1469327936922652674
1469303201157369858
1469284005019193349
1469252516445519873
1469242374882611203
1469238021086085126
1469236269242675203
1469222001302654976
1469221186651385857
1469206697935708162
1469181769983266818
1469174475870457859
1469515282678882306
1469490505637449728
1469352219048759296
1469332146271571970
1469539561990549505
1469476618741579777
1469448535036755971
1469319966037975041
1469242346566918153
1469227152948092928
1469211761631166464
1469303219268456450
1469283630325239812
1469328666358272006
1469236240922853378
1469352713540411392
1469538144185839619
1469468116459548673
1469375752256720897
1469308467789791235
1469305822140194821
1469300245863419906
1469299951771402242
1469286059087302656
1469221027410370567
1469211700301746177
1469191415984885762
1469175868241047554
1469535268843622406
1469491563713556481
1469385830338805766
1469375170443976704
1469293906923692036
1469289482948022275
1469277921235800066
1469274471441715200
1469254032552185858
1469253235219202048
1469218711949037568
1469200325873582082
1469188359897563137
1469228687266435074
1469509558074679298
1469202935552774146
1469540159481778178
1469494736302243840
1469334283420516354
1469322829577424903
1469537933686312960
1469506947854438400
1469506588545146885
1469492453954650114
1469476721065750528
1469472742936231938
1469337277709041670
1469257916473430017
1469227711105220610
1469222586953441290
1469209713975779329
1469175954400415746
1469175201896153088
1469492760785068032
1469540900833427457
1469394869261012994
1469373494576168961
1469312844680163331
1469307692556554242
1469282152617447428
1469221979827982336
1469193550743019520
1469193264188121093
1469177568838361094
1469530743407661059
1469526089550610434
1469524316437893124
1469523077759324162
1469508873933365249
1469485290637066243
1469463802227740674
1469451858838052866
1469423869807136771
1469408137895686148
1469407898463870977
1469371641603973122
1469361847803461637
1469360174297239558
1469318456046546945
1469308088905777158
1469297609395212292
1469287954891694081
1469287836650131460
1469284573406285827
1469277607279546369
1469274164263456768
1469274116050272262
1469272149957701634
1469271156037500931
1469262216243281923
1469262046592122884
1469261804438130688
1469256152592498689
1469254829503488001
1469245582074167300
1469242041531961344
1469237584589119490
1469236972455534593
1469233671735369743
1469223849732435970
1469222935537885188
1469222589105119238
1469215685423337474
1469207645202624512
1469204437595877380
1469193628878876672
1469190346307522560
1469186145347313666
1469177046119198723
1469533200213241856
1469532300442435585
1469477799928811520
1469341407743602691
1469333607848177665
1469282298210050048
1469266998756474884
1469256971043815424
1469246080139206658
1469224625016123393
1469171291877826561
1469538952503644160
1469505763181621253
1469328746721120256
1469300556011225091
1469294986562732034
1469285125162627073
1469283076362493957
1469244584622391296
1469172216482852864
1469310596029956100
1469526026988310531
1469510652821532673
1469477750750662661
1469473442692927488
1469356720891723776
1469303786308964358
1469298508842749955
1469200650281963520
1469200227429191680
1469329788426805249
1469319813335945222
1469242771835789312
1469227787051356161
1469201923689512961
1469253174930247682
1469501721235759108
1469287422282244103
1469535321742196737
1469483455058640897
1469180085856968705
1469436733385175041
1469299425914720259
1469211915012345856
1469259683084992517
1469488434515308547
1469214100257267717
