1473139320114405383
1473138165737476097
1473136894418382849
1473136838336389123
1473135008009232388
1473134810725945344
1473134592873795584
1473132275348828164
1473131225045168135
1473131140596654082
1473129421435387904
1473128375434633218
1473126599251804163
1473126420448743427
1473122663690235906
1473122292964020228
1473122027586293760
1473120262660911104
1473119969214812160
1473119782199197696
1473119443215523843
1473119052969418754
1473118919636369408
1473117968619868161
1473117525709770754
1473115634196094978
1473114570868736000
1473114251170443266
1473114126004019206
1473113770616496129
1473113646884524032
1473110724150845444
1473110032518504448
1473108339374518273
1473105848477970433
1473105662867427328
1473105185312411656
1473105183705944064
1473105097341079553
1473103092165922816
1473100765602324485
1473096349558001665
1473095835604897794
1473095273970745348
1473094827000557569
1473089141483053058
1473088897609469956
1473088044865507331
1473083988474404866
1473081208795852802
1473079028550897665
1473078442258169858
1473071981746479104
1473063576814252032
1473057844333137922
1473031521166630918
1473029507032354818
1473026546583543811
1473023495420350464
1473021118130708486
1473019075727020032
1473015971061243904
1473000901111533569
1472996828761124864
1472996784183996418
1472994003146530818
1472993131985457154
1472990497048182785
1472990403255160832
1472989194951618564
1472985840863232006
1472985303635750913
1472985023145861124
1472984578704896007
1472981559992979456
1472981141732823041
1472979451940012032
1472978240151048193
1472978193065807876
1472975838895165444
1472974836678860801
1472974807281303555
1472974383790510080
1472974259857227777
1472970488850776064
1472969664703578114
1472969444989177856
1472968140870979584
1472968013879992324
1472967001307893763
1472965518319517696
1472962752087920641
1472962068210864130
1472959149621186560
1472956197678374913
1472955010493214720
1472953681586782208
1472951466209935362
1472950923789959169
1472950888612319235
1472949123233902595
1472948696283115524
1472948651160788996
1472947573400891394
1472947101063602177
1472945401732886534
1472944398216228871
1472944316091822088
1472944088240377857
1472943743925776385
1472943699688497161
1472943407207116811
1472943198729228289
1472940924959277062
1472940865588846594
1472940358082330629
1472939198118174721
1472937387445538818
1472937374736809995
1472935383914614784
1472935360644538373
1472934432575164419
1472934386425221123
1472933322858795012
1472932905512955904
1472931919956381704
1472931198494117893
1472930183799738372
1472927996138844163
1472925864274788354
1472925646233821184
1472925362627612676
1472920750231212035
1472919989120159753
1472919216709799939
1472919123982094336
1472917704809926656
1472916544711577604
1472915210574778370
1472914886199889920
1472914278969532419
1472913635798179843
1472913179751505925
1472913092937846785
1472912640984817669
1472911031538053129
1472909301786107906
1472909092091949060
1472909009455775747
1472908564477857793
1472875288807706626
1473140210795900931
1473139194553798656
1473136554344267776
1473134157970563074
1473133318141001729
1473132719064313862
1473132710184906752
1473128466350428163
1473122352296697857
1473122108851040256
1473119788637429760
1473118454550958083
1473114964646772739
1473113648398802948
1473102682667683842
1473101930238930947
1473095371152781312
1473093913229492225
1473078251497033728
1473075309549264898
1473045231599689730
1473024776885075968
1472994193911910405
1472993180630982656
1472986421422018561
1472955363498823680
1472952111214202882
1472948010078269443
1472942985213931520
1472942153756250120
1472940679227609092
1472940511904231428
1472939188399923200
1472930323784630273
1472929256636252161
1472926358418309121
1472909997835128832
1472909013587304456
1472907022190346240
1472901690596626432
1472891608739696646
1472885420392288256
1472882929244069890
1472876146215710720
1472876079131947009
1472868303958048769
1472865404523466756
1472863234864541705
1472859458069929984
1472850508872175618
1472849819182018573
1472848874159017984
1472847272916316160
1472845699465109505
1472840470506053633
1472834280266944512
1472833770734510080
1472831298561449984
1472831291900907523
1472829952579948545
1472828335373709312
1472823611857719296
1472821882089005059
1472817925564207105
1472817315813081090
1472812265766146051
1472809745702535169
1472805991397801986
1472805908350582785
1472804511970381827
1472803246825611270
1472796647310520320
1472794680597245958
1472794666185592837
1472794276740284417
1472787458412584961
1472787024260198403
1472783766116462598
1472782735408177152
1472781397945323523
1473133039563665408
1473129395996954626
1473114959420612610
1473111859209244672
1473106687385272321
1473094611119706113
1473093678650388482
1472965948294324232
1472946836881035268
1472918885296795650
1472899191483428866
1472897672008720384
1472834525847719937
1472787371418525703
1473124065120436227
1473122576763260931
1472975948492328962
1472975947129253889
1472975943786397698
1472898156933181440
1472877107088805891
1473135875710062593
1473124232309530628
1473119731716530178
1473117508764766211
1473109726615379970
1473109227526758404
1473103886571343872
1473101626915229702
1473092445910945795
1472904283100172291
1472832375906181122
1472816196168736768
1472814324821356544
1472782175992827904
1473141186449887234
1473138505089896448
1473137455838556162
1473135863160664065
1473135344954474497
1473134274886971398
1473134188438065152
1473132482388107273
1473132243774099458
1473126087353896962
1473121041589415936
1473119769792376832
1473114547632238596
1473111596884848643
1473103882171469826
1473103878014996485
1473100430229925892
1473054918277619713
1473047400679763977
1473037281321652224
1472974300814536704
1472973936312815619
1472967813790720006
1472967170468593681
1472965339424034817
1472961984970706946
1472960211560407041
1472959438617145347
1472958350190989313
1472952439837913090
1472949862404538368
1472948083759542273
1472947280349069317
1472944073027690501
1472941393630810112
1472935342932066310
1472933762493140994
1472933482921795586
1472928539083112454
1472913402817179649
1472904929421320192
1472904502206365696
1472899677586608135
1472898838046265347
1472895491922792449
1472894407548432384
1472892564642545665
1472887085296074753
1472886154315776001
1472882157303451653
1472869417033687041
1472861595868954625
1472860346264158209
1472860311543713792
1472859894352998400
1472859839231528962
1472859378961117188
1472859322866495488
1472859215257489408
1472859097372323841
1472859028212502528
1472858801032237057
1472858598497685505
1472858403617660934
1472858299334750208
1472858160859807744
1472858017896931328
1472857951685644290
1472857838036795393
1472857791320625157
1472857695015243776
1472857621094825986
1472857515058614273
1472857461598027777
1472857338801393666
1472857220303908866
1472857124027834368
1472857038984081410
1472856936173297664
1472856892774883328
1472856755558236162
1472856393002586112
1472852546695811072
1472845324666359808
1472842144779886598
1472840916066988034
1472834465659453440
1472829892978884614
1472828734046494720
1472827226236194816
1472826941715587073
1472824190260498432
1472823006648885255
1472822912864321539
1472818603300823042
1472818582807461891
1472816003826339844
1472815930916761601
1472804851511803906
1472804406735245314
1472794582215639040
1472791054751395841
1472790598704787460
1472782173933486085
1472782172100521985
1473127505401765888
1473051294856142850
1472962361065545733
1472829171424399360
1472784576669904897
1473140694357196802
1473139429837398016
1473133602137280513
1473132739482116097
1473131500413407237
1473116827383328775
1473111535035715584
1473109230018121730
1473106149868113920
1473099678761709569
1473084119038918656
1473083663227125760
1473075001154703364
1473070000260874240
1473052257625149440
1473043235396149250
1473019550555725825
1473006047879041024
1472975631168118784
1472970633180942338
1472970065721151494
1472960338316300293
1472958595524222977
1472957770454339587
1472947209528172550
1472937339013922819
1472899824898899971
1472898937874878467
1472895372783538177
1472873694816923648
1472869091853623296
1472860324965453826
1472859917501407235
1472859818012463104
1472859403778871296
1472859298392772610
1472859237839605760
1472859076702846977
1472859050316492800
1472858773936951297
1472858645255770112
1472858373599023104
1472858318603386880
1472858130149040129
1472858051984052224
1472857930777051138
1472857862179213313
1472857768839110657
1472857716829810688
1472857597443076100
1472857538026565635
1472857439137501184
1472857358770614274
1472857197172297729
1472857149445341185
1472857001868685315
1472856967437688835
1472856868749918215
1472856803117449218
1472851145030725637
1472848288143462400
1472847345758789633
1472836048002576388
1472835552743333890
1472835009317044224
1472828913650864129
1472821652454924294
1472821457138847744
1472817756428849155
1472808929822273536
1472805788208951296
1472792572770750464
1472783162828808192
1473141183232675840
1473140667920826373
1473139935867817988
1473138832270757895
1473137890725011457
1473137601410265092
1473136116878376960
1473135586110160896
1473135221809713158
1473134265911033857
1473132479150112771
1473132470857961472
1473131801287663616
1473129849589927937
1473128045317742592
1473127150358188033
1473126722967011332
1473126081032908802
1473125681160765443
1473125625598668804
1473124001408897029
1473123517210132481
1473122022213361671
1473121791711141889
1473119817972400129
1473119727748747265
1473119723374006276
1473118937491509251
1473118458078400513
1473116983432417283
1473116597279625219
1473116470955548674
1473116303720599554
1473116205497995264
1473113234248921088
1473112058120056837
1473111098136010754
1473110975725424648
1473110636624158729
1473109167187849216
1473108344344748032
1473107723575169025
1473107722115555329
1473104550370242561
1473104185071575040
1473104039982206977
1473103427198545920
1473103297833746440
1473103104560095233
1473102690582368257
1473102590879539202
1473102006797541382
1473099750433955844
1473099419796967425
1473098298000957440
1473097357541588993
1473096198919655426
1473093523398283264
1473092191484452866
1473090292047773697
1473088828214702083
1473088166210985984
1473086926362058752
1473084163943137280
1473081796359163905
1473081792806543362
1473079781272915968
1473079405584863239
1473067233072934913
1473066466350014468
1473066451141492740
1473063203449884672
1473062651500511236
1473060101707735044
1473059755744653312
1473055435271770112
1473034022196371457
1473026650141085699
1473011650173157376
1472996110574624769
1472991929956659201
1472981020878065670
1472980916532219905
1472980886224207872
1472976986070913028
1472976474856591361
1472975599136231429
1472975332655333377
1472975174714544132
1472974411732979712
1472974029686403073
1472969794118844420
1472968922571821056
1472966120327970820
1472964426248585219
1472963424967544833
1472963369569189890
1472962852726063110
1472962722329350145
1472962432578379783
1472962311727898628
1472961876162084865
1472961363332923399
1472961050190311426
1472960956397359106
1472960865959694344
1472960116282462214
1472957967012036608
1472956728463720450
1472956142531743744
1472955985970929673
1472955792642830344
1472955785931988992
1472954026530648072
1472953601253208067
1472950691408662529
1472948355596632065
1472947841156849667
1472946993991340041
1472945139400257538
1472944144565764098
1472944133203398657
1472943861538250755
1472942502642470913
1472940716103909378
1472940504471855108
1472939812839575553
1472939774595854338
1472938663940018177
1472934920221696006
1472934632458883072
1472934010863034376
1472933673309589515
1472933178054623232
1472933067677306884
1472932123732430851
1473140614531145732
1473135869246640130
1473135533542936579
1473123691999358986
1473122582182256640
1473120868729438212
1473117919634595841
1473102715597176832
1473098471506804736
1473095933663473665
1473094502894108673
1473085576114966529
1473085363417583620
1473081946339102720
1473081213535817731
1472993321391845377
1472993302068686848
1472991447112581122
1472978186510110721
1472969833239093255
1472966665017040900
1472964447400390656
1472961912790937604
1472959289010503682
1472956512003772417
1472956344609107969
1472943808216121344
1472942325378678793
1472937562092171265
1472937530764890116
1472935884903239686
1472935017525350402
1472934552402341894
1472934370667204611
1472934011076952068
1472929410357465090
1472928513812418560
1472915317936386053
1472909467112984580
1472902962116644866
1472897612357406720
1472892044271968263
1472882740034879490
1472880471352623106
1472869490530471938
1472860907998879747
1472859272467730436
1472859102518788096
1472850527817895939
1472849183174397952
1472848331630321666
1472843656553893889
1472841912637743106
1472840838786871296
1472837646829248515
1472837548045078529
1472834022376050688
1472827616159694848
1472825717742194689
1472825616395223042
1472822076532674562
1472820306519597057
1472810611406901248
1472794843453657100
1472794026675871746
1472791136028692490
1472789355399827456
1472786692234825728
1472782000041852930
1473091918540132355
1473088081951481860
1472991188613578760
1472980918134448128
1472973766032461826
1472934396831232000
1472908527819657216
1472904589191958528
1472902224271462401
1472891659868205057
1472891044089843712
1472874633565118464
1472872626318032898
1472871254940024833
1472860518000267266
1472847416080539648
1472839138567020545
1472836641009983488
1472834409644511235
1472833767039406085
1472832012054515712
1472821304927555585
1472817390656180226
1472780381329903616
1473092264507297793
1472908829067255808
1472907243414712324
1472844255559180289
1472782265222459394
1472895881984688129
1473121138851016704
1473111660587991040
1473106789700759557
1473052504963178497
1473027148089028608
1473008265487286275
1472973506212028418
1472964470926233603
1472957016414978049
1472944062940344321
1472941338849001475
1472937265517137920
1472927136390336512
1472927004089470978
1472924248633053185
1472898647733858304
1472884385628123138
1472871262271598594
1472860695985213443
1472857510742618115
1472851735773257729
1472848028805390340
1472846362983092226
1472840842113028099
1472839240870363138
1472829755296665600
1472828000383078400
1472808949720092672
1472781100250374148
1473140336213983233
1473137610818158592
1473131224059293697
1473125807740506112
1473125806322847747
1473125764761415682
1473124031272345602
1473119961245618178
1473114047084064769
1473113374309249028
1473112444419469313
1473106080641155076
1473103189083787266
1473099583035035653
1473094711506206721
1473053298034757634
1472991522614231044
1472972496735408130
1472965569976492036
1472961762152488966
1472957588673208320
1472957422159290368
1472956899440021509
1472956243673182211
1472952163915558912
1472948538959036416
1472944849376583681
1472926952444940297
1472917380867112964
1472916035166560259
1472911777809661956
1472911021534810116
1472898542754623488
1472895096378982400
1472891306661724161
1472890428353495044
1472890426541576193
1472874453683953666
1472873043504496640
1472869160308772866
1472860717577424898
1472843391733960704
1472840479762964485
1472840290838876161
1472840028296740864
1472840003059257344
1472839901162795008
1472839677174370307
1472836353125535745
1472834910519906304
1472834858531495936
1472834699198271488
1472833398603272193
1472831426500329473
1472830196797480961
1472825985892425728
1472821648877228034
1472813654135361540
1472813127775313927
1472810568742367234
1472802323625693185
1472801260818493447
1472796950437109761
1472791789580918785
1472790356890578950
1472784725999689733
1472780709987115008
1472779365771399168
1473141213167374342
1473140788330524674
1473138989985005570
1473134864190754816
1473133582864445443
1473131804131426306
1473123186824794113
1473120252577738755
1473119904010162176
1473119300470771712
1473119003652464643
1473118827206430720
1473116270459441153
1473115952388587523
1473114662463950851
1473114358171332608
1473113491795968002
1473111195104137216
1473108108423557122
1473104270689910785
1473102939124240390
1473094425408524288
1473084541350809600
1473069978177839106
1473065716106493952
1473060715095212035
1473041202027057154
1473018944407552002
1472949804128825344
1472944136521011200
1472944129587892224
1472928721103245317
1472916098387374082
1472915800151318531
1472878209062428673
1472872310679891969
1472865710929952769
1472860334340046851
1472855617693904896
1472851908180148224
1472846862356910084
1472845212644900865
1472842099322077184
1472840869136896001
1472839322109812736
1472827441680773122
1472824732244320258
1472822190131220481
1472796610690125824
1472793868647034880
1472791879565545472
1473135217816702976
1472962492947075077
1473062487016701952
1472823540596428800
1473042536549662720
1472921148480372736
1472821590924484609
1472938926532820996
1472924008504913923
1472790087192625156
1473125773787631616
1473110643540697094
1472936245546270720
1472897280730488837
1472837144515203077
1472823326934405120
1472813535398809600
1472799918142017538
1473114557027655688
1473085893732966403
1472788732902133763
1470315001126678531
1472846348999225346
1473134642169405449
1473113449827688451
1472847085506551812
1473118401417531397
1472846294343241728
1473141808993505283
1472964017773711363
1472955224222408704
1472931269923119107
1472842857601908736
1472823475886645251
1472847242910334977
1472944798361284609
1472934931277910022
1472946817973174274
1473113301265436673
1473113075960082432
1472959372305133570
1472953252127784965
1472932944415055873
1472911162668814339
1472872997258096641
1472787920603938816
1473117184150978560
1473110617481367552
1473034927645999111
1473100941347876864
1473054110576353280
1472982789343498245
1472925754837004293
1472839247376035846
1473110789116469257
1472795735288467458
1472951509260275713
1472928453187948545
1472902057703055364
1472876708705411072
1472876017446383616
1472838039974019072
1473117146519511048
1472905861508988931
1472842795563962369
1473145065111359489
1473144547362238469
1472918592219795456
1472845044663013377
1472845031446700033
1472839786511486982
1472811619172249601
1472810858505900034
1472805910628077572
1472805880945012742
1472929483585818624
1472884097777213441
1472850123193348097
1472825303839895552
1473143988735524866
1473138458482790400
1473103522707087364
1472841480196657152
1472834174784471040
1473075188296138754
1473062615836356609
1472968976107855873
1472952788480974850
1472920640038445067
1472893769997438982
1472893218555514881
1472880250371465220
1472874355621126147
1472873960484139010
1472856983212417024
1472856468483231745
1472834818136104962
1472825457020047363
1472795515477659649
1472963970197692418
1472946365730725889
1472867879439650816
1472794090446077953
1472792665494220802
1473083757380792320
1472864862866792448
1472825349318664194
1473109216558653442
1472917072464080897
1472898319479304194
1472828907757867010
1473070039750172676
1472903118195101701
1472901582706544642
1472900075554697224
1473121910309330944
1472907919226068992
1472884641354948611
1472787710410592258
1472882510241550337
1473121582507704320
1473078557026906116
1473075812106571778
1473047288146657280
1473005334964834308
1472956620409761809
1472956465711226886
1472935922857504770
1472934742232166402
1472924889287835650
1472923241878458371
1472920559205986304
1472903078911242244
1472831778901553152
1472817653693628416
1472807475426443266
1473117831579328512
1472919406908829696
1472913927885377537
1472852773787951104
1472836618658607107
1472866718368231426
1472893657342627841
1473066744948293633
1472993059067465730
1472917293872992256
1472891060330237952
1472842746364719107
1472800285206536194
1473147457156440068
1472853113178492928
1472836923001479168
1473129312962236418
1473086643447865351
1472953974470811651
1473139789121556482
1473132461605351431
1473131998684188676
1473131603584958466
1473131570630332416
1473108293056798720
1473093899493076995
1472991584211722246
1472970482127294465
1472970382416089088
1472968644338479105
1472941818291441664
1472911744355823617
1472901908943687680
1472892747568672771
1472839226748145670
1472833930051022851
1472823998819885056
1472899777838796804
1472887430978338816
1472959882613592069
1472836512123285504
1472815406851129344
1472804715083689985
1472840620880318465
1473143887506001921
1473093194850074631
1473093088046247940
1473144288624009216
1473144088580919300
1473139615389212674
1473105125094744066
1473093615605850112
1473090982824407040
1472945588064841731
1472945587733422083
1472910560287019010
1472887111149768709
1472886966832091137
1473083617303830530
1473151649493381121
1473148026025697280
1473134847769989123
1473127644271022083
1473126209965854725
1473103548841791489
1473096111787167744
1473065959120273411
1473065220364926976
1472976627420131332
1472950021892964354
1472938474894282760
1472929552271773697
1472921854423670784
1472921523010695168
1472919592141869058
1472914815681118211
1472879122686767106
1472863901519802368
1472835219270950913
1472811081659674625
1472806856519143425
1472791814897733635
1472921888921845768
1472918730283708419
1473058633617272834
1473029871001612291
1473096830317596676
1473012218778341391
1472874217246846978
1472820540058390533
1472803327708569603
1471827898491301888
1473118595169198080
1472916538999009287
1472849182469738498
1472817445140189187
1473133497996877826
1473125648361156610
1473112786947301377
1473020155202609158
1472967367424577537
1472955961740562442
1472949329216352262
1472923881971142660
1472918240544260097
1472898494243360769
1472870082581700608
1472845522188656642
1472840256378392576
1473151486158729217
1473145705925468162
1473105606558904324
1472838983352651777
1472828977089630208
1472956125393784832
1473100657670311944
1473056821912825858
1472998555182792705
1472897310208118785
1472845988381396996
1472845420904607744
1472845046307119111
1472844997590327300
1472844832259248128
1472844796834111488
1472844724402675715
1472844363273179139
1472843711898058752
1472843649813659648
1472843509279297536
1472842802841075713
1472825351084523521
1472936392879529988
1473126078092754950
1473079919441702912
1472907930760589318
1472899039247036416
1472894814572060673
1472855242484027393
1472800335857029121
1472821380823404544
1472894223883988999
1473150383300112385
1472935102480990209
1472948510324494338
1472939022515261444
1472897707643572227
1472970172608573441
1472894871048314880
1473143292061630464
1473136209006407688
1473102575067021315
1473102282749145088
1473083750401515522
1473068800681512960
1472998454565605378
1472981106060234752
1472965424761356292
1472942744121143296
1472937127285452802
1472936608848494593
1472933877287043075
1472899875847086082
1472895085456936961
1472884319211319296
1472882427651448839
1472880248886857728
1472864377552633857
1472829298763448325
1472829257600565251
1472818456181411841
1473132101708902400
1473129314170245120
1473054928243335172
1472825998261424128
1473094154754277378
1473150438648074241
1473136482810580998
1473128917691076608
1473119888562528259
1473119764726059008
1473083232791011332
1472943897961635842
1472912770559479809
1472910951204622336
1473133917876076545
1473131810452217857
1472991295442350082
1472956423512346624
1472946366158495747
1472928711125004289
1472838057741086723
1473140268668915712
1473121080042659840
1473114977984671746
1472966017785548803
1472961575958953989
1472951830506192902
1472941244305207296
1472927183110750210
1472919649696190465
1472918431506722819
1472845003667873793
1472836746563911680
1472836602300809218
1472834570085036034
1472834482537336835
1472830015024730112
1472810888105054208
1472802682255470596
1473141519171264512
1473098350723428357
1473142379263660035
1472960476896104449
1472941692047093764
1472828825624997891
1473151495147118595
1473148861090701312
1473148497012486146
1473138453483196423
1473138305608736772
1473112905662930945
1473108236022677506
1473106840569335812
1473103445062139904
1473102808178036736
1473080503091666945
1473079073677053954
1473067341940355072
1473061626190262273
1473054556439252992
1473044545981988864
1473011182986350594
1472979817880383490
1472958682031816707
1472953635478769667
1472950615164669957
1472932086143078404
1472915848922730498
1472904221276073984
1472903407937593346
1472880636557856768
1472880581822140418
1472867369286455298
1472866973495160832
1472865872469377024
1472857537447809025
1472856677347053569
1472827104685277188
1472813406939799552
1472806971396947970
1472804680430456836
1472798575176273921
1472058604274393088
1473120936324833283
1473098693616230402
1473047064959275009
1473001897648746497
1472937657361645572
1472926174238154767
1472907018595831808
1472897837541179397
1473003061937377288
1472836051014094852
1472835889625591814
1470570370293923844
1473144212971528205
1473136966157750279
1473125616043970566
1473115604034805761
1473113240158748677
1473046393296064512
1473015591179063302
1472933982719201281
1472930290456678402
1472921385991168001
1472889898562560001
1472885246341251076
1472878865655603201
1472866649355079683
1472845077227573252
1472844664654815232
1472806649740079105
1472827003711946752
1473146459071528960
1473093194069934080
1473076818664038401
1473042200392916997
1472944120800833536
1472928108462284802
1472874880928419840
1472862512211054592
1472823939348971524
1472800223223169025
1472797665595310082
1473151271666438153
1473150932930097153
1473132858696888322
1473132302435700736
1473130458632368137
1473120606166020098
1473115773551841289
1473109598559109125
1473108401601212416
1473108399902507008
1473108398182785024
1473088543824101381
1473088456523874308
1473069740226613249
1473060331622592516
1473005369228156945
1473005081415102471
1473004500730494978
1472989542357647360
1472983515331399682
1472965236202225664
1472950643828551681
1472945689210408965
1472940216591679490
1472907102654201863
1472905490027868164
1472895858462978048
1472887744158384134
1472880525161418756
1472876206735327233
1472875893383057408
1472870583385743367
1472870042173784066
1472857742100484097
1472849268553568266
1472846382977400833
1472846130639564800
1472839468763664390
1472828756452642817
1472827979176681472
1472826173805588480
1472814805446639616
1472807580913131520
1472802088409206785
1472795513581801477
1473137169497657345
1472986516741885956
1472954721140805633
1472951106208624646
1472857782730690561
1472840663364292609
1472794791750488067
1473107948935147522
1473097817262460930
1473081066629914624
1472973259473829895
1472914490056343555
1472824489532698625
1472817956853743618
1472879865695137792
1473079990652588032
1473063263545876483
1472979974156177414
1472935733300133889
1472924588208115714
1472922918317289475
1472849347721138189
1472814351010738177
1473108404881145857
1473108403266342914
1473015103889018884
1472846359095087106
1472840936992481281
1473156880822194181
1473090106013540353
1473090103337570304
1472924165766201346
1472821607580143616
1472824177589510144
1473154916898066432
1472977529833095173
1472905040767565825
1473140986968633344
1473136919999438854
1472920813896536065
1473111205015220234
1472844717893115906
1473131494168162305
1472835738932633600
1473151521596469248
1473048886981894145
