1471690023586074632
1471689391387013124
1471687099455733763
1471684646031085569
1471683225583972355
1471683128477380610
1471680412913004546
1471679141430788101
1471679079187312644
1471677833260920836
1471677539953176579
1471676907825500163
1471676742028959744
1471675614025293829
1471674425602760706
1471673916997332995
1471673679796785154
1471672038305583107
1471670878366625794
1471670874877018114
1471670357983580163
1471669350096506881
1471664993032568835
1471664126430937088
1471663380838567942
1471661707982356480
1471660879863115776
1471657580392902658
1471655544570068993
1471655141942071297
1471654241546563585
1471653161869873152
1471652989869850627
1471651996218236936
1471651427063791616
1471649103561953281
1471648085495349249
1471647705352982530
1471647693239820288
1471647209800097793
1471646228249288707
1471644793105047553
1471641578506637315
1471638418668933126
1471630621944401920
1471615716306554881
1471615714561695745
1471602581981908997
1471574393977552904
1471571798974107657
1471568261745557506
1471532670672793606
1471531062295621636
1471520059566997504
1471518700087906312
1471511265491124224
1471509614013259781
1471509317547266050
1471505867673530372
1471503687046471681
1471499032690237447
1471498715311403013
1471497084922519552
1471494722422149121
1471490082326548481
1471490006959079425
1471489722224558084
1471489414425559048
1471489280333660162
1471488766745329664
1471487772070334468
1471486776099307520
1471485095621980163
1471481656254992385
1471478313822478336
1471477268195135490
1471477072711192577
1471476433880899587
1471472220333506563
1471470568654266369
1471468107063459843
1471466874164502528
1471463249254121473
1471462080700026884
1471461075954454531
1471458641488216066
1471458186875916289
1471452955723190274
1471451038838583304
1471450354063605762
1471450178615795713
1471450000160800772
1471449664298037249
1471449215574294529
1471448840754634752
1471447668819828737
1471446510390841344
1471444771579187200
1471444209932460035
1471443567960735744
1471436815148011520
1471435186411737089
1471431813734154240
1471430534685347843
1471424769450905600
1471423448438083586
1471413210846666756
1471410655446003716
1471404240404815875
1471402756279726080
1471402503103135747
1471401357768728579
1471401142663794689
1471400349898395648
1471398788086448130
1471394588682186752
1471393180914434053
1471391304999333890
1471391047901011968
1471390138311659521
1471389977829261314
1471388371939311616
1471388132599730176
1471385765544448001
1471380739652349952
1471380737387491331
1471378541417615364
1471376495138390017
1471374537035976707
1471373738218164225
1471371795345281025
1471370114175942658
1471367916381564934
1471367542078066689
1471367252503306240
1471365361735913472
1471364494597132288
1471364110747009027
1471363737663639552
1471362456970694657
1471360652346212352
1471636902587420674
1471688511942107137
1471687886768467969
1471687416909996034
1471684241192751106
1471684208686862337
1471681132361965569
1471680419779072006
1471678334522179585
1471677219860668420
1471671562365407233
1471671554803044356
1471665599423991812
1471663956557131777
1471662422855352320
1471658046245904384
1471655282216357889
1471648717170438145
1471641359723503624
1471635894255816704
1471633452998877185
1471626527057924096
1471625953914859526
1471620950651117572
1471612473614733321
1471612453469532167
1471554211502428160
1471541198112587777
1471519395499286528
1471510838804504589
1471506909442162691
1471502110659285009
1471497100814794767
1471488992126201867
1471486345151270918
1471475357832282114
1471473001883258882
1471470873311789057
1471469994550730755
1471468527697620994
1471467072861310978
1471466873921306627
1471466473478447105
1471462094734172161
1471457725234122753
1471456254161612803
1471453601759334402
1471447865826295808
1471442481048739842
1471441527742156801
1471438950430478337
1471438220432850945
1471424367724793860
1471422284673867777
1471414640995303425
1471410635053301761
1471407305669234689
1471406001198813184
1471395333691166723
1471393445671362564
1471389798732472321
1471388384564183042
1471386405511311368
1471385964731781122
1471383482014130176
1471383204561100803
1471381448171024386
1471380844065574912
1471380340946128901
1471379473434042371
1471375540737265668
1471366508022358019
1471358509874745344
1471645088115662854
1471691517475508225
1471687948869509131
1471687589178474498
1471687344231116808
1471686957537406976
1471686839815733249
1471682996105138177
1471659102535237636
1471657120701448193
1471638026337939456
1471632444415614980
1471625954057359361
1471625952379621378
1471625948663451655
1471623657810059265
1471623646028333059
1471619919745667075
1471533448732889089
1471515634357862406
1471514572435582977
1471500124975034372
1471493948673724416
1471489542855094274
1471480720996462595
1471480444193366020
1471478139469524992
1471470800846737409
1471454012545585152
1471448525078609922
1471447094070185985
1471435292338843648
1471418986147434498
1471409946952540160
1471406951007354883
1471404088218640386
1471400304130379779
1471396028628623362
1471394510391316480
1471393605432463366
1471391597820461056
1471390017260236800
1471388066149322752
1471385982406590468
1471384960745439232
1471383877239197696
1471382228328271879
1471382004948082689
1471369437332709376
1471360516677275648
1471083846229643267
1470847137789345792
1470777815591231497
1471690070985822208
1471686619920961537
1471668875905224704
1471668402477486080
1471664088912592898
1471662515067109379
1471654594543448064
1471652731504889859
1471649378091692034
1471625950433447936
1471623654467276801
1471614567805374466
1471614321465565185
1471565946511040512
1471565780848287749
1471509815356575744
1471488420367134728
1471460999634980866
1471460225349603330
1471459797111246848
1471459099686567940
1471443165966004224
1471436127508725762
1471433764089651200
1471425185332953088
1471424685829079044
1471422754884767749
1471418685357133825
1471410951412801538
1471403633795219456
1471403615189299201
1471393259243016196
1471392832560586756
1471385001577140224
1471383574850854916
1471382941095759877
1471382599079661569
1471380339767480322
1471378101321887744
1471377965330038784
1471375250554114050
1471375047604379653
1471374664073048065
1471374317791289344
1471373929604210690
1471373418549366784
1471373166446481408
1471369701380935683
1471368731636875264
1471366774247485446
1471364810944122881
1471362525694337025
1471362414155550724
1471360188347076609
1471358381424185349
1471358334049521664
1471358312784359430
1471358304215465984
1471356398453673985
1471077607219232771
1471675673064271873
1471672162608058373
1471667809528659968
1471666069802676224
1471665574249779202
1471665237405229056
1471662064590409728
1471659069635137536
1471652652140228608
1471631228868698119
1471496119842586631
1471490796863967250
1471487313402236937
1471476273507667970
1471470798867161091
1471447229869305859
1471439467965681664
1471436699305607169
1471431297612410886
1471422270484594690
1471419869660864515
1471415725478744065
1471414571231444995
1471408503583490049
1471407751775457281
1471399446533402624
1471389562156961792
1471379780314353668
1471364289470484488
1471362191085359107
1471356076133994498
1471691634689650691
1471691603458904067
1471690508330143746
1471689863137140736
1471683129936998400
1471682449046335490
1471682019318853635
1471681762589691911
1471679825140011010
1471678441523007489
1471678439878844418
1471676534528356360
1471675211661524992
1471672873878122497
1471672181482393603
1471669105417601024
1471667637004300291
1471667582339977219
1471667523812683776
1471667299840970761
1471666111150129164
1471666074504417280
1471666067479007233
1471666064912093185
1471665183139319810
1471664830822031370
1471664221112844291
1471662754788376577
1471661976828874754
1471661428859813890
1471660477293936644
1471658363243012098
1471657644003758080
1471657165303681024
1471651310575316995
1471650099059068935
1471642910353342467
1471634535980810240
1471630877574643717
1471628690987511808
1471627039044038656
1471623992205217797
1471623649551519745
1471623277042798594
1471622985672847362
1471621607592321032
1471617695451729922
1471617692067008514
1471573162525605892
1471562494476910594
1471549497578721280
1471538359822524417
1471530880409604104
1471527351066316801
1471520781922287620
1471515576828772358
1471508441193533443
1471508260406525952
1471507834172948482
1471507102682075136
1471505901014061062
1471505616359215109
1471501562023346185
1471500712060219402
1471497340578009090
1471497102555369485
1471492838051385349
1471492812591960070
1471484271101579272
1471483501593575430
1471482887815843842
1471481735766437888
1471480781662875650
1471480090529697793
1471470659876261891
1471470203468845056
1471468905776488456
1471465011524423681
1471462459533774849
1471459606845018116
1471458084472045570
1471457260886913025
1471456972369444865
1471450645127319555
1471449087538913284
1471446401359876106
1471446148200108033
1471444649986310148
1471443006049820673
1471442060351709188
1471439292698267650
1471437833218912256
1471434970124144642
1471433847057174530
1471433657344675840
1471433138484170756
1471431913537617920
1471431202166902790
1471430827774930946
1471429888091443200
1471424097531805700
1471423607087648771
1471414580567941120
1471414578022006784
1471414575220211712
1471414573525700612
1471414569662701581
1471414566319886338
1471413288810385410
1471412932064182274
1471410297172750337
1471410093409259522
1471409435083870209
1471408507639324673
1471407207287648257
1471406529341390848
1471405586965139457
1471402237972910085
1471401864163774466
1471401741233000448
1471400696561897475
1471399944019845121
1471395430906810369
1471395093558947841
1471394206891479046
1471393409512325121
1471393177902862338
1471513093117079552
1471459200102400003
1471376979119132672
1471688143946403846
1471687654324387844
1471687290556616706
1471684955436556292
1471681661750317058
1471679209307136001
1471676465758408704
1471676050664951812
1471675513622069248
1471674232119521282
1471673676793667587
1471672222867726337
1471671685627609088
1471671648885510145
1471670995907854340
1471668356239482882
1471666914002976774
1471666445759107073
1471666072109535233
1471665548329029632
1471664826246041602
1471664656687120384
1471662891392585731
1471662097217908738
1471661802089943041
1471660563553873923
1471659265718829059
1471658661009186817
1471658446617395203
1471657872169660417
1471657240197099523
1471652053931806720
1471651250454208512
1471650749192957955
1471647514755362817
1471646726033264640
1471643864133898241
1471642712549953537
1471642535093149697
1471641751941046274
1471640094855499777
1471639377516195840
1471630069835583488
1471628137318420481
1471623656077873153
1471623647911546888
1471623036805599234
1471621748961398791
1471619772525678595
1471619168428462080
1471609889059323907
1471608485250957318
1471581283553669120
1471572196992585728
1471540602386800642
1471534194689904644
1471526827474575362
1471522294954553345
1471519644594757639
1471513407874473985
1471509584967733254
1471507833380241410
1471505679655391236
1471505434682880012
1471504151473717250
1471502825741971467
1471502728052363274
1471502543628894214
1471499382524579841
1471496336889376771
1471495852287938573
1471488130398056449
1471486835612217345
1471485442881032202
1471484055514345478
1471483041348341761
1471480922276962307
1471479091903668227
1471477266496438272
1471476487970701313
1471473403785736194
1471473205768441859
1471473146901319687
1471472438412124160
1471471822579245064
1471468400572465155
1471467719476187138
1471466213876264963
1471465033720684551
1471461689736318979
1471459638453231618
1471459291177492487
1471459179994894336
1471455351362899969
1471452739632697345
1471451926416224258
1471448495340933121
1471446325040349189
1471446173130973192
1471444081196687366
1471441399325552642
1471439217968365571
1471687973036969984
1471687364250456066
1471684523981217796
1471684492356055042
1471683317867110400
1471683249818640386
1471682117083938818
1471681879271096328
1471681048169758724
1471680536368148481
1471680506546716674
1471680486384693251
1471679148418502659
1471679008559427584
1471678141399650306
1471677101950390272
1471676601876185097
1471676146358145036
1471674483291287557
1471674390676848642
1471673823774662657
1471673039406305281
1471671955317092354
1471671339144527874
1471671332668510208
1471668287045988352
1471668205814906881
1471667474273689609
1471667449615597574
1471667264021696514
1471665838478430209
1471665824763047936
1471665682735501313
1471665198788345858
1471664884135849987
1471664449392021506
1471663963981058049
1471660582902243333
1471660402421297156
1471659108914839554
1471655887366344707
1471655799675965444
1471655480183324673
1471655244761161729
1471654061648666624
1471652998342348806
1471650918881849344
1471650192579391492
1471649741372985344
1471648817367830530
1471647420031193089
1471644825346666499
1471642727032889346
1471642569947844608
1471641756861186051
1471641684010172421
1471639984222322693
1471639502145810435
1471639299720290305
1471639042512982016
1471639030878015488
1471638976859676675
1471638895699787779
1471638836539056131
1471638544665829378
1471637442868350976
1471637295824396289
1471635072037974017
1471634571464568833
1471633555994284033
1471632876806434818
1471631496259592192
1471631230797955079
1471629197789446144
1471627654914789380
1471624496725434373
1471623813464879108
1471622987350634498
1471622983491801090
1471621478235840514
1471617713113948160
1471616223431380993
1471615447271313409
1471613621964705793
1471606732430274565
1471606372131237890
1471605825235931143
1471604801154605058
1471604126328840192
1471588683081916420
1471584893054251008
1471582213468655616
1471571149561614343
1471567402408103936
1471567098140774406
1471566103881019394
1471565416094859266
1471564732163190784
1471562943334469632
1471560951396769800
1471558522072539136
1471558317793234948
1471555758563074056
1471549670661173248
1471540108713074690
1471530121026699269
1471524764011220994
1471522644654641155
1471516401152118788
1471515136674263050
1471514935163195393
1471514272358277123
1471513210738020355
1471512770721976321
1471512657161191426
1471511946889363457
1471510358250573829
1471688700463509504
1471687990439124994
1471687094909112322
1471685260320460802
1471683550290190339
1471678140510474244
1471677972658921478
1471677954212401152
1471677856543838208
1471677808439033859
1471669032486981636
1471663183752404994
1471657659526889475
1471656003829592065
1471646545162371074
1471639308532547584
1471629724476592128
1471627525113606145
1471562544397447169
1471535376372101123
1471533917941362693
1471513558852587521
1471513074267869189
1471508398269034500
1471506478091489292
1471504689501851651
1471497899821305856
1471496472726175751
1471496155515162636
1471493899969462273
1471490751712292871
1471487418209488900
1471482561364774915
1471481928897294338
1471478244998144000
1471477148951015426
1471474376751022083
1471474261919367168
1471467448792543232
1471464064932929536
1471461594991579141
1471460216348704769
1471460034550714371
1471458054294016000
1471457806716866560
1471457515938332675
1471456287946801154
1471453858375213058
1471453340336750596
1471449872192585734
1471447865390030851
1471444757012377601
1471442923598217218
1471442741028528128
1471434563096563713
1471431988254949377
1471431850069422082
1471431319934889984
1471429071703707654
1471427889472028674
1471423583347871744
1471423250051702786
1471417467578683397
1471412020536774657
1471408868743729153
1471406657087291399
1471406223169777664
1471401966253199361
1471398449509584896
1471396662576771078
1471395941722701826
1471395329224642560
1471394944656887811
1471394033587011584
1471393244315414528
1471392637940731906
1471389260586438656
1471388828837449731
1471388014790148097
1471383256880664577
1471382360658563075
1471382275002560513
1471381034381955075
1471379500344623105
1471378136679862274
1471377182886809600
1471376377802739712
1471373938588471298
1471365014099431426
1471362945544122368
1471356356863033347
1471690432589402113
1471689001631322113
1471683314385756163
1471681991535775746
1471672440614834179
1471622184669892611
1471604549303472128
1471577562887254016
1471519957166944264
1471515510751694862
1471497098977689622
1471489721071140866
1471480518214438912
1471473691040960512
1471465231255674882
1471464865118056453
1471456469128138754
1471451001173340161
1471446814612082690
1471437839220940800
1471430262877659140
1471428102278377472
1471413232510193667
1471412974615072771
1471412174446678019
1471406650821001218
1471396302487539719
1471390024990142466
1471389158966890501
1471388289206669314
1471386119459651590
1471381607621742594
1471380115934171137
1471376590051643393
1471375866194280452
1471373291579265024
1471372227635388420
1471371503492997120
1471360891476078592
1471680716547125250
1471678442605215745
1471673954863439872
1471517199420379156
1471495212182638601
1471490072352464899
1471479793413619716
1471440980125487104
1471401505945096195
1471356862876381186
1471691263824990208
1471680455078334467
1471664736416591872
1471662280412594176
1471647444488232963
1471641039421198348
1471632711001378819
1471601889070305283
1471570780479639553
1471564120306585605
1471536013981872130
1471535496362741764
1471524193783009281
1471519123884494856
1471517123243429893
1471509810726117377
1471506841423147027
1471495086127026187
1471494169419870215
1471485796704088067
1471485499680309248
1471458103246090245
1471457851348439043
1471453971004870657
1471437984490831881
1471436337769181184
1471434684106039296
1471414438058102789
1471413044274106368
1471411847228100608
1471408104537354242
1471407836974698508
1471400200224739329
1471398233322582017
1471392508894584834
1471386505465634816
1471361135588765698
1471691061445554177
1471686275581112322
1471685326674427904
1471680760624996352
1471675098268516352
1471672245084819456
1471671715444842497
1471657946710876163
1471655746597048322
1471648068168683523
1471648020735299586
1471644617774751745
1471643760563916800
1471643404601757698
1471632964102471682
1471616128854097920
1471601093016621058
1471516857794326533
1471514951063793669
1471508383974920203
1471506422621896720
1471499105025216519
1471499001983733760
1471496631740633089
1471492153054433285
1471488575589941258
1471487652499431427
1471486454027091968
1471484460864466945
1471474105899642881
1471473718098415617
1471468320411258880
1471467967229534212
1471466366834122756
1471464755684462592
1471451844337487877
1471451201677905921
1471435944787988480
1471435897694347266
1471434147809816576
1471427266320080906
1471420000166559745
1471411903398248449
1471411329919438849
1471409904833347584
1471405109737181187
1471404832766504966
1471402950614339584
1471401208929607684
1471400194797301762
1471398550890110977
1471396520486309888
1471393503989010434
1471390464754339842
1471390283635970049
1471390018044317696
1471389666742001664
1471389030516330496
1471387125232947201
1471384607559987200
1471383161720512516
1471382166563033088
1471381514570985473
1471379120093229057
1471376597186146304
1471376593209929734
1471374650575781888
1471373950785568773
1471372389078511625
1471371029796638721
1471370245084385281
1471369690924552196
1471368757582839809
1471367728044732416
1471364864807292929
1471363208904540160
1471361415197847552
1471359437629583360
1471359314673553408
1471357693940011008
1471357506525929475
1471356924457205764
1471668410249449473
1471436015151714305
1471435821693603845
1471633340771942401
1471491525217456134
1471430301729845249
1471396689000820737
1471373898931265536
1471446184267218944
1471375611163676675
1471511480696655878
1471496252328005648
1471488949784702979
1471454840240832513
1471358657392644098
1471511767603810313
1471406954241167360
1471659560108650497
1471659079462309888
1471531931149877248
1471501982992977927
1471493987181596678
1471466515459239939
1471426116329959427
1471651876667998209
1471373526045114379
1471549296541503490
1471544531535351811
1471465347450429445
1471458416560259073
1471364792438820867
1471658617522688002
1471547978334683137
1471499663622623238
1471464757051805696
1471456677337571345
1471391752149897219
1471684530117353473
1471677445027680257
1471670739157671936
1471551036628160519
1471550507231506433
1471523811929387011
1471497526733721601
1471485831281987584
1471469651079020546
1471393976343097347
1471392935102992387
1471687335678935050
1471657630108057603
1471655426517127169
1471654462976495616
1471504146654134274
1471488870013304838
1471457440004653057
1471452363961425920
1471426401819525123
1471396081724379138
1471395646007513096
1471394744219561985
1471373288374894592
1471362941005877250
1471693261106417665
1471658393806856195
1471556953323163649
1471491941783130115
1471421412359299072
1471377260296871940
1471655324134166531
1471423884352057347
1471419374066028544
1471447776487620608
1471677679640350723
1471407830116622336
1471370816784789504
1471448572176465923
1471667326080602114
1471516162399764487
1471481243954864129
1471439455743451136
1471632230657126401
1471398184840691713
1471644443656667137
1471448127370498051
1471691056093618181
1471681293142290432
1471517486801510407
1471476333947461635
1471407099951259656
1471384092197285891
1471665727694262275
1471430671000162304
1471391380916387841
1471382279427526656
1471688172199288834
1471662893242322945
1471603737948876801
1471504059966246922
1471499285782953990
1471497440612139018
1471494465302892555
1471491639294119942
1471483694930030598
1471442762599858176
1471434987249410048
1471687702378516482
1471662008231628800
1471556055700172802
1471542375327703040
1471388467644940289
1471387639626362881
1471506866253426691
1471394140374007808
1471411182011490311
1471359950983102465
1471665914282053635
1471589803862990861
1471481150975606784
1471473810293489665
1471635730900271105
1471539073609203719
1471475193549783041
1471671435894603779
1471633806608134150
1471475510051889156
1471412138891612163
1471400864342364161
1471698321521537024
1471676977543217156
1471666289424830464
1471636965179019269
1471631632448712708
1471523641514856453
1471432923660185600
1471429650526081024
1471426993929420803
1471383813414539264
1471674455248285698
1471646662707724290
1471620734388633604
1471530138344980481
1471476614450286592
1471468501013446664
1471433635177779201
1471433570333839362
1471433439882534912
1471427447862087680
1471427003270057990
1471466710469574657
1471418802659225601
1471487264219828227
1471464373537304577
1471544223811833858
1471679532826460165
1471671728195907584
1471643737420091393
1471624686266052609
1471512290801250311
1471490367568498694
1471466477609836548
1471466082191831042
1471452894566092805
1471452891961434119
1471680340372643847
1471676600408326146
1471667783142313984
1471663347590385670
1471656683952766976
1471636914654441474
1471576406626734082
1471497110822420489
1471477908312977413
1471422096815247362
1471392513470566400
1471371677166542853
1471477931700412422
1471468053820952576
1471445148449992708
1471378096053907457
1471369015759028226
1471374687695376384
1471698227044909063
1471659627842469891
1471657366995177472
1471647096600096769
1471466070049366017
1471404733537603588
1471366457829199876
1471366394147004420
1471658627580989440
1471647467917561857
1471646060921507842
1471644953663008768
1471632590515834881
1471477082685276162
1471439971659616256
1471410752858701825
1471388354331611136
1471658801962967041
1471622213635743749
1471596761374281733
1471586378664267785
1471493021208248320
1471492156195885060
1471490612650123271
1471489724963454986
1471488482384113669
1471481448951529473
1471478446580645889
1471478338199822336
1471465746005852164
1471460032621334532
1471459831177302017
1471424926682738689
1471378573034356736
1471660874733547521
1471622577713934336
1471447332595986433
1471443865152339969
1471395667922718726
1471392796892282880
1471392704621809664
1471490504688689162
1471648019401437184
1471458451922448389
1471393171808538626
1471436026476314626
1471431234316238848
1471384076539994114
1471374538751586306
1471485969480044544
1471392359510261763
1471384239291527172
1471685440872742922
1471641164797263885
1471461355630718978
1471451531073388545
1471430754324205571
1471414177629573121
1471374888044675073
1471371308084580355
1471393692846014464
1471429529679785984
1471392158514966537
1471373155151212549
1471698895633670147
1471669977321115649
1471483573727342598
1471686693522575360
1471568812218597381
1471499582072713219
1471498483425169409
1471455344102576131
1471451587516112903
1471431814107439105
1471411038566633472
1471393542895325187
1471366689883254785
1471364598930436097
1471679722044084224
1471668554064080896
1471639290593509380
1471523895354150912
1471513935601823753
1471470850926780417
1471393706280460290
1471391097826033665
1471392028671963138
1471456742135320578
1471364188073119745
1471498185365340176
1471457864614961153
1471391127685246982
1471391101777072132
1471504918808653841
1471398941811884033
1471382270053261318
1471504823958654976
1471661678760628227
1471506436047835152
1471506435024449547
1471506385166761992
1471390766069026818
1471666551094796291
1471507340423680022
1471666343451652098
1471633648306688000
1471506434886012935
1471505267732869122
1471504438779019281
1471504435318689798
1471504432424624149
1471399599357063170
1471399030345265152
1471520169117634564
1471507402880995334
1471502037376376834
1471501693908963335
1471501197173399557
1471501064532680711
1471500578685546503
1471366406461480963
1471366210180636673
1471365977682026496
1471365739990814723
1471398636009312257
1471680186605137922
1471659077440663554
1471646752411316225
1471616241643126788
1471602120352681986
1471565126473949194
1471496299392290827
1471480549441081344
1471473275192561667
1471465284661747712
1471436643567476736
1471433827201404928
1471419206524870658
1471408131464855553
1471403872828674048
1471380757650173952
1471674978189725697
1471673234974072838
1471661464414916609
1471609143748227073
1471567660685139968
1471497070657769480
1471443548645904387
1471619766636859394
1471470175039852547
1471377977170608128
1471366438908796928
1471494999057465352
1471490465715216387
1471489465340215297
1471380293718212609
1471687708103692295
1471686597233889285
1471686542624129033
1471678166037004288
1471677898142597122
1471585862865416194
1471477726594809862
1471453640887992320
1471422993427402756
1471377116889374720
1471699605557370881
1471683666803707907
1471665390388334595
1471642105164357636
1471508021498974210
1471507155626774536
1471495704539402242
1471475435342991363
1471455582934605828
1471390487131000833
1471379507831468035
1471376347318525952
1471657884794556419
1471579987069353991
1471576748181630980
1471524021963575303
1471509301227253766
1471496765295583232
1471456305508274179
1471455962691080195
1471455543063506951
1471408356673818625
1471403417004228611
1471400867030986756
1471682363981664258
1471656891684061186
1471646036309405696
1471643590916919296
1471459709559324673
1471397347305586695
1471687613425672193
1471440232071380995
1471489498517106693
1471543734546452483
1471541054339903493
1471511925586468869
1471498352579657734
1471430682140295172
1471424244995084298
1471422359902978049
1471678334874501121
1471674537456455681
1471670442104541184
1471629526597718018
1471460072286928896
1471619993003462658
1471374905715290114
1471485747676938240
1471418143444590600
1471417576748056584
1471387424588644354
1471375802415476739
1471611609881583618
1471581596675239937
1471406327909928961
1471697929362497537
1471618790236385280
1471392296750891009
1471472991313666050
1471446778796908553
1471446776347430914
1471443314180120586
1471523565165940744
1471468822355795972
1471382177166225408
1471689838663401477
1471671968306843651
1471670423112728576
1471664556996890624
1471656238484111361
1471654136194109440
1471568274018250754
1471504249607516168
1471458579714494464
1471451400756293635
1471445019903279108
1471381349026041860
1471379509559447552
1471680520379506690
1471650835637493760
1471387383991992325
1471372830063226881
1471501733633282053
1471403483307802627
1471678417745580033
1471377941065973761
1471513037215391753
1471677870233714692
1471585972420694021
1471516361176203265
1471515083289206796
1471511020942229516
1471473454532624385
1471460393444798466
1471460089169014785
1471412906927419394
1471406759537700866
1471404134762881025
1471388390914359303
1471383619801288704
1471376546636070915
1471682523495165954
1471681794445430788
1471674028876251137
1471666729243713537
1471650352030105601
1471627219411734531
1471526777809891328
1471491498168311818
1471462738404675589
1471462045753044992
1471458540791341056
1471441766175830016
1471433687585546242
1471415631962509313
1471398646390276097
1471371677875400704
1471692081135382531
1471655974167400450
1471655968005971969
1471650545848881152
1471605388352970752
1471497652852330510
1471421838622281728
1471395972395638785
1471385069730230274
1471372745661243394
1471695105165692931
1471679811290497028
1471651467412992002
1471424702081953792
1471686103513980932
1471419106003804161
1471687437256572930
1471456603282894849
1471534726200451073
1471407453216460801
1471699840258084867
1471680130049208321
1471618418809794562
1471509348698365962
1471505593261195265
1471499826516815878
1471491029991710720
1471477192253083651
1471470419119017994
1471463311577423874
1471424609417269258
1471408931402440706
1471404954963234817
1471397446483791873
1471703493706608642
1471694170985144320
1471688603038142464
1471686230517567490
1471681352537935873
1471665678348210180
1471656598346997763
1471460718759137284
1471448188833783814
1471397662851280896
1471396836590116865
1471375664993345538
1471702017093496834
1471700468019515392
1471647629947723779
1471636359534157828
1471449053174980609
1471437821260931072
1471437333262069766
1471436715822702593
1471374577217327106
1471668161153933312
1471663412488785920
1471662676593893378
1471470904513236993
1471440396718723077
1471698333030780929
1471620582793879553
1471399833361870848
1471689712528093186
1471640551048896514
1471624320975659008
1471575391861157897
1471515340827889667
1471512033208135684
1471496419018043406
1471484250444623872
1471483927994851329
1471477332724502528
1471457506186579968
1471447059706564613
1471424659518373892
1471384829753126913
1471378046246473731
1471377969658548226
1471372038321278978
1471699740400119808
1471698518326738954
1471649027619901446
1471625649949274119
1471624501725044739
1471580892715905026
1471514556480380935
1471492776181133315
1471478896256118785
1471454847454965763
1471448748085563392
1471439421681516547
1471431672348352517
1471428122360762370
1471414468538081283
1471412934144266242
1471389505978441729
1471685393237954565
1471685189986254850
1471671773842137091
1471663248776646657
1471659190229766144
1471659019660001281
1471646486051966977
1471641477809795079
1471591511406096384
1471546251577643013
1471541065593274377
1471514691864195080
1471506430398066694
1471503286431739911
1471502150274412549
1471500225328021520
1471496647087575049
1471492167893860359
1471480001845346308
1471466398492676096
1471462753801957379
1471441635833786373
1471436954130477056
1471426450649542656
1471418008891314178
1471377567173292035
1471374092225843201
1471701187250438152
1471676193640386561
1471652200065560577
1471609907065413633
1471504113326120965
1471485567976153096
1471447509591412738
1471446387405565959
1471438481721229312
1471436778062049282
1471416468097191937
1471410858811035653
1471395868700188674
1471388477652549635
1471370868945084427
1471661997431267329
1471624523376041986
1471373499650351104
1471535906620604416
1471649508085751809
1471648747285188610
1471565576040591369
1471525591249666051
1471494035902636034
1471472208694415364
1471462295175720961
1471461816186245122
1471455804108808198
1471436655064088579
1471411996146814981
1471407977395482626
1469668882528886784
1471616210982764548
1471615653240995840
1471519751646040071
1471488198266155015
1471487527349489672
1471652156574892032
1471652153588551680
1471688675436101633
1471656007596081155
1471703493102628865
1471671888715784195
1471388888987889665
1471387679795253248
1471513832300298247
1471507682527903744
1471501801874604033
1471499140651651085
1471498523233316867
1471498226918301700
1471497875439775759
1471481733300195328
1471481419708862467
1471627824448507904
1471430449234808832
1471643137940471808
1471627830521786373
1471420454053167104
1471704105689120771
1471468658031427586
1471444112335384577
1471444904983375877
