1466975420515950595
1466973735039107074
1466973142144864260
1466965817308942338
1466957009677393920
1466952985817145348
1466952844615962625
1466952563668832256
1466946645149425665
1466946260863094784
1466945685274574848
1466943749016064010
1466942724859256834
1466941757719941123
1466941261655379970
1466935214186418180
1466929047049420801
1466924026433966081
1466919538235097091
1466918754130948099
1466918507870756871
1466918145659002884
1466917570250895361
1466914771303686152
1466904569036693504
1466904307899383810
1466896005903765511
1466881569310724098
1466867718187937793
1466811035965288450
1466806823193747456
1466802708510232581
1466794527331549185
1466791587468353539
1466784590933082121
1466784547291348995
1466779039503245317
1466774287684038665
1466774010142724100
1466773396071403522
1466772204192866304
1466768866479009792
1466768183881203712
1466766229717221382
1466759923774070784
1466757348282683395
1466756391176048641
1466756160682225665
1466755530173472769
1466754169017036803
1466751543219081223
1466750262538747906
1466749698576773125
1466749496608518146
1466748183258693634
1466747072481161217
1466746818696409089
1466745304116432897
1466744851282608129
1466743264501846019
1466742402933161986
1466742285580730371
1466742023235325956
1466740783562690562
1466738933820104707
1466738710108463111
1466737595010863108
1466735654671249408
1466735368296931331
1466722407255707648
1466722281497849856
1466721154375176193
1466720055773773825
1466718551759224837
1466714348152242176
1466713823075713025
1466711535946895362
1466710948299739137
1466710289559080961
1466709085680586752
1466706167074209794
1466705930020696064
1466704036623630337
1466700666076733443
1466700663287517191
1466700660867416068
1466700658837372930
1466693578990624771
1466693479661072384
1466690863816339458
1466689429318221826
1466685797000626177
1466683274504327170
1466681077989142533
1466674410710990849
1466671565047697411
1466671273983938561
1466670080826118146
1466668681916604418
1466668507081236483
1466667363835600897
1466667004308254720
1466666318350876675
1466665938242072580
1466665790380204037
1466664901980540928
1466662211690975233
1466661123994767362
1466659337363881984
1466658564735336451
1466657471779332101
1466657355525812227
1466656826598957060
1466655367207657475
1466653595294523394
1466650725342011394
1466648684217520130
1466647544377733121
1466646796801753088
1466644323127083009
1466637487460085762
1466633991302180864
1466977803895590915
1466973661450039299
1466967342655881217
1466964873145769989
1466956290916114432
1466955936497471491
1466955764258377734
1466953447169617922
1466953419403325444
1466952734662221828
1466952009077039105
1466951715513507840
1466941280391348224
1466941271079940102
1466936221003702272
1466932228932313088
1466931178787594247
1466925460613263361
1466924854385332224
1466912784357101569
1466905213923573763
1466870815685709824
1466822072731312130
1466802395669692418
1466797920955424771
1466795646782898176
1466794686128046086
1466791099259752462
1466790201766809606
1466781585638780929
1466780123890290692
1466768798560645120
1466768544947847173
1466765365963149313
1466763432888127488
1466759934238879744
1466758902557589514
1466758695384072192
1466756835130621955
1466744060354334721
1466741759195574273
1466739628359106564
1466736243975155712
1466735073328201728
1466735047491289092
1466716620936548352
1466712412954914816
1466709852164476928
1466709324483350529
1466706406581551105
1466705692576804864
1466703911419404298
1466702550900436992
1466699505839984641
1466698095505281024
1466698062512857088
1466697401054502918
1466696717248737280
1466695875560882178
1466693082544762881
1466690787052191744
1466686424082632705
1466684126807818242
1466682866247430145
1466682685095514112
1466673379167981568
1466669367693770752
1466667974358495232
1466666844631158784
1466661295365967876
1466660024390848512
1466657607725109250
1466656194144129025
1466654724325838851
1466654714804649984
1466654430439231491
1466653205324992515
1466646375307776000
1466645881101471744
1466643237259538443
1466641381992984584
1466954156439187459
1466687296044867584
1466973409703694337
1466860090737127426
1466827251702370308
1466807391480020993
1466784377568858117
1466733582295056385
1466730954391633923
1466722400272191488
1466716006546477058
1466715417452302336
1466708849361145860
1466694230814855168
1466668302147547136
1466656229011308544
1466645952001830912
1466641341882896387
1466638881030238209
1466884194013888512
1466783740697321483
1466743744007327744
1466742931503472644
1466729338972237827
1466724076928462848
1466967804746240002
1466967406916431875
1466966673710215169
1466963858770120705
1466958708810780673
1466952657713590276
1466952433502883840
1466939696269783041
1466939460801630209
1466790884276457476
1466788568764805123
1466776327466323969
1466739609069449216
1466739055350136833
1466732653625819139
1466695942690590720
1466691626483412993
1466685750020243461
1466671995970461698
1466671941276745729
1466663040883986434
1466662183404593156
1466657736699965440
1466654947965947905
1466651314222350336
1466648392008753152
1466980372218974208
1466979665290006528
1466973175913218049
1466973040042938371
1466970019904905223
1466968604860043264
1466961357123702787
1466960536650747905
1466959084779827200
1466957679490789378
1466956742575603718
1466954559859818501
1466953440513249281
1466949260335665154
1466949138843508738
1466931014480003072
1466926392709316609
1466925897911439360
1466918204052107264
1466915926159233024
1466915342110756867
1466911349443731456
1466849282120556546
1466837277787652098
1466826187011813378
1466825445224054786
1466824876300275716
1466807576960462852
1466806151723372553
1466789130419933187
1466784380920025088
1466778420830826496
1466776614847401991
1466769473910697985
1466765040623575043
1466759438669266946
1466736224299732992
1466735473238241284
1466735158900396034
1466733873274912768
1466732005668782081
1466730577717907458
1466730067350851584
1466726975712555010
1466724149754138628
1466719625446526978
1466717272773332994
1466716122594439171
1466712818858672131
1466712740131573761
1466709667661312001
1466704499377012745
1466703533583962114
1466701277455208449
1466694141845258240
1466678912230977538
1466678593019252743
1466676964735946753
1466674234638229507
1466673064502960131
1466672882994409472
1466672521172766727
1466671391122411521
1466671348248301571
1466669941935857668
1466665601053519875
1466658974380425217
1466655282440720385
1466654966727122944
1466651516878524419
1466647271492120579
1466645337909579780
1466639377166049286
1466970325942296577
1466965550920351748
1466947211736981505
1466770454446755854
1466754091183341568
1466742960389693444
1466739436150870017
1466714284671455236
1466701492807553024
1466687508020748304
1466680414571880455
1466677971645698049
1466674129197666305
1466649358972055552
1466647307814780928
1466642858803220481
1466642320657289221
1466642152176324612
1466640978454859784
1466972977753325573
1466968170691022849
1466965176188502016
1466957899163320322
1466956103539777538
1466955999521042433
1466934764695261184
1466928119747465217
1466927920392196097
1466914266192117762
1466827419101241347
1466817866716512258
1466817390121914369
1466816946138083330
1466813030084145153
1466812981317042184
1466804790466203648
1466804490279870467
1466794063986761733
1466789798752837642
1466781969333637126
1466780255511715840
1466779861179985920
1466776809953914885
1466758463170641924
1466757301499428864
1466749373568540677
1466749266299260930
1466748658372599813
1466740693615869953
1466740552020365313
1466739416580247552
1466739235386314752
1466734585027305472
1466734228536631301
1466731379698241537
1466731376346943489
1466730779275268096
1466725291963793409
1466721988731236352
1466720520498401281
1466717328972779520
1466715714274803712
1466715382073348097
1466712501521838083
1466704769372721157
1466692205498699779
1466690670723158016
1466690434550284296
1466690321065021441
1466682208400261122
1466676449033687042
1466675983604322306
1466674301642240001
1466674297808637955
1466670846060032000
1466670556795703300
1466668412831211520
1466667200291344384
1466664971878551558
1466664934872211462
1466661964931743747
1466661293360762883
1466660966016315393
1466659025450266624
1466656384817057793
1466655041494781953
1466652562459815939
1466652255545794566
1466651787465682948
1466647923039432707
1466647647016480770
1466646684016910337
1466646020062781440
1466977925534650373
1466975975242022914
1466975897148297216
1466973762708926464
1466970533157752833
1466970228626051076
1466969265945419777
1466968752621166593
1466967626337431556
1466966502607781893
1466966131864784896
1466965484931219458
1466964791210090498
1466964595063410690
1466963153518936067
1466962638659670018
1466962176044716034
1466962133707476993
1466961959056670720
1466960632628985859
1466959536267227142
1466958167128952835
1466957608795852807
1466956826491056132
1466954997350813698
1466954329995153411
1466954156359315457
1466954051367567361
1466953920354213895
1466953170085552129
1466953054909992960
1466950596552847361
1466950152761925632
1466949132547878912
1466948935197474816
1466948210463760388
1466948182743547908
1466948056310374401
1466945935225679874
1466943861540802560
1466942151065944065
1466940912345370627
1466940624666509313
1466939914117795841
1466939767384276994
1466939407538159621
1466939067380101125
1466939057070481409
1466938739230326784
1466938095178174464
1466936722189475841
1466936247599845377
1466930169915006980
1466929786656329731
1466929040183468037
1466924424452472832
1466924285604155392
1466924100710907905
1466921961909460992
1466919273096368129
1466914216426688513
1466912630086406145
1466910172270395394
1466908579202580482
1466908097985662976
1466907991630704646
1466905331481468930
1466904578587168770
1466900748231344129
1466899272662597634
1466898232416428033
1466897908817555456
1466890634619342848
1466871419719983104
1466850475806838785
1466843661933563905
1466834827986890754
1466834525204344835
1466828683352498185
1466827455767859203
1466825367025561610
1466821530017353731
1466815562659483649
1466814675517992962
1466814134066974722
1466813949114867722
1466813717811585024
1466805817798131712
1466805648990126082
1466803418140348425
1466798516659834880
1466796932731338754
1466792856920547333
1466789434980855809
1466788521591468033
1466785673076264962
1466784512201744384
1466783294775709701
1466780564032090112
1466778313167237128
1466778126059393027
1466776711622660099
1466773675491803138
1466772096730599428
1466770245926866945
1466769024000401410
1466768997685207042
1466768773353025547
1466767190170824704
1466764603237433353
1466762908331880450
1466762266544685056
1466761660899610624
1466760355204399108
1466759932116553731
1466759928635281411
1466759912290078721
1466759871911530501
1466758923147300865
1466758071632351235
1466757498719801347
1466754637814386688
1466752850592030721
1466751111155486720
1466750831160561664
1466980252194725889
1466980068077412354
1466979098345938947
1466979091593121803
1466978627120029700
1466978060306055172
1466975868866076677
1466967470607003648
1466965049113645057
1466957587132284932
1466947431380127747
1466942736196521984
1466925422772252673
1466899202718396417
1466821167621165060
1466819435277144064
1466805046998290432
1466792571460415490
1466777227870097408
1466775905376694274
1466764482303049728
1466753409013321732
1466753128716398594
1466751955980591106
1466751218756501505
1466740067079122951
1466740054269652992
1466740040692744192
1466740028252385283
1466739610071883779
1466738395837702150
1466737316605554688
1466728351620423680
1466724320260935683
1466721268628004865
1466720338121609217
1466719062981939201
1466710971871752194
1466710496053055492
1466710400460677121
1466705640756166656
1466695664193064961
1466683349615869954
1466682675226308609
1466675525494005762
1466675271277240326
1466675255255060481
1466669991151824896
1466669695495331840
1466667703444201475
1466667694803935234
1466666227078557701
1466666112506945538
1466665590039318530
1466662104572694528
1466661322272096261
1466655061656752139
1466649374663057412
1466641790732161024
1466362557115998209
1466978653812658178
1466978150324133892
1466965365410258945
1466962588424499201
1466955896114880515
1466947502637142016
1466939122526867462
1466924103101665280
1466831980629086212
1466815277748789259
1466805357980700673
1466791909129535488
1466770762123997185
1466764533741993990
1466762114677100550
1466755294772744192
1466750303047323654
1466749614330052608
1466722120172326912
1466715755903213570
1466715272304152578
1466707854581125120
1466705151545131011
1466704309240807427
1466695855017107457
1466693843219214337
1466692449225428995
1466691159367958533
1466690008509681667
1466689206479212544
1466688469007310855
1466686266678800386
1466683888760410119
1466680210091249664
1466679047170179073
1466678997207633929
1466678993348923396
1466678704281731077
1466673647116976132
1466672255740432384
1466671694722916353
1466666807838658561
1466665773540134919
1466664537210310661
1466659608928292865
1466658447332503552
1466657115250970625
1466656516627255297
1466653699355262977
1466652457413464073
1466650854585294849
1466645189485686784
1466643503555891200
1466642967662190596
1466965158253641731
1466675257486446592
1466664482361413632
1466654942706339841
1466750352040992768
1466748270592462852
1466697132941795329
1466647128944504832
1466966688209850370
1466962744268128259
1466960433017868289
1466959676847783936
1466950385852043275
1466942858758213638
1466933467376422912
1466924735271342080
1466916786998169603
1466883320319463428
1466814306209599489
1466793536108437510
1466790316740993039
1466775434549362691
1466765685959262210
1466765589909622786
1466757372458659841
1466750975788523525
1466740887153627139
1466739049184456705
1466730376303308800
1466729140577464320
1466699648781852673
1466699455114084353
1466698825565802500
1466693387151544322
1466686060327358464
1466676131398963201
1466663099767791619
1466652621066801154
1466650440389435395
1466819924886577154
1466797815720337410
1466696755836178432
1466714158896795648
1466678899601915905
1466651647031975936
1466753372371910656
1466752971325132807
1466714605124653056
1466712323293270019
1466694195909775360
1466657041091469323
1466972631622565888
1466960182802477059
1466770152125386755
1466741348761960450
1466949492800770050
1466945696775294976
1466926199070871556
1466923335900483586
1466739890230464513
1466731095953530880
1466679863993987073
1466645802684542978
1466984007422427141
1466813339309264897
1466803537493430275
1466667185086947332
1466642582662832129
1466795627094761480
1466771796204539905
1466773915057811457
1466758955829723137
1466779221666066432
1466940829885288451
1466754816869158916
1466705782678831106
1466670860811390978
1466944303121395713
1466904671751053313
1466744401162424322
1466738943626407936
1466678960339644417
1466660375496052738
1466820660605304833
1466657101871140866
1466656826808627200
1466943650462515200
1466937484776902662
1466916375448854529
1466772159024431104
1466659835332620290
1466646115839733764
1466919986526445570
1466950902682587142
1466747349573636098
1466722636252147714
1466935507833827329
1466775466191187968
1466748315026944001
1466953402085117953
1466768488786137093
1466739631190265858
1466676301859737602
1466767199050166272
1466864636129542144
1466714092727537666
1466712449826967556
1466709436148244484
1466699370028433412
1466663632402477059
1466654617895194626
1466790465613697027
1466723649189138434
1466661209592123395
1466967175550291969
1466965929670049796
1466955704615329792
1466954284675727360
1466941188972290048
1466930879473729538
1466784633786273798
1466783159928774657
1466778690776227842
1466674933015011338
1466673324059103237
1466745006706724864
1466943606720065536
1466657765212913673
1466966748461076481
1466966578713350144
1466925237862162434
1466736318361137156
1466695867423866880
1466690225749430273
1466655946331987969
1466650975750422528
1466980740764102656
1466949536702631937
1466943460645093377
1466813152348106755
1466809514053697536
1466783362547273730
1466711141971726336
1466656103857410051
1466655279626395651
1466645120715935746
1466642701298769925
1466789275308019715
1466763784689631235
1466726364430491648
1466659474244993026
1466923379269595136
1466908418728337415
1466798586788659200
1466790287338971140
1466784918294257669
1466755273649913857
1466673413682982912
1466981541981032452
1466731682183225349
1466649849990766593
1466961124708872195
1466705413554913280
1466667776055988228
1466664089975812096
1466983404671365122
1466943251525496836
1466782999362502656
1466782838070513665
1466782412843540487
1466781539920867329
1466777408028098560
1466766376974962691
1466757202635411460
1466756421245018119
1466741919778676739
1466735495497469953
1466713035813187584
1466690781574361090
1466683123593199616
1466670737918345220
1466658416386994178
1466654778625179648
1466648396236668928
1466782960477032450
1466768849143955460
1466750361734053888
1466770567567052800
1466765564550864896
1466696368995463174
1466651564374773763
1466833863548620800
1466762532752822272
1466962397407547394
1466961489965711370
1466718726057697280
1466972690598694913
1466929090787610625
1466928781298331649
1466921256289112066
1466779624159932418
1466759399695814656
1466753192335589379
1466725938213756928
1466720578430062594
1466682760060448769
1466680205569769473
1466672060633997315
1466814673672679435
1466709760833507330
1466692378903777285
1466659216052023300
1466648291790131202
1466880304820281352
1466789787096924160
1466775791493005317
1466735616503148546
1466659131943571458
1466908690636623873
1466656026912903168
1466963053967130626
1466951521946324992
1466934775617245184
1466781688722190336
1466749569706856448
1466672575489007618
1466663123469750273
1466952899125137411
1466736822839484416
1466722045736243206
1466706981788524544
1466699941707870208
1466697919256399873
1466691210181939208
1466682766058209287
1466680020768858115
1466680009297432576
1466659853997199361
1466649274125467650
1466952771190464522
1466952562746163201
1466986073582555138
1466969786751991809
1466784482761986051
1466743739947257860
1466726580076515331
1466692436973871104
1466682773117317123
1466651502882160642
1466774677951430659
1466742283580051459
1466981952507244546
1466937505865887745
1466742768848367624
1466937422961278982
1466671676540612609
1466956697646219264
1466743005461692420
1466937976378716164
1466763733712076803
1466763633094889474
1466763630314094592
1466744248821112835
1466740799660457984
1466759719544975365
1466965774040330247
1466964868943151104
1466935418255929348
1466934599527763970
1466932969591828481
1466908734924414985
1466854366573477894
1466838832100175873
1466765715810107393
1466755586150699011
1466754242446696452
1466724071836569602
1466719325440516097
1466708758805946368
1466696717672206341
1466696418081456129
1466694121133776901
1466677719068864514
1466881634632978438
1466752682098630662
1466922601943638026
1466962118515691520
1466928040735248386
1466927492929703938
1466666393563123712
1466928976345980929
1466732032243863553
1466711202780770307
1466974732931133443
1466938020599197698
1466885983471906823
1466854417127272450
1466789911621632002
1466789569949437952
1466784514441564162
1466783351700799490
1466719014059749385
1466678837278699520
1466677599971672065
1466676464380645378
1466675859519991809
1466671372441063425
1466652524237127684
1466978494173179908
1466945019168780288
1466649730230808576
1466681844003262466
1466729572645294081
1466720653130670081
1466714137472294912
1466810496594579460
1466795033495945220
1466749215225225227
1466834291292192769
1466736801901682691
1466709795218411520
1466681475168825344
1466653836697690117
1466652262621585412
1466966753066450956
1466807976459599878
1466664076616994818
1466958546206003206
1466953241350979587
1466946697632759809
1466773374391451648
1466726603275132931
1466692877136773122
1466938733505118210
1466910462193274885
1466850594589528064
1466717253383036936
1466690094870384649
1466803630904729602
1466948645840777217
1466718592078991363
1466905659530616834
1466703778095132672
1466699505370218498
1466654616339156992
1466919624872579075
1466913150872154113
1466856339175612416
1466828183995498504
1466770522092441600
1466768840692436992
1466753185263992834
1466753048454201350
1466734287953162240
1466731206758703110
1466721526347034626
1466713072739880960
1466706177891340290
1466704915695214598
1466704443542368257
1466704407056293888
1466702852936675335
1466697369550950403
1466694139571892224
1466694014556540937
1466670695283187712
1466974090661531652
1466856438123626496
1466796913546522625
1466789690829201408
1466943312909070339
1466728380653391873
1466704812192329728
1466699160900407298
1466757798734168064
1466982399867121665
1466973517207912448
1466944829305208834
1466916662649577474
1466827792448831492
1466806998909931521
1466789161445167107
1466788831425077249
1466783180451573761
1466778475834982400
1466777298158305283
1466767425622343683
1466765458657345536
1466764906103926784
1466764157244510209
1466757119454023686
1466738584845623319
1466721569229586433
1466713588987400194
1466704955201363971
1466699135394799618
1466697568721588225
1466686480005230596
1466684402797219841
1466683088574947334
1466678635239129092
1466671170913112069
1466667984433266688
1466994218879094793
1466811051098329088
1466749956635586560
1466696305103630336
1466672146172710913
1466914828316930050
1466710386334318592
1466678242220281859
1466950401564061701
1466935684925562880
1466988315530317827
1466978604781379586
1466951457479880706
1466951025332396032
1466950244118065154
1466950042581749763
1466948479419174912
1466942572429860864
1466930482986184707
1466910054297133057
1466908955624370177
1466907617221959686
1466905302301696002
1466890883190591490
1466800024755396614
1466791973499506689
1466704682349473798
1466701155698839553
1466700471259652100
1466698560829857794
1466677343263477762
1466675372418908167
1466667315143921665
1466989581643833348
1466798644548411394
1466762853222785030
1466747660367392770
1466719485914923008
1466714134314061829
1466685669997256709
1466683699341115393
1466664104194576384
1466657831415734272
1466995751972753414
1466989866739109889
1466986820877500419
1466984258300354561
1466957595751505922
1466956723940323330
1466883944033370112
1466841741672292369
1466833578495463425
1466810561455292418
1466809312769032197
1466802430822084610
1466801835730083841
1466783631985184768
1466772563502125062
1466767065759432704
1466761841732767748
1466756360570236930
1466746851034484738
1466746449891401731
1466738648301375489
1466737441105195012
1466735188076294145
1466726775421956102
1466725177702563842
1466724613874880512
1466713188729298947
1466702697298636800
1466700927608532995
1466694211542024195
1466691433193041923
1466689375253762051
1466685690071207948
1466685685256101890
1466682333315149829
1466681932335304713
1466677447391387652
1466671734505951233
1466671213678370816
1466670062727794689
1466666408096395265
1466989151023079424
1466978896264400898
1466919756821192707
1466909511256461313
1466908565038252033
1466823485313851397
1466746873759240192
1466732437933678592
1466685547171090434
1466671844866416645
1466981889399398405
1466958154181201921
1466915849957040130
1466786292633538560
1466746024081383429
1466711169800933377
1466667198173225124
1466659061290528771
1466657735437602816
1466851482972692483
1466937915414441985
1466967505604202496
1466923690306768900
1466760499169677313
1466697738586759168
1466690708383821829
1466693088722653185
1466955719979110401
1466716224545431556
1466692397069312001
1466999605199917059
1466944913405218816
1466730139589365760
1466661640007344129
1466976909670055937
1466754550157570050
1466721466485915649
1466774928074498052
1466774148261183488
1466690073219403776
1465976435005280256
