1468431021062299653
1468430870952517632
1468425456936386563
1468424729253974018
1468424712694820864
1468423743693197317
1468422183051411456
1468420956976648193
1468420207567724544
1468420078064455683
1468416493826174981
1468416046113591306
1468415722082603008
1468415186814091264
1468415063648501760
1468409564336848897
1468407348888694784
1468407267867258881
1468405940995059719
1468401329584295938
1468400901303857154
1468399900329058308
1468395098387857408
1468394236307378182
1468392542672601090
1468392079189446659
1468384892161605633
1468384111479775233
1468379819012358144
1468372720291172355
1468353320800571393
1468353254350200832
1468340017919447048
1468327229142753283
1468293931532054531
1468268109131751424
1468265745872084994
1468265021339627520
1468255494829531142
1468247843664277504
1468246448512897025
1468243662320676872
1468242146687913984
1468240602538156050
1468239288798265351
1468235150463062031
1468234931193135126
1468234197001248779
1468229362646355969
1468227233324183559
1468225735898791939
1468224201261654021
1468223557272358912
1468222934774956038
1468221167626379265
1468220207843872768
1468216858541101057
1468216131554926598
1468215353268269060
1468211444772528128
1468211131135115265
1468207054787518469
1468206757851930628
1468204706556100614
1468204293622681600
1468203271026200580
1468202242855497730
1468200866083577860
1468197904053522432
1468197174899093504
1468195291434082310
1468194878446190596
1468192579866935300
1468190915663589376
1468188802329939970
1468188400331091968
1468187048586539009
1468186901232324609
1468186487409676293
1468185884868579333
1468179899307347969
1468177190470623234
1468176007576227840
1468174979833352199
1468174024165318660
1468169079773020161
1468167031333978112
1468166146071298050
1468157789377744898
1468157295204790273
1468154974358020096
1468152228087140358
1468150558288531464
1468150221473726464
1468148614861967361
1468145266536550401
1468143632192397313
1468143525464186881
1468141959906672640
1468141000828743680
1468140326623723523
1468139249325117443
1468133170813931520
1468132050259509250
1468131172689403904
1468119192335687684
1468118803833704448
1468118217117757441
1468116770758160388
1468114701616037893
1468114651607183360
1468111684354990081
1468109834759278592
1468109034012110849
1468108465348354049
1468107365094354944
1468106834653245441
1468103917003165698
1468103907851202561
1468103614694494209
1468102742732275714
1468102331468169218
1468101107557621760
1468099209161330694
1468098391049588736
1468098007388229632
1468095233057382403
1468089106995441664
1468088902078533636
1468088428927488003
1468086917304500227
1468084881565569024
1468081109422383105
1468079701306458114
1468146847629803521
1468114201054904320
1468432060574408705
1468425545549557760
1468419776514908164
1468416226724483072
1468413211267551235
1468407484994002949
1468406976505946112
1468405677458550791
1468403719544967176
1468398003857674241
1468397201885786113
1468397192788414466
1468394577186803714
1468390767236321281
1468390136958226438
1468388740867379203
1468381266122739714
1468367050619817990
1468351063463849985
1468340644330360834
1468309320186040322
1468253226810048518
1468241933709553671
1468241462731157514
1468237516327292943
1468237108699672647
1468228050424721408
1468225153884688384
1468224992852819985
1468215554808836096
1468213000683155456
1468201146829266947
1468194212654960640
1468188278239408132
1468180045105487874
1468176613682597889
1468176078061506561
1468170630000308225
1468170036959318016
1468168725043974147
1468164646079459328
1468158544776024064
1468152339752095744
1468146442191527937
1468145257426481154
1468133655130238980
1468128568970412033
1468117303019507713
1468114369527496706
1468109190187028482
1468095978183938053
1468092331668619266
1468088600155738113
1468085393706782724
1468080463243714560
1468080380959813633
1468422125476139012
1468401389894209538
1468390393725153281
1468357573644455939
1468237071546523652
1468236824061648906
1468235110092791815
1468176766199951360
1468163827623550976
1468161237598957568
1468431858836787200
1468426308723957763
1468424236880445440
1468423343669800961
1468422580679888899
1468418360220131334
1468405039987236864
1468390636298465281
1468376602685829120
1468373234017968130
1468363826496110596
1468363658656817152
1468363066664382473
1468357570054082569
1468357213638983682
1468252104179412995
1468211855361396747
1468204986077044737
1468183204657983489
1468181697808138241
1468178032091295745
1468177667488768000
1468167091203100673
1468133926912749568
1468086891589160960
1468079343788183554
1468417622119043075
1468414624060305410
1468400187869597698
1468400156319965186
1468357575246704642
1468234176868630543
1468231247138807824
1468211485285388292
1468168407480741889
1468164426260004870
1468160576442363904
1468135586124812292
1468134868433326082
1468128764886323200
1468097969060597760
1468097926186487814
1468097510040223744
1468097021722697728
1468086501225295873
1468413142216572929
1468412012614995971
1468379849009946631
1468343309873655812
1468267632054910985
1468237555091054600
1468214156788518913
1468211220469608454
1468182751635337218
1468179060098355200
1468177665211478017
1468143426952515584
1468139077996146688
1468094867230236672
1468085798247403523
1468440296341983234
1468438945889280001
1468425873996931073
1468424978903158784
1468424389024616448
1468421807896072194
1468418630064885766
1468415350786064387
1468414633287446528
1468411124869652484
1468407080121892864
1468404966066896898
1468404589032476672
1468403125279072259
1468395751608700930
1468388608520323072
1468387732003049474
1468387368797306883
1468383285503950850
1468380645470605315
1468379850779942920
1468379603185987587
1468377329231486976
1468374811881574401
1468372061231849472
1468338863747653632
1468275414518829058
1468258977167278080
1468252834798108674
1468247367128428552
1468246965444034578
1468245244454092814
1468228747845410820
1468221165734805505
1468218332041998339
1468206346050826240
1468205454593429504
1468199179906207745
1468197360412991489
1468196099659755520
1468191123566825473
1468183985268269056
1468180374329393154
1468179740427128834
1468172174129127428
1468167118109614090
1468161752198270986
1468159047689932802
1468153196208029698
1468147009462812677
1468139646773248001
1468138938820825089
1468137942312841218
1468135773555683329
1468135576410869760
1468134650266611716
1468126229551222784
1468126210349694979
1468123213356056578
1468115486986555394
1468109795735441408
1468104709298786304
1468102151545049089
1468098808055832577
1468095257812213763
1468089911181910020
1468086058436861954
1468085874323648517
1468275556332421120
1468202832239104001
1468200717483606018
1468079584637644800
1468443316190539782
1468435398053412866
1468426789630328832
1468426485065080832
1468423897443749892
1468421536277164032
1468417443076861960
1468407668674940932
1468398866948972545
1468396774922412039
1468394030820065281
1468385623580942341
1468382918238081025
1468381305360437249
1468377881797890048
1468361915709546500
1468357576815362048
1468291692147081218
1468257922480164866
1468256744778305538
1468254660054384642
1468205471056097280
1468202572800348164
1468190868381192193
1468178280461176832
1468176812526030849
1468176353052610561
1468174393444487177
1468169194785030145
1468165134354771968
1468162703919226880
1468153527482474497
1468145739943460865
1468143347566985216
1468139811466739712
1468128606605824002
1468118883584253952
1468118230069698561
1468114711774330880
1468114575786594306
1468114406705795073
1468100857111613444
1468098248904560640
1468098195464986625
1468088955279065088
1468088144885022722
1468083659580133380
1468083652177240065
1468081109959274496
1468444819949166592
1468444078241050624
1468442735300386817
1468442167802621954
1468441203414691847
1468440587263098882
1468440382216175618
1468439592990699521
1468439586569265158
1468439582802788357
1468437207635562507
1468437134063271936
1468435454563287044
1468435182730432512
1468434776189063168
1468433162418077698
1468432698817482753
1468432546203463683
1468432489316171776
1468432296550154243
1468431121478139905
1468430143475568644
1468429892681306113
1468429231163994112
1468429065111543809
1468426355771514880
1468425514184437760
1468424768152088585
1468423929567973379
1468423027348041728
1468421394652229635
1468420860146978816
1468420490649735174
1468418680757239808
1468417683007832064
1468417180001730560
1468417114671357956
1468415840793993220
1468415044157415427
1468414676757323776
1468414239786213380
1468413603103395842
1468413458651639814
1468412939136765953
1468409365040295941
1468407415582248964
1468407242659663873
1468407129270722564
1468405755690713093
1468405709779836928
1468404205199183873
1468403689115111424
1468403202798206978
1468402629617205250
1468400890268708867
1468400086375882758
1468397030808580096
1468397022713552896
1468393400588128258
1468393323412869121
1468393134950215681
1468389584740368384
1468388924112326658
1468388372527808515
1468386733595131904
1468386638216642562
1468386631455416321
1468386145884987393
1468385627343228930
1468385420064944129
1468384080643256321
1468383409168949251
1468382958432108545
1468382239608033282
1468379847315496961
1468379845096660993
1468378571756371969
1468378531545509888
1468377283811553286
1468376126229663746
1468375825007333378
1468375564553654278
1468375543758274561
1468374744722378753
1468372398617415684
1468371746180911105
1468371519378124800
1468371397298700292
1468370186927427586
1468369903832817665
1468369740280205318
1468368206884929536
1468359978322829314
1468309843836653579
1468307653721952259
1468300130801500162
1468285534208335874
1468281417771589633
1468264967526748160
1468264678144897027
1468263787090235399
1468263442872029187
1468257942260498444
1468249230238224404
1468247266800582664
1468247202615246855
1468246870912868352
1468243219565711362
1468242265718075405
1468242124613341184
1468241930962276357
1468240507256070154
1468240148496273412
1468239667015397378
1468239002331451402
1468235254284656640
1468234216399851531
1468447055194451973
1468445555831427074
1468443673054507010
1468443147873095680
1468441880660623362
1468433616887635969
1468430029122011136
1468424878030131200
1468420490268053504
1468395729936805890
1468389714176610309
1468389337322508290
1468378526977978369
1468377496408125442
1468373158885400580
1468372718194102274
1468366249423884289
1468361628039061504
1468360376286810112
1468358254463840260
1468268192753586176
1468244962244546569
1468238523660701697
1468238515506929673
1468238494661287940
1468226107254083584
1468223623810924546
1468212175365828610
1468211756677820422
1468207979035910147
1468194319236407297
1468185183157309441
1468182348822761479
1468179822178226179
1468178925821968389
1468178589040316417
1468176642371555328
1468172983118098436
1468162122978791425
1468155636575735809
1468154913754517504
1468152481410469891
1468148234035994627
1468127434247577603
1468127021846777858
1468103872300269573
1468101501721718785
1468097943945183234
1468096712258383878
1468096057989296129
1468094157591695364
1468080109550665728
1468448203162873858
1468447247738499072
1468443824850550786
1468441985111363585
1468441853091803139
1468441807650316289
1468440636953030658
1468432983161913346
1468415435573919747
1468414410028847106
1468410614577963008
1468407809209364480
1468406914438496262
1468403853284446208
1468402269833945089
1468398823709949954
1468396410785517568
1468395690233450497
1468385272849055745
1468365099031097345
1468355312688132099
1468343999312261120
1468262245540896769
1468248453293740042
1468241581371277320
1468211218913525764
1468210748144840704
1468210733418643458
1468207373927944198
1468178988107321348
1468177150872154113
1468174711360217091
1468170950168428545
1468168981395636228
1468168848452976641
1468158394695667719
1468151615622246406
1468150137788583938
1468149695407017985
1468139998058717184
1468136234560069634
1468135338220474370
1468134487498248193
1468128490188939266
1468092227398340612
1468435049393446928
1468405140323332098
1468401407158288384
1468174863252606976
1468163706747965441
1468156641396748288
1468130856573173765
1468400232215891971
1468214544325435392
1468241211806867480
1468101230958309378
1468452858911596546
1468450006478721032
1468439200701698050
1468429425469317121
1468427672824938496
1468426686857240580
1468417263640498181
1468408114835640325
1468397285897740297
1468382887267340290
1468379720496545793
1468375466851459072
1468367932862320642
1468339241679609861
1468312698114904065
1468284334503194624
1468278272089677825
1468270702000480256
1468265145637822473
1468257845497843712
1468256337314213890
1468246688984977421
1468244271065190403
1468242875817340941
1468224975664414724
1468222530406125568
1468206751782563842
1468204243710472193
1468201976714326019
1468189213916991492
1468177057242775556
1468176579486380033
1468172756076273666
1468171310647758849
1468161590507683844
1468160996279611393
1468160941372047360
1468143637389213696
1468129636135555072
1468123681985425414
1468122191803785216
1468118382192906242
1468105916604030986
1468093633823862784
1468089130022170625
1468451771060084736
1468449006376427520
1468439596526489603
1468439588846718981
1468427596803178496
1468425804195450887
1468424481248976901
1468423688999432193
1468420531309346817
1468417281646632972
1468416485781430275
1468411687317372931
1468407704842489856
1468403795063451649
1468403788331556864
1468400258103218176
1468399897153916930
1468392775150231554
1468378881161760768
1468369628468776964
1468367987711246339
1468352188967575553
1468349700583555077
1468349677330333698
1468237885849669644
1468237661848719361
1468236727982735365
1468223455556354051
1468221728622985219
1468216360501088257
1468214159678394368
1468213348001284097
1468211215037984773
1468209440880926722
1468205447198822401
1468205431373774851
1468204652785070080
1468188607672430592
1468180690394963974
1468179357839417349
1468179287014400001
1468179199999418369
1468178704060739588
1468169891001757705
1468168342351527940
1468156010674081797
1468155702010990594
1468154458387324930
1468152964007165952
1468143291807981569
1468136213060087808
1468134997169086465
1468134265560788995
1468131265056366594
1468129301979615233
1468126909879894017
1468126394618056707
1468126280751071232
1468125861966614528
1468121025560788994
1468117328516694020
1468114817550413827
1468114645009395713
1468109788185722880
1468102025363660804
1468095426477768706
1468092285225078785
1468092279940284417
1468086618372329472
1468085632144592902
1468085226316316672
1468083024323485698
1468082502816256002
1468081435722407936
1468370952442368001
1468261355698331648
1468222777190940674
1468222489784246273
1468439291067994118
1468367165103345670
1468367163450802178
1468129993595052032
1468181696306552832
1468451811170615296
1468173460492861443
1468167322246336512
1468126511278718976
1468088403879084035
1468264596691558405
1468194429454352390
1468118286822825984
1468361617247141893
1468173475311337472
1468431008919801859
1468187416146022401
1468135942225424384
1468133045332967425
1468124050962599937
1468090562108526592
1468082285077401600
1468438192147734532
1468111167784513537
1468099332574355459
1468098850107715586
1468419391595298817
1468383903647887364
1468376825374019588
1468156615060639744
1468143729433202688
1468405102289555459
1468088103185223680
1468174681001762819
1468128173887930368
1468124879211819009
1468099067087507456
1468421357008347136
1468412506636836867
1468397828846223363
1468395440827633666
1468269366592647181
1468254723216052226
1468383723053846530
1468447758138830851
1468273160516558857
1468244103062331399
1468234911270252551
1468148581139767297
1468114508027629568
1468449547772850176
1468178163175813123
1468082424391163907
1468180675920465921
1468428542950055943
1468421322577375235
1468396466234290178
1468396160721174532
1468253977036816385
1468181224455770120
1468109830304899073
1468106459145596930
1468106062687457281
1468232216912310282
1468456316960051201
1468198075864793088
1468409064883298305
1468379548722941952
1468141976834899972
1468111827041095681
1468101089253728258
1468209692241317888
1468152286358556672
1468104833559187456
1468162220857061378
1468437687673573377
1468432777464803335
1468418155793977344
1468181574621413380
1468098480925122567
1468438259134910472
1468437538062815232
1468436067057487876
1468406320097153026
1468397410984595457
1468344433787555840
1468120003601858561
1468098610797559809
1468391484374196224
