1472074062541123585
1472071994594115585
1472071106429276162
1472068236749402115
1472064454347030528
1472064437360099333
1472062441831866374
1472062304086728707
1472055088252432385
1472049905946402820
1472044337928179713
1472043142392078340
1472042684529344512
1472041872927653891
1472039282474901516
1472039099678662665
1472036516306116608
1472035798719500291
1472033817519001600
1472031414392483842
1472026229993721859
1472012486995951620
1472010313256288259
1472008680908496896
1472007048837488640
1472005554130194438
1472005552414728194
1472002938822291456
1472000555643912193
1471999203610017795
1471998820732981248
1471994779248754690
1471994189004951554
1471989309570170884
1471983399795507201
1471980036651569154
1471979677568966658
1471972287414870018
1471960430411059201
1471957266592980999
1471922968984887296
1471899168163569671
1471896891335929856
1471889184533069827
1471884015326040065
1471879442397995013
1471874411200352259
1471871057380315137
1471866740539752448
1471862975937986561
1471861590605451266
1471858055260545025
1471857529407688706
1471847565431767042
1471842966536790018
1471842352289386498
1471841715271057417
1471841155528609795
1471837135854444544
1471835586193358854
1471834720472207361
1471831976252375040
1471830870847733761
1471828825231167488
1471825889365168130
1471824869377540099
1471820320470306818
1471817710006779907
1471816663410491396
1471813038118359041
1471811421822337025
1471810272071340037
1471807825563189253
1471806818020061185
1471806134025527296
1471804443469377537
1471802414877462530
1471801750327738371
1471801726478929923
1471801479967043584
1471800154583752709
1471797023208722433
1471792190699421697
1471790489116372992
1471789366867496960
1471787470471585794
1471785341489008642
1471783039680217090
1471777849312878593
1471770580223283202
1471765318758383616
1471763898747351042
1471761371662409729
1471757289363107841
1471756912249114624
1471756218066628608
1471756147623219203
1471752314809688066
1471752034944950272
1471748029380116480
1471746444969213953
1471744124344623111
1471743016897433601
1471737934562824193
1471737594215952387
1471734871026388995
1471733387450748929
1471730231203418116
1471728434103533573
1471728228964331520
1471726706574589952
1471725887859019776
1471725368650641408
1471725254032576512
1471722926697156608
1471721530627223558
1471720967474843648
1471713381467840513
1471712810476314625
1471711953982611461
1471710470918664198
1471706665363800064
1471705232497274883
1471698601893982209
1471698533950517254
1471697811766865920
1471696999065919488
1471695977333473281
1471695222014984193
1471691719343104002
1472074071907000320
1472063926003113987
1472059176998162433
1472054710949400577
1472050762943393792
1472046469523951619
1472046005327699971
1472045028981633027
1472042084974555136
1472042075663187972
1472030935197515780
1472030769748975621
1472030633740304384
1472028263912382465
1472021559392964609
1472011171951611905
1472008401488076808
1472007229477822464
1472004560990343169
1472002085004595202
1471996162303479815
1471993434378366976
1471949393615982592
1471910634493132801
1471906625728528385
1471895653865299974
1471893925031940099
1471888117565067270
1471882033118908420
1471881150473768969
1471870015141990407
1471866723565404160
1471858491794944003
1471847838833205251
1471847819262578693
1471847695119577088
1471843578477383680
1471833552899612673
1471832268553392129
1471826716532555776
1471826267817353224
1471822842870132740
1471821917074202625
1471811989500424193
1471806374929580034
1471803119465947136
1471801704383324163
1471799487488086017
1471798993550143489
1471797430534361089
1471793673088110592
1471792671341436930
1471791382805180419
1471788873311162368
1471786158594027520
1471786138520080384
1471779972826075139
1471779927624089601
1471774966265761792
1471766564051456002
1471766150635659264
1471765308272611329
1471763021634498561
1471760507203846145
1471759251009785858
1471758491752751106
1471755336193351681
1471754811108438016
1471752411530219525
1471748487574261762
1471747582103744517
1471745735913844740
1471742073258737666
1471741863749206030
1471741721218146304
1471741443924320256
1471740981204733954
1471739768522395649
1471739022183739392
1471738292508917762
1471737479711662080
1471733230227185666
1471729119939289089
1471728465116209152
1471724932530794497
1471717492519104515
1471714775474130944
1471714272719917059
1471711351756124162
1471709874039889921
1471708595901194243
1471699291240497162
1471696641011126276
1471693810124005381
1471693324662632452
1471791648535318528
1472063543910363142
1472052691274657796
1472039236182237186
1472003168359763968
1471984153751023620
1471889019722035206
1471848526523027457
1471844153902329857
1471832035845021696
1471829883240083458
1471826146496942080
1471826043019300869
1471823932374196230
1471818721866190850
1471795685603221505
1471793889526702080
1471790774274560003
1471787299574743041
1471784098939105283
1471779657594773507
1471777794883407874
1471776434863558658
1471773214221037574
1471773128837632008
1471768205022531585
1471763312085909504
1471762292559646723
1471762014632435712
1471761039159005188
1471748626967764993
1471745988591177729
1471743858006396929
1471737228762107905
1471730995179102211
1471725567347019776
1471724272280227840
1471722316421758976
1471721459009527810
1471714313870086150
1471708498811506691
1471704115491131396
1471701956951379969
1471700452366553092
1472064464841166850
1472057820933595138
1472026919830839298
1472025318084923392
1472023060345540608
1472021229414481921
1472014410646388737
1471897878511570951
1471889322718547972
1471823378600239105
1471813297078870018
1471798013836378114
1471785168562114565
1471765631607324672
1471752308564312065
1471748110346899458
1471719278831230977
1471704323058921472
1471700758655475714
1471697535408373761
1471693102406455296
1472048886357188609
1472044746742718464
1472044744553361410
1472038431190499331
1472023444313153541
1472017188152172546
1471982553686892546
1471952948129267714
1471914932862173190
1471863103751032836
1471839424694521857
1471826966353518598
1471800580620181506
1471798996398080002
1471791022086635520
1471784227888787465
1471776822027194375
1471772031536431110
1471761991719030786
1471748341813886979
1471745670700625920
1471743028712804353
1471730186412462082
1471705754570670082
1471699446593298433
1472075820130729987
1472065709752520704
1472055693205147649
1472044748894470144
1472044742418436104
1472044739750875137
1472035552308256776
1472028376974049283
1472021572835688451
1472000919898234880
1471992247633674241
1471992120923676674
1471973802330316800
1471933991712399370
1471926428337901570
1471909146081443842
1471902524118609930
1471891676897546241
1471882681197547525
1471872154765447168
1471871782323851264
1471871607316496391
1471867498576244739
1471850573100060675
1471850504124702726
1471850088645349378
1471849875725852672
1471844602093064195
1471838778092183552
1471837915386826753
1471835165026512899
1471829150696558594
1471828270551232514
1471820516725911554
1471815721441062912
1471815471963930630
1471808022997463044
1471805155964174337
1471804963034578945
1471804295121014791
1471800276893847552
1471799051070816258
1471794829478662146
1471793923269935110
1471784793490685952
1471782284613275649
1471779605354737664
1471778016183214081
1471776127953694720
1471775739632504832
1471774267020746757
1471773428256362496
1471773180805009410
1471762190927417344
1471761092850249730
1471757677344608256
1471757070101671937
1471752531969654784
1471750239514087424
1471749869555519489
1471748313598685184
1471738148518432769
1471737549521506305
1471736831121104899
1471736809772048385
1471736131200774144
1471735941035216896
1471729118563602435
1471727327419645952
1471726090649411589
1471721380672536577
1471719602153426944
1471715183475060736
1471711937637453826
1471710281428471811
1471710126977421316
1471706412367503360
1471704568337559554
1471697482442678272
1471697250648608770
1471693886590316545
1472057454133346309
1471831391016919047
1471754177957150720
1471754070415196161
1471751873002573824
1471746932691271680
1471717186213269505
1472076189565009921
1472072721987104777
1472070291836727297
1472065571554357250
1472065045999673349
1472064238629777408
1472064175706832896
1472057914383040516
1472052898368344067
1472044005928013825
1472043286915215361
1472042879807725568
1472042449820286979
1472032877994905602
1472030949974380548
1472029831428665346
1472026707494203392
1472025710441099264
1472023812627599360
1472014192253095937
1472014069842563073
1472013908093194242
1472013553058025474
1472012690164170752
1472009220648177666
1472009155028275204
1472007125706555394
1472006390029840385
1472002680646103040
1471996728685432833
1471995260846764036
1471992627033563136
1471992569034776576
1471990385320751104
1471979083521134598
1471950967872516096
1471944495163854850
1471929304346873856
1471919765635534850
1471907724078190593
1471903807147675649
1471892995108577285
1471889609462190081
1471873520783163393
1471871517524840452
1471869762078601220
1471865759752015874
1471856284651511809
1471844077104623616
1471843439146770438
1471837162807050241
1471837018938220546
1471836732370817031
1471836294024105989
1471834506155880450
1471833914989682692
1471833461279260674
1471832489404481536
1471830465958977540
1471830429372076032
1471828522905731078
1471824728423690243
1471823712441696259
1471823345649786887
1471821961596522496
1471817848083267589
1471815073031098368
1471813437013442562
1471812247626268672
1471811551917056004
1471804963445633031
1471804633899102209
1471801693092253696
1471794054442610690
1471793015983280129
1471783657715089409
1471782512477179908
1471777796611477506
1471776309525172226
1471776115236638720
1471774803166068738
1471774782093815809
1471774165988302848
1471773133052907521
1471770980586459139
1471770701002539009
1471770126609383425
1471770099547729922
1471766149763375111
1471766029319630848
1471763554067828736
1471762133532561408
1471760228815294469
1471757768101007362
1471757403180105728
1471756970767962114
1471756152505454594
1471754896118484992
1471752268705779714
1471751889351938050
1471751312463187969
1471750674014638082
1471750243582685184
1471749714269769734
1471749303760666626
1472074667250700289
1472074151347245059
1472072707449573377
1472071981927333888
1472071270594334722
1472069988198481921
1472068163630034944
1472065347616329728
1472065277416247297
1472057102621233155
1472056377807753219
1472056028548108288
1472053161472888835
1472051561199063040
1472051302943264769
1472050699395485696
1472050120879316998
1472050038201143297
1472049754217463809
1472049397592576001
1472049114552565767
1472048646753603591
1472046904934428673
1472045143003840514
1472044084894126082
1472043218229334016
1472043054789902336
1472042743622881280
1472042668272144384
1472041951805333508
1472041936030625792
1472041468843810816
1472041332587728898
1472038975573397517
1472038920963727364
1472038089879003141
1472034991550832645
1472034794665963522
1472034632082157568
1472032634041552898
1472032039977185280
1472031435443740673
1472030807569145858
1472030679395225605
1472030666531368963
1472028637608091651
1472028634420371458
1472026700074524675
1472025206155735043
1472022313449103361
1472021698480246785
1472020314078908419
1472018929962782720
1472016972757958657
1472016968609796096
1472016966302896129
1472016254726672384
1472015992414818305
1472014272909643777
1472013593881165829
1472011881493643266
1472011740292415490
1472009656625029124
1472008721047773188
1472008040756875265
1472007414031413252
1472006964129374208
1472002183809757184
1472000919722102784
1471999344026943489
1471991583650185218
1471990582130077696
1471982811804405763
1471981435795881986
1471979016366161920
1471975929660379139
1471961973612896259
1471957293314936832
1471938475507126272
1471935536851914752
1471897138590146574
1471896615430459395
1471890780864139264
1471887602089271297
1471884248424456194
1471883218500538368
1471882593003999233
1471878101181157379
1471877252329607169
1471874697025384450
1471873534557401100
1471872130497220610
1471870998567735297
1471868556404871168
1471868364872159238
1471867124410818562
1471866855874699269
1471866592338214916
1471865654525394951
1471864784983564289
1471863140568559616
1471862922108231688
1471862866546356227
1471862767636598790
1471862549188472836
1471860665916669956
1471858699186675713
1471854748584202242
1471851902040088576
1471849288359505921
1471849153940660227
1471846563274051585
1471846286206791680
1471845163651584004
1471838036832911364
1471837304591314947
1471835613674422272
1471834508458545152
1471834210847506432
1471834098930884609
1471831293327409155
1471830477128359937
1471829525768011778
1471827558970929162
1471827471569883143
1471824471560364035
1471823044641316864
1472075049360265217
1472068364021288960
1472056174316965888
1472056027575046145
1472046054082183169
1472035176955842564
1472033667354484739
1472029914266103809
1472027363185618951
1472024196867772419
1472019793117024257
1472019360965279745
1472003880720289794
1471903567162519553
1471902669178507268
1471887041738641408
1471875387302957060
1471862772157718533
1471862413498597378
1471860242887901186
1471859288788275209
1471848179331059716
1471840730762989570
1471835551749730305
1471834182619856896
1471830350938603521
1471822178718924800
1471816032029339654
1471814946895712259
1471812877627523072
1471806514562097153
1471805510261239813
1471793603219316738
1471781817522941953
1471779868111097860
1471774361732321283
1471765832027947009
1471759529838735360
1471740622046261250
1471740340558176256
1471727188944715778
1471725862173089794
1471723799791824900
1471722112104611841
1471719401833463809
1471712565386309635
1471712276889571332
1471708496773062661
1471706799669592064
1471705878675931142
1471695169489555456
1471695164674494466
1471692415345979392
1472036181458124805
1472018422632378374
1471999378072092672
1471988801652203522
1471895640502243328
1471880732192641024
1471877111937785856
1471868698096926722
1471864676451758085
1471861139881422852
1471847827001069571
1471831403100733444
1471829916240941058
1471816219212730374
1471811390776102912
1471797168029650946
1471776175978541066
1471759493079830528
1471758146557267971
1471747765613047819
1471747321457262596
1471747072244207620
1471729140055166981
1471718734628720641
1471711842154127361
1471711026978557954
1471706052697591810
1471699734339354628
1471696244548325378
1471695607773671424
1471818131987337225
1471805591404179460
1471801626386055169
1471800788485767173
1471734095893778439
1471817274004672514
1471698008936878083
1472062874667208710
1472057917285171203
1472039452583227394
1471885433755766788
1471857248888451072
1472073853119569922
1472066884723900417
1472055215608057857
1472054632750796802
1472045439734063111
1472034998802780161
1472034842564984832
1472027615599140866
1472025115290333187
1472013368374353921
1471973603344142336
1471901202614947842
1471876366572294144
1471865654827360257
1471865068895801351
1471864073335689218
1471861924480438274
1471843850150838275
1471842860320264192
1471842125805649925
1471837832700329985
1471837278079119363
1471836569229139970
1471834306993483784
1471833317708234757
1471829955298271237
1471827586825089028
1471825542684942344
1471821057032032257
1471820794648956928
1471798684857745410
1471798564657401860
1471782691330674689
1471777993127170048
1471776918777176065
1471775505229639682
1471746486341971969
1471742015805165568
1471741622660452352
1471733035368206339
1471721937873342469
1471709671614337026
1471707334896328707
1471702332773527553
1472066719980023808
1472063147984834560
1472057547683028993
1472056326662410240
1472054020806254594
1472045186662420483
1472038573071552512
1472031419530506240
1472028215287840769
1472026177178980352
1472024684694683650
1472013341094674433
1472006090506133510
1472004593517154305
1471970985599549443
1471965446211440642
1471965152383672321
1471901034293633024
1471892357226270723
1471884277243469826
1471872302648201216
1471867044186320899
1471860040504004615
1471853220641214468
1471842378738634755
1471840571463331841
1471835050668806146
1471834510350192643
1471834486367158279
1471833523480940545
1471832682967429124
1471829962940248065
1471816282395668483
1471812788855066625
1471812500396072966
1471812424684564480
1471810485318131718
1471810462916374528
1471806444567621636
1471805591043538945
1471803295760932865
1471796507753869314
1471781716800860160
1471778879253594114
1471773945309261826
1471763319589535744
1471758793906216960
1471757053765029892
1471746757369339904
1471745097846849536
1471744327911047169
1471741555002142720
1471739751694680064
1471737397175980034
1471737046460874754
1471737009643294723
1471736924788314114
1471734404758204418
1471731446398083072
1471731444292603904
1471729275069894656
1471727880732250113
1471725982285373441
1471725371619831810
1471724096006221829
1471702380857028614
1471699242867585025
1471696598631477249
1471694162172919809
1471994258072633344
1471898102197932037
1471737308256751616
1471778173670940675
1471830144020926471
1471802688954191875
1471874472126738437
1471810860490186755
1471807920371224582
1471803486329139203
1472057068827734017
1471895514291474438
1471798231709278208
1472014519043964928
1471765110548885509
1471903268028645382
1472059648349859840
1471908356541403143
1472076648505696259
1472074580705832960
1472072597953150976
1472072333112188932
1472071885764521984
1472069349397590020
1471873686047129600
1471857178663260161
1471842497777180676
1471791623151382528
1471764299508900122
1471733786299695107
1471696194933964800
1472043166865846274
1471901400376299527
1471858406411624459
1471843462043430912
1471791196091518977
1472071399028105220
1472068478894964743
1472013076329205762
1472045493668638720
1472039914090819588
1471725341500526596
1472012090328059904
1472001212325122050
1471874439708954629
1471858784020856832
1471854147292962816
1471846305743847426
1471822535218106374
1471808993182248960
1471789794891948033
1471766775842832384
1471749689758261249
1471708036238430210
1471766303207612417
1471732818061316097
1472034770930450435
1471869514107146241
1471812271298859008
1471741164541779970
1471707096299147264
1471982173636812803
1471791562686230533
1471768343849803779
1471722764071436288
1471988368032501760
1471762970656923648
1471703139434696704
1471873225432834053
1472065950417444869
1471805563122044932
1471803203314352130
1471747616866123778
1471735096956764163
1471722375183888387
1472072572917280768
1471832680228548608
1471825056271507458
1471796014151471105
1471719221553811456
1472004103190417409
1471978692440035328
1471742387294597123
1472037448192458752
1472060537605292035
1472059585284296704
1472059197172846595
1472052917947355136
1471976193037463552
1471771938271809540
1472080605554757635
1472070167655944194
1471891383925415936
1471822709680001030
1471029661945634820
1472074107600605194
1471905803770556417
1472080108118700036
1471789869017960452
1471810166416818181
1471794797459300356
1472068181539770370
1471983301552328705
1471832888983257091
1471826376915259392
1471814361593225218
1471790225751826434
1471779220724477960
1471770675379535876
1471703067955392512
1472076882984071169
1472011267502075909
1471912941024792577
1471863049900507141
1471863024843513856
1471858854384205824
1471778154503016448
1471778145472692224
1471778140309516289
1471778049536380928
1471774321290801154
1472057527135207425
1471703530331275266
1472074080685740036
1471749857404588033
1471700244186370048
1471882276698877954
1472044185653899264
1472013924648116227
1471824914634006532
1471837310769500165
1471796345904062464
1471782129574973441
1471756029281009666
1472033650929635330
1471995773264949250
1471992259566469121
1471982356177166336
1471849483868651522
1471849196810432514
1471813769588137988
1471782750428401667
1471782426955304960
1471773244780806144
1471767091229323265
1471996571982057473
1471835058109513730
1471749834952507392
1471827344469889028
1472020127637917696
1472051968268922884
1471839093629734916
1471774086422425602
1471772381756669955
1471772126575468545
1471738492606504961
1472076660501630976
1472058249318789124
1472044052354768898
1471994074445930496
1471969346062721026
1471937789889368064
1471868443636867074
1471864166726049800
1471844533637828609
1471835235482357760
1471817152244060163
1471816674890289154
1471805269394923520
1471715781830496259
1471714135318548482
1472053352124928002
1472034065729523714
1472033418019938311
1472032616987566081
1471835280340504579
1471808812638085120
1471730994046595072
1472071374982332417
1471826098505740290
1471795059171336194
1472026858996699140
1471836462798675977
1471801750013112321
1471775653150085120
1472042022294802434
1471865368662577155
1471802185906151424
1471731434171744256
1472026900037963777
1471825258093051906
1471765219659567107
1471732344042098689
1471815360282521601
1472077600113643521
1472056146567438336
1472055735164960768
1472008439329013760
1472008437743566851
1472008436099411969
1472008434677542915
1471993067775221761
1471878677973532676
1471818017243729923
1471802025574690818
1471738146639388673
1471731716876242944
1472041592584167427
1472018357356404739
1471846463630045186
1471753366644707331
1471744325566361600
1471831081565384705
1472076041745158145
1472074724825976834
1472073613658312707
1471852917502078979
1471837895300632578
1471829696484544520
1471717442124587008
1471707788527038465
1472061541058891780
1472057371258064896
1472024810012098561
1471891349318209536
1471870932088094722
1471774263019409409
1471763518009397252
1471704380831195136
1472044003553996801
1472044001628852227
1471840437157576706
1471788237156859904
1471994411756056576
1471986207764598785
1471782199951118338
1472042866289491969
1471812236351979522
1471757391590932485
1471732767008309248
1471753317604859905
1471732659755761665
1471835174627250178
1471732978174730240
1471834999288524800
1471750688593965056
1471858083110416384
1471836260360589316
1471835790804062208
1471834513848164358
1471834513227456514
1471830804011511810
1471733144487301124
1471993250298810372
1472051072512389120
1472038606919413771
1471886661646954496
1471884393891319815
1471851238182436866
1471857983415939075
1472039056808628226
1472033371270176769
1472009747045912577
1471979219588550662
1471866735699525633
1471827619578626056
1471821965975375872
1471816565460914179
1471806027884417027
1471745109435695105
1471739144409784322
1471737244952133634
1471730945325600768
1472059882345885699
1472044621429559296
1472041750571012097
1471938219583295496
1471865918439391232
1471992109695602689
1471883350457548802
1471850259966234624
1471841931990683651
1471792919828852738
1471740239760662528
1471841501004984334
1471766735518724097
1471766237247983616
1471750854772334599
1471750663356829697
1471747908525379585
1471728216763080704
1471869812418617347
1471818691272581122
1471807970950324230
1471807517680226308
1471727926190034952
1471727453462675460
1472008390708641792
1472007269365661701
1471966468464160772
1471943856413458438
1471925297813630992
1471859777374351366
1471815064495685639
1472032799066497030
1472021583887618050
1472015721198612480
1472000708844998656
1471947689675964419
1471901861485580294
1471866808043204608
1471848865028460556
1471747007177912324
1471831023411294209
1471822410714210304
1471934491685842946
1471873403477020684
1471832734939369472
1471769069481123843
1471886740772167681
1471866021417926658
1471846752261054468
1471807233856053250
1471767020471422976
1472048775908626433
1471783783070318598
1471793514044219394
1471727779821408256
1471727426212302850
1471778677209714692
1471775800282157056
1471836044555214848
1471804189533605891
1471736633313529856
1471730259808886784
1472025714866069505
1472058790228856834
1471880639041314821
1471751310974361600
1471736424944869376
1472033513603887107
1471883360230248448
1471863060423868417
1471862122749390848
1471835190964064260
1471816446359392256
1471797868692344832
1471786793838137345
1471775068795531267
1471771660059508738
1472058074244341760
1471710590485680129
1471737298316185600
1471709896693276675
1471959655819579394
1471771561820520449
1471760046908338177
1472082536033447938
1472055690319437826
1472005953843195904
1471993159085289473
1471886861668814849
1471831741639708672
1471830798428893184
1471830103378120704
1471796845529616387
1471796373745922049
1471757775776538626
1471738196752932869
1471735120793006081
1471732601228390400
1471730086407651329
1471729386919321600
1471727278182653956
1472065350850072576
1471874461531967491
1471832366066790401
1471831966106337284
1471798411116826629
1471776362805403651
1471758331950034954
1471747797305405440
1471746251787943939
1470277221164019712
1472079034519416835
1471755342014910464
1471725073954344964
1471716392193826816
1472003935816716289
1471851196033867781
1471737472660955137
1471731773478354945
1471820687480221698
1472087343800545281
1472066187282452482
1472040852667076613
1472035023540809731
1472030404412526594
1472030125029879810
1472027740207390720
1472000399255085056
1471992772030726146
1471958208440770560
1471885355146104838
1471824696823873537
1471821353615564801
1471790525489418240
1471747835951398915
1472058715951943680
1472049566262251521
1472023864259448837
1471886180480286726
1471866198899888130
1471800550974898177
1471799150362562563
1471759154004045826
1471724179816738819
1471720247786803205
1472089721895469056
1472030103185940487
1471979056463712257
1471806658158338051
1471806032452063232
1471806029675384838
1471805982946709506
1471737889289502722
1472069688578301954
1472065934982455299
1471979936562909186
1471860277738184714
1471813119944970246
1471812479961415690
1471812412059762696
1471807744839540737
1471807728553132033
1471804863751151617
1471794494374703104
1471779754625810435
1471779094190706690
1471759160857538560
1471753134783361024
1471748354631553024
1471746728508502020
1471744541543657475
1471738965162020864
1471715012267761667
1471713552926838785
1472086490989543425
1472086473604100100
1472022765351833600
1472014981562466307
1472011182437404674
1472007087437664259
1471992424046100482
1471852204432658435
1471843474622140421
1471834313071239176
1471812483568451587
1471809321826603010
1471789033923571716
1471784107713597441
1471777156422270977
1471770711052091394
1471760118815490055
1471750265342611460
1471735133359120386
1471733414751465475
1471707597166182403
1472072887519514626
1472049960187142148
1472028531785756672
1472011842503335939
1472006257452064773
1471968140649111553
1471965186567245832
1471893353587372034
1471891631787810816
1471873219913142276
1471859780390166528
1471854381037662209
1471851961507106821
1471846160109289479
1471821737545269253
1471819646684651522
1471818074361765891
1471814201018621953
1471812404090744832
1471812035075710979
1471810224272994306
1471806002597023744
1471802605550534656
1471799407460769792
1471797344895217666
1471787975910428676
1471777000259997698
1471774154663862274
1471758597935669252
1471753846057750531
1471736310163554309
1471708041330393090
1472070853726670852
1471895769309458439
1471836456960200704
1471820752873611270
1471817508520808448
1471817262319374339
1471802476227481600
1471745224716087298
1471726127555411970
1471715934947594242
1471714420824817668
1472086404259725312
1472077701007613955
1472076998117715969
1472042745904517121
1471856980243337217
1471803531648593922
1471773835271675905
1471759271918407684
1471872201603358731
1471816105962344448
1471782475235946496
1471744857890648064
1471849944893964291
1471836872808677379
1471833129874690052
1471804037544570880
1471775468877664256
1471769641332604929
1472041721902993410
1471885861960646661
1471809870881906699
1471795057350955008
1471723174509387779
1471707703848415232
1472089681558794244
1472089494618730498
1471799085254397953
1471994996819574784
1472024287124996096
1471963012453978115
1471829147206885378
1471714879576760325
1472065799019905026
1472038657087324162
1472026506742300674
1472025874375462914
1472024916601950210
1471837843118981121
1471798420771799043
1471782507863429121
1471721604228866049
1471991166035894272
1471853552309981185
1471852839810973696
1472022354351910913
1471750884006641665
1471898642273300481
1471739987024510976
