1469875548797091840
1469871455093493761
1469870085078540289
1469869624774647811
1469868483915616262
1469866224548921346
1469866066440761345
1469866059322724355
1469865707273740289
1469864922788077574
1469840984355733504
1469836839636799490
1469834312900124672
1469830621828579330
1469825150086688769
1469819292090650624
1469808811619721216
1469799025960374272
1469784817986260994
1469748748976750596
1469735059787694081
1469721208518164483
1469698961623506949
1469697572142866434
1469693883860668420
1469688502316986370
1469687917060640774
1469687613783089156
1469682889247707141
1469675244285616129
1469673999101689856
1469673991543529475
1469672888772878347
1469665525005369351
1469662508570976256
1469661419419234312
1469659641634168832
1469655917268332544
1469655276122828800
1469649823263387649
1469647611430719490
1469646338572775425
1469645692557688832
1469644779889709057
1469643447724220418
1469643348780724224
1469642921410392065
1469642898526277636
1469641144527065091
1469639978221129728
1469639064185819139
1469634319966564354
1469631025252745216
1469617303796871170
1469617026234679296
1469616376067158021
1469616025918337027
1469615421116411904
1469615340430630913
1469609996929232899
1469601638851616774
1469599111678550016
1469595909633634307
1469594845765259264
1469594146201432065
1469592686285914115
1469590504622940164
1469589738487115776
1469589434236497921
1469588356086468609
1469581010413121536
1469578794155450370
1469572661252542466
1469564438608896004
1469561529913671682
1469561432710664192
1469560528670322691
1469558050151411712
1469554141613547520
1469552595966431232
1469544478344056834
1469540950338772995
1469538824233517058
1469538012979609603
1469536391361019904
1469535974795321348
1469535875801309187
1469534291335925760
1469529748548116486
1469522577634832385
1469252536464916481
1469864617367142401
1469864613588045825
1469864611700563971
1469857747139133442
1469857741288067072
1469854280177762305
1469848187083001858
1469786537697107973
1469761548356710401
1469723335311310850
1469710051245838339
1469684191881138176
1469671600144273410
1469667580721852418
1469662471321309189
1469661994034741249
1469660230023667722
1469657923693400067
1469655613143539715
1469648779695456258
1469640150070149122
1469626171667070978
1469624735751278593
1469624196091158529
1469623237105520641
1469617785495977984
1469609625536241670
1469604928129753089
1469597306097782790
1469594861498109953
1469589576662482944
1469589144938553345
1469573635371192322
1469564218244489219
1469557292475437056
1469544334076755971
1469537757273853952
1469532931802550276
1469529026502926340
1469689734288998401
1469639461977743364
1469620433334849537
1469614167585746947
1469862140563521536
1469847535648968709
1469838625948856320
1469809027194314757
1469802191531614209
1469705460110430208
1469678183989481472
1469654242784780293
1469651247607140357
1469635420577165313
1469628026191167489
1469621698689339397
1469619086975913986
1469616680061968387
1469615354104016896
1469610864604975109
1469581335882698761
1469579508231512066
1469576092872704000
1469539295778070529
1469830283201376256
1469690196580978690
1469682697316429824
1469646554625560583
1469636653845151745
1469635994819317762
1469630474427322369
1469625084633665541
1469618940913483779
1469617270431227904
1469612436391006208
1469602622466232320
1469569369302704128
1469558203822133253
1469879007248359424
1469874441433731076
1469864601667964930
1469677231509151744
1469673372917252100
1469671007916986375
1469639260382711810
1469638774149681156
1469632646586241028
1469626444015759361
1469597120395034625
1469578115055714305
1469550358129098752
1469539944775380993
1469867746657595392
1469860946851942402
1469859096551591944
1469844590152675330
1469844507394904065
1469831606105870336
1469822295988260865
1469817911355142147
1469720866036486144
1469699585941458947
1469695464987529217
1469674767456161794
1469670578952937472
1469654207112249345
1469645643555610624
1469642667919216640
1469630774143959043
1469629779208904704
1469629668919693312
1469625340347617283
1469624839371558915
1469616807753383936
1469616381356240898
1469611765512105990
1469607919805255681
1469603707872374785
1469582257744592901
1469573979593535490
1469569172749176833
1469565338056462336
1469559933955756032
1469557705803137024
1469554875868479488
1469533136451084288
1469827896613040128
1469808811917869056
1469544176177926150
1469874562229698562
1469869591618744322
1469853746150526976
1469847168936648704
1469838155947802625
1469836388170272770
1469827296714321921
1469824169093189636
1469819477298597889
1469742899415830528
1469721910296530945
1469716935419916292
1469708707332198400
1469689106678497280
1469683525649534985
1469671881426935811
1469660580311011332
1469651770410291200
1469651296718245893
1469651072411058176
1469650287577251847
1469648854031106052
1469643443542528002
1469642072856563716
1469636525990154243
1469633343461281795
1469632125691441152
1469630374745554944
1469625400703676416
1469624942081634304
1469624140143337474
1469621638043869187
1469620813431132161
1469616630497824770
1469613569008300032
1469609363119624193
1469607667232432131
1469600873353383942
1469599751377203203
1469599665532276739
1469583704867495940
1469574857838891011
1469572432214118400
1469565738151075843
1469564599380766723
1469563715179581447
1469555947064414212
1469554618187268101
1469553983823835140
1469548692591968256
1469545834018590723
1469535222840455171
1469531949395898370
1469879124055388161
1469878805024034818
1469877417141362693
1469873129392525312
1469870534967980035
1469870098504507397
1469869496521297924
1469864455005609989
1469859139459248129
1469857842689560579
1469857590297317377
1469857569430638594
1469857561239166978
1469849490253389824
1469849384833601541
1469849377497698311
1469849067609985027
1469847894677024770
1469846536053944320
1469845915649261571
1469845594504007681
1469838916865847300
1469836387063115777
1469836045759901696
1469835766599585796
1469835503201513475
1469835278458441732
1469830492933394432
1469828356694630400
1469826346268250113
1469823064275836930
1469819083549937665
1469808788156735488
1469807722107269123
1469805711999725569
1469799844222963713
1469769275103531009
1469743773060009988
1469727877092425728
1469725440826765316
1469722524166488065
1469721842680172547
1469721021179592708
1469708371376820227
1469705047294439424
1469694760554168321
1469691910084182021
1469689797161619458
1469685231724613636
1469683374298071043
1469681525453049858
1469681459677958147
1469680824123478016
1469679751195291649
1469677058108264453
1469675952871383040
1469675511848730625
1469674775563833345
1469673915496632320
1469669483266510850
1469666547345997828
1469665303026012164
1469664213945647106
1469661391753674753
1469658105474469889
1469657335903571972
1469656867848654848
1469656829567270912
1469656382131433473
1469654357545156612
1469653309208219648
1469652450093121542
1469652046907281411
1469651523571314690
1469649519193120773
1469647960631742467
1469646767763324930
1469646766102368260
1469644074281963520
1469643670018158592
1469642565712367617
1469641106480517121
1469640321659072513
1469639090588897285
1469636954266353664
1469636851535269890
1469636191955734530
1469635075734061058
1469634316682477571
1469630549404925955
1469630384069480449
1469629868480479232
1469629627073060867
1469628307675041793
1469627467757342722
1469627120611586055
1469626949597384707
1469625898169090052
1469625714672484354
1469624204110692357
1469622748120899586
1469622549965279232
1469616545840058369
1469614497585238017
1469613850093756423
1469611667491196928
1469607967368482819
1469601717108969472
1469601569368797188
1469601332478636038
1469601105663254533
1469600608520785924
1469598228320382977
1469596241071722500
1469595823323303940
1469593148691152896
1469592545457946624
1469591923568504833
1469591304791216129
1469877133753270272
1469868413073850377
1469860086214443009
1469848481804156928
1469835047536496641
1469828406728552449
1469827956885258243
1469814401859403778
1469814399560945667
1469809975778103296
1469739578328117248
1469733354962501640
1469716588697829378
1469706115361345536
1469696371288854532
1469696217009442818
1469694645806374917
1469694116149620738
1469690322875682820
1469689574394073094
1469688858509860867
1469687255480422401
1469687040254042112
1469686366409658368
1469682665704013826
1469670697559785474
1469669961308073988
1469662235802800130
1469660445246066688
1469654215295307776
1469652255443849218
1469636478766436355
1469635109779238914
1469630485953347586
1469627567799869440
1469625758188404736
1469621695229030401
1469620137640611843
1469607709628456960
1469603854559809541
1469583816771739650
1469583249307410434
1469571151848296448
1469565721147371524
1469565303998738434
1469559389337972737
1469546907332608002
1469546622019248131
1469546595813183490
1469544774755516418
1469536169117433859
1469531109981523971
1469873052838023171
1469869191326879749
1469835662136250370
1469755304413782018
1469735480992301063
1469718380970053633
1469712793008025604
1469694659471437826
1469681241448349696
1469677234709352452
1469677227860131842
1469672820896505858
1469666955036540928
1469660816274116613
1469639331878871040
1469637992381763588
1469623297146900482
1469622344461160449
1469621727848108036
1469621452890464261
1469613083383324673
1469611852040605696
1469611490185400321
1469594826853126146
1469593871499755520
1469588210393096192
1469578803793915904
1469578317552840704
1469571152557133825
1469567902294548480
1469565039698845698
1469552688111099905
1469545786039943168
1469538778809192449
1469679125371621376
1469670885434880005
1469646764407869443
1469563606832275456
1469561880196702209
1469866580125179909
1469864590263533568
1469863626672463872
1469851304155443200
1469846292821991424
1469823507445870594
1469816437128630274
1469809539973148673
1469729241415630848
1469726732705886209
1469710593208684545
1469700203720572928
1469697732952530945
1469694232646479875
1469691296642056193
1469683324536778759
1469672360462540803
1469661209091710981
1469652572004749313
1469649952150224897
1469645498143313920
1469614438558814208
1469584895089340416
1469573849691815939
1469570667611787264
1469562570117771265
1469559747099512833
1469550755669413888
1469538839253303299
1469536506347868162
1469535881623060483
1469880113588162560
1469876098737459203
1469874160750850049
1469864594839588870
1469850561038090240
1469849233272360962
1469762385040887815
1469723609706876930
1469698201754034184
1469692045358895107
1469689778236841986
1469686454519361537
1469682685912125440
1469678504270729219
1469678116222029828
1469677195526225923
1469675202405560326
1469672743834509313
1469672731478167554
1469651957904076801
1469651061744881667
1469590736601370626
1469589071706017792
1469565457162129410
1469565381752733698
1469564831040638976
1469552055291301890
1469550857842659329
1469540693966143488
1469535523211460613
1469533994366631936
1469659419025690626
1469679454792208384
1469681478204211205
1469640341871480836
1469643791711629314
1469880982874439682
1469845800477888516
1469709404765261827
1469665089355612161
1469625055466254339
1469620514163331073
1469864137022861314
1469682951201771527
1469651703087652872
1469542291769417729
1469542128690753537
1469582919815471107
1469572717603012609
1469686525679996928
1469847570901917697
1469716119585914880
1469714547879538692
1469639373519941634
1469637244491239425
1469549499001364483
1469665334420377601
1469573035246059530
1469708019453677571
1469572832598589440
1469640432959176710
1469634499373776896
1469627746171064323
1469724612585873412
1469879241026125825
1469645303410094081
1469591113396748293
1469670996210708484
1469667022158114820
1469662477969334273
1469610611021549568
1469725190493904906
1469658108767182852
1469871746887008256
1469726565286043654
1469710177058258945
1469631606105247747
1469631340949639169
1469590723267678213
1469583417813598210
1469562416912474112
1469539629108015104
1469831743712595968
1469623210496839680
1469750987648749570
1469630708926746626
1469804317397843968
1469695169578422272
1469660450891517952
1469654378327937028
1469648220917620740
1469639388501987330
1469638568008052738
1469578947931172870
1469879877142663169
1469851543260176386
1469851520476672000
1469827940732964864
1469602516442570758
1469600858979586051
1469578258026938371
1469561080833724416
1469556729759211520
1469699553771196417
1469679846464704513
1469686238286278656
1469589094338420738
1469737556497424387
1469706459705315328
1469790472209981443
1469684376061374465
1469671311349669897
1469660448307904515
1469666586915065859
1469546217055027201
1469636392300933125
1469868255107903488
1469697243129139201
1469697038942027779
1469667732333350915
1469666592241770498
1469661187025432579
1469659273227431942
1469656553728843778
1469652876532150272
1469635980282200066
1469619648396075009
1469616315308523523
1469595515163578369
1469590551435431938
1469575211527798786
1469559801055043584
1469547497605394436
1469543132647677954
1469621679450034182
1469726314353414153
1469700998918656002
1469695432095715329
1469581254186004481
1469580887054450689
1469562024854102020
1469854704704258048
1469808605218021376
1469583188255121409
1469826755632398337
1469612700464336896
1469857184519376896
1469658124109762562
1469541771973595138
1469880789990985731
1469876833344634884
1469690902356508675
1469582224869576704
1469563967085244419
1469555062099755010
1469671005295497220
1469556524632592388
1469576482246696969
1469635819023396866
1469579103883960326
1469579056639352833
1469870869052674052
1469880636702081025
1469860558920843265
1469701805873324035
1469581579546599425
1469805638804901888
1469802825555136512
1469802559002923011
1469803106598744067
1469805901536137216
1469803337188974595
1469701690181910535
1469805389499670528
1469804274100015108
1469881199619641349
1469880901756919808
1469880788036747264
1469880106604986372
1469879903311269894
1469879789872087043
1469803458488201219
1469702099076149252
1469701408605687813
1469700372792942592
1469700372641955843
1469655848414638080
1469581706352988162
1469579878882508802
1469579570768912386
1469682130514956289
1469834541367914498
1469805047965892610
1469801013544554496
1469733750179188739
1469720913755049987
1469678519265284106
1469663154678366220
1469653279399239680
1469623234819543042
1469604825369178113
1469572325234249729
1469890763647377408
1469820421847625729
1469751718955020290
1469673577519538179
1469622590763274241
1469565666143338496
1469672187581796352
1469570629808521221
1469670882691846146
1469661493121617921
1469573252439707651
1469565532735094786
1469555983785418752
1469830433114574853
1469830187185438723
1469612913631510531
1469880567294349318
1469835159239233537
1469785360909561859
1469674184288595971
1469664692134039552
1469660066957586432
1469629565622362112
1469609696453541889
1469573568736337928
1469558018891079682
1469552589268144128
1469550230794162176
1469877385558310913
1469875909414977545
1469855515681329155
1469853874219405315
1469833432951758848
1469702800800051201
1469577921383731201
1469557689852182531
1469857755460558850
1469814779703283716
1469834567280304130
1469632041180274689
1469552269469184002
1469548767686787072
1469839698042388485
1469839202787287042
1469834787254722563
1469696249121021952
1469683686421381122
1469682648045932545
1469676627244183555
1469676419240267776
1469575223104004098
1469548377079627779
1469700825031139328
1469564260011311106
1469844655004999682
1469708558849560582
1469815072541200384
1469750444654088194
1469696287637262339
1469648373699563525
1469647483475140608
1469564333369683973
1469558366879944704
1469655310214205441
1469594927206002689
1469602115035168769
1469679793343922178
1469563797799010304
1469891161313607681
1469845822783197185
1469675409012768768
1469671908807299073
1469671724790603782
1469668495235305475
1469625689397547009
1469614669488787459
1469613252418039811
1469611404160241667
1469600132261765129
1469590369994035203
1469563995950510081
1469559727738605569
1469891972630409216
1469653867696590852
1469571124044308482
1469582336937246720
1469891323486359556
1469859739420880897
1469853441220513795
1469831533817044993
1469794847556976640
1469711716304883712
1469706058478153731
1469699232227467266
1469696871631261698
1469686375658053632
1469674552544219136
1469651945841258496
1469649427031736320
1469647154222284803
1469636222028955648
1469620507465039876
1469608060930772992
1469593116306919424
1469586241494548480
1469576757061685252
1469548577995120640
1469891283741122569
1469830375002165249
1469784272940716039
1469724145776611330
1469706301546528772
1469657546545713155
1469655796547919877
1469613667201204224
1469565982758768640
1469564416039342081
1469545393327247360
1469545251232575488
1469696274651697154
1469881848192897025
1469792593898729472
1469622522110902272
1469895058824433671
1469878113270120454
1469846680400904192
1469809383395639297
1469807833298264065
1469754261139603458
1469602075235721219
1469597652866465796
1469595003831799809
1469560558529794050
1469827497780936704
1469674721981591552
1469628577603719168
1469618976577576960
1469605989833863171
1469603086385954817
1469598887434276865
1469577959216324614
1469551157118832640
1469893181042921473
1469877995498319874
1469877319464595456
1469875852649242624
1469873568028758018
1469843836704747525
1469827972362223616
1469827792095248387
1469810221891473409
1469698123538829315
1469679994485968901
1469663241617874947
1469655104311549954
1469639698561724420
1469633463036747779
1469630969053204486
1469616109892497408
1469607917385101318
1469607226977374209
1469599847108038662
1469592672645963779
1469585684079931392
1469576938691829767
1469547677037780994
1469893827112898560
1469888278371258371
1469654994852872196
1469598571024424961
1469592713938944004
1469590028099538945
1469549962094469130
1469547338268094465
1469623571391516675
1469623238074400771
1469880649829912579
1469861068717506564
1469827237155262466
1469694435986317321
1469659289363140609
1469620311100301317
1469601664310992896
1469583963090006021
1469575436233441282
1469569446691942400
1469724999963586568
1469651719629979648
1469601530026553351
1469698222473953285
1469702305578553345
1469633438546235395
1469594237939249157
1469831531183034368
1469846526511890433
1469563697592823810
1469635194034397188
1469634145768775680
1469634452171067393
1469134109146435584
