1470964631564795904
1470964397451317250
1470963338511208448
1470961731203579909
1470956120743112707
1470955075581329414
1470953015934812162
1470951945221423118
1470949932714496002
1470947104730214402
1470946496019238914
1470945165665730562
1470945012485849088
1470939815600263174
1470938778978045952
1470932035850039297
1470925323323670531
1470924381186527232
1470921559359594503
1470919922528055308
1470917933815660544
1470917839141761025
1470917384709939202
1470906815130923013
1470905820762107907
1470866377489543169
1470860266661302272
1470856144121782276
1470849689138380808
1470819176184836101
1470817148029128706
1470813485562884098
1470812620152180737
1470811594997178371
1470799521613373440
1470796619196997633
1470796243018207235
1470792974753681409
1470784161170534400
1470781710128361477
1470778022924013582
1470776397228556288
1470775145551781892
1470770818275815426
1470767672715771909
1470765800906801155
1470764727118802948
1470763914392743939
1470763752467222528
1470763439505223687
1470762940450021378
1470762937929252867
1470759523400884230
1470757881561501703
1470757698991919107
1470757334452301825
1470756070066843652
1470755935459053568
1470753726088372229
1470752299446272003
1470751954271801345
1470748403441098755
1470748386592579585
1470747652891447299
1470738329251377156
1470737677234307075
1470737450674782208
1470737346546962435
1470736724351283200
1470735904629161984
1470735686433054720
1470733105686200329
1470731577625698306
1470731091015127041
1470730924274765831
1470728553733840897
1470727835442581512
1470727470273810433
1470725229114630144
1470724879200956425
1470723329002651649
1470722323632168967
1470714123457482754
1470713011392241667
1470712668054974465
1470712234967908352
1470703747227521027
1470699767843807232
1470697863990575104
1470697310191439874
1470695908257853440
1470695764502274049
1470695321957113858
1470694449004961796
1470692106209349635
1470684771126710277
1470684086062620676
1470683693295419396
1470683591604539394
1470682033181446146
1470680656304771072
1470679962709544961
1470677549344702464
1470675932029411328
1470674838419345409
1470674046266200065
1470673077935775744
1470671455536828417
1470668386002739206
1470668180532072448
1470668024143564806
1470664079702257671
1470662883293859842
1470658151594614784
1470654680933953541
1470653199807705090
1470651761769648129
1470651574561112064
1470651412887392261
1470651277369659394
1470651244221927424
1470650986838384641
1470649761241784322
1470647190682882048
1470645235004755970
1470644150072528896
1470641307626643457
1470640688094011399
1470638516820344832
1470637176899600384
1470635834520965120
1470635509898567753
1470634927175573506
1470630702454493184
1470629947039358976
1470627607225851909
1470627252740128777
1470626784987074560
1470626687939342336
1470625064873697286
1470623445280968711
1470619508532740101
1470615421048918017
1470611379803484162
1470610376186155008
1470610205285109762
1470609685577228288
1470607991065833475
1470607503641624576
1470606423625060357
1470959294749167616
1470958488662642689
1470956278524436492
1470950554679472130
1470948106329985025
1470944728707264515
1470944304596013056
1470940260590751744
1470940062934208515
1470937125814161412
1470935327686623236
1470933668214362116
1470925717458149383
1470923984090787844
1470923032864591875
1470921051404075010
1470910638197202955
1470904410880430081
1470894195569090560
1470884106422534147
1470851420610240513
1470805671578726400
1470796855701241856
1470792170399363074
1470782122881335313
1470760034506211329
1470759188041134080
1470755916714631172
1470750015991599106
1470741200613167106
1470740338536976385
1470739269169807363
1470730120981663745
1470726789236355076
1470726715651473411
1470725018405392387
1470721743006289921
1470701171941654528
1470698371614601218
1470696255420469252
1470695860711215104
1470695546646110209
1470694564335808515
1470694198105952258
1470693997655986177
1470693087861043202
1470690263144173568
1470685556711444482
1470683043857788932
1470682273183715328
1470682271149543428
1470679886616576001
1470676117656907776
1470675499366060032
1470674857557852160
1470674355692523522
1470674266878189575
1470673588260798464
1470672810552926209
1470669902935699460
1470669888435810305
1470668011468062722
1470663062650687488
1470660664574164994
1470656756095365125
1470654139868717058
1470641318099439616
1470627332075442185
1470626912779202562
1470605993989996546
1470641421635911683
1470640784856666113
1470964593434320909
1470952016746717186
1470939479149998082
1470938984519929863
1470934143047331841
1470924790101725187
1470916859335634946
1470908282126495750
1470899174879088642
1470790253845774337
1470776613222629392
1470772163204591628
1470758037287702530
1470753629279703040
1470749782083784715
1470746358462046215
1470740685317828608
1470733841228779526
1470728521207087106
1470723214116483074
1470687975692386304
1470673295385133056
1470656772260057088
1470650564274909184
1470649591750090754
1470647819425882112
1470647090829090817
1470647090699137029
1470641802747072512
1470638222296317952
1470621145275584514
1470620943097622536
1470616252624240645
1470615046988333058
1470614616506081280
1470932965823635459
1470923969414844417
1470889255769554944
1470774483304734730
1470700630775791616
1470683260489322496
1470665902475464706
1470663843311337475
1470649228997238785
1470617377179987968
1470941762399072257
1470938074481893388
1470937927526060049
1470931661504192513
1470929871052279809
1470927571260899333
1470917281098002432
1470910827670564869
1470906817475596291
1470905814340681729
1470791848767623169
1470758738587832324
1470757971697156100
1470725786399170567
1470713988312801280
1470708210608730114
1470690331871956995
1470685527024173058
1470673748529352706
1470612861093249024
1470612635854901248
1470608896288985093
1470965158612652032
1470964549889126401
1470961183863754753
1470959206710665222
1470959114964459523
1470952302525571078
1470949458871422976
1470948531007475714
1470947821125734402
1470946970499837954
1470943500946456579
1470942939366838273
1470940387946610693
1470933864017104901
1470933415855861763
1470932872999538688
1470930727952814081
1470929905974087683
1470924526896570368
1470921281272901638
1470917513902911488
1470916355415166980
1470915863070973955
1470875450872262656
1470873178645819392
1470841456969789442
1470790063407697920
1470790045602770945
1470773919867187213
1470769356699230218
1470758217143623680
1470757969587363846
1470757236456792068
1470751546874892290
1470742094528401412
1470738537565679619
1470728519340679168
1470726183574671360
1470718432660258816
1470706099234181120
1470697248799346691
1470695108928577541
1470691071977943040
1470685759904514051
1470683192826994697
1470679637403394050
1470667751974858762
1470660530733924352
1470657333290147840
1470656929961627649
1470655730382372869
1470653555367645190
1470650743581339648
1470649470475902976
1470646845961478145
1470646649735114753
1470642269174710275
1470642194487087110
1470639122377150466
1470637172365541381
1470636489486704641
1470635440642297856
1470625943265841153
1470617973572648962
1470617286507565059
1470617121755484172
1470613671390814215
1470608893453631488
1470607545299451909
1470958499181916160
1470955957265915923
1470954908459278344
1470954628464394240
1470936652012867587
1470926947920191490
1470765197254082569
1470726493579874305
1470722569393246211
1470714369910534144
1470967118208192513
1470966826804776963
1470966086052941824
1470962919709962241
1470960623131389954
1470959166604804102
1470958794309918721
1470955837183037447
1470953952321564674
1470952507878752258
1470951891760664580
1470950396554215429
1470948617863061505
1470948612053995520
1470948061497069568
1470937417351761923
1470936118623289347
1470934978766651396
1470933211190480906
1470930966172475396
1470929795378606080
1470922118384783368
1470921968958464000
1470921290919776256
1470921188570402818
1470921101005901829
1470920820574748673
1470917516759232515
1470917095625875456
1470917079528349696
1470914982690705409
1470912009688403970
1470908725170880512
1470906485789974530
1470906074085556226
1470903993635201029
1470903572418031617
1470893906137018369
1470890214730002432
1470887016812347394
1470829800038158345
1470810916518182912
1470807842969948162
1470790138200350721
1470769721146490887
1470766768834551808
1470763153642307584
1470759045954891781
1470749588072157188
1470746670010826754
1470745845268058117
1470741097911504904
1470740628812156933
1470736796631764994
1470729842576429056
1470724684979195907
1470723161314394117
1470720778387689475
1470717836477665280
1470717666117570562
1470698463654408193
1470697759917449223
1470696893302796288
1470686836536217602
1470682193588469760
1470673935494631425
1470666045920735233
1470662687830933509
1470662626073985031
1470661506857517057
1470658312026812421
1470656822126075905
1470656511269433344
1470652723401932803
1470651137590444037
1470647841525698562
1470641087526027267
1470638310066323456
1470637223347294208
1470635686927560707
1470624610722848768
1470623979807272966
1470618413949075457
1470617217335107587
1470611320462401537
1470610149324701698
1470607360863326209
1470966452584910848
1470966146262175744
1470964192442081283
1470964078713524232
1470962966686281744
1470962353843937282
1470961728837984258
1470961607194726402
1470960722070806529
1470960112088989699
1470960110243442691
1470958945959243777
1470958278200807424
1470957893348323328
1470957229549371392
1470956155853627393
1470956021682249738
1470955586975977473
1470952613596176385
1470952520562270211
1470952179351502851
1470951747942187008
1470950687626260485
1470949269582528514
1470948301357068291
1470948053406281735
1470946326250541060
1470944251466838018
1470943925389066241
1470942761679572993
1470942230533718017
1470940693958778880
1470940422931312643
1470940280408866816
1470940235122962434
1470939752329138184
1470939434249977856
1470938959601569793
1470938929608093696
1470938205335826435
1470937838405361671
1470936914823770112
1470936217130717185
1470935332686233601
1470935096542646274
1470934986916126723
1470934985293008896
1470934919702454275
1470933645112139776
1470933136569602051
1470929720329965571
1470929648598929412
1470929526100148228
1470929046313652225
1470927077100724225
1470926278014291969
1470925605554180097
1470925453523394567
1470925143585091589
1470923734689017856
1470922139461042176
1470921551881060358
1470921551264370692
1470920509806178307
1470919880165584903
1470919356213346305
1470917995950006283
1470917917717921794
1470916263006261252
1470915848864944133
1470915449810391041
1470914651470790657
1470914577051185155
1470914535502581763
1470913979434168324
1470912842727510017
1470912391772659715
1470910049191018500
1470909915514347527
1470909414999662594
1470908976669749249
1470908773224960000
1470907841770782720
1470907503022010371
1470907234439688193
1470898900470960129
1470895813714853888
1470894047896039425
1470892246564179969
1470882050450329608
1470878588073304070
1470865217730990083
1470864778234974208
1470859698442174467
1470845124322148362
1470837224917061632
1470825772294172676
1470819720274186244
1470814337187123201
1470812048162316292
1470810476510527494
1470806427107086340
1470805213564989441
1470804606733086720
1470800870031781890
1470795145410859009
1470793370444263426
1470792194223083522
1470789427941105665
1470788209151864836
1470788113056161793
1470786767724834816
1470786056622682118
1470783547409588226
1470783185915109392
1470782995414102020
1470782022276853770
1470944912770158593
1470916780914724864
1470907116785393673
1470906348615335936
1470894034231070723
1470892909918502912
1470877598943105027
1470868296601772038
1470846728760872961
1470815147614629888
1470797699309977608
1470783574945185811
1470781910842552333
1470776968509636611
1470774085005332486
1470771627608662018
1470761691172728832
1470755809785045003
1470754733568655365
1470751988107608065
1470751772729769984
1470744468529696771
1470737997549039618
1470725918733729796
1470725701317791750
1470714459471560704
1470713885271289857
1470710834032566277
1470707258044518400
1470699796239314946
1470697864657399811
1470689378695450624
1470686329608413188
1470685809162350594
1470682659261009921
1470682385708564480
1470676471999971329
1470674445685559303
1470667859344855040
1470666468253601795
1470664947965198342
1470662781628076032
1470662557807513600
1470662151874367489
1470661783362818051
1470652358346477568
1470651853167730689
1470648886100254728
1470648481022820355
1470646963066400770
1470645256915804161
1470641310776238082
1470635249512054785
1470633938313908228
1470633076224970752
1470627270666567680
1470621682029105155
1470610375112474628
1470606659953192962
1470956391082835972
1470955772653629440
1470945986897793026
1470936646795235328
1470929716513148931
1470917217503956992
1470905896079216648
1470902869373046788
1470799622616477696
1470791529182597123
1470782106011942920
1470773344526118912
1470761642254159875
1470759977560449026
1470740730486276096
1470739919316271107
1470735551686864899
1470730165118373889
1470727670639980550
1470715145496129536
1470708479044186112
1470707793443233794
1470705747226882048
1470699743072305154
1470692678920650752
1470691729028255745
1470689666194018306
1470689627983912961
1470688386495115264
1470687531339431936
1470686769985114113
1470683405608124416
1470682627640156160
1470681720236097542
1470676215283404800
1470670278976065538
1470663374295814146
1470660928131584002
1470654897901096964
1470652345252040706
1470650117493567488
1470923061025075203
1470825120382005254
1470751043868758019
1470964628284870662
1470819881457049610
1470758076974514183
1470723165529673728
1470662181091889152
1470649015393939458
1470964649356976131
1470963963445743617
1470959510940356611
1470959429512151040
1470953360261931011
1470950374395691013
1470933737856667651
1470913238820818947
1470892832206430208
1470808080774402048
1470803089078714373
1470794660482150406
1470790016939048966
1470788541789597700
1470774764549685261
1470768141030539271
1470758652302675969
1470757296070291460
1470749662814490626
1470745160786984960
1470744109094621185
1470743817712123910
1470738167963664385
1470738022970789888
1470735273231147008
1470723926456111106
1470704429443674117
1470704207011323909
1470694057504505858
1470686677081341952
1470679735009038336
1470675069026193409
1470668923326455818
1470665149820424195
1470615780844658691
1470966860028035073
1470963407314722818
1470945172728864775
1470944197708500998
1470942200666144771
1470940422901886981
1470940130420559873
1470937952624820225
1470933493962002433
1470925072114147332
1470917367806894085
1470916695350923264
1470912481296097283
1470906353061298177
1470897160128372743
1470875925264814080
1470787593818329094
1470779694572265489
1470770382160474117
1470758500590448640
1470756937813815303
1470741879079636993
1470738917296984064
1470736825685741569
1470715671705112581
1470713720925868035
1470710590930784257
1470697001255792640
1470691054038896640
1470685636331905025
1470683980303257600
1470670089405943809
1470667848498352128
1470665776910811139
1470658886638051333
1470656118128930819
1470652503431659524
1470651991647006722
1470650903061352449
1470647517003927553
1470644648242606081
1470641715849543682
1470641429269528576
1470636678607900675
1470635733769605120
1470635399051632645
1470630898685014017
1470630393304911882
1470629794937139200
1470623102354657283
1470617654930993152
1470615082208198657
1470614039172575232
1470612630557519879
1470952863559917568
1470943342838300673
1470942739491557381
1470942069019459587
1470941091922804741
1470757864268468230
1470645539842580480
1470776523531636743
1470245330746675201
1470654177026056194
1470733005413322753
1470629850150961161
1470627709424664577
1470743662761951234
1470677308969132033
1470635595491725312
1470778161822683136
1470800669116440583
1470715963821608960
1470932998987997185
1470965977244319748
1470965704153133056
1470959414840418304
1470780726266273801
1470751975926943746
1470705465558401029
1470681641345376256
1470953960835993600
1470953215738802179
1470917448388030466
1470787361214648320
1470648477596012544
1470641959626698757
1470769805485608967
1470966437514645506
1470960884902072321
1470939247070703616
1470708691359854592
1470645217304866820
1470644148239695873
1470920982126759939
1470920820151111684
1470825320735338497
1470750979528159232
1470721086090203136
1470634671901855745
1470624994400952320
1470609675037020160
1470963348892110848
1470932779328102405
1470704509668057088
1470681206190526464
1470631046513238018
1470949135633174530
1470733472763310081
1470610857667149833
1470942792029462530
1470930741978562563
1470621373466775553
1470897531789791235
1470919073244467200
1470755616234696704
1470731652129169418
1470963289978933251
1470936208561737729
1470846496124051457
1470639286512799749
1470941900651708417
1470797205569167363
1470730600529027073
1470799877923753987
1470732561290711044
1470672240274718726
1470622812129792000
1470942886401241090
1470923226125455365
1470792440013414411
1470690416739581953
1470615255109672964
1470922244805201920
1470616138547560451
1470731816445399040
1470638173961129986
1470708220604063745
1470667434960965632
1470913660474171392
1470639932486000644
1470942437300310016
1470930767404408832
1470930223738744835
1470928149152075778
1470913641071349762
1470860302434504705
1470661610985254913
1470624359442046977
1470615337867485185
1470733002808324097
1470712747717390337
1470694412879495169
1470694404721557504
1470694400225251336
1470687974207614978
1470938363351887873
1470648139195432960
1470643047859818497
1470617310960308224
1470713966858936321
1470277279259389953
1470822703837835264
1470966778205380618
1470956977052262402
1470952815203741699
1470899740615536640
1470740445583986689
1470738909885648897
1470692979786530821
1470663858159161344
1470638242512867329
1470951318579646465
1470925809707720706
1470917220360351744
1470890360641515522
1470750186116841475
1470741539563311108
1470714292819267585
1470706595638120449
1470906873855430660
1470928643706654722
1470914555165671424
1470736911459180545
1470674322700177410
1470670799723905024
1470928855711944708
1470930309470310400
1470905429429415938
1470903659244371969
1470768316683886594
1470763139092434944
1470752630494294022
1470751003360169985
1470750231306260481
1470747637745807360
1470741912722182144
1470739157274140674
1470736502787239941
1470691288538222593
1470688599960084485
1470688596373827591
1470686166668103683
1470672407694241794
1470649800366313472
1470631734467125254
1470627109542449157
1470723925445263363
1470723590777552899
1470777215818289160
1470685710562709504
1470678874426015746
1470683673175347204
1470663439034961923
1470660582193786882
1470632115079315459
1470933424013656064
1470902358301306880
1470889133308452864
1470866094101463040
1470793954161422340
1470764618729631754
1470718790090461186
1470700772304179201
1470644881324331008
1470639931500347392
1470778342047895553
1470766557823442947
1470742642384261125
1470732727129231361
1470694736260263937
1470628786110713862
1470626081916870658
1470664357587857408
1470789194205171715
1470962903612211200
1470738017258119171
1470827679624548354
1470949891316744193
1470913654623072256
1470761842217787398
1470690146613821441
1470680172676333570
1470663601866174466
1470639676239142912
1470619155103567877
1470948744107421699
1470755877573464067
1470755774418673672
1470695032575258625
1470666986312978432
1470658931240275969
1470773368194580497
1470726278508519425
1470724078868721672
1470689596291747846
1470626503188619268
1470615547867926537
1470289818026344451
1470772732715536385
1470757548269572099
1470678187520626688
1470616763373031425
1470666256051224578
1470623458673315842
1470962585637990402
1470936334638350340
1470778706381660171
1470778241304645644
1470778755517927437
1470783404471955478
1470781539730567172
1470776457295187973
1470776242676895751
1470775907182944259
1470730699971780613
1470730564084797442
1470730440260546561
1470976420323069952
1470963290767380481
1470951927198322688
1470941879151652866
1470930497253511172
1470921673171869702
1470891515308240897
1470799793026785280
1470760039229292551
1470758660234227715
1470740587062038529
1470724465545809923
1470721389258625024
1470720886596464642
1470718225893654536
1470710266874580994
1470683520972455936
1470671225819074561
1470649771614347265
1470619746479472642
1470934034914033664
1470894298358894595
1470794977105960961
1470728776363528196
1470675059471958016
1470641515378749441
1470774833000632328
1470719077156982785
1470683479872397313
1470643554162667520
1470722943491592195
1470932247050002433
1470762597695717377
1470619081443196928
1470954567630086150
1470952272955797507
1470941409075085314
1470897578485055489
1470799513489051649
1470757485644419074
1470755835689062400
1470739585600614401
1470723867559612418
1470654189009137665
1470648919222747137
1470643550735847426
1470639966820573188
1470924608907857925
1470921243473825794
1470874974017757186
1470775378272825348
1470773339220320268
1470769708018409480
1470769428497416199
1470740424172048386
1470931006077030401
1470928504166313984
1470919390849732609
1470684527383101445
1470670180229419008
1470975687422996481
1470691847869587456
1469927396413345795
1470976126730137601
1470976093548994561
1470976077971419136
1470976074255200256
1470976070463590400
1470976026314379266
1470975975680663553
1470975787616509953
1470975748164833283
1470973043614781444
1470971199601528832
1470793493974958086
1470786527282311170
1470833518116851713
1470802400214614017
1470974378959540228
1470973806185381890
1470947789190275072
1470942231515185155
1470941281689825282
1470936023982960641
1470935195637276675
1470727906678562821
1470704880075505665
1470695480321404930
1470676864096092160
1470923959130419203
1470797233805135875
1470761317992517635
1470754835595030532
1470694694703165442
1470932482165903364
1470896571264888836
1470674985291116546
1470751455938170884
1470631650736279557
1470939863780261889
1470935966705614848
1470909280563851268
1470756975231193096
1470733051969761282
1470726602023571464
1470712605954088961
1470702130625335299
1470692889336315904
1470683012912140288
1470656168502562816
1470651843432775682
1470951671823945729
1470748285442822144
1470711957334331394
1470699349868908545
1470690037889376262
1470642347809542145
1470893438543413249
1470702038325497858
1470944633672724485
1470933895151423493
1470940430766333953
1470864657069973508
1470857911023063040
1470807443433136130
1470755639697690625
1470751812110020612
1470743965347373074
1470687498590298113
1470945456339386371
1470754328730570759
1470724659217768460
1470709010659610625
1470704536884973572
1470687572338765824
1470683088661278720
1470681065782005760
1470675786445197312
1470668699283558402
1470660903376809985
1470656114479927297
1470968850854203398
1470949170689183744
1470930757518385152
1470909506872037380
1470904618511069187
1470874015002599424
1470772195198709775
1470756532933447684
1470726793380474888
1470719773348544512
1470685547924385794
1470652130050469888
1470649779138928640
1470968819342479362
1470956185603883009
1470930790254923777
1470904358048972804
1470881411238223888
1470754545164713984
1470696856896163840
1470676451619848193
1470976825341800454
1470724139430203394
1470933856454787073
1470659499371339778
1470642909288480770
1470975767827812352
1470955965419700224
1470944074492309510
1470940155175268363
1470932856130072577
1470930893040541699
1470928359093784577
1470928302491664385
1470926085806120968
1470914799798157313
1470912771252363265
1470903847874797568
1470903475672391683
1470846001775022086
1470754082545496065
1470750765111144449
1470747438222766083
1470742187511980043
1470737994030088194
1470737639888207875
1470716836551421954
1470703433363574787
1470700997341478918
1470654425429516292
1470629762292801536
1470629739328991232
1470623671131639809
1470958631893946371
1470946130938662913
1470929783852703748
1470890266596982797
1470765118220738564
1470748669448056834
1470745060329377798
1470740487589924868
1470740395193634816
1470734304456372225
1470716400788381697
1470693316970745857
1470680044028579841
1470676156609404928
1470672562413834243
1470670536028012548
1470637003708403712
1470632183459037184
1470969672145285120
1470946201327452161
1470752923076284416
1470706515958906882
1470698237464293378
1470663667645509633
1470642803591970823
1470964792504455173
1470926221009571840
1470892143531081731
1470734394864267265
1470698956107976709
1470690799914405890
1470656303710097408
1470648440275156993
1470632485784461314
1470979614440714242
1470979435536941058
1470943426078134274
1470942862149779458
1470923010324381697
1470917913628450817
1470915589715623936
1470897420921831425
1470780046050795525
1470770600767590412
1470728658927210503
1470668640479596545
1470659436335165440
1470645898128543753
1470644440939196421
1470969288240492544
1470961500969791492
1470946765864013829
1470934573030666252
1470927793705742339
1470902831330717698
1470898505438826496
1470886187900489737
1470829917134888960
1470767594055639043
1470762764737994753
1470760746778873869
1470748257496154115
1470743552267366400
1470729779812855817
1470714902562099204
1470691147911626753
1470689743315030021
1470682561902825475
1470678424028991491
1470676050799730689
1470671953153478656
1470669897361465345
1470660287774691331
1470657883805077504
1470656997938761730
1470647875487125505
1470645807141593091
1470641731922104321
1470980665420050433
1470965839557906435
1470959502778241024
1470923814250762243
1470922438129057798
1470897248510767104
1470839407209238528
1470785805497028609
1470774782144696324
1470757792566841347
1470737222794104837
1470712855473229826
1470653761970483202
1470623066044567552
1470958942314381316
1470777261754306567
1470747229136711682
1470733003038998530
1470699340482035713
1470644003729121284
1470621872492408832
1470762614359691264
1470683474809933827
1470662656218451968
1470973067413233672
1470935813076619267
1470903770301140992
1470843094010855424
1470747303254237184
1470721004204802050
1470709286825185282
1470705777140588545
1470773012525948930
1470771065811050498
1470658989637574660
1470628368701743109
1470621296228646912
1470739532614045703
1470697205333774341
1470907820551786498
1470984591825539075
1470750304052277251
1470701475890282497
1470703901947023360
1470716228918382593
1470755516682887172
1470752405109104647
