1476401542248886273
1476401526054608896
1476398125656936456
1476396787564908546
1476396573814771715
1476392840271843329
1476392278402822145
1476390331503427584
1476387871305125897
1476386578842861568
1476385630074535937
1476384821760847874
1476383810031800320
1476383372486217732
1476382485789298688
1476382198517288962
1476381211475906562
1476380821820874753
1476378842927271941
1476378115601420288
1476377474653065216
1476376240789630977
1476376126830247937
1476375526235197443
1476375278200918019
1476374824029089794
1476374618923417603
1476373409210585090
1476372470957371397
1476372465974607875
1476372237179514885
1476372210876968960
1476371800590143492
1476370958449451008
1476370952640503814
1476370947577823232
1476370943836504065
1476370728328982532
1476369854554722304
1476368306118758404
1476368131098509312
1476367496114438144
1476366145590464518
1476366112946155521
1476365594706415619
1476364794873597953
1476361825813876736
1476361457855983618
1476361269045198849
1476357409002213377
1476357166671880198
1476355899010605063
1476355749374611460
1476353230829682696
1476351291701956609
1476351131554959360
1476349016858251267
1476348020488814595
1476346372450185218
1476346342913896450
1476346213934854144
1476346102194446336
1476345646303293441
1476341649429065731
1476339856477339650
1476338339150123008
1476336469526540293
1476334844464418818
1476334513655590916
1476333367444459520
1476330677150777344
1476317587017375745
1476316699582689280
1476308216644444162
1476306078484807684
1476259234593456128
1476253816873836544
1476246951402164224
1476245942898622465
1476241701563817986
1476234186310643717
1476227382834913283
1476224658399645701
1476222110443847691
1476212995596304385
1476209349236191232
1476208618114453506
1476204886551191556
1476203290136170496
1476200843921690634
1476200172329705473
1476198986901909507
1476197706158600196
1476197622570373120
1476196216530620417
1476193475007705091
1476193441457393670
1476189165884567552
1476188514089947140
1476188506233835522
1476187034645458944
1476185834286030848
1476185641893330946
1476185611463659524
1476180420454608898
1476179142273949699
1476178887184814081
1476178392042983427
1476175901771452416
1476175655469404166
1476174810455576576
1476174273437859842
1476171338603630592
1476166986233176069
1476165796841721856
1476164801185288195
1476163627690299394
1476163064290369536
1476162247026085889
1476160109877161990
1476159846143520770
1476159718909366272
1476158547419295747
1476157801756037121
1476152927555239939
1476151851821133825
1476151134540611585
1476149355421728770
1476143977539588097
1476141856404561922
1476141130014199809
1476139886742626306
1476139820665630720
1476136972892590087
1476135037993046017
1476134649000710144
1476134648996528128
1476130918876127233
1476122808434380804
1476119938448330752
1476118101397626882
1476117471518093312
1476114153790083075
1476113815846612992
1476110408264028164
1476108810313895936
1476107255464538112
1476104279987470339
1476103291062788098
1476102906332028932
1476400303486369792
1476397278781149186
1476393066491691010
1476392171842408450
1476387576835682305
1476386231458037760
1476386224457715712
1476378047389396994
1476376999761362947
1476376570050670598
1476374202693259264
1476371534369669121
1476368518681554948
1476367723974303746
1476363441833070592
1476360559339573249
1476360245521780740
1476356840787046401
1476354403502149639
1476353698339037184
1476341779851063310
1476337815457783809
1476337133359013891
1476332626206019584
1476328892919070728
1476328536831148036
1476321745007226890
1476319460466343937
1476318887088168963
1476317842010259458
1476317747340615680
1476317719482060810
1476317284935389185
1476317264311894029
1476309998812766210
1476254925646532611
1476236533204086784
1476232618186199040
1476232611584307201
1476231080235581440
1476223994227408898
1476223195162181634
1476220698276220929
1476218785669472257
1476218257027653632
1476215436253413376
1476206225956106247
1476199933992529921
1476197166829826051
1476187113171271686
1476185127499677706
1476185122571358209
1476185120872615937
1476185118913941504
1476185117265567747
1476185115206119426
1476184097001132037
1476176001981837312
1476175838362038274
1476174497396891651
1476164535866126337
1476163123191050241
1476160956577161217
1476160715941502982
1476152556648747009
1476147964275924992
1476146566930976768
1476146124759072769
1476144666928037890
1476143831116488705
1476140868482449408
1476139070556291075
1476138793778364416
1476138521752526848
1476128007412588544
1476126827093512194
1476123263818338307
1476121379606958083
1476121152623767553
1476121122907115520
1476121107371462657
1476115115233591297
1476109729302777858
1476107967585996804
1476105692188590081
1476103692830998529
1476103151837061122
1476097228741640195
1476095889596981252
1476095037926625282
1476094781566586881
1476086903292055552
1476085874567696384
1476084252886269953
1476084251145564162
1476084248956203009
1476083565989281796
1476079504451780610
1476074856500269057
1476073301323644932
1476072636312473602
1476072453654728705
1476072387036598277
1476071911855583233
1476064287315529728
1476061791310336002
1476060282359222273
1476059017466183681
1476397704339021825
1476317215540473860
1476314933201555460
1476207547514175491
1476185200212074496
1476169083422871553
1476145963626479620
1476100988226482186
1476094067037585409
1476071731227815938
1476394047937916934
1476391510115438594
1476389315294818307
1476388395425615879
1476388002976788490
1476383737797480452
1476382141273362432
1476377640613576704
1476377198504587265
1476373518350573572
1476373497198698501
1476366485379436545
1476364518632484875
1476361141576159240
1476360726319009792
1476348505392250880
1476340823839051778
1476337833073790976
1476333331759308800
1476310678373900300
1476262246296612864
1476249192746024965
1476240427187535872
1476240199994654723
1476234573570662404
1476205903619579906
1476194713652776960
1476191447967678467
1476191178261340170
1476187416151003137
1476185174719090689
1476184777149456391
1476184167406661635
1476182246570663939
1476180748621135874
1476173476105191437
1476172897135693825
1476172257399476228
1476165007830224898
1476160923068862465
1476160513914511365
1476159279803482115
1476158537281589250
1476157964947918853
1476155687226904582
1476152169178927105
1476146479349653512
1476143135616999428
1476140587103375363
1476133611279552512
1476129794387439618
1476126415502249984
1476125827276292096
1476125170536308738
1476115143213809665
1476114815458242560
1476114480928944131
1476112524646907905
1476110122694766594
1476109134890106883
1476105007082577926
1476103687713878017
1476102260241297409
1476100996396892160
1476100800019501056
1476098481022377990
1476095698709876739
1476091593132474372
1476091035159728134
1476086887458631680
1476081554728243207
1476080477194784768
1476078818775363589
1476076096370069505
1476071324619444224
1476069501422632964
1476068354511482881
1476067396599250945
1476067363699101696
1476065124947415043
1476064282819252229
1476063569498152966
1476063442842705925
1476062334233710593
1476054592815177728
1476054212161064961
1476393920724492288
1476359369981788169
1476351117566955524
1476318188165947392
1476214311735349248
1476184615148658691
1476180128103239680
1476116323109249030
1476114314641637377
1476109993191477248
1476101255151767552
1476101042215391234
1476086164834582528
1476059133157601281
1476055243964104708
1476395596260859905
1476394209389260801
1476385396481163267
1476384788005081089
1476360862751334402
1476359688501399555
1476359181011603459
1476357698127990784
1476357584097452034
1476350885894574085
1476329009076064256
1476316782805848081
1476215179792764931
1476194809492639751
1476162964113682434
1476149802945576963
1476135409352544257
1476123385469956098
1476081026396930049
1476396079599927299
1476387817408372742
1476387506769707008
1476386696795099139
1476377370881773569
1476376580838490114
1476376240923811850
1476375091491454976
1476374283517513730
1476370612880875522
1476368911121616898
1476365913574281217
1476363577271357442
1476361097695268865
1476360860465459201
1476360857307136001
1476358833039568898
1476357366832500736
1476346806279675907
1476344541217103873
1476324623750819842
1476279640599580674
1476244795425054721
1476237823342571524
1476234469535141889
1476215855562178562
1476184679598280705
1476184676230254592
1476183600307466243
1476183424863932418
1476183139504459781
1476180008531988481
1476173332571508740
1476172530041835522
1476162245423886336
1476158777195851779
1476153916249178112
1476152447261282306
1476151075228979200
1476150120538198016
1476149494160920581
1476148946477084682
1476145210706907138
1476143416060760069
1476135445767487488
1476134449821540352
1476129872527323141
1476128377803141121
1476125545100300290
1476125004450254848
1476123856133758978
1476122231776309248
1476117402479849478
1476114434804224001
1476114402688454657
1476113205831221248
1476112330970714112
1476110588929400832
1476109436552810497
1476109256667500544
1476107657211641859
1476103458700726274
1476103195143417863
1476102783233232897
1476102475929194496
1476099396383039490
1476098900868009985
1476096492599349249
1476095456480358401
1476086097432088578
1476085217186045954
1476085052916129792
1476084254601736198
1476084172900868101
1476080030660714499
1476079557887213571
1476075982704373761
1476071960119365637
1476071846118236161
1476069558611972096
1476067480934043648
1476061921145069570
1476057525220896776
1476402599347646467
1476402353758605313
1476401723316977664
1476401231962808324
1476401138178027522
1476400322838810624
1476399957816971268
1476399849729785857
1476399582674231297
1476399195636465665
1476399122298986502
1476396462430846984
1476396296948752385
1476395702515159044
1476395576937775105
1476395233004847109
1476395054541393921
1476394739297501184
1476393911467737092
1476393000087408640
1476392742380978178
1476391222021279747
1476390361408819203
1476389715976744965
1476389291462828033
1476388873177485314
1476388819368742914
1476388633607217153
1476387984698011648
1476387936824221697
1476387567004180484
1476386584534532097
1476386210629099520
1476385773289017345
1476385234685886465
1476384781717835777
1476384747249029123
1476384202257956864
1476383865002348544
1476383377724870656
1476383268425461762
1476382648289267712
1476381501927276544
1476381439214034947
1476380490487803912
1476380235176169478
1476379837203841028
1476379611046944769
1476379029988990980
1476378847524184064
1476378748400271362
1476377813099761669
1476377408185921537
1476377201876484097
1476377183606423554
1476375997138157569
1476375668896141314
1476374756739846145
1476373633190694912
1476372723345494017
1476372537286475776
1476371962989780992
1476371843263074305
1476370586456641537
1476370227742924802
1476369075219546113
1476368774442156034
1476368186425499650
1476368071807815682
1476365857458561025
1476365261393514501
1476364874619908097
1476363806435516416
1476363166296653827
1476362999489126400
1476362813102694402
1476362438664622081
1476361988733239298
1476361524717711360
1476359510335778819
1476359023590981635
1476358905504567296
1476358494995419136
1476355148112752642
1476355015220469760
1476353850655207425
1476352591634173958
1476351262434070529
1476350400118726658
1476349223868125184
1476349112123486209
1476348286302777349
1476347930600620032
1476346926626869249
1476342968889921539
1476341903847137283
1476339936152342530
1476335257703964673
1476335172454780929
1476334954057400326
1476332349852127235
1476328789269352448
1476326984045064193
1476325794079072256
1476325584598810628
1476323686097424387
1476322859467218947
1476322692726870017
1476320420638855170
1476318105102024705
1476317605099020292
1476317496139341828
1476316524465905667
1476289810700517377
1476247871972253703
1476247740732502016
1476402827148677122
1476402324050300928
1476400231121973248
1476399010827042818
1476397871867961348
1476397608331464704
1476397167254245379
1476396881181753344
1476396244612235267
1476392991233249281
1476392574524878848
1476392251844481028
1476391937879863297
1476390822308286465
1476390232874680320
1476389313545838592
1476387170004844544
1476386853762703363
1476386054043176964
1476386046464040964
1476385028456157186
1476384614654435328
1476383234011197443
1476382273511383041
1476381047923171331
1476379602759008258
1476378806495502338
1476378748932923392
1476378311966167043
1476375496979976194
1476375481997873154
1476375038215344131
1476372472811462657
1476372466633089031
1476372227159257088
1476371938880540673
1476371849223098368
1476371668532699142
1476371443529449475
1476369961555693569
1476368118209388546
1476364480527306752
1476364049113751554
1476361661875617792
1476361286199898113
1476357877384105984
1476357541630136322
1476355282368225281
1476354884987351040
1476354611694882817
1476354575053451272
1476352952226893825
1476348526598651904
1476348016730656772
1476345781565026309
1476345047813537792
1476344823560880129
1476344818796138501
1476344293870776320
1476342086970458114
1476339909963096066
1476328190264020997
1476323451988180993
1476321421580062721
1476304683677274112
1476304169552134144
1476301623718662145
1476279338429345795
1476271088925503488
1476269158270570498
1476268516646916096
1476268182046343169
1476266824249450496
1476248178039005190
1476248100318564352
1476246429983072256
1476243156165279744
1476241425985531908
1476239190022967300
1476238091593523200
1476237971728715777
1476234532458168320
1476231149563170816
1476228766263390210
1476225701531439104
1476223954930921474
1476223789272756225
1476223774747873282
1476217963640283140
1476217029459800068
1476211694850379776
1476207596767891457
1476207294899650564
1476205982376103939
1476203045423779843
1476200581022699525
1476200566908874752
1476196008564428800
1476194582484303881
1476191409925353472
1476191007259516928
1476190013607989248
1476187460837142528
1476186552673783812
1476186503847899137
1476185584934604801
1476182579887759362
1476181994937618438
1476177955353026570
1476177709071929344
1476172533208535041
1476171621874294788
1476171423055945732
1476169487137181697
1476164442287050757
1476163634724159489
1476393791997112325
1476392732507709442
1476381213472354305
1476375576592076806
1476374419039612929
1476372580458061830
1476365388862550020
1476364816352563205
1476364674102804486
1476352677479006209
1476349687716188163
1476345044634275842
1476338446616576001
1476331768395759619
1476331698883235842
1476319236142284806
1476276504849883137
1476249147044945924
1476248786544447488
1476234696333746180
1476232694262468608
1476225294151282688
1476220727363653635
1476220231559254019
1476219024086208515
1476216842096025602
1476213334290673670
1476199517028499463
1476196025077436420
1476195112178749451
1476193035801149447
1476191841494069249
1476191322507661313
1476188720436957184
1476187026256924684
1476181257805434882
1476174500764917760
1476174375736905728
1476169359626174465
1476159982005469189
1476157083405934597
1476156608438624256
1476155113114718209
1476143631312424962
1476123523445706754
1476100765122916354
1476089954975375361
1476083595068411905
1476083115881762817
1476082142295703555
1476078099875860481
1476078001859096578
1476073962555645952
1476066852656742403
1476055023112974337
1476397377590235137
1476386856203796480
1476386557070221317
1476385093568528385
1476375569143001088
1476372803154706440
1476371372423090178
1476367246150684672
1476365773018832897
1476310977708584960
1476221842536816644
1476207871641604096
1476206030677704712
1476205711726047232
1476197080834080770
1476194972093145094
1476161129302814724
1476155023193108483
1476153077082193921
1476152997918830592
1476152530153336833
1476152335172726784
1476151978686251008
1476141450022715392
1476140420442689537
1476135130620043272
1476130904166658049
1476121491909406720
1476121099490365440
1476112503956381697
1476102307427192833
1476098870098624517
1476081805866328064
1476072131955810315
1476069696281612289
1476063172343697410
1476062715042881537
1476059584460558336
1476059314993328130
1476059148852760576
1476057655667875842
1476056447158931457
1476120826378293250
1476147724646903808
1476146410504396801
1476307409488416770
1476227717557194755
1476180746591096832
1476178535064637442
1476174516690690051
1476168134553849857
1476150892185276416
1476113217914957825
1476060936221835264
1476403034896748546
1476391095638519808
1476385288372965376
1476384736029265921
1476384035144290305
1476357425494036482
1476354378239860736
1476353773194776578
1476352491134455810
1476321605131194372
1476284603497213955
1476281867070414848
1476250047238995973
1476243184803999746
1476225945694470144
1476218732187774978
1476215756631076864
1476203439491145729
1476185149209554946
1476179825404497920
1476179658735448065
1476164160123592704
1476162701504049153
1476162342278733826
1476130273792196609
1476123098810228739
1476120429286674439
1476113143134752769
1476109293904482304
1476087596145016833
1476084170061279232
1476077148314103811
1476059755739287552
1476056960164265989
1476056845898838018
1476402683355578369
1476397150875504640
1476390368237088769
1476386858795814913
1476385848274812928
1476374267423911939
1476370343703023621
1476368811863412738
1476362919780651010
1476353752785244160
1476336893507751936
1476335092968484865
1476229171911094276
1476226185004654592
1476223787267878914
1476223643097042955
1476223458459598851
1476213559751184391
1476204380290379781
1476193170576736256
1476180590072193025
1476177095269052416
1476166992688074752
1476161135246118912
1476148587432079360
1476148180068618242
1476147532149395457
1476145982454652928
1476139322566795265
1476138354898915328
1476131429121548290
1476131389888086016
1476128136525803522
1476117648572248069
1476117627483295749
1476112768503717890
1476112767455088641
1476108859190116354
1476108808099299330
1476108804819341314
1476108668106014722
1476108468394151936
1476103350143754245
1476103193180491782
1476101884268072964
1476100680876052480
1476100296321368064
1476098042575003651
1476096549427896322
1476093675838984193
1476088074606055426
1476086297500422145
1476064700358029319
1476063190559576064
1476060098644480003
1476059590278082565
1476056112420081668
1475874184811012096
1476259020713332737
1476242105315979265
1476213023052156930
1476171010504204290
1476163624599126019
1476097671383240706
1476078720205029379
1476063161404907521
1476394591721033729
1476235535785943040
1476230391623077888
1476167569912438786
1476241075794681863
1476230591385243652
1476108823207112704
1476206713728483329
1476373807464026113
1476343228416724994
1476140725960019970
1476062880239808514
1476056308163903490
1476398525759954950
1476200751395336192
1476112847318831104
1476393474601541632
1476392010441367559
1476382621521223683
1476379549180915714
1476379413340065793
1476348616927109122
1476333767895752707
1476333373937360896
1476302644578689027
1476171234408742912
1476135312577335296
1476110767757795331
1476103087286751234
1476100916730155008
1476098438609584130
1476095111968616449
1476385856436928513
1476385027457835009
1476362025085272067
1476343247093985282
1476342523094126593
1476159394517708802
1476122573490438145
1476078229232390150
1476405873106829313
1476182019096809478
1476184413452914689
1476184395375529987
1476389157119221764
1476384489135771650
1476382637816107011
1476361290226544641
1476198760472408064
1476134777526784001
1476076624546185216
1476061377148047362
1476353433263239168
1476251966091132930
1476229649982111746
1476160155171450882
1476385111591428096
1476328644171616259
1476168641754193929
1476138219028697088
1476248885454524416
1476135677368565764
1476114618959286276
1476097832826576896
1476095837503516672
1476301451353862161
1476246455702601728
1476166335306481665
1476213195123560449
1476245465939132419
1476077279465803778
1476401870436388866
1476185333477740547
1476180448912953344
1476401346790129665
1476388149676756994
1476377790467379203
1476372328145891330
1476346545532334083
1476330989420834817
1476241046585499651
1476181297261268995
1476094567556390912
1476083046352752647
1476080204367892484
1476077967952384002
1476374546521288704
1476350742227161090
1476179975224971264
1476164687293140995
1476081809528025089
1476186873915600897
1476120032744595458
1476395102759129092
1476225603133001735
1476221922262147073
1476221843879038977
1476148128570961922
1476220944100179970
1476174798719905796
1476168654987218948
1476124065123299328
1476098129367748610
1476120251846696962
1476144996667461632
1476140868901953538
1476399214984777728
1476372418146934784
1476152229090398210
1476099099501887488
1476068370210443267
1476061776278011910
1476381846342488073
1476082478469173248
1476389528428367882
1476225304699961345
1476058375691534339
1476409821138075648
1476401608833454080
1476379470936244234
1476374038142328833
1476370567343534080
1476361240545230848
1476357862150443011
1476336468591140865
1476252839844274184
1476223071312748548
1476187713317392386
1476140895477002246
1476123739800563714
1476094853326934025
1476059130833956865
1476399821753700354
1476282585797971968
1476206912727252992
1476161411076165632
1476145669349928960
1476138806914863108
1476127649395200006
1476127634870267905
1476091307722297344
1476232166879031296
1476155072140640265
1476089517941538820
1476107810232438784
1476365625475751937
1476170986764390403
1476407220329857025
1476146231319490563
1476145187113996289
1476145000794578948
1476361545915387905
1476361029139693570
1476341144011173891
1476337837255507968
1476156569582587906
1476372968552873986
1476219438760284160
1476183863059648516
1476076775155195906
1476186964328009729
1476384701883445255
1476387885687341059
1476078025791860739
1476405025672888323
1476386202232131584
1476363860994973696
1476335398762680320
1476186966982938635
1476071129085145089
1476384838462574594
1476309822249132036
1476186312386301952
1476185319816925185
1476183868386340869
1476173584896720898
1476172948239126530
1476171729911181315
1476150690078552067
1476101580533342209
1476099599588741120
1476062926532317187
1476395645242015748
1476155215208345605
1476399194311065602
1476246485960331266
1476197069979222017
1476199933845770242
1476162866793238530
1476132821144014849
1476068382030000129
1476067779669233665
1476222610262269957
1476110236536619010
1476399272455131139
1476381977309708290
1476122858489212930
1476400073919516677
1476386258578411520
1476372744413405184
1476237268981452800
1476226968248930305
1476223774940811265
1476215497230225410
1476184406997962753
1476165643380539394
1476102980118011906
1476075954753531907
1476372541182816267
1476342310002696192
1476340623665864704
1476179023944318977
1476170262462689284
1476095042964107266
1476090695647592449
1476230063410462722
1476171163462037506
1476109376519696387
1476070479018397699
1476249341064990723
1476063943810453505
1476396547218673666
1476126278348468224
1476407506142433284
1476397984275660801
1476382613736550400
1476356729004691460
1476219930483707909
1476146531908546561
1476102155459350531
1476102147662041091
1476095733124063232
1476077583494123520
1476208968154247168
1476198716390313988
1476092736650448898
1476075597952524288
1476229218681851906
1476135919082086400
1476395381814546435
1476131183121473536
1476102445264605186
1476403937645236226
1476395281914556424
1476366892726059013
1476192041830739968
1476123606169972736
1476191318103658496
1476394983766650883
1476194089989128199
1476194575056203779
1476191981076303875
1476194193462611969
1476394839038066691
1476191221634658306
1476395180311810048
1476383355805470722
1476270564910137346
1476193935563182085
1476192809883291653
1476191374395408391
1476191022027661314
1476190318873645057
1476103090793172993
1476102986925436929
1476102872341221377
1476162758395658241
1476409338918957061
1476396501240664064
1476387700127121408
1476370933765922817
1476357799634358274
1476353629598617600
1476348249485111303
1476338438416732162
1476327391374942212
1476236493324632064
1476219293842882564
1476207976000090114
1476200048790700039
1476162747473686533
1476123225264308226
1476115982938607616
1476088824350474242
1476085065029349376
1476082546504974337
1476080373679345668
1476077327230464000
1476075433296687104
1476073339009388545
1476072188503461891
1476131667186053120
1476396971204411393
1476248553064255491
1476247863927898113
1476229228626472961
1476205052586958848
1476206327164653571
1476160491449831425
1476127000515383297
1476121858411941888
1476196703686459397
1476412670630760448
1476377813338836995
1476256674705022979
1476412987959230464
1476411017005453315
1476364052666277888
1476363461760217090
1476356671827972099
1476350120438349826
1476291219663638529
1476238464999854083
1476236414693953538
1476230346681110529
1476210084451475462
1476154070532427780
1476149049568874496
1476077307311771650
1476386871387115520
1476370122692435969
1476337250300411905
1476290748609871878
1476243561242791936
1476221712458870800
1476220066530160640
1476203424270016513
1476197358534676480
1476196843813945348
1476196518138826752
1476194521100677126
1476194069416087556
1476183765814681600
1476175741280608267
1476172069201072132
1476167561716797442
1476167501872463872
1476167309458739213
1476155904487616517
1476095157451640835
1476389900194705408
1476386978434215937
1476356552361607168
1476193884846043137
1476070772552593409
1476343934817288195
1476072036401250304
1476049739065921536
1476178734902222851
1476157632482189312
1476359905833472003
1476176806919032835
1476132668068687873
1476109855383379968
1476104294705209349
1476209010307055616
1476353737274785792
1476328255862964226
1476122001353805826
1476122769058271232
1476177639492644865
1476392958186250244
1476103564124508161
1476374738746310657
1476373237223198721
1476155910363893760
1476355118685556738
1476129471639916549
1476099598389108736
1476411663867793412
1476391757638094850
1476376583975825412
1476358044757807106
1476342355586256905
1476205630125838340
1476191053518495747
1476180473852284932
1476176588278435840
1476171038211784706
1476161543024775171
1476125148826595335
1476118497939714049
1476111006472425473
1476080179168432135
1476068889289129985
1476359901622734850
1476073526637461504
1476072946728800257
1476377941336461312
1476196010212802566
1476133768364630019
1476107446997319683
1476406244734693379
1476382671165026304
1476377828958474240
1476135387886063616
1476122773193822208
1476417357689982976
1476413336283586565
1476394382378954755
1476387250346741762
1476380643999109121
1476377593020489729
1476377474481082368
1476343575499534338
1476208281697730560
1476205127874744320
1476202035758333956
1476190974149681156
1476128658876108801
1476127168463736833
1476108520546177027
1476105039823269888
1476080657424007170
1476405852667932673
1476398697281822720
1476369477390405636
1476369383920332802
1476361590064640000
1476354273478774786
1476340356853628930
1476219354408620032
1476215874235162625
1476177005380919297
1476156133412724737
1476141734186950657
1476139911619100673
1476139772905082883
1476094416150405121
1476078037988831234
1476416914528239624
1476407560764678147
1476379234188685314
1476379230099312641
1476227014893793280
1476214705144274944
1476190002753069058
1476166919774294017
1476107617994874883
1476096561423609857
1476150155866824704
1476078264632242176
1476413346324770818
1476382655750885378
1476358242280239104
1476159927395794953
1476410452020105217
1476389293023059968
1476379770002624514
1476360634564440067
1476356448766488576
1476337362615476224
1476239449084207109
1476223649032007681
1476197010856316928
1476191583422664706
1476173464163606534
1476172094631145473
1476152835536343040
1476147954918445056
1476139637382934530
1476129960691585027
1476128461890613252
1476117482867859464
1476116405237923842
1476110038691639298
1476109736575598595
1476103059415527426
1476102453774848002
1476071790640177154
1476406552357527553
1476247364910260225
1476198835852439555
1476183191941574656
1476171012634906625
1476121865571602432
1476107796827541511
1476103822707625984
1476083411353620485
1476404442316435461
1476418047862706176
1476398846364164096
1476398607787905025
1476394950740746241
1476177846741594112
1476167258875392001
1476108147345424392
1476079809499258883
1476389019571220481
1476400025206853635
1476399588982415360
1476127616994201601
1476107817509691396
1476402098342297602
1476373894202159106
1476369402283143170
1476368832423862274
1476343444268204033
1476218522682281984
1476183552026836994
1476182284315217926
1476155011994243073
1476146295572029440
1476145706062647296
1476131346531553282
1476130672330690561
1476092060797128706
1476076112753008641
1476414584802013184
1476414213731983360
1476412329696759808
1476410431036018696
1476410149120008194
1476409985265512457
1476400655472332805
1476399572872167424
1476395147747151872
1476394581738491905
1476383077635035136
1476382665389449218
1476380963814850562
1476362543241199619
1476361208961765380
1476358648905428994
1476353086700474368
1476240680288600066
1476212477377400837
1476212107083333632
1476209518295994370
1476190644817195008
1476182280229965833
1476181562496487428
1476173881102585856
1476164125226987526
1476157415280107522
1476138114124894208
1476130541392973826
1476125713774219265
1476106597889806337
1476104669294305282
1476103482364944384
1476099203453444098
1476092309309571072
1476083051943788545
1476413531926843395
1476407826335428612
1476407419697729536
1476399700282527745
1476399505830400000
1476387995070517249
1476387801419579394
1476386249145401347
1476380719379218436
1476296150432899072
1476265885274882048
1476226172279218181
1476217028336037889
1476215928241082368
1476208016009482242
1476199591842172934
1476196886130298885
1476195426869014530
1476172608689213442
1476165356880232448
1476164604321361920
1476164221025013770
1476163076844052480
1476153347862261760
1476148272511152128
1476110599415164930
1476108534672609280
1476107812967227395
1476107788946485249
1476107076661178370
1476105110375837699
1476103807016714242
1476073439018504199
1476380251827564544
1476355708220178433
1476347073159073794
1476170017066536962
1476147158743015428
1476143233033928704
1476102026929000451
1476404650173624321
1476234772007383040
1476101312055943174
1476124318270738442
1476121135913730048
1476314926390157323
1476122886494633985
1476120242933755904
1476107807539793924
1476096395861905408
1476077226630299652
1476419642881032195
1476134300563083264
1476377840761262082
1476101725249359876
1476393866831884291
1476359159301869568
1476162204974022658
1476222881302401027
1476122580926939136
1476095250212933633
1476093608553893888
1476291088826519552
1476115147512967168
1476178596813172736
