1473864934765125637
1473863957811122176
1473862441431748608
1473861554504286209
1473860677655695364
1473859732561543168
1473858432260206594
1473856388136792068
1473853170535202818
1473852619290382338
1473851976798461953
1473851192543309824
1473851187212472321
1473850939807191041
1473849298903199749
1473849131630096387
1473847407309844480
1473847319728517120
1473846457920720896
1473844858850885633
1473844571264073729
1473843929120329734
1473842059677036548
1473839550942248960
1473838287521386499
1473836694596046849
1473834079808196608
1473832155755147265
1473832137019117569
1473830748696154112
1473830684158480385
1473830484064931841
1473829692167925766
1473829365418905600
1473828851671126016
1473828222278123521
1473827320418893825
1473826871666118656
1473824679433584641
1473824424646217728
1473823987083796482
1473823714286309377
1473822292706615299
1473821364477784064
1473820565060435973
1473820452204146688
1473819546658115584
1473817529424375808
1473816971028230144
1473815816852238337
1473814661770330112
1473814376235036672
1473813287812808704
1473811249490059267
1473811168732975106
1473810577617162240
1473810178311331840
1473809385134563329
1473803585448452102
1473803168068734976
1473802030854520832
1473800505751003137
1473799810335449088
1473785087015620613
1473778105252597762
1473756314073509888
1473754810855747585
1473751335317041152
1473739227791867909
1473730509775716363
1473726327576539147
1473711296503853057
1473707072428593167
1473705311949266945
1473701149790416910
1473694641430093827
1473694127875313679
1473687665769865218
1473687142534725645
1473686564052029444
1473686216113594374
1473685623764664325
1473682045373194246
1473681771225038848
1473681392315912193
1473681021426089986
1473680438132678662
1473680335594565645
1473678660867612681
1473678031617200131
1473677597594816513
1473677566791852056
1473677383895031820
1473675808506093573
1473674951253241856
1473673144204345345
1473669896252710918
1473669871393132549
1473669686063616002
1473669631487332356
1473668966082043920
1473668671503417344
1473667645857689602
1473667309977804800
1473665053228363776
1473665044713926658
1473664608452120588
1473664514130264064
1473664457704296453
1473662657806815236
1473661974588190722
1473661168317186057
1473660310800142339
1473658960938819588
1473656999501991936
1473652167810510853
1473652049199861761
1473650922253271042
1473649479693656068
1473649373191958535
1473648039713673219
1473647279881928714
1473646979058049027
1473646165371469829
1473645993803407362
1473644448386981891
1473643668347113482
1473643247100575749
1473640649471631367
1473638298933362688
1473638106649694211
1473638026551042050
1473635589492600834
1473635017397989376
1473634049495236613
1473633381007052804
1473632991167401986
1473632372218236928
1473632305713348609
1473631849880506368
1473631232667705348
1473630251427139587
1473630031431696387
1473628024624934913
1473627761273016321
1473627459274825740
1473623040831352838
1473622758340784128
1473622401254518786
1473621888148541441
1473864961478692868
1473862930856742918
1473861379081875456
1473856874961260546
1473855917615501314
1473854241370374151
1473849391437942788
1473847842699497474
1473847841760055303
1473847832259940358
1473845691428401153
1473842953336418305
1473836014309314560
1473834425574060032
1473833870390968328
1473832471422640129
1473827895566999552
1473826459152125952
1473825026260434944
1473824602790846469
1473820262697029634
1473820260662853632
1473820258511122432
1473820256250433536
1473816717243871232
1473815983487807489
1473813806891421696
1473813530122113028
1473800267401338881
1473794768652038144
1473791470964330496
1473769753923653635
1473765025890242560
1473700505704701959
1473686529314893833
1473681624235659276
1473670781091545091
1473663640653815809
1473662080632823808
1473656848200843264
1473656842144215045
1473655321071652869
1473654631318245378
1473653977220743168
1473651625357045761
1473638754791297029
1473622309126619138
1473608259907067904
1473600518534492160
1473596991309451266
1473596603697041408
1473594405730734083
1473592085034897410
1473591093165842433
1473588041444909061
1473586265064816642
1473584734814932995
1473584291871215617
1473579619034931201
1473578328841867264
1473577989073891328
1473576667549364227
1473569265613635588
1473559124398858240
1473551588111241216
1473548862639935493
1473547486916603905
1473545481745666049
1473544470624825347
1473542563948744705
1473542559813148676
1473541202771206152
1473538445507063810
1473534074392236033
1473528514447953920
1473528446055641094
1473860112347369475
1473620476408729600
1473563560798146561
1473865961283403780
1473847794293108738
1473844478339284992
1473840202892251136
1473834296762716161
1473818189435850752
1473808774888505344
1473807837834858501
1473782654776451072
1473762605101887488
1473698571761422347
1473651090277031940
1473637632391270400
1473632831196725255
1473626257992531969
1473625961274822656
1473620546197798921
1473617939983060997
1473607529405976581
1473606245344952323
1473605715814092800
1473601686568517635
1473576101196619779
1473841690163044353
1473819898618933248
1473810797503475714
1473796685780316161
1473686175533649923
1473641466132008961
1473622966818656258
1473607746830233605
1473606340366929921
1473603962146197507
1473526741838618627
1473860115082080259
1473857854356418563
1473848833700360194
1473828905400287234
1473677800481636361
1473673936617578506
1473659808066592770
1473643673325694976
1473606919491244037
1473585918338428930
1473562794146492416
1473555990884741123
1473536228448296962
1473529071111794688
1473865301389287430
1473864289047904259
1473861017796964355
1473855651189170178
1473854274970931202
1473852879442038793
1473851271417249792
1473848830760140804
1473847980499238913
1473847978481700864
1473847976380416001
1473847158122029061
1473846414555811841
1473843669828395014
1473842779956531202
1473838313760968705
1473832827091259393
1473832555405135872
1473832502431154177
1473821458379853824
1473814255631667200
1473809308802445312
1473759178820763648
1473692761341800448
1473692458726924298
1473675409204166665
1473653221428064257
1473642987838054404
1473638017122271241
1473633116904312834
1473630715837227010
1473625372256137221
1473620423854092288
1473619135468736513
1473607320194396164
1473600549614329862
1473599710644477956
1473595027397890048
1473594951799693312
1473588252837773312
1473578035790036992
1473576812127023104
1473566490997637126
1473563558365384704
1473553422561398789
1473553418459385857
1473542964009857025
1473541944391340033
1473541012660183040
1473539615344644101
1473537314001281028
1473537201107443712
1473531181907931136
1473529572930961410
1473529180855824386
1473526858918477825
1473526631851454470
1473525104793440262
1473754394021613569
1473865323971371011
1473863397938589698
1473857944168984576
1473851939687309314
1473849612217712642
1473849100353163272
1473848657174687745
1473848098560491520
1473847808889442305
1473844337754591234
1473835574175821824
1473831769744961536
1473827743066308611
1473825051384238080
1473819816943226880
1473815347560337409
1473813857957134340
1473813260855959556
1473808099215433729
1473806620844912641
1473804298786324480
1473795125822193664
1473784704294072321
1473784074867073024
1473743849638006796
1473690685589102612
1473677542020333568
1473674803177570311
1473674709460045841
1473664778753118209
1473663652314382336
1473660309566939140
1473658718470356994
1473655175206223888
1473652773711278081
1473648463669719043
1473640791675334662
1473639974931034113
1473637361909043201
1473631942750785537
1473622319545257985
1473612534733164545
1473607841114066947
1473604929860210688
1473602593221791746
1473600021249466370
1473596658667556864
1473581003062996996
1473577983973552128
1473577448306446341
1473575976680390656
1473575912943673348
1473563146883256323
1473559222855946240
1473557866443276289
1473557359100194817
1473556168022716416
1473555068653760523
1473554656500457472
1473552582995894272
1473544099307216898
1473540333669531649
1473534778641055745
1473528353344811010
1473527851928350723
1473863650871894023
1473862651184701440
1473860771033632778
1473860117506392066
1473860103900069895
1473859362737180675
1473858812704477187
1473857846089449476
1473856966560665600
1473853469123436546
1473851887602442242
1473851756786323460
1473851257211129857
1473849442214154243
1473848049822666757
1473847813436067843
1473847682925940738
1473847675380396032
1473846238101475328
1473846223882780672
1473845240406568961
1473844378326159363
1473843927413248003
1473843645765668867
1473843621753360386
1473841982820610049
1473841932203823104
1473841170316890114
1473840357964075009
1473837000981553152
1473834492997496836
1473834014330949634
1473833910001831936
1473831995104894977
1473829468871479298
1473828355594022912
1473828214808080386
1473827892400300032
1473827364354211840
1473827138566426626
1473826174488903680
1473824437174636544
1473824414802190336
1473822403595694083
1473821053717651456
1473820196062195713
1473820164139352065
1473819658255888385
1473819484343341056
1473816655876673536
1473815502321381376
1473812599829450752
1473812544536006657
1473811964753186822
1473811459310116864
1473811318993915904
1473809384467668997
1473808536723361792
1473808146405593088
1473808065510055938
1473807202263523329
1473806314010726401
1473805512122974213
1473803455454015488
1473791345596665856
1473786207876554756
1473778042811994112
1473769395008663552
1473768754001625090
1473744652276989952
1473734656180772865
1473732046027726854
1473730826659667976
1473723305458864132
1473716909216608270
1473711034020114443
1473707396337963011
1473704792740487169
1473700806784339970
1473700639658188810
1473698227887214593
1473696787290599435
1473696517525585924
1473693889655619588
1473692597604560907
1473688178502557709
1473686815873900555
1473686300733673479
1473686016158572544
1473685287037542410
1473684365007851521
1473683361449365514
1473682950009110532
1473682157407191041
1473681909842599939
1473677226621161483
1473675341365399558
1473674089164386307
1473673960692883458
1473672385995976704
1473672370263003136
1473672173399257088
1473667910379847682
1473661974621802504
1473659451768852482
1473654196788363268
1473651247353716742
1473649423284457474
1473649037706366979
1473648803181850629
1473647694862192644
1473647261066227712
1473647188525781000
1473646840444715008
1473646463276122116
1473645453895897089
1473643468748558345
1473641867925356544
1473639974524243968
1473639870463561728
1473862079828279301
1473861112756015110
1473857078498263041
1473854044577824768
1473849668941467649
1473831400885215232
1473824900691333120
1473818562615599106
1473814108558479370
1473806221392154662
1473800769711206402
1473702318709383181
1473700106272714752
1473683890120409095
1473683811921809415
1473680718240919568
1473678483612213248
1473678334001393666
1473678004362563602
1473677919537049607
1473677845511778307
1473677666960220171
1473677181805023239
1473665039949201409
1473664546459971584
1473664395339177985
1473662322627551240
1473648362696159238
1473645063364235266
1473637977691602947
1473633267848921090
1473633004010442753
1473624168813891586
1473621993165447172
1473620146350559238
1473619650504105988
1473616154308407296
1473614164723580934
1473606964164792320
1473606537717248000
1473604456528809985
1473599163149402112
1473587218715275265
1473584982903779329
1473577642360446978
1473576850622337025
1473564395166789632
1473564330989801472
1473560174048657417
1473558761092435971
1473555728761638916
1473553045153730566
1473549027367030789
1473547567006818307
1473542974747279360
1473539219033243648
1473532426253000706
1473848751643004928
1473847870839148544
1473842534325518338
1473812988184301570
1473811307019132929
1473809579590905861
1473707009920970752
1473675488463757317
1473658720630411266
1473658008462716933
1473657000437293057
1473656498450407425
1473635918850375682
1473631159527501826
1473628133362389003
1473622619970695168
1473617665067343875
1473615742473961475
1473611712876081158
1473609195974893568
1473593811121029122
1473590003087261697
1473588255891210240
1473563865522716673
1473544754923245572
1473536186329100289
1473530419068891136
1473818364757770243
1473568763337265152
1473549344074702850
1473533074352721922
1473829665005776896
1473828905635045376
1473828810239852544
1473674826850177031
1473657949574684681
1473627262117289995
1473613752192815105
1473612605549731841
1473611513336238083
1473574176241815554
1473573127037009921
1473565138506510342
1473532971474776065
1473859758587203587
1473853760375963652
1473853728549584900
1473851860293324808
1473839385049124865
1473832759525265409
1473832473620402176
1473831976343801856
1473826937025937408
1473825098146607106
1473821153873444865
1473812363056795649
1473811276862488576
1473803495744569344
1473795688966209538
1473779731015544836
1473726595819057165
1473716070775205908
1473702431674765316
1473694494398816260
1473685949410422786
1473685709529755656
1473680947363074051
1473680368280780806
1473678250937303045
1473677598123249676
1473666258545483777
1473666118988431360
1473665852201336832
1473663585884598272
1473662968667672580
1473655045635727360
1473654912420507650
1473635991609094146
1473635173501583363
1473632148284346369
1473608577176637440
1473607686495293446
1473604175594283010
1473597579435061248
1473588494958092291
1473583109362704387
1473572566539243523
1473549138948079617
1473546177240973314
1473539679295180802
1473536540785537029
1473527705559658502
1473858673441075200
1473853901363236864
1473852580115595274
1473851868447084545
1473849733407907840
1473848161831632903
1473828088169463809
1473826863365517312
1473820213871190016
1473795711951007744
1473788149792796672
1473785637132136448
1473768091897135104
1473743744138571776
1473697146532777999
1473688807690190852
1473672946375823362
1473665869163073540
1473648577310199809
1473640410404716545
1473633371385257985
1473630143310487554
1473626033253347330
1473624106344099840
1473607822629867523
1473591606930382851
1473588264875347969
1473588197573607426
1473584160404951041
1473579488969900037
1473579179480207362
1473578694031470593
1473578038742831106
1473573032627109888
1473568584546746369
1473566946813747200
1473566174722113536
1473563442476830722
1473560279413780485
1473560267275464704
1473558970455396354
1473553945729536002
1473542858535686147
1473542687026401283
1473542182367731722
1473537501373468677
1473533857919946755
1473530370108784642
1473528641715793920
1473805109976977408
1473692892568989711
1473529986216710145
1473787387012468737
1473826867539226624
1473653076884033538
1473835012998926337
1473828597701902338
1473605402918932481
1473868874634334208
1473842653326307328
1473713098116718592
1473608027257200640
1473598463338168321
1473845189475123204
1473838157690912769
1473833343389081602
1473868672607289346
1473836943406288896
1473586928846999552
1473583425395179521
1473581864543670273
1473869791475556353
1473863772389486599
1473825615925047296
1473821089511854081
1473806708883419136
1473740393120505869
1473657884726554625
1473587225489076224
1473658201170055168
1473593937931616256
1473676373621366795
1473641893565120512
1473618546458382336
1473614824999243776
1473534229392756739
1473690574062559237
1473667616883412995
1473598800103104512
1473838982345621504
1473858087668764673
1473840249260281858
1473799967596711936
1473673844309180416
1473598213030506496
1473564492986404865
1473563829238132741
1473534523585404930
1473843355213709313
1473545083714629633
1473782112360665088
1473691286465126403
1473644825865908225
1473730998143750152
1473560808638410753
1473546076468625408
1473868932721168387
1473646200045772803
1473636248061288451
1473618022166188035
1473858190114623492
1473676163377729551
1473562438628896768
1473680747110322183
1473677991528042514
1473677267838537728
1473676680082468872
1473676441447448584
1473648402336411649
1473607076614053888
1473602318159343617
1473602029238951936
1473601784576839680
1473601484369530880
1473600720599355396
1473590890547462144
1473560434263289856
1473545553925447683
1473543921108074497
1473859247125372928
1473833685304561668
1473711579619282947
1473863818639929352
1473676643860418565
1473643170026057728
1473564850785718273
1473564577430335488
1473631808088535041
1473649033000357890
1473645285402238980
1473642253042139140
1473634192739082242
1473633238899838985
1473624995980972034
1473778837666205696
1473629051520647173
1473627729496924162
1473605956952989697
1473605489992736768
1473602906662133760
1473693521467088907
1473620611498872832
1473651857587257345
1473559371019739139
1473549395563978752
1473632757184139267
1473843035888754692
1473808856182824961
1473870004512768002
1473827938562822144
1473647787912798215
1473610015197986819
1473554209719021570
1473548376977252352
1473533478268391424
1473654541543297026
1473641850154012672
1473602827318616065
1473552642223845376
1473660878180474880
1473693480073453568
1473623481510428673
1473532451712503809
1473842252107567104
1473835971137265669
1473812609887391746
1473767231309824000
1473674557051772930
1473661164873654273
1473655608481959938
1473654546970726401
1473652416721551360
1473650757048037381
1473640250966564866
1473638430823251971
1473557901255921664
1473854374552096768
1473852961855926272
1473844356142362624
1473630007029211137
1473870858087059461
1473607388800241666
1473713239355756553
1473686766100135943
1473677127321010183
1473576169995792385
1473541114749616128
1473833881295933441
1473594036703272961
1473839530562109442
1473715332233707535
1473669865210662912
1473651850259812353
1473629958635278347
1473611668273840131
1473598651981197314
1473595145941520386
1473566847752540160
1473565785939271683
1473565126674378755
1473564149800071168
1473555158034382851
1473863485977026569
1473683607273287707
1473584224762404866
1473547767448412163
1473632346293239815
1473565435832504329
1473854285188268039
1473837593821212673
1473677694328086542
1473668477424521219
1473653668813893632
1473705388973379584
1473661560593649664
1473655686068195331
1473565447874387972
1473565433206816769
1473547591660965894
1473543885448093698
1473540704051744771
1473592843981574145
1473624129232257025
1473846933059825673
1473643430421020672
1473621456055455746
1473608582390116355
1473844423528046592
1473870909542834178
1473665359890640908
1473602897019506692
1473665280387731458
1473663765581217793
1473665020684685314
1473663985564094472
1473663670173384704
1473870566230683649
1473869970056515586
1473801691237548032
1473670534562942977
1473670435820617730
1473666100810293256
1473664407481643014
1473663029807964160
1473663029363367940
1473604390841843712
1473604107927580672
1473603785528283137
1473600834818613250
1473835554538078208
1473874411077844992
1473863538565271555
1473851463277285380
1473839532990599168
1473820711860903937
1473791218484015105
1473765968753008642
1473687407321128965
1473657951621509123
1473626756863037441
1473597626654224386
1473594949631299588
1473592411293028352
1473591381864030208
1473590301256130563
1473579184848990211
1473576314078588931
1473575846342365184
1473564038416125953
1473542299330039809
1473541890469285890
1473556697973424134
1473544339716554752
1473843758131138560
1473739713244811268
1473602787283910657
1473789191331155968
1473596433546706944
1473550392667430912
1473865605472088064
1473654363906207746
1473591071837880320
1473572020046602245
1473864291698704385
1473853980425875464
1473850728745615362
1473833986862379011
1473820260037918721
1473755368501268483
1473746615559143426
1473634902859935746
1473611815259029509
1473558983298351104
1472878459177222145
1473848689265283079
1473674600655564803
1473660388965113857
1473627491776425984
1473591677826658305
1473585479710740480
1473549401888940033
1473854186060017664
1473714740509696006
1473713933798326272
1473536199037894657
1473535979042476032
1473868825997152257
1473658016700395524
1473830867533381633
1473830353131360258
1473589140818067458
1473873096851529732
1473826733296009219
1473855563633025024
1473711966652878850
1473607284068544513
1473589689646927874
1473856116861784066
1473569086256783362
1473875769902321670
1473867311824080896
1473867135025774593
1473824256744062981
1473668888592191490
1473664161275998212
1473639030025699331
1473623005070651392
1473617903974899713
1473615542527295491
1473588681520803840
1473573544462147588
1473562046910373891
1473558218538319875
1473551401921835008
1473548650131382281
1473870156140929024
1473868678240542722
1473844455593545733
1473581502772379652
1473576186378743808
1473574062039261184
1473557028526194688
1473842960882024450
1473561254870478849
1473561196506746883
1473837979315568640
1473831294698024963
1473795161997991936
1473866121535115266
1473632608747601925
1473618042202460162
1473612508795654150
1473597706845130759
1473574084231319556
1473880442122096642
1473879849617936386
1473878858776526850
1473850855489081347
1473805271814209538
1473636717164785666
1473628871027089408
1473628060469530625
1473613332447965184
1473565062409322498
1473560311500210176
1473847602974130177
1473843080092536834
1473833749435469824
1473713914433187840
1473619896118378497
1473578585596182530
1473604109370417153
1473866607369748482
1473641853127827462
1473671787095363584
1473665976935743491
1473880350795264003
1473878335365156866
1473874058647203840
1473855655853248515
1473843363027644416
1473826807946248193
1473824762619039749
1473807246635433984
1473696295596736512
1473677486521298961
1473669647660511236
1473668217415503881
1473666066731581448
1473646004704448512
1473631952175468544
1473625845721829377
1473614273439887361
1473596646806016001
1473588866854440960
1473588610280558592
1473560676702375940
1473553960929689603
1473548618967568384
1473542306225664003
1473540064743284736
1473879447610662914
1473879252541927426
1473878576135311361
1473859315270238210
1473794230426427398
1473722373220229128
1473621618555441152
1473613893440139265
1473592540217544705
1473549910968520706
1473852249415688195
1473852243971506176
1473852295708221443
1473603985936293889
1473547199267049473
1473847704220409861
1473832035953217540
1473798147281358849
1473794377705082880
1473679231376842756
1473637774674710530
1473581947305615360
1473568174234750976
1473872899719192580
1473878911624777728
1473877909144178689
1473869133737431042
1473859752408977411
1473858191557476354
1473848322590867457
1473840309826035718
1473830036180402176
1473826154553376768
1473811059882414080
1473783922420973571
1473658958762020867
1473655386750144514
1473616455413415936
1473598023397789696
1473584915887230978
1473570023004278785
1473550522648956930
1473546163064168450
1473876706310213634
1473868771508899843
1473864399911718916
1473855590199746564
1473826045987983362
1473824817472151555
1473748024010678272
1473739993181048847
1473737625869635593
1473715759809454080
1473702725036691460
1473693693949399048
1473682190299021323
1473655613523566597
1473632932501725186
1473631487421411328
1473629844164386819
1473626483750948865
1473603521316487168
1473599325552865285
1473595623542644739
1473587287371956230
1473584822337486855
1473583222940475394
1473582213757161473
1473581436930347010
1473551664535715841
1473862876565676033
1473672253086715908
1473613390811582466
1473607774906961925
1473590678005469184
1473590364057444352
1473559036725383168
1473554017552797696
1473800195657768962
1473760812162445313
1473636371461857283
1473879740994002951
1473873657919275010
1473664590873464832
1473607743449804801
1473861201532649472
1473795972023328768
1473666269253873666
1473619123607277570
1473645430479015937
1473638440314933249
1473568080152260608
1473639868890705922
1473670568511631362
1473812337484189696
1473810771117178880
1473809654060765184
1473799579959054337
1473658730986151941
1473627915371700228
1473614531498700801
1473604340514377728
1473561715467976704
1473837389415993344
1473859720460918788
1473577049906315266
1473583479208120320
1473815258317799425
1473048886981894145
1473736694423859226
