1470603530658402309
1470598186758672384
1470596000943259650
1470594467862171648
1470590037318266883
1470589675089899526
1470587913821777921
1470587266938511362
1470586018046697477
1470580199997669379
1470579554334887937
1470576601905520640
1470576560247767046
1470575675731968002
1470574769569353733
1470574543177543683
1470573243698352130
1470570572941647874
1470569799671443461
1470561186236174338
1470559740962873345
1470559067965992968
1470548302395371523
1470542427635142656
1470537212882132996
1470531140083585024
1470530769789411330
1470529759763308545
1470524824317431808
1470501454028976132
1470493443432538120
1470466580421091329
1470448598198349825
1470441154042740742
1470440680992374784
1470430124893822989
1470421197301059586
1470419121569361923
1470418697705590784
1470415077098471428
1470413044589023232
1470412245737762822
1470412226930503680
1470411797425373185
1470407633278435331
1470401748728643588
1470401600363528196
1470399341386821633
1470399321585504259
1470399008866590724
1470398187248578560
1470397232696348673
1470396854911127555
1470396018504056835
1470395735526961152
1470394617879166976
1470393178259791873
1470392975028932615
1470389210741809152
1470387531556397058
1470387229277052929
1470386140200931334
1470383821358911488
1470382869868515333
1470379045556613130
1470378000310964234
1470377068575608833
1470375248147087362
1470374793169956864
1470374453955624961
1470371346534129674
1470369656854618114
1470368978568581125
1470367530711597060
1470367011746189313
1470365791912558593
1470364816648773632
1470362880772034560
1470359291903107074
1470358199651876864
1470357637115957251
1470357550960758784
1470356188823175169
1470354687123595264
1470354185619050496
1470350662227554304
1470350556057137154
1470348711318360064
1470348052485476352
1470343856533098499
1470340118502248448
1470339200176193543
1470333442017480707
1470331463241375745
1470330093369126915
1470329710890471424
1470327522801844230
1470326907283521536
1470324836371087363
1470324083694862337
1470320959416463360
1470320832215879680
1470320448902610944
1470314696393695232
1470314365760913410
1470314145861931008
1470313599201472515
1470313305516298244
1470310293850890243
1470308522118180865
1470306913627693056
1470302805541982209
1470302421830275072
1470296495718993921
1470295339487805440
1470291899512623106
1470291889827975171
1470290280486113281
1470290214820085764
1470290185019482114
1470290183035572226
1470289833784315905
1470288626915307520
1470288595684495363
1470287961115676674
1470287371216117761
1470286645710639105
1470286269292843009
1470284468971728897
1470282774896513024
1470280443882708996
1470278694438531074
1470277775332237313
1470275731875786753
1470275137328988160
1470274283427536897
1470273040923574273
1470269752207548416
1470267667504254980
1470267342118547456
1470267162610655232
1470265340571447296
1470264908805595138
1470264720783392771
1470261364975308800
1470260081744748546
1470259342163132421
1470257203151978496
1470255029948850177
1470255027780349953
1470537787296333827
1470355971104854016
1470603475058769923
1470602116162998274
1470602112958550017
1470599152677515264
1470598411753717762
1470597003377664000
1470593448516341762
1470586516422504455
1470581568804892676
1470578814358933514
1470573118473515011
1470569599707926528
1470566435558543362
1470562962670637057
1470556143520935937
1470555176209502210
1470553447963389955
1470542605549072384
1470541202554384385
1470483853248806912
1470464723330420736
1470450020935557125
1470428560615620610
1470426914070450182
1470412567935782913
1470410306442579969
1470408917909852165
1470406933098098688
1470405567327866880
1470390637983715333
1470381870856630272
1470365797050580994
1470361706412924929
1470358511754391559
1470357395033497601
1470356382448865285
1470356354145480706
1470345901197590530
1470341896362815489
1470339446746730498
1470337314895253508
1470336083246272512
1470334157918146561
1470330902219657216
1470329636902957056
1470326738299281409
1470326722243485698
1470325784766140416
1470325168102805507
1470323870271823872
1470320595405402112
1470314967257825285
1470307141604896771
1470306922985230337
1470301795826110465
1470294919927451654
1470294146271244288
1470293413840912386
1470293280558501898
1470285609449127936
1470271424044560388
1470271311565914118
1470268295706136579
1470264061237493762
1470263007661858816
1470256045117169664
1470254801837445121
1470243583429001217
1470391562253209600
1470591334595510274
1470585667159683072
1470585665418981376
1470579147038543873
1470579041895784450
1470576859716882433
1470440326733119491
1470391048530661384
1470330721877184513
1470317899239735297
1470494632496795659
1470300999591989251
1470263510365999105
1470604321897078791
1470602915567992837
1470598505349586948
1470592397482479616
1470580807324504066
1470570608719110144
1470570476053286925
1470567783549181957
1470566515673997314
1470543312171851778
1470532309510078464
1470425972721651714
1470394973375721472
1470370267922767876
1470347507574054912
1470319992050634754
1470304380519784452
1470304373305610243
1470296278332370944
1470295018963275776
1470278031541354499
1470274056863633408
1470262636889608195
1470258354693885957
1470256595053342722
1470604470040076295
1470600309193904130
1470597958211018752
1470590457746845697
1470589736959967232
1470588162590187524
1470585860970086401
1470582406725861378
1470577041405886465
1470574261991460868
1470572859684573185
1470570606756130817
1470570604575158276
1470570341797810176
1470570063052767233
1470569869846319107
1470569690342649865
1470567455181316098
1470566721505226755
1470565518570496004
1470559661698928642
1470557682587222017
1470554096557903872
1470553546730795010
1470549181634805760
1470548729874685953
1470540774739570692
1470537489765257217
1470536697137958913
1470531434905423875
1470493138233999373
1470491707066269711
1470446776075182081
1470437852257275906
1470432389914513408
1470426558263291904
1470420210922311682
1470412143187030027
1470404108813148161
1470394185635094533
1470393569949065223
1470392532148580352
1470382263913250820
1470381366319542273
1470377968228835334
1470375814277386245
1470375067229954049
1470371850643382272
1470366246394732549
1470338378776211459
1470332724846239748
1470330634019110912
1470326731756081153
1470325876633989122
1470321986849021953
1470320526346178562
1470320446453149698
1470319899360710657
1470314398291935236
1470314067294261248
1470312816284364804
1470310326902030336
1470306847726845952
1470304998281990147
1470301228198359042
1470295733979037698
1470286131165945858
1470284276780261379
1470281428285984768
1470277086744956928
1470277084169719809
1470274894545907713
1470272888481718276
1470272271755341824
1470267237239902208
1470266125757792257
1470263945931853826
1470262297394225153
1470258351279726596
1470256403478560768
1470251860611063810
1470250396538990592
1470244735046594561
1470576545320169473
1470575459247308800
1470567410969112579
1470562865736085504
1470549505409896448
1470500501867446275
1470408773189582851
1470330423246946306
1470308301011259393
1470297106019590144
1470262979228684289
1470257903307087875
1470247154769797127
1470246807229779969
1470602717567479812
1470601133739712522
1470598501927059460
1470596910440456197
1470596222104662016
1470593234782937088
1470590882789220354
1470588055165702147
1470587348203163653
1470587021693313029
1470585412338941952
1470577072313716736
1470574186082942976
1470572062095785986
1470571154947469312
1470570474077777920
1470569764997111809
1470567727106383874
1470567100158595073
1470566968411320321
1470558992719966209
1470555807120969731
1470550004377227266
1470541585557295104
1470530740379025408
1470529477423681538
1470416797354524675
1470414616035397633
1470408710669447170
1470396363833675782
1470392869756096514
1470386176108285952
1470381213802061824
1470380342947155968
1470359407200399360
1470357149020688387
1470353136787148801
1470349170636587008
1470346213438353408
1470331740027637760
1470330623227154432
1470328120901259269
1470324607915749378
1470319658939006985
1470316225989283840
1470313305881206789
1470308272145977346
1470307317941895168
1470296406514540549
1470295684666609667
1470292776914800641
1470285046443507713
1470280308364701699
1470280136729640962
1470278677011206144
1470274718867464193
1470262276934434816
1470258879724662784
1470258282623225858
1470256545522876417
1470253685800271872
1470253015433023489
1470251313908752384
1470248548289560577
1470247120070266885
1470246307629395969
1470243066489409541
1470604747874791429
1470602237797801985
1470601797442015232
1470601751493419020
1470601540264206336
1470601524250251264
1470601453412651010
1470601410723352578
1470597209334771712
1470595200070270977
1470594921836986373
1470594660582129669
1470593672592822272
1470592298731728897
1470592128451432448
1470591777342033923
1470590567050399745
1470588534348128257
1470587930913636352
1470587347985002497
1470586318816100356
1470584116785541126
1470583186195288068
1470582976580751362
1470582778408308740
1470582134008020993
1470581496347914245
1470581242928132097
1470580843793948673
1470580805197963266
1470580716874641408
1470580568446230532
1470580101653823490
1470579892815237121
1470579455911288841
1470579148645097484
1470578538231132163
1470577920020078593
1470576633497198600
1470576036886708226
1470575665317515268
1470574857356132353
1470574416601890816
1470574008475156482
1470572761969950723
1470572206706999298
1470571738249506820
1470567729606184965
1470567429587701760
1470567388827377664
1470567045351690241
1470566964552613889
1470566710801481732
1470566582136946690
1470566510758227968
1470566423605166080
1470566362330255363
1470565631174926337
1470565605359386625
1470565324705570818
1470564704200183812
1470564702501564417
1470564512352772096
1470564275072634882
1470564236803723265
1470562222296342528
1470561489647853569
1470560471199596546
1470559845376040962
1470559825264201731
1470558563130961920
1470555679836422147
1470555344472444931
1470554978846601217
1470554916087205892
1470553618734481410
1470552823175815168
1470552121804144640
1470549501618245634
1470548229062205442
1470548100448079872
1470547836081037313
1470547686998740992
1470547329975341056
1470545956210806790
1470544324270063622
1470543083573952513
1470542781831516162
1470539273036185600
1470538008243830784
1470533361613656075
1470532915964485632
1470529330249826307
1470528028690182145
1470526541423693829
1470522692721950725
1470521413014409219
1470515740537065473
1470514988179615747
1470513822184050690
1470510143594909701
1470501102806253570
1470442500015869952
1470441987681570818
1470440683051782147
1470439606403305479
1470431585665093635
1470429421592985609
1470425483263111174
1470425156384292866
1470422814217756676
1470422630880538627
1470422212398047232
1470421459558277121
1470417939744497670
1470416801276252164
1470601124222672897
1470594083944943620
1470593320845856768
1470585633215180806
1470573404654751745
1470565906577190914
1470565212981907457
1470563140781817857
1470558014738350080
1470549970344316932
1470544733638385668
1470543186971922435
1470465088964358146
1470449902870097920
1470446978840498177
1470428538322841601
1470422931641487362
1470418097634877449
1470417734852702213
1470415811101614080
1470410521723637766
1470401302220124161
1470388245514964993
1470381304889819138
1470371042023510016
1470370175509614595
1470368590851309568
1470363525625171970
1470361151653380096
1470348338612477953
1470335695755481088
1470332402698383362
1470331834345013250
1470329187030298626
1470320404468158464
1470317574047027203
1470307038450176002
1470295306235305985
1470292924361445378
1470291278914994176
1470290703926251522
1470281529653821442
1470280036338913281
1470273905063391234
1470269709287256065
1470268110905114626
1470267649191866369
1470266673412259840
1470256421938012163
1470568143730790403
1470564804561563648
1470560616834531329
1470551733562589185
1470544588855070721
1470462740149915651
1470414148483702788
1470409076500664323
1470384282648518658
1470375210159206400
1470371226077982720
1470371007818985477
1470356438354579457
1470354635424604162
1470347742874517507
1470332302605500419
1470331136614141952
1470330205713551365
1470328850873683969
1470328226039820288
1470326063108554753
1470323368096251904
1470312967526879236
1470310875760263168
1470309105982185472
1470303727835697153
1470302489782095874
1470296819473129474
1470291430161588231
1470287281332228097
1470283031306928128
1470283029192929287
1470281722793127936
1470276549207154690
1470272493352984577
1470270910791708674
1470254911275212803
1470253497132072961
1470250971791953921
1470247747055878144
1470601382667309056
1470572974730211328
1470313532822409216
1470551739191365632
1470403086170550272
1470389145100972034
1470383587526541317
1470356537164005378
1470350849419329536
1470336650169368576
1470336596138356741
1470289476450619394
1470598785554272261
1470597863604428806
1470595845242318854
1470586079107375107
1470585011728379905
1470583659958730754
1470577067205013506
1470576732021293058
1470574701953318913
1470567505773010944
1470559338401914880
1470559051347988481
1470557609962835968
1470554298161721345
1470543086057000963
1470536195536949248
1470533786198708224
1470438789516386315
1470435451634814979
1470433537761239041
1470426867848990725
1470408796551872514
1470406994863353863
1470403909332062210
1470401837383569408
1470399354783498240
1470395779055435776
1470388806356402176
1470382279197278209
1470377484478824452
1470376841693196290
1470374997612908546
1470373361637154818
1470372427863445510
1470368496269729793
1470362310396968963
1470362017168969728
1470355948699283457
1470351839497375747
1470344841766653952
1470342294830153732
1470337349619896321
1470331802757652481
1470329250431393794
1470301563935543296
1470294231184936963
1470291384057753602
1470290311473614849
1470284503193063425
1470268421178748932
1470263577499947011
1470261525914927106
1470253889119162369
1470253320258220033
1470250547642990593
1470603459657449473
1470598674975657986
1470597480823746566
1470597018758234113
1470589369891409925
1470586014989111300
1470585190242082817
1470584105741930497
1470578035174690816
1470574262159298570
1470570060125069313
1470569351514247174
1470556816585072646
1470554867001266176
1470550258975449095
1470545594297069574
1470541896380399621
1470536698979258369
1470533561341988864
1470530373217968132
1470529743703265280
1470529726997737479
1470529200486420481
1470525186713821194
1470516568090054657
1470480172067524614
1470409417937997830
1470402894000115719
1470401331554705411
1470395796533039104
1470382546529570817
1470382015748853763
1470378283225124864
1470371012185255940
1470368218514554881
1470365033565605889
1470364751058243588
1470362981800165376
1470361444524822530
1470352982394880000
1470347979189985287
1470341268228034560
1470334378572087296
1470334338264801281
1470322995398725641
1470313191401947136
1470311102818906112
1470306206346461185
1470305078074482688
1470304454675034115
1470295020850737155
1470295015091892225
1470256140462157827
1470243295657742339
1470322016611823616
1470256010954567683
1470342390078533637
1470561290636566536
1470606393895915520
1470434741329416196
1470369079118602242
1470292397590335488
1470397253072285705
1470394457694498818
1470382588590055425
1470341023834406917
1470561291089498115
1470556325449183234
1470532480637685763
1470448039072387072
1470389098095333378
1470324441225695232
1470314771312381955
1470278050960920582
1470603016076029957
1470368290945961988
1470456066638958595
1470451608110567428
1470300524134088705
1470593875886567425
1470294776972918790
1470602244835840001
1470401220468625416
1470601455601999873
1470578996064653315
1470578351333019649
1470567672626630656
1470417983172349954
1470370133587554304
1470366393765797891
1470281275571277826
1470603342564913152
1470591782077419520
1470584100343861248
1470581842310881283
1470434340567859203
1470381572633206787
1470297326883270656
1470316610712129540
1470313512861720577
1470309834104840192
1470279609040003072
1470587619759165440
1470435651786981378
1470400555071655936
1470368328786931716
1470306295907446784
1470400353107517442
1470282475540672515
1470244406426882049
1470247934797049866
1470553058241232896
1470442005872340993
1470335881831608321
1470565436232065027
1470390273234538496
1470359040903450624
1470355890129698817
1470326834470567940
1470290131995095042
1470270983202217986
1470261206875131908
1470594435620741123
1470277871415402497
1470320101844926473
1470568550100193285
1470541410692567040
1470360955133456385
1470307170184941568
1470306526254403585
1470306026435928066
1470403756428722179
1470336227685519362
1470552207292469248
1470387286000889867
1470605401951408130
1470585738790342657
1470573572506615814
1470454874240270337
1470454538947956736
1470412638567890946
1470394920800161794
1470590321759162368
1470550684349001730
1470425024007835651
1470414827843567617
1470371978397700105
1470323429811183616
1470295561697857543
1470584590142111747
1470379931964039172
1470341191677870084
1470257330751033344
1470601823463493634
1470295996022198278
1470531668632948736
1470414414792704006
1470376114690269187
1470317390898421761
1470251397002129408
1470606984995090440
1470404629347274752
1470399732933533699
1470347910672011267
1470347767729909762
1470553483812081664
1470530627887718400
1470424003743338496
1470404744774447105
1470400186971136003
1470393963848687619
1470393068914315264
1470373145131556873
1470369476709257220
1470368992812363777
1470365357193924614
1470365226251943944
1470304055956152323
1470289131192262667
1470269319950921728
1470264721102282756
1470597123129233409
1470534618499588103
1470531542220824576
1470405869531656196
1470609271985295360
1470542172625661952
1470258404924874754
1470298228708937729
1470379862460231682
1470348143246004224
1470370876663025666
1470368850738769920
1470268317373980673
1470379511837429762
1470334051999354892
1470270006164213762
1470598870946095106
1470540245904990208
1470491224641519629
1470377147776733186
1470376516861054979
1470365138221879296
1470305932471009283
1470303883788488704
1470303850879934467
1470283301172613120
1470281184697487360
1470281065432436739
1470576355175591937
1470354509792641027
1470254349150343168
1470252350820347908
1470293085661765633
1470317284367343624
1470603460433170435
1470583289186455556
1470560925107179520
1470330193310937088
1470288423751614469
1470263609154420740
1470582190555631619
1470363571406073859
1470357445247586307
1470306700318105603
1470303845553164298
1470290052588572677
1470481258706731010
1470403483035594753
1470390100538183682
1470361407396798464
1470405642875662337
1470361388174381056
1470310731748835329
1470306702885072896
1470598451377233926
1470276996869410817
1470405226712551425
1470260833120780289
1470406470135017474
1470405091253309442
1470406156107452425
1470597786701729793
1470408420834512903
1470405578623127552
1470404790010073088
1470404789687095296
1470404789011812354
1470394844065398787
1470277363267080196
1470276855722700806
1470597592182497283
1470589488199974913
1470564993468809217
1470559248698413058
1470529170492964865
1470449426049163272
1470441642842750976
1470384295193710597
1470384240202174468
1470378122281304067
1470349285438857221
1470317684386512899
1470300210626641921
1470287709499392000
1470257254481817603
1470301544830566407
1470299595242500096
1470256333366521861
1470581398515818498
1470548840977629185
1470391287035617280
1470347739208716290
1470347619108933635
1470384185168707586
1470611549437845505
1470581217456111616
1470384453818417154
1470384399690522636
1470384347660177419
1470338780523499521
1470321954229870595
1470423991957344257
1470418953411252225
1470398249886359554
1470361918363684870
1470315039445831680
1470310934706995202
1470300861720973315
1470279883947339777
1470273262303137795
1470262581004619776
1470598448957165570
1470580594572775441
1470498700061515783
1470446109264912397
1470437313662664704
1470421427564081156
1470359420970307585
1470333241601118212
1470305719907848192
1470291606066458625
1470268813446897666
1470255532736860161
1470599363210530824
1470583700140085257
1470566733941403648
1470559496653078531
1470337828705878017
1470592823246290946
1470588381537050624
1470292315432390660
1470256334914220032
1470569479180472320
1470369873939238913
1470572186108772352
1470561373797040131
1470560035210104832
1470615801698738182
1470612106517319680
1470610474387443713
1470606102924464131
1470590950858969092
1470564417985155073
1470406790927978497
1470380235363270658
1470444568503984130
1470332215892451330
1470434976478883841
1470309765473390597
1470373046242340866
1470583627217989634
1470595499657170948
1470586348646064134
1470561048268730372
1470560085697261568
1470545639041761285
1470417502194728963
1470410773813886980
1470367570595172353
1470366388728463361
1470351381357727746
1470339865208242176
1470325338857095173
1470315713512411138
1470298612013801472
1470288678928871424
1470258081464418304
1470604640467120130
1470541422814117895
1470400644972306432
1470306250726379521
1470287488727982081
1470599396366729226
1470297649387507713
1470590190955548672
1470589602138234887
1470372016515534850
1470294442535915520
1470293723468677121
1470265730541129732
1470258347974660098
1470553055032602628
1470291265161891841
1470576953858015233
1470545746071986180
1470391053794512897
1470385223493832707
1470383529880027141
1470354586359582721
1470336156684353538
1470330917222641668
1470323297090899968
1470288393217081350
1470281092246605824
1470593748224540674
1470593131741515779
1470573685392109571
1470396860191760388
1470276638784954373
1470263687197851655
1470567220728107012
1470381453812719616
1470363369462849538
1470346553797734402
1470601331551342597
1470613912563302402
1470581025851854852
1470571983792312321
1470560540082651139
1470558567505674240
1470555450911621124
1470545416353579008
1470511629007613952
1470432636061376517
1470420944711667713
1470410388768366593
1470400459475202052
1470379860954546176
1470379210577350657
1470331581688594436
1470314006472650754
1470303327195783168
1470268129179623427
1470264681650524161
1470601906317762561
1470592885733031942
1470592695957549057
1470546386844221442
1470482038159556610
1470427004671602692
1470407160068653065
1470310714623594504
1470304352690597889
1470301480276090881
1470300593088466947
1470289020848467973
1470260235814141952
1470589650519531520
1470370707682955265
1470365920564428801
1470313135982759939
1470597717613113347
1470586109113470978
1470398576593289217
1470357211637596162
1470311877213368321
1470425024116965378
1470420337128984576
1470409404650508288
1470403525414993920
1470397346953326592
1470342955206647812
1470337716743069702
1470309279424937984
1470300985495072770
1470299140311728136
1470283173649174530
1470258121008373763
1470258019027935233
1470588442312462337
1470564159775383553
1470562015953387523
1470417123579023366
1470410328852758530
1470400429410308096
1470399623588048898
1470380760569827330
1470369265660223489
1470368002508005379
1470357122961620994
1470338583282081797
1470307707701710849
1470299153204793344
1470298640912506880
1470297998043533321
1470297005691858945
1470602252184391681
1470591894711242752
1470591237241536512
1470586864755118082
1470571110563401729
1470511147656761344
1470510738787561472
1470429935147827200
1470422260674871302
1470419009673723917
1470402169358540805
1470401078449553411
1470399121953464323
1470397829474574351
1470388741541806082
1470387885585043458
1470386807703547905
1470385269077598213
1470381028338331651
1470379809691815939
1470370791229325315
1470370492095680517
1470362689902116864
1470359424451563522
1470346407395667970
1470344098024333315
1470342902446362625
1470307200459362306
1470305085875838978
1470295136936550402
1470291483085262858
1470289313262800897
1470285525382680577
1470279487073882113
1470279003856642048
1470276704937648129
1470275400244895747
1470275186653941760
1470272980412354569
1470264323855372288
1470259138567491587
1470613137430761472
1470602187956842506
1470549806028242948
1470438922052194307
1470410943343775746
1470404970147057666
1470395912664981506
1470346985546813440
1470345614307184641
1470335207299424257
1470320544499126272
1470319736454103040
1470286989178327040
1470279486197301248
1470588091022725120
1470520856845910016
1470466643243548672
1470415639034544129
1470408219432402945
1470405804444454915
1470400969439531018
1470346093376335880
1470604970999226368
1470566048101326851
1470596058635849730
1470569708130734084
1470544691943075840
1470544142250147840
1470439172859043850
1470423986823593985
1470398436528693254
1470378925402378241
1470360669899743232
1470359420668235777
1470340111803969538
1470334991028523009
1470302768283807746
1470302519649660929
1470285241788993537
1470269967962570762
1470567836724518912
1470567833469796362
1470327574718922754
1470524614971330560
1470590061636829193
1470386068834840577
1470403256526389248
1470343387878363136
1470618476968509441
1470367510100725767
1470567370141814787
