1466617379014656009
1466617324325130243
1466617319350702084
1466617316842475522
1466617222663577612
1466617220088303620
1466616577168588801
1466616407542534145
1466612576888889353
1466610208784850952
1466609900629360642
1466609476161527808
1466608831832608778
1466607762989727745
1466603418617798656
1466603320294862851
1466602143129870341
1466602062498570241
1466599724497072128
1466598272563236868
1466595005963767809
1466592245876887555
1466591177503772673
1466590964902862853
1466589675175706624
1466589656342880266
1466589323881418753
1466587921603956738
1466587272585760769
1466586049757401090
1466584817454096389
1466584564235522048
1466583412656029698
1466582501686603778
1466582309474213888
1466574507917725697
1466572730870947848
1466571013253070849
1466567247124594691
1466566165438734336
1466558633445978114
1466558526478708740
1466550772733079554
1466541532274565123
1466541452511514624
1466539429544087553
1466532286128558081
1466532285155405829
1466522418659221505
1466519651748171782
1466515169362604032
1466508930478075906
1466500956527509519
1466492962716610563
1466462150356996096
1466451077880901633
1466448038386298887
1466439553548443649
1466437800706908170
1466434533184651273
1466433781829668875
1466429798532751376
1466428874254962700
1466428071523893254
1466426338340917255
1466424786024910848
1466422490318712849
1466419260226428940
1466417835442278400
1466410794929713161
1466410474686144513
1466402907020873729
1466398985170534406
1466397396569509889
1466396828107116547
1466391291822936068
1466389530974449667
1466388682466750465
1466388383135985671
1466379924827107339
1466378784634904580
1466378073331273735
1466370033215414274
1466357186066485248
1466356881455136772
1466348018832011267
1466347545471242243
1466343042453884932
1466340943745802245
1466335439887892483
1466334325423546371
1466332531783991299
1466331307953164294
1466330747703218176
1466330387731271686
1466329801342406656
1466326322905374725
1466323213378408448
1466321220710797312
1466319760711458816
1466316454979006465
1466314068638121985
1466311367749607430
1466310768677122051
1466310314568290309
1466310072682770435
1466309789101682690
1466305106169663489
1466304980692832256
1466304865366265856
1466304164942680068
1466303342167015424
1466303211510255616
1466299157895802882
1466297877026594820
1466297756402610176
1466519905155653635
1466347995801153544
1466616334016417798
1466614543086350338
1466610677133447180
1466609472462209027
1466605713770221568
1466601994504708100
1466597697838673924
1466596042464395266
1466592076292710405
1466592069242089472
1466589157149405188
1466583133277597698
1466580109326831617
1466575027504037889
1466574989730230272
1466574195500871682
1466569236403261441
1466566929662062592
1466547497984303104
1466546539187298306
1466542892378320896
1466542240948314121
1466538814147551236
1466537559052279810
1466537136845307905
1466536265193603076
1466478831372537865
1466474320444542976
1466471284175421441
1466459783376949251
1466452316119179271
1466452082026704901
1466446736495452161
1466442671052967952
1466439854003212298
1466437853353848851
1466433349581422594
1466433229288845318
1466423944756535308
1466422043822505986
1466416308359151631
1466415965596491777
1466414710757249031
1466409122505453576
1466408584334348292
1466405258041561093
1466391178656444422
1466391017335279622
1466387148735758338
1466382255849308163
1466372765221486602
1466370899142004740
1466365032787181573
1466365025816178695
1466364950079672328
1466363473672032265
1466362389327060992
1466361709736517635
1466358874085019656
1466358872046592008
1466358870222139394
1466358864064892932
1466349287684509696
1466343536954019842
1466341607599271938
1466333901165498368
1466331250281623555
1466327461692592128
1466325432710565893
1466323968739078145
1466322251251257345
1466320500624220163
1466319355755520000
1466318768414486528
1466310448735608835
1466309552979075077
1466298721314902019
1466298206325673985
1466571089509683200
1466346439605465093
1466304819828649989
1466617154736844801
1466603243337777154
1466581499163996161
1466437559404400652
1466414554682773509
1466413612885368839
1466408427442237448
1466386351486488586
1466317629455429632
1466312505219694592
1466312008165302272
1466306781269790721
1466608869333880832
1466603879756288010
1466603150928924677
1466600235803635712
1466580098551668741
1466402703005786112
1466389494588837888
1466383039273988099
1466380074370813956
1466357114582929410
1466350488824123394
1466618196752957445
1466613616174669827
1466597865329811464
1466591019437223941
1466588139460440067
1466584926023675907
1466564955897942018
1466554870207442944
1466457609163079686
1466426071809769483
1466425373785305097
1466411485341487104
1466402055690457088
1466393249287864320
1466363141663584262
1466356813717143556
1466346334890258432
1466340723226124290
1466338065790615558
1466333787491471362
1466333159365120002
1466330150253907979
1466316691734937601
1466296636150194178
1466617227956801536
1466615391019433985
1466608485995479041
1466602869834928129
1466602204262019074
1466599200930480131
1466599113873518603
1466598724860211203
1466597177484976133
1466591696951529472
1466585300310781952
1466582960065310724
1466581340388659200
1466579930351763461
1466579072327110658
1466576575944552449
1466565532115632130
1466560755969699840
1466556529885126657
1466554535069978627
1466552847667892224
1466544792016355328
1466543846620205062
1466543047882067971
1466478695825162246
1466474502401974282
1466464487028842497
1466442697485422594
1466428918093778947
1466425043613802505
1466422909400977420
1466414335773888522
1466411598860283904
1466410776625758208
1466409312301957125
1466387052858015744
1466381856379523077
1466381219541577731
1466377066878619649
1466370598397898754
1466369949950087168
1466360837174542343
1466359366819319817
1466358049996566530
1466353633197395973
1466350590728949765
1466342985755291655
1466340490454786053
1466331150490628104
1466330946144141314
1466326969734238209
1466316554589511680
1466315146620329985
1466311685401038853
1466308240451379201
1466307642452709382
1466306818188009479
1466305155251335174
1466300135458041860
1466562705100214273
1466558341941891075
1466522161447796741
1466517523021533184
1466514827661115394
1466508359612309506
1466440747570319370
1466402500647424006
1466358564088287238
1466617793483186176
1466617532698095618
1466617519913922562
1466616981440712704
1466616911358095360
1466616636404744192
1466615405724667908
1466611794877698053
1466605644023169026
1466598270822535171
1466592207700258818
1466587593617788929
1466578587163578370
1466578550803156992
1466509704050266112
1466454405905932290
1466441672729010183
1466420237339967494
1466415507242995720
1466412396436619267
1466410972143251471
1466405475923075072
1466401381535784965
1466400819595530246
1466396228996845574
1466392476814495746
1466392366655410184
1466387045387886603
1466383279737565188
1466378156864983046
1466370409494814730
1466368964582248448
1466357703383470080
1466355604650217473
1466354352637968385
1466345784782176261
1466336803934195714
1466335613855014915
1466334372810788866
1466331310679597058
1466330653167800328
1466316641277407233
1466315901494464515
1466315056430280704
1466313742044389381
1466306607470370818
1466618404614270976
1466618366970368002
1466618083196375041
1466617617163042822
1466617606442414084
1466617554101755909
1466617341186174981
1466617321875652610
1466617313633792001
1466617217370320901
1466617134943858692
1466617104564510724
1466617040702087168
1466616723046494210
1466616475699986433
1466615894881157120
1466615732230189062
1466614865485725703
1466614631196073987
1466612874697134087
1466612800260755461
1466611962230439938
1466611159566467077
1466610075477299212
1466609464128126981
1466608920474968068
1466608673950617613
1466608049200582657
1466608046205911042
1466607345790685184
1466606637821534211
1466603795845054464
1466603712495845377
1466602260599771137
1466601053466480644
1466598301956915201
1466597924968665089
1466596907203977220
1466596863813947401
1466596511521796096
1466595723713990659
1466595556856197122
1466595525336047618
1466595280871067649
1466595115829383175
1466593849380270080
1466593799459639302
1466593752324055046
1466593083890405379
1466592982275006465
1466633991302180864
1466633549755269120
1466633536711000065
1466633008060854279
1466630841707032579
1466629852727955456
1466629423671562240
1466628536718950401
1466627845191467008
1466625824753274883
1466625719417466881
1466625386075209732
1466625085066801156
1466624065397878787
1466623870861938688
1466622728258031617
1466622155538329602
1466622140866654209
1466621696673157121
1466621052935495685
1466620467435819009
1466620448536367105
1466620006544797702
1466619695113461760
1466619691858726912
1466619363776102402
1466618366970368002
1466617379014656009
1466617324325130243
1466617319350702084
1466617316842475522
1466617222663577612
1466617220088303620
1466616577168588801
1466616407542534145
1466612576888889353
1466610208784850952
1466609900629360642
1466609476161527808
1466608831832608778
1466607762989727745
1466603418617798656
1466603320294862851
1466602143129870341
1466602062498570241
1466599724497072128
1466598272563236868
1466595005963767809
1466592245876887555
1466591177503772673
1466590964902862853
1466589675175706624
1466589656342880266
1466589323881418753
1466587921603956738
1466587272585760769
1466586049757401090
1466584817454096389
1466584564235522048
1466583412656029698
1466582501686603778
1466582309474213888
1466574507917725697
1466572730870947848
1466571013253070849
1466567247124594691
1466566165438734336
1466558633445978114
1466558526478708740
1466550772733079554
1466541532274565123
1466541452511514624
1466539429544087553
1466532286128558081
1466532285155405829
1466522418659221505
1466519651748171782
1466515169362604032
1466508930478075906
1466500956527509519
1466492962716610563
1466462150356996096
1466451077880901633
1466448038386298887
1466439553548443649
1466437800706908170
1466434533184651273
1466433781829668875
1466429798532751376
1466428874254962700
1466428071523893254
1466426338340917255
1466424786024910848
1466422490318712849
1466419260226428940
1466417835442278400
1466410794929713161
1466410474686144513
1466402907020873729
1466398985170534406
1466397396569509889
1466396828107116547
1466391291822936068
1466389530974449667
1466388682466750465
1466388383135985671
1466379924827107339
1466378784634904580
1466378073331273735
1466370033215414274
1466357186066485248
1466356881455136772
1466348018832011267
1466347545471242243
1466343042453884932
1466340943745802245
1466335439887892483
1466334325423546371
1466332531783991299
1466331307953164294
1466330747703218176
1466330387731271686
1466329801342406656
1466326322905374725
1466323213378408448
1466321220710797312
1466319760711458816
1466316454979006465
1466314068638121985
1466311367749607430
1466310768677122051
1466310314568290309
1466310072682770435
1466309789101682690
1466305106169663489
1466304980692832256
1466304865366265856
1466304164942680068
1466303342167015424
1466303211510255616
1466299157895802882
1466297877026594820
1466297756402610176
1466519905155653635
1466347995801153544
1466636188857806852
1466633005179363330
1466627599015104513
1466622610398060553
1466622470757269510
1466619632761008133
1466619251033362435
1466619176936607746
1466618265518501894
1466616334016417798
1466614543086350338
1466610677133447180
1466609472462209027
1466605713770221568
1466601994504708100
1466597697838673924
1466596042464395266
1466592076292710405
1466592069242089472
1466589157149405188
1466583133277597698
1466580109326831617
1466575027504037889
1466574989730230272
1466574195500871682
1466569236403261441
1466566929662062592
1466547497984303104
1466546539187298306
1466542892378320896
1466542240948314121
1466538814147551236
1466537559052279810
1466537136845307905
1466536265193603076
1466478831372537865
1466474320444542976
1466471284175421441
1466459783376949251
1466452316119179271
1466452082026704901
1466446736495452161
1466442671052967952
1466439854003212298
1466437853353848851
1466433349581422594
1466433229288845318
1466423944756535308
1466422043822505986
1466416308359151631
1466415965596491777
1466414710757249031
1466409122505453576
1466408584334348292
1466405258041561093
1466391178656444422
1466391017335279622
1466387148735758338
1466382255849308163
1466372765221486602
1466370899142004740
1466365032787181573
1466365025816178695
1466364950079672328
1466363473672032265
1466362389327060992
1466361709736517635
1466358874085019656
1466358872046592008
1466358870222139394
1466358864064892932
1466349287684509696
1466343536954019842
1466341607599271938
1466333901165498368
1466331250281623555
1466327461692592128
1466325432710565893
1466323968739078145
1466322251251257345
1466320500624220163
1466319355755520000
1466318768414486528
1466310448735608835
1466309552979075077
1466298721314902019
1466298206325673985
1466571089509683200
1466346439605465093
1466304819828649989
1466631639342010369
1466620857879437315
1466619562833563649
1466619549957058565
1466619533704110089
1466619333962964994
1466619181592285186
1466617154736844801
1466603243337777154
1466581499163996161
1466437559404400652
1466414554682773509
1466413612885368839
1466408427442237448
1466386351486488586
1466317629455429632
1466312505219694592
1466312008165302272
1466306781269790721
1466623453730000897
1466608869333880832
1466603879756288010
1466603150928924677
1466600235803635712
1466580098551668741
1466402703005786112
1466389494588837888
1466383039273988099
1466380074370813956
1466357114582929410
1466350488824123394
1466633396625498112
1466624083030732800
1466622380336300039
1466622376733331456
1466622268340006912
1466618962100174849
1466618196752957445
1466613616174669827
1466597865329811464
1466591019437223941
1466588139460440067
1466584926023675907
1466564955897942018
1466554870207442944
1466457609163079686
1466426071809769483
1466425373785305097
1466411485341487104
1466402055690457088
1466393249287864320
1466363141663584262
1466356813717143556
1466346334890258432
1466340723226124290
1466338065790615558
1466333787491471362
1466333159365120002
1466330150253907979
1466316691734937601
1466296636150194178
1466638174562635777
1466635689785585666
1466635363888218112
1466630579617628163
1466629602806095878
1466627012865392641
1466624541153640448
1466622317891440643
1466620746306711553
1466617227956801536
1466615391019433985
1466608485995479041
1466602869834928129
1466602204262019074
1466599200930480131
1466599113873518603
1466598724860211203
1466597177484976133
1466591696951529472
1466585300310781952
1466582960065310724
1466581340388659200
1466579930351763461
1466579072327110658
1466576575944552449
1466565532115632130
1466560755969699840
1466556529885126657
1466554535069978627
1466552847667892224
1466544792016355328
1466543846620205062
1466543047882067971
1466478695825162246
1466474502401974282
1466464487028842497
1466442697485422594
1466428918093778947
1466425043613802505
1466422909400977420
1466414335773888522
1466411598860283904
1466410776625758208
1466409312301957125
1466387052858015744
1466381856379523077
1466381219541577731
1466377066878619649
1466370598397898754
1466369949950087168
1466360837174542343
1466359366819319817
1466358049996566530
1466353633197395973
1466350590728949765
1466342985755291655
1466340490454786053
1466331150490628104
1466330946144141314
1466326969734238209
1466316554589511680
1466315146620329985
1466311685401038853
1466308240451379201
1466307642452709382
1466306818188009479
1466305155251335174
1466300135458041860
1466637883154989057
1466624653544157186
1466562705100214273
1466558341941891075
1466522161447796741
1466517523021533184
1466514827661115394
1466508359612309506
1466440747570319370
1466402500647424006
1466358564088287238
1466638784468979712
1466634939382726659
1466632547341770754
1466632447135649793
1466631807097397248
1466629444030717953
1466627611409346563
1466625832839880705
1466625774585192453
1466625697816866819
1466622626021867522
1466622086735024132
1466621240211243017
1466619154870390789
1466618622940381184
1466617793483186176
1466617532698095618
1466617519913922562
1466616981440712704
1466616911358095360
1466616636404744192
1466615405724667908
1466611794877698053
1466605644023169026
1466598270822535171
1466592207700258818
1466587593617788929
1466578587163578370
1466578550803156992
1466509704050266112
1466454405905932290
1466441672729010183
1466420237339967494
1466415507242995720
1466412396436619267
1466410972143251471
1466405475923075072
1466401381535784965
1466400819595530246
1466396228996845574
1466392476814495746
1466392366655410184
1466387045387886603
1466383279737565188
1466378156864983046
1466370409494814730
1466368964582248448
1466357703383470080
1466355604650217473
1466354352637968385
1466345784782176261
1466336803934195714
1466335613855014915
1466334372810788866
1466331310679597058
1466330653167800328
1466316641277407233
1466315901494464515
1466315056430280704
1466313742044389381
1466306607470370818
1466638562103730183
1466638246872453126
1466637580653326337
1466637218810777603
1466637208597590017
1466636601656635392
1466635612761378816
1466634477963124738
1466634395754721284
1466634155257569283
1466634112563748866
1466633917734154240
1466633770992160770
1466633375301574659
1466633296473780225
1466633152432984065
1466632776342331394
1466632740489490433
1466632196551102464
1466631827209146371
1466631188596944900
1466631156070174723
1466631105214238725
1466630835755372546
1466630378211328002
1466630156554932230
1466630133322711047
1466629517250895872
1466629507909963781
1466629435315003403
1466629260303482884
1466629132389806082
1466628758362861572
1466628216345432068
1466627803441360896
1466627148463017985
1466626508236017664
1466626328040402945
1466626302052470786
1466625752036614144
1466625046374281223
1466624808007786497
1466624482362028038
1466623774422228992
1466623662681776133
1466623649440403464
1466623416740429826
1466622934349344768
1466622293279268870
1466622211033235460
1466621680969650177
1466621351096057862
1466621121042665479
1466620904427851777
1466620756683415555
1466620605134823431
1466620586243682310
1466620502542151680
1466620166322601984
1466619718240931848
1466619388572798976
1466618801710006273
1466618795787624450
1466618404614270976
1466618083196375041
1466617617163042822
1466617606442414084
1466617554101755909
1466617341186174981
1466617321875652610
1466617313633792001
1466617217370320901
1466617134943858692
1466617104564510724
1466617040702087168
1466616723046494210
1466616475699986433
1466615894881157120
1466615732230189062
1466614865485725703
1466612874697134087
1466612800260755461
1466611962230439938
1466611159566467077
1466610075477299212
1466609464128126981
1466608920474968068
1466608673950617613
1466608049200582657
1466608046205911042
1466607345790685184
1466606637821534211
1466603795845054464
1466603712495845377
1466602260599771137
1466601053466480644
1466598301956915201
1466597924968665089
1466596907203977220
1466596863813947401
1466596511521796096
1466595723713990659
1466595556856197122
1466595525336047618
1466595280871067649
1466595115829383175
1466593849380270080
1466593799459639302
1466593752324055046
1466593083890405379
1466592982275006465
1466591925448810499
1466591768498036748
1466591747509678080
1466591649761349632
1466591581218033667
1466591520551694336
1466591258411814912
1466591170415390735
1466590814595809280
1466590560957841410
1466590477650522117
1466590314731171842
1466589951194136576
1466589634507378688
1466589049783664640
1466588944020094976
1466588524820381696
1466588267990564864
1466588139120742402
1466638788512210944
1466636820632899586
1466635269566709760
1466633461528096769
1466631153037688833
1466630753060470789
1466624691745923072
1466622768582062080
1466621604645859333
1466621040126148609
1466620112924938244
1466613697116131328
1466607424802996226
1466603520237260800
1466603046117408770
1466567676789084160
1466566456783478785
1466557309392351236
1466556763633684482
1466509066327322626
1466438616448737285
1466434211901018116
1466434188400377868
1466428559367495698
1466427819672670216
1466425418186117134
1466422508647817230
1466421939136876544
1466409135243550723
1466400707678851074
1466399327367024646
1466394654073524231
1466394573668696065
1466393025882378244
1466389951243714562
1466388655136645124
1466387878510956550
1466387201659314179
1466384971736633344
1466377554458148871
1466374192098537474
1466369282342748165
1466360808321945607
1466360022737186819
1466358739078811650
1466358422287249410
1466350357265588225
1466346204657176581
1466345412525051909
1466343840634138629
1466343776801021954
1466340177450729472
1466339171576922112
1466334508890742786
1466330776484548613
1466327090777624576
1466326703664349184
1466323674894503943
1466320071773458445
1466315191612686339
1466303549302657031
1466301494374793217
1466301215017295880
1466638911321427968
1466638889439825924
1466638072041250821
1466637522675503108
1466636671193997312
1466636445897031680
1466636406285946881
1466636338040487939
1466634997754826757
1466634472770584579
1466631624120946690
1466630176930865160
1466629936677257218
1466628884967821313
1466627901806186501
1466625752133038082
1466624113720446979
1466623940680294404
1466623934900539396
1466623210284195841
1466622128455749632
1466621647620771841
1466621250487218183
1466621187111350275
1466621140604911618
1466620364268523524
1466619691468615681
1466617743084453890
1466617326808174594
1466617225339564032
1466608386779205635
1466599612265811972
1466596754183245830
1466592286012166148
1466588458114191360
1466584710818123778
1466581697621680128
1466578213715394560
1466565743542104064
1466517430285471744
1466465053125795842
1466448097215541253
1466429841822175232
1466421550060556299
1466420743248519183
1466420389433774101
1466420163016802320
1466416074136735756
1466414122510213137
1466411411123294214
1466410874105569281
1466410729720877057
1466408986974900233
1466408142175039492
1466405960226787335
1466405100054740995
1466401818045411332
1466397562655547396
1466386430570074112
1466385167291797510
1466383977736916994
1466379087950139401
1466378286418718720
1466373709132808206
1466369531975065605
1466369477214228482
1466369147999121414
1466360091586691076
1466358366922416133
1466353193164619784
1466351606601969665
1466324500279029763
1466316681198850054
1466316677264642053
1466315921295695875
1466307403863973895
1466303390032424965
1466301020938539008
1466300475741859840
1466566646441545730
1466493784473042944
1466448798599634944
1466404248602570755
1466324091749560326
1466323617629671429
1466308774382030852
1466305461674594307
1466416689294163968
1466376975023427585
1466616721867894785
1466610080598478851
1466346213897240578
1466634276670033924
1466630321177128960
1466626275309621249
1466607724041408512
1466602465466494977
1466602073949044736
1466576857269084164
1466562209664827393
1466559016834781189
1466546419557232640
1466531435712593924
1466469448743804932
1466467294918451216
1466445643623194625
1466445413985099777
1466439690521874440
1466437893778513930
1466418714257936385
1466403694052708358
1466397778322485250
1466397448008388616
1466394083593625601
1466381448915537924
1466377032896376833
1466363329962602499
1466360909081628677
1466345779346300934
1466343926722281475
1466340728884252673
1466339779977498624
1466328705588875264
1466319986704596992
1466319307260919813
1466317385409777665
1466316695258251265
1466303758837567491
1466302214125752323
1466385539037216769
1466379247207940099
1466637540304121858
1466618450277593089
1466617650319007745
1466464263132827655
1466375924010553346
1466312608248516613
1466465104053125125
1466365839809019905
1466364578057490432
1466342620980867073
1466627180918497281
1466619285040558081
1466607109068374022
1466574865708634112
1466561794659418112
1466557504972750849
1466557345698181121
1466543699689566211
1466441094699307015
1466370357363765248
1466595904178196483
1466573516103303169
1466399922719133698
1466335334707306498
1466634899574558727
1466610648918360068
1466415316611870730
1466307805690822658
1466604716092051457
1466411656431357953
1466353568974180353
1466629456932401152
1466627050219868162
1466621423074496515
1466612879906336770
1466577126694342656
1466569854186520576
1466355033906167808
1466332219304132616
1466639901546332160
1466626454125305863
1466625970715066371
1466602368783425538
1466416591449559055
1466638540150767617
1466637660559052801
1466632274703568902
1466631597222883330
1466625585921216514
1466619452561059843
1466615652882386949
1466533265213247492
1466409903996628994
1466429478528339979
1466452073763926021
1466395225484500993
1466421354140422153
1466329563412185089
1466428288671399949
1466401025183531009
1466620779257233416
1466618218580119552
1466616537737940995
1466460295736348676
1466419224998469642
1466411367783673860
1466385438516543497
1466359609694638085
1466570473139937281
1466340855166345225
1466641472900325380
1466309382673555458
1466432249851789315
1466635118986940416
1466633853485780996
1466629495675240451
1466625612135628804
1466447502333251586
1466399127856562177
1466314220060872704
1466529381812092929
1466456273877024769
1466366328785174528
1466365137292386310
1466581819042586626
1466623153690472452
1466637611661869062
1466636079570644998
1466324133772292103
1466315881059807236
1466300089408765953
1466637609774370816
1466580934044520449
1466579504294289416
1466429709777055745
1466323905400819722
1466323722948661253
1466630958019350530
1466620238691115008
1466574532903202818
1466400706873606145
1466348405232332804
1466348396600463360
1466348390799663104
1466348170376466440
1466341180040380421
1466339253902741508
1466637615612903424
1466604180408180740
1466335927026941964
1466301833039601667
1466643184293842952
1466637613662568448
1466597246166700036
1466400494918647811
1466313528197799941
1466607716781092868
1466613432728256514
1466531076428296194
1466520230109216768
1466423752225435669
1466403592957349889
1466323598692347908
1466621977934934020
1466612972785000449
1466609744316182534
1466609180446695424
1466604034979430401
1466603573098483714
1466594448478203904
1466594124577243136
1466578119503269889
1466361930633777153
1466345005870510083
1466434004899577857
1466616670877675520
1466435194714570757
1466637775973728257
1466624193919737861
1466612934851715073
1466397844630237194
1466637135557971969
1466631525235970048
1466631434081161220
1466630105933881348
1466615047984017409
1466592525142003712
1466592216017559556
1466546164145164290
1466542962595094528
1466433811382689802
1466433577558724624
1466433413645324304
1466419794442342417
1466413819694039045
1466382936001843201
1466381699852300290
1466371448738516999
1466321073201291266
1466564200281493504
1466399197867900933
1466399025679069186
1466325641389744131
1466624527148859396
1466395227996901384
1466543837430484996
1466397694268780549
1466640445560082434
1466613250707976195
1466416694327328770
1466355423544369158
1466334811665014789
1466357027903397888
1466545584374906881
1466369532088369155
1466331168270290945
1466311274044674048
1466620544149721096
1466476183969693701
1466425997511864326
1466361147016105988
1466350995001118720
1466630892701454337
1466627362838089731
1466561990302654466
1466466313061109760
1466451595630022659
1466449946463195136
1466428925303795727
1466365553522606092
1466361528374886406
1466332693122088962
1466317716344786944
1466454261756162051
1466450799928614915
1466634915672330241
1466594549191507968
1466399496883998728
1466643246231162881
1466582492668784640
1466516013730525189
1466325501199327232
1466567532593090562
1466608314972729346
1466599895352020995
1466425079747813379
1466424871831973898
1466609529819336708
1466609428275163138
1466608165697458180
1466607678076059653
1466427745802539017
1466426474420965377
1466426379222847507
1466425427564630039
1466424376824369155
1466423662224027662
1466423187994992648
1466423057522860049
1466574371007320065
1466550593279774721
1466532230482710529
1466423486247850002
1466409752162799621
1466400059117879300
1466399198396313608
1466391884784230400
1466361795816218625
1466350470411145219
1466322791494344710
1466636271132897282
1466588743301697538
1466588471980552197
1466566923068399616
1466433537435918346
1466369050179559425
1466586957736071170
1466421042491142147
1466642979238518787
1466459846551773186
1466645382302035971
1466419294800125963
1466323939521536001
1466319853883576326
1466589261424054273
1466626748229963778
1466457729787056129
1466419579605995522
1466321508125396993
1466644197734174720
1466643287477948417
1466641261855576066
1466640841796042760
1466623828587528200
1466577241710612481
1466564709826498562
1466506271201402888
1466450847269748740
1466422096163135503
1466405587734851588
1466394188954542085
1466356928330616833
1466322296918794252
1466308684154167303
1466584837767110656
1466577837226225669
1466574304636669952
1466399086383230982
1466360298831441920
1466626678776483846
1466422493074309127
1466422306310213632
1466602320586629121
1466564950222987268
1466342697212407819
1466638678562795520
1466434746871857173
1466375307363979279
1466639642183102464
1466638676843106307
1466644213861257217
1466639162644197378
1466368807786614789
1466338288046796800
1466638674553049095
1466631104186617861
1466614918199840768
1466627411630460929
1466583535402192897
1466374016457854983
1466331009943629825
1466316493331726338
1466635518246936576
1466373349097934848
1466331313376358402
1466645720765632515
1466639116703911936
1466614045117583363
1466612741062291458
1466610306629595140
1466579023128002562
1466566159621242881
1466564681678483457
1466561982677458944
1466457936092299268
1466457497988780034
1466411749029007360
1466408914748989445
1466386632207069189
1466386556046905346
1466383812179365897
1466383280739999754
1466381801727795207
1466381799425073157
1466381797101502467
1466381794941407233
1466381792269664258
1466381789765652485
1466381783855816705
1466381779003084806
1466381774070554627
1466381771998515200
1466380175789023240
1466378679047446529
1466364884623392772
1466340258576945153
1466317504762970115
1466619697378381828
1466575440588701696
1466459696445865993
1466420511781576715
1466410780648087552
1466397294517841926
1466349682133635075
1466419884959612934
1466359348699926531
1466328515574259715
1466642182203338753
1466630597472768002
1466605486073995265
1466592117728296961
1466446590575480836
1466421137236234245
1466318922949414914
1466644525292552198
1466627861461172224
1466621852697051139
1466618828826177540
1466615359394308096
1466609557451378697
1466600206745567232
1466596019169157124
1466594253539135501
1466578752658284544
1466576695960367106
1466430198132449285
1466415095987253262
1466407346993709062
1466403663589429255
1466396120448307202
1466379657637335043
1466364282841419777
1466357468657815553
1466351204284329990
1466330951730884609
1466330857451388931
1466328647711670272
1466327870435774464
1466318289919889410
1466576648556273675
1466534992486428672
1466423698769027082
1466408530173333504
1466385694129942536
1466651909280788480
1466629463169376259
1466625154876805121
1466607276660125696
1466399059304845316
1466550044866215938
1466408269413433344
1466652590540681222
1466638554696585225
1466637424872734720
1466626179406856194
1466625410783842304
1466588678944288768
1466571675479072769
1466557916962426881
1466557190416699394
1466517411364884481
1466466095179653128
1466459864150863873
1466456258605555715
1466446133891272707
1466444162916446210
1466422505866989590
1466411673346920453
1466409711503171590
1466388170442899457
1466383301468299264
1466374522890641410
1466364559778717704
1466343378019254275
1466619684950720518
1466417870510952459
1466396859849580553
1466390382837567493
1466382372245426178
1466336252286750726
1466322275670511618
1466311721639813121
1466615921628254208
1466448640013045762
1466336266732113920
1466638599621799938
1466430549304778767
1466413470790963213
1466406831345922055
1466390799860514817
1466363997297385472
1466360722544377856
1466350001286631433
1466330772835471362
1466317103972057097
1466637473224691716
1466627027356688389
1466577218780364800
1466556310808252419
1466554610911354883
1466422806414036994
1466410717548978186
1466339733106089991
1466337010784747521
1466642866411687939
1466640980044443651
1466637693144633346
1466637141237112833
1466632945024659458
1466631470877843459
1466628978840641536
1466625286275956742
1466624538502828034
1466621553773203462
1466600420462129159
1466595223497183235
1466578362529304577
1466552450979020801
1466549397542486016
1466465334903382028
1466459771532242950
1466454701336154120
1466452415226408966
1466448190056583172
1466435682096844800
1466434739083137027
1466417904715505674
1466403167659192320
1466396767784742913
1466392261130956805
1466374653224517638
1466371313258283008
1466369798665748482
1466358414209007616
1466356903970152450
1466341702155780098
1466341066546814979
1466335574432706560
1466332118133272577
1466328015214985216
1466327636595073024
1466327482668302336
1466323498461188101
1466312169331388422
1466648695865184257
1466624395812634626
1466596235272327168
1466595602607710209
1466583294980419584
1466513764103163908
1466465850114908169
1466456135225909249
1466444060424503298
1466416057271390219
1466390549330489351
1466390150288592899
1466368441544151045
1466365170720985090
1466358879835545601
1466351520555831297
1466351055621353481
1466323245011927040
1466647717162016768
1466647547024392193
1466646560976949249
1466645084795981829
1466584377857478665
1466571399699390464
1466469810921955328
1466459440207519748
1466402737491365892
1466319864029597702
1466314287106834435
1466618854663016448
1466445329192996871
1466401447554125825
1466395249752768518
1466378379456761859
1466623668348329985
1466575389732470787
1466575386536407040
1466398567505883137
1466629835468402692
1466337082612146179
1466602190370263042
1466619681851150336
1466621798720544768
1466566794563313666
1466584022616662019
