1474656569929306114
1474656173840166912
1474656057938964481
1474655556887400448
1474655515678425092
1474648260098736128
1474647814412013568
1474646347315773444
1474645075770503171
1474643427853697024
1474641174803537921
1474639942873595904
1474637982208458752
1474637969080209409
1474637200386002945
1474636772793483267
1474636692334120961
1474636028690505732
1474634377732640770
1474630373296394244
1474629919028092930
1474629397911015425
1474627625922428934
1474625331491328001
1474624354369486848
1474621150919540742
1474620806944542720
1474616560342151171
1474616438883184644
1474609657389858818
1474606711029653508
1474598237856100352
1474596337672802308
1474595902991917056
1474595053779652609
1474594772668977152
1474593820671021057
1474592370884636676
1474591186488754182
1474590195353718786
1474588923351371781
1474588911913422851
1474588666747969537
1474588420232003584
1474588086365405185
1474582106839736321
1474580448357412867
1474576677732716546
1474575759067041796
1474571860394188803
1474571673877680128
1474571590645944320
1474571560564387847
1474566917134614530
1474565296258093057
1474564156703461376
1474564001409363968
1474563380602101765
1474563095007662081
1474561095419392004
1474560621001654274
1474555174777589762
1474554990375047170
1474554414086033408
1474554336575324163
1474549934385147908
1474545428649623556
1474543374690443272
1474530741354901504
1474530098325819393
1474529767542063104
1474524497352921088
1474523855511191552
1474514182338859008
1474490596756652032
1474481011639660554
1474461513159114756
1474460376465289216
1474458396203970560
1474446016992608257
1474441629046132739
1474435857675427840
1474423198670200834
1474415453229383685
1474415429644812291
1474408691231191043
1474408376536690689
1474407937351118849
1474407764017369089
1474406592883789828
1474405858905706497
1474405039607193600
1474404952399175680
1474404902415654913
1474404728847011840
1474404665022246912
1474404518817595392
1474404275769860098
1474404245281542146
1474404144911826951
1474404089102360576
1474403770159095813
1474402959941275649
1474402849127682049
1474402820962934790
1474402736980385798
1474402697855918085
1474401695304093697
1474401373051490306
1474400561202024453
1474397076133875714
1474396124655980545
1474395424597311488
1474394646155390976
1474393894112563200
1474391984034828294
1474391339932389378
1474391230305890307
1474390805016027141
1474390723327844353
1474390682928250882
1474390368514830338
1474390218761375746
1474390187232792579
1474390111232036873
1474389970328567811
1474389878691405828
1474389801679802368
1474389583869591553
1474387081988231168
1474386532861501446
1474385798757638150
1474385451922300930
1474384374909255683
1474384291555471361
1474378114218090497
1474375723129311236
1474375104674942976
1474375032725983233
1474372074315550722
1474370655416201216
1474370534561382402
1474370471176982529
1474368476651290625
1474366614082445314
1474363380227923971
1474358975437029376
1474357573180559361
1474356585233141762
1474356369771794432
1474520302063210496
1474633466578755585
1474631283665895425
1474628481212428291
1474627621358952448
1474627120701665281
1474615598273363971
1474601994887131137
1474601556548861952
1474597706316206080
1474597696925102083
1474594617769164800
1474588886663794688
1474588209388691461
1474584849188937731
1474562423818375168
1474559035282128903
1474559028080439298
1474552643963916291
1474548635434041344
1474530641198809088
1474522764505939970
1474448692488728576
1474427836861607938
1474426878790287361
1474411474302898183
1474406787239403528
1474406453276413956
1474390155272155137
1474385302420541440
1474384809149419520
1474383840299089920
1474374889209479169
1474373954412298242
1474373091526590478
1474369882217058311
1474369478527836164
1474364485288833028
1474363263072620549
1474362838344867843
1474353344185393152
1474352905931137038
1474341386849640449
1474332329871306752
1474326622232739840
1474316553768222723
1474314580356571142
1474313728430686223
1474303619423895553
1474302970523275284
1474298112357195778
1474297965854355459
1474297081649004544
1474288342372028416
1474287027126300673
1474273985898553354
1474269419060985856
1474265594757144579
1474261329892425729
1474253812034535426
1474234688818454528
1474231372403273729
1474229705440043008
1474395087001960448
1474350442826010629
1474310758401933312
1474309838100443146
1474629007958183936
1474624118725046272
1474593818167021575
1474586144796930050
1474563468447543296
1474560314288926722
1474558256412434435
1474532610445438976
1474402133445210113
1474390730101518336
1474385100414414849
1474359904764764161
1474323659611258881
1474316819821260810
1474299944458547200
1474297947441434624
1474297267699945474
1474295819230597120
1474275153747972097
1474272825842176001
1474267477022363649
1474265599496777728
1474265592274194432
1474249264091975690
1474247970539257856
1474240288839254016
1474240107024551938
1474240010073247746
1474239884793581573
1474239497176895488
1474239399470592002
1474237064430305285
1474604978840825857
1474524337210232832
1474388253646077953
1474377373269245957
1474373044130910208
1474366560659644416
1474365131043721216
1474313911784509440
1474307575789154309
1474608784920047620
1474604102759829506
1474581050009415680
1474563785083875330
1474563101743669251
1474563099810156546
1474559436651782145
1474558018054287363
1474556587171729409
1474414638531944448
1474411399468109825
1474346940259188740
1474329756237635586
1474247299458953216
1474244131962580996
1474238098242347008
1474235778645389312
1474648409130762242
1474643691255975936
1474637141665665025
1474614209828859907
1474608424222556163
1474603421835554817
1474601857897091076
1474601231737757698
1474598778837549066
1474597190580375557
1474590737501233158
1474579372317167617
1474578660908670983
1474577814389080070
1474575636610134021
1474569297926127616
1474567675628367874
1474566618852171779
1474563967569707009
1474563103601750017
1474563097981378564
1474548939827269632
1474547452657090560
1474535240517382145
1474531238111170560
1474430740209160194
1474426419795038209
1474420687661981697
1474390558118277125
1474377778212519946
1474375980605054977
1474375248879308803
1474372820511584258
1474371440329650178
1474352339297320964
1474349246371536915
1474331432541507587
1474328228617613315
1474320175117660164
1474312573277249536
1474306845334376449
1474296671425024001
1474293771894288389
1474288756366602243
1474288746400870401
1474278574316081153
1474276268229103620
1474268904348291074
1474258885850460160
1474244129047539713
1474237662764675081
1474236599814615042
1474232773879631874
1474020310739345411
1474651108257636354
1474596000937365504
1474561618105143300
1474233457790238721
1474656690419109889
1474655288795926528
1474654524769857536
1474642073600999424
1474641464873340932
1474641052887764994
1474638032586248193
1474629949415837699
1474629936111501314
1474629144113676288
1474624964921683970
1474622918747328514
1474622322728337408
1474620677080576002
1474609871832055809
1474609495921729538
1474608058739216387
1474605384652312578
1474605222810959872
1474605053579124739
1474602959489040387
1474601545710772224
1474601256916189186
1474597158623973377
1474592929683415042
1474590697722318849
1474589339032047617
1474579997570441217
1474579040996450305
1474578680554868736
1474573913371803650
1474567284622446594
1474565631429132288
1474564800445251585
1474563975316586498
1474563113961746432
1474563110249766920
1474561500551385091
1474561287023575041
1474557751439224833
1474534016581734405
1474532601436114944
1474522334539042816
1474462120116822020
1474444845913497600
1474442235878178816
1474438262223622148
1474427582518947843
1474427306022031362
1474412084821520387
1474397339682885637
1474388993760325633
1474384827222691841
1474381889095888898
1474380202369327108
1474377164942295041
1474372695764529156
1474372290829713413
1474367457594806273
1474366109360873473
1474364661646573571
1474363885708734465
1474355778962092033
1474341045433356288
1474339298585432068
1474332519277359106
1474331474736287745
1474331049459023873
1474329686821859333
1474323440735641600
1474321300399091712
1474319033306533888
1474317220863873024
1474316643295633410
1474316508801105920
1474316476509134850
1474314879477555200
1474308915105964036
1474306693211119620
1474304053911904258
1474303198038945792
1474298879323435009
1474297541298556928
1474286350493007878
1474284935934447617
1474282186308141060
1474280931439804416
1474280706373156872
1474279970268610562
1474274757541384192
1474272156577980417
1474270654882988033
1474268324057935873
1474260109173821440
1474258678521815044
1474255399800868866
1474250836360380422
1474248037341937665
1474247606385602561
1474245715517837312
1474242248074162177
1474238689140117505
1474231643434995712
1474658594565984256
1474658379100397571
1474656272993579009
1474653618137567234
1474649844492865538
1474646718973026305
1474646261835857923
1474645619226546179
1474642367588167680
1474640588322455552
1474638948685078529
1474638535533764610
1474635124834652163
1474633591539650563
1474630623612571652
1474629499350253568
1474628896758796294
1474628726113677314
1474625821650276353
1474624289223499785
1474622582729035776
1474620560906731522
1474620209646292992
1474617699883880452
1474616387226140675
1474616356993527808
1474612514822385664
1474612344135192582
1474611800771420162
1474611137308086274
1474608918995243012
1474606721641291776
1474605826719375362
1474603218776690692
1474600566651187201
1474600478289760257
1474600474183565316
1474600439895056384
1474599676636635139
1474598674604847106
1474598279329505281
1474597577030995968
1474597569930022915
1474597088356827136
1474596978218586113
1474594457706110976
1474594161676337161
1474593058628857857
1474592715891376131
1474592628645658624
1474592028839215108
1474591756599521284
1474591626773217283
1474590815997493249
1474590604843618308
1474587421287219203
1474583947568898051
1474583852806926336
1474582640053284866
1474582167049043970
1474580689261637633
1474580384243326977
1474579614634676226
1474578456230842370
1474577968315854848
1474576452116836352
1474575878403215360
1474573591895101441
1474570841882972163
1474567589435043840
1474567493083549699
1474567464012836868
1474566299879555074
1474565792909828100
1474565374536339456
1474565224157966337
1474564301629235203
1474564061798879232
1474560530039721987
1474559738306183170
1474559532147773442
1474557893814865920
1474557713736601600
1474556348855570438
1474555742472454145
1474555399332192256
1474551930592448515
1474551436239200256
1474550093973917699
1474550060830449664
1474549717535059969
1474549201967075328
1474548526575095809
1474548096377913344
1474548078996692993
1474548017957163013
1474547642331926528
1474547630336208899
1474547197286912000
1474546628316917760
1474546535052550150
1474545974127169537
1474545428435816450
1474544817795649537
1474540303826620417
1474539038036017152
1474537943649771524
1474537941703618561
1474530321060171776
1474530115459584000
1474528728428408834
1474527392026615811
1474521438220550146
1474518553558614019
1474515429544456192
1474510052652462083
1474509491458785280
1474507986554867714
1474500238920478724
1474472768322166788
1474472501941915649
1474463990856093698
1474451140494331912
1474450683197677570
1474658042352308228
1474657743055167490
1474657168511045635
1474654264198795265
1474653372808499202
1474652186814545922
1474651857356087297
1474640086985678848
1474640075950419968
1474623492284825603
1474610913315475456
1474610670096494598
1474606475309768705
1474605036722216963
1474602425889685507
1474600254242635777
1474598124643491840
1474597999946858499
1474596806717673473
1474587681661222915
1474583515807158272
1474581775632400385
1474580776154918913
1474571485511487489
1474542968098803714
1474537567768903683
1474535803669737472
1474534080150585345
1474533888433131529
1474533800679862274
1474533294460915712
1474524902380163077
1474523284691513344
1474408963353497602
1474376210163519491
1474374848566677510
1474362828400173064
1474361525762609155
1474361328298954753
1474349120743567361
1474348683562930180
1474333656780980226
1474333652880216066
1474332671614468096
1474330886317301761
1474318754125205506
1474314964701569026
1474303854384607233
1474301399160655873
1474298085618565122
1474296926434594816
1474296611022934020
1474290403151003649
1474288744677085185
1474285431059476480
1474285124531355651
1474281228522049536
1474277207589621761
1474276709209821189
1474274304904683523
1474270711820677121
1474267751443091457
1474263318047387653
1474251988221132800
1474249645329039360
1474243371832991745
1474241616667758592
1474241302044700676
1474231593044611072
1474654211379892225
1474649839791001605
1474648105958084610
1474647004831645697
1474643010352726017
1474641515448180738
1474640051896143872
1474639786988032002
1474639691035013125
1474639396552904707
1474639148304588803
1474639052158631938
1474637724447506434
1474637623993925636
1474636650860802050
1474634591092678656
1474634422674550784
1474634080633319426
1474633393400733700
1474632421999923204
1474631860357529600
1474631653947445248
1474631307200131074
1474630469505347588
1474628732140896256
1474625972074737665
1474625062137335814
1474621886302588931
1474619320596451334
1474618185714335746
1474617200564584452
1474613420993302531
1474613139857567746
1474611989615767553
1474611763387666432
1474611172942831616
1474609974638612482
1474609790764470272
1474609764642344962
1474607952841494528
1474607600272433153
1474606650547859457
1474606243600035842
1474605674973724674
1474602209719447556
1474602179310751751
1474601514211545088
1474600221476749312
1474594504732676098
1474592957185466369
1474588598796107781
1474588313525043200
1474587850632953856
1474587171621416962
1474586213944205314
1474586206834880512
1474586203240366081
1474585681104048128
1474583260206284802
1474583230682599428
1474583219840241668
1474583149875105792
1474582326793289734
1474580970309181444
1474580911064707074
1474579440877256705
1474579137398407177
1474578609482309632
1474578581753712642
1474578418301747201
1474577657513734148
1474577443646164993
1474576045949202433
1474575466912649219
1474575383546642432
1474573986411343874
1474572017760276480
1474569464070868992
1474568338411982851
1474565990583209989
1474562534086627328
1474561415692181504
1474559700372910085
1474558812912701446
1474557617968074752
1474550145547005954
1474545347418464257
1474541198639460353
1474540571305730049
1474539683052863492
1474532484897390594
1474529944071856130
1474514492595728385
1474513862225395712
1474511738791862272
1474467630916374531
1474448179458310147
1474430411275001861
1474429376187944960
1474426617468383234
1474415491271716876
1474413738883047428
1474410089515655175
1474407269261475842
1474405458672644096
1474403066904412161
1474398178333978624
1474390166093504514
1474380104604082176
1474378892802543616
1474365983372414978
1474364255113646082
1474358320693579780
1474357388513714176
1474356412822163459
1474352915766673409
1474350609109172224
1474349181519085568
1474348543099891717
1474345970255085570
1474341964279533568
1474339759631724547
1474338670849060866
1474336218523439106
1474333837282795531
1474331521716613120
1474326322537119745
1474324775602319362
1474322923313774594
1474322642354065408
1474322002047422464
1474321614820962305
1474319340954472448
1474318298187661313
1474314063832182784
1474306605122416640
1474305326602092547
1474639855569100803
1474636567956234242
1474596719740424192
1474582819867271168
1474544859360858114
1474451748919996418
1474401691680198658
1474391511202922496
1474368520012009473
1474366097688121344
1474306632611811329
1474303856179699724
1474236527609671682
1474657458354200576
1474654033751146496
1474638332197937152
1474633292695572480
1474615227677249536
1474611467513040897
1474601556242669572
1474590867738357761
1474515969783390210
1474395664356315137
1474391768154050562
1474377855878320130
1474377132801359878
1474364161027043329
1474347588098822148
1474345801044283395
1474337734223298560
1474333499423600640
1474315980184571905
1474314907092860928
1474311332400824322
1474308439505444865
1474305301675319302
1474300823840563204
1474287718536384512
1474272702835793920
1474269255310839809
1474264064037584896
1474260228300361732
1474242992667987969
1474241302992605184
1474240437510545411
1474239402972905474
1474239301755932672
1474238094249316354
1474235643991445506
1474234392289497088
1474658472918609921
1474657904124993547
1474657861519224832
1474650543272329218
1474647939226107907
1474646389325848578
1474641130633535491
1474641111708700682
1474639445894656000
1474638202401026048
1474637171906658308
1474633724910202881
1474632887056039939
1474632561867382787
1474619374199660545
1474616284402704384
1474615482221096960
1474614270646128644
1474613878130544641
1474612074974040065
1474611763412938755
1474610438247632897
1474610026392084481
1474609120590241793
1474608163965915136
1474607276707094528
1474606173236211713
1474605906549788672
1474604830157000712
1474603694104657920
1474601358778982402
1474600937092050949
1474600229429137414
1474597649684721664
1474597406075330563
1474596473098493952
1474596381633355776
1474595545473638405
1474595359242407939
1474594512919883776
1474594365469184001
1474594230425116673
1474594153300316162
1474592884225503232
1474592133977804800
1474591996245200898
1474591237806067716
1474590586598408193
1474588875271991297
1474588419560857601
1474587394376568832
1474587025839775745
1474586682955419649
1474586239722426370
1474585661751574528
1474585303662751746
1474584396841697287
1474583971056930817
1474583566398869506
1474582681044144132
1474582171075579906
1474579258978693121
1474579181006512138
1474578639865847808
1474577900011540484
1474577127966085121
1474574690815393792
1474574221212741634
1474574195489083392
1474573388207177729
1474572670532345858
1474568646017966083
1474566370452914179
1474564068832776196
1474562622263799809
1474562302623969281
1474562297951490050
1474561091149578243
1474560674764263425
1474560625766395907
1474560229517844484
1474559167981490176
1474558686047604736
1474558587645030400
1474558033946570756
1474556884312940549
1474556567584346113
1474556461040558083
1474556254861152257
1474556006189318144
1474554814952460289
1474542512756850689
1474528616738279427
1474527166612209667
1474518784127881219
1474509043389452292
1474507017259683842
1474426973363441668
1474418325782294530
1474413788086489094
1474412079415119873
1474411560697151491
1474397899513810944
1474396455729172483
1474638948416643072
1474626751443582988
1474529746159472640
1474305459934810115
1474560377786564616
1474561888658751493
1474337771091152896
1474565055224385538
1474522380798025728
1474445772716326912
1474313829198692352
1474294048286330880
1474275301832073220
1474273767547301890
1474269459346952193
1474236440959762440
1474620970669387776
1474587786376204288
1474291186831478786
1474616572987998209
1474610899134476289
1474593051339149312
1474584986699268098
1474584116456689666
1474573360172449792
1474548151243587585
1474319624078430210
1474298476414455808
1474272236127219714
1474630763127603200
1474625339741511683
1474616491584602114
1474611211304009728
1474547994934464512
1474395670832238602
1474359756118659073
1474646938544787458
1474631021073092612
1474411131984744452
1474331874579210241
1474554793263710211
1474387816666726405
1474326618910851072
1474316187303481349
1474315392696815616
1474314218442686466
1474643446950363138
1474587218719096836
1474581352951414785
1474547670936997890
1474545919320203267
1474394808605360134
1474394554107191302
1474300980485189632
1474254759724916738
1474246176677396480
1474234458165301248
1474655963000963073
1474624955488739331
1474275478143844353
1474655053852016645
1474597933496471555
1474585910981234688
1474581466600206337
1474571658077741059
1474233918685532165
1474417428817874952
1474328058274353155
1474609715820720128
1474582196149047307
1474580595883712512
1474608504090464258
1474528347388452865
1474321676292681729
1474314480980951040
1474312787874639874
1474280793694371842
1474280731048218625
1474568949211668481
1474459932707618816
1474407875543851008
1474381692635086849
1474603696872849410
1474276053854027778
1474608584151343105
1474478899337695233
1474409466695016451
1474400340254474241
1474366329209511937
1474272056950755330
1474271969239392256
1474259856559280128
1474236905470320642
1474644026997440516
1474393686486093825
1474339208772784129
1474294573018980354
1474268719052632067
1474407123765239810
1474309179208699906
1474580187886985218
1474525145377087490
1474267016731136000
1474649753656823808
1474547443907760128
1474457913741561857
1474417004593352705
1474348958130466817
1474298311167205376
1474283174930702340
1474243707402551303
1474389130117271554
1474609957798440966
1474554310776131585
1474371287040466944
1474368885704912897
1474343204581306372
1474309440408981506
1474291237406461956
1474254997915246592
1473476869446111239
1474617433478426628
1474583261208715267
1474574308479438849
1474564837648650241
1474451242122240002
1474394271054663684
1474371380544040963
1474349831141277698
1474331561659027458
1474331549571031040
1474331547331280897
1474323928747151360
1474311254894202883
1474306054133485569
1474287073213386752
1474244147707977734
1474598145514369029
1474566629572833280
1474562118909251587
1474338880081989633
1474256578345799681
1474423066545381376
1474590483703758848
1474590343278448641
1474584601787961351
1474556734031024131
1474331931789565953
1474329228673896453
1474283183566835712
1474647538724585473
1474627173575114752
1474313525703045121
1474291843013636096
1474268280474923008
1474379700424294415
1474311387325206530
1474325732633432067
1474355356629278724
1474310794250637312
1474649286809829378
1474643245544382469
1474322108985401344
1474655065738604546
1474627435324837888
1474576092962832386
1474551164981354497
1474540631733141506
1474537895121678336
1474439877164867588
1474380818575360005
1474379710071132160
1474377814962888704
1474368821443973123
1474330440341225473
1474311103446335489
1474299010764574720
1474280441184088065
1474277570552090632
1474273640912805889
1474261267418214400
1474258408966537216
1474243440024170516
1474241037845495810
1474311048664518657
1474649994246651906
1474621134247104512
1474551214666764289
1474355397435662339
1474555561836302336
1474398202614845441
1474632760979431426
1474348248668143622
1474268856759685120
1474630677140180996
1474597016781017089
1474575542607245313
1474332846802169859
1474303017553780738
1474654781625204737
1474646209985859585
1474574555259621378
1474417414917873667
1474332203605581825
1474307505333305345
1474260685404008449
1474612302955515910
1474312043591131151
1474629756159086595
1474607919127687168
1474423090151002116
1474351161213796352
1474306738702598144
1474290240265375759
1474290216001327116
1474290193402408960
1474279520232370176
1474598741206204421
1474370386988990464
1474361440739872769
1474655346497052675
1474641730750218243
1474640435171651586
1474631948647612417
1474626190459559939
1474602370868809728
1474574782171533316
1474404662304337924
1474280714983993346
1474278724082155523
1474269668193955843
1474596658340003840
1474578948965036039
1474388598984110080
1474652575492411394
1474558311705952259
1474647979587866626
1474649984758784005
1474646124707258368
1474650284102012932
1474649860439633921
1474647919806406660
1474647075987996673
1474396037540298752
1474396035422175233
1474394947516186624
1474370387026714625
1474370280449470469
1474295410281750533
1474375032482664448
1474666318758486017
1474636166032879616
1474608142549880833
1474602611085086721
1474575750023942146
1474546477720428544
1474515430387585027
1474408301865488386
1474361290155978753
1474341348253712386
1474335729727643648
1474304387904200708
1474273727864967176
1474270020679004161
1474266124892073986
1474663228164562945
1474540269563310084
1474379312358850560
1474362411847012355
1474299988918161409
1474251797195681797
1474618580503187457
1474557260655316996
1474280706310213632
1474395481316814852
1474344461282934790
1474294208546492416
1474280355775479808
1474264764767371264
1474243476078292996
1474627555525369863
1474617732540682243
1474598190124920835
1474585023533641731
1474580323685974016
1474565827894542345
1474543177163952130
1474490956313473024
1474429673421561857
1474386316896837633
1474292885218418693
1474281227133669382
1474637952089145351
1474637938516369410
1474628841431724035
1474340458272747522
1474296947582275585
1474286754362392580
1474659295971086336
1474657849011847169
1474635867675238400
1474630540930125824
1474564756132433926
1474551550018129923
1474539523014942722
1474419692236197889
1474407662682984450
1474379023967219721
1474369896586743814
1474336849598373891
1473301275336839168
1474363051918848002
1474272642823692292
1474632303926153218
1474632197654990852
1474572202829758464
1474564163972198403
1474556120526036993
1474523159915229184
1474510800605761538
1474340934552752130
1474286548610793473
1474265320479408132
1474248676872654849
1474598542773665792
1474405946843484163
1474430484255965185
1474352780076720130
1474282168301940736
1474396793567801345
1474657803696369666
1474654066487693312
1474649459157966849
1474597915490340867
1474594240973848578
1474581173426798594
1474569175821479940
1474567551451496450
1474564860390232067
1474562622116614146
1474560138459508736
1474484495684448257
1474403848638713859
1474393354607550464
1474392767669305347
1474359839656534024
1474353051288760324
1474352422310977539
1474348778710712322
1474346837691670532
1474328353683361794
1474276176617439235
1474275324225409026
1474273060542771200
1474271649386020867
1474262458973843457
1474260808855011328
1474521392745910272
1474381869592428544
1474333446977638400
1474311397110546435
1474358078350905345
1474352293482876928
1474666460169457670
1474646175844208643
1474413512134778885
1474382592145121286
1474351362808827905
1474252651588063233
1474670819619979265
1474665396288380928
1474611986742661124
1474604834233798656
1474564924814737411
1474441074697375745
1474372965374443523
1474350646870511618
1474296727507128323
1474292046114426882
1474280068255866880
1474276252223631366
1474633394688446464
1474608308577177601
1474576865599770624
1474426478976593924
1474412805042290688
1474388226244689923
1474379093286309889
1474356908593193000
1474306857367785474
1474292655634800643
1474291933778305026
1474289491481272324
1474643244386451458
1474620544385384448
1474605740673273856
1474546163298693120
1474398919631200262
1474249038086041600
1474662248245129216
1474655521860820994
1474576416578543619
1474511952093138944
1474426927414845440
1474425699771379712
1474401879010414592
1474394125805895682
1474295442187849733
1474282161393975300
1474346752035549184
1474340838134083587
1474642117855105026
1474624714387570688
1474590236512436228
1474572869229170690
1474648777973587968
1474645102492471302
1474643714488168450
1474623127879520262
1474600130217086978
1474585764075753474
1474572760613470209
1474419574758014983
1474412728127135744
1474393974362148864
1474392598462697472
1474390529869705218
1474376376291500037
1474353612591566849
1474353515556311043
1474350705108344835
1474350585814011907
1474334404432449536
1474330997969747972
1474319401776156673
1474316317427519489
1474315822604578818
1474310362908569602
1474308392302759937
1474307272817852420
1474301588067868675
1474299677851860995
1474296708611788802
1474290609452208150
1474271911592935433
1474270267908059138
1474269670039425025
1474647726033825794
1474586691927113730
1474578892547837953
1474574924274548736
1474574661073584130
1474567880415006722
1474414457170190347
1474430540124065792
1474422725716234242
1474329937767120899
1474613297613721601
1474513308044566529
1474274739136913452
1474514645067210759
1474505409423683585
1474412636200574976
1474412633365245953
1474398390045712390
1474398386954539008
1474376072598671360
1474349936338628609
1474336996432564227
1474311297466392576
1474302411309125632
1474301782268395520
1474299871502819328
1474274984226791425
1474669176824672266
1474668945764655104
1474661329411575809
1474608035343441920
1474586456140103683
1474448694128701442
1474420947352391681
1474420741991198721
1474408161641521158
1474401825788809219
1474393258994245633
1474344124476116993
1474339533776834561
1474317769143320577
1474317599504625665
1474315689095618562
1474301248434098178
1474285542648868865
1474247895536734208
1474658307931521027
1474646126347177984
1474639363346599936
1474635426887462913
1474625803203727361
1474608063516606473
1474604749798346755
1474604670815408128
1474601798929313794
1474537126104428544
1474448225339940866
1474444225005588483
1474405259199926274
1474403842506649602
1474383508965519362
1474373014984663041
1474362531485413376
1474357169197772800
1474354721775185924
1474350754613895198
1474347417306755075
1474344746932125703
1474342248724635649
1474341581490515969
1474323371177361413
1474309492812615680
1474300044194975744
1474295983714488321
1474292539230359552
1474290975115669506
1474283878902747136
1474278888486293504
1474246621827379209
1474244900665372689
1474645906666315777
1474462342725267456
1474362396928000010
1474280251308052481
1474276292816080896
1474652959426244612
1474633834297626624
1474615541180473344
1474605298694254594
1474602798629023745
1474587390941401088
1474578977616322563
1474557668970745856
1474540314186510336
1474525902658625537
1474421144098795522
1474324974034817025
1474668895097311233
1474555209703514112
1474390986562236417
1474322045366423553
1474290468460634113
1474264681212563456
1474246786902495235
1474658315330326536
1474652833542643712
1474652744883474435
1474650223133687810
1474605826039955456
1474586529108430849
1474574171627659267
1474572123297312769
1474565904809689089
1474563815312293893
1474550112441405440
1474447529001422850
1474389789856067591
1474582155820863488
1474561675298676736
1474319363037556736
1474407389889581059
1474299654640574474
1474644191783260163
1474620775491506177
1474572329711652864
1474535005648916483
1474436522321477636
1474393790970359809
1474367180972052480
1474324456487092225
1474322457418874881
1474315873749848064
1474315022956646402
1474302542385278977
1474301594623643648
1474291418818494464
1474546636667768832
1474277785984069635
1474302848238116865
1474295127849926657
1474507056442855425
1474389669223624708
1474368954915164160
1474336717536579585
