1467713985709371398
1467711913022787589
1467707174042288136
1467706732474368001
1467706412637827073
1467705085341814784
1467704971932045318
1467704692431994882
1467703999356833792
1467703726521552904
1467701306496151552
1467691657659183106
1467690472978227201
1467685978424807429
1467685408167190528
1467685395315892224
1467684456169234435
1467681526800257024
1467680030876520453
1467676715426013189
1467676660115726337
1467673545866039297
1467673106886328321
1467670152699207682
1467669007301967872
1467663696268705792
1467659955259985927
1467658047405187076
1467656391414333444
1467655232502972417
1467652440946200576
1467649165559681026
1467648584170438659
1467647202847694848
1467646504148271106
1467640746522017799
1467639716782624772
1467636808196317186
1467635480053256194
1467630897230802944
1467623460557844486
1467591270792978437
1467563040988020738
1467554920660230153
1467544881744658433
1467543851770396676
1467539077322788864
1467530953627111428
1467530819849752577
1467525470883172355
1467504548759564292
1467500592826249216
1467497667550793728
1467492614907654150
1467492020805455876
1467490755539206151
1467487534636679173
1467486593258717185
1467481386172837888
1467480295762903042
1467480069190807553
1467478373190422529
1467476691211538432
1467475240460582915
1467473175042674690
1467473108961427458
1467472796498345985
1467471101441699846
1467470123464216577
1467464602774487040
1467461715923144708
1467460685210607616
1467456933544153095
1467449396585398276
1467448645985333248
1467447337169534978
1467447148518076418
1467444279316340738
1467439141461786626
1467437892645494789
1467437843765075970
1467432918758805512
1467422241000361985
1467422227779907585
1467420947271479297
1467419981029593096
1467416521563832322
1467411241811398659
1467411203085385728
1467409777135214595
1467406782368673792
1467404262510456832
1467402272619384834
1467401887737466883
1467401698641465344
1467398900835237891
1467398629103005696
1467398540485824512
1467398397128626176
1467397686500364291
1467394227478749184
1467389908218118145
1467386244271263746
1467381790289457158
1467379647276994561
1467378361500528642
1467368764207349762
1467368148005371908
1467367042068086785
1467363988308586500
1467355118999793665
1467355008979013632
1467349142640816129
1467346223698874368
1467343489876705280
1467703994994749446
1467699583388045316
1467696896512643081
1467694197511581699
1467691740106686466
1467689014635286530
1467682894835433477
1467675954960949249
1467672587106930690
1467669399133818882
1467666804055052288
1467664954140495872
1467664287736811521
1467664280556244996
1467664154806796294
1467659541349236743
1467659094701985793
1467657261392998400
1467656381020794888
1467653815415435265
1467653515044691968
1467646006657495050
1467645740302278656
1467640278395731972
1467640276223025156
1467626084397158405
1467621645837733889
1467594886874480643
1467576770605903873
1467536800419778562
1467527020921847810
1467521189253824512
1467513821027733509
1467498825224843265
1467489644384186369
1467489026357690368
1467485113109782529
1467477537353723904
1467477294252195844
1467467824075476992
1467452879581573120
1467451673551380482
1467450395144253447
1467443596974383111
1467441163946782725
1467431189988675586
1467425143693582336
1467423846550495234
1467420189411012611
1467407647036952580
1467387329941676035
1467387320416436224
1467386388786122754
1467381956811759617
1467376102624559105
1467373214863036420
1467370400199983104
1467370279542263808
1467369767023439872
1467367969458044928
1467361089776197636
1467356414448320514
1467355222204891137
1467354592623034370
1467353220565463041
1467351660934492161
1467179599628943365
1467686107261255687
1467668330148687872
1467650234410958849
1467530184915968001
1467510207219580928
1467493798582243329
1467491431312867331
1467486136394137601
1467479638427328515
1467473759644708868
1467453103993540608
1467424610245173251
1467398495669682177
1467383232203149318
1467370083672473601
1467358881915424770
1467356833148858375
1467708140984561667
1467653294738739208
1467488424194052109
1467443924939653120
1467704293474009092
1467699639746916355
1467693635118387204
1467669770401058817
1467652507883261955
1467650165414588418
1467589087901192197
1467509930236145664
1467482155278209028
1467477677154074626
1467461923331477511
1467457251153629185
1467456251445452801
1467451891197956096
1467447839877828609
1467401903516512258
1467385930528923653
1467379949535260672
1467346894028361729
1467708217383788545
1467707141838426114
1467705331203514368
1467704290328252421
1467701816364253187
1467695811891187713
1467691529024143362
1467684100773277697
1467678932124143619
1467672943303933958
1467671865124528128
1467666929515044864
1467665735870664708
1467662488724406272
1467662280175218689
1467660573231902725
1467648912190181377
1467645072921432067
1467643734313488388
1467643126839795712
1467636183211470850
1467622052576169984
1467611046865084416
1467547602480631813
1467536442804948995
1467532012831457283
1467531910461022214
1467531908686905347
1467523398045618178
1467521331398774789
1467520287365165058
1467513689985085441
1467509451988946947
1467509058768818182
1467496858998087680
1467495334964170752
1467491066236399623
1467487005483352073
1467486704428740614
1467484379937009666
1467484094544056322
1467478349018660864
1467467928463306754
1467454494472433664
1467436099182071809
1467421996044603392
1467418953777500169
1467418903236124678
1467414513431420928
1467413884155793409
1467413363655274499
1467411601682698242
1467400848753844236
1467396193659486208
1467393251539767298
1467380231304466433
1467373169476472833
1467360562019377152
1467357853111373825
1467347939886465024
1467347792893202435
1467345978470531077
1467343239007010823
1467714399519457283
1467690313863114762
1467670101071577089
1467665906587234308
1467615499823431681
1467485945138089984
1467445334297038849
1467401291970215939
1467356170956390401
1467705357757599746
1467701953106898945
1467700512266981377
1467697935110455297
1467693434085335043
1467693123065171971
1467692387505827841
1467689716371755013
1467689179655991300
1467688861442588675
1467685400642654208
1467681559901716485
1467675907200458755
1467670167052296199
1467666361526620160
1467664981017575425
1467662083206508548
1467659918274560001
1467655351143071744
1467654564581343233
1467644401681797122
1467563375395704837
1467530176917499907
1467518896101945345
1467509927224569862
1467509697833959424
1467506429615505411
1467496169282715650
1467490415313965061
1467487347692347392
1467474117624414209
1467473967803940875
1467465165402968068
1467460103041282049
1467440389766348808
1467439116929298435
1467416167081930752
1467415938442022913
1467415900093571073
1467414517390843904
1467387088551104514
1467382692626911234
1467373310262808582
1467365106170605572
1467363371968126977
1467363204825169925
1467714721642016769
1467713386209103879
1467713370103037952
1467709830668296197
1467708577477316614
1467707100901957636
1467707035345059840
1467706933935173636
1467706798496878592
1467706545374826501
1467706542883438593
1467706067828162561
1467705860809891840
1467704761239568387
1467703997154746368
1467703670854729730
1467701679193612288
1467700713786687494
1467700482218999813
1467699210812215297
1467698601866379269
1467696261990027266
1467695937824837637
1467695534722859015
1467695496756031493
1467693010959826945
1467692637381554177
1467691644690440197
1467691472241713158
1467690986121809924
1467689781618364417
1467684783232798724
1467680692880347139
1467680195385737219
1467679617699909638
1467679056317464578
1467678451280723968
1467678151236997120
1467677527799861251
1467675683795062792
1467675171062308867
1467674764034510851
1467672826777784320
1467672089960140801
1467670510360166402
1467669894460162049
1467669766881959938
1467669391852511232
1467666474865020930
1467666336671145985
1467665626160197633
1467665507096485891
1467664122191908864
1467664114495414277
1467662083953029121
1467661490035445765
1467661047582494721
1467660928208363521
1467660759131832323
1467658470694391811
1467657587864735747
1467656666724196358
1467656282739929094
1467651852455976963
1467649910375731208
1467649379783766020
1467647810342252548
1467647494532173832
1467647426668290050
1467646303991570435
1467646122428489730
1467644986619416576
1467644172106547202
1467642178545471488
1467642078783938567
1467639609584541696
1467637891203354624
1467637410238455808
1467635873722167299
1467615795471876098
1467607598673252352
1467589593918705664
1467572602738659331
1467568815185674241
1467567987565551624
1467561127223521281
1467558681176776705
1467558049728458755
1467557657900830721
1467544245460365313
1467539584095440903
1467532556757344259
1467530079009841154
1467529943714131975
1467527576763518978
1467525683178242048
1467523968009576459
1467523223600263170
1467522629749723139
1467522420365955074
1467522057831284742
1467521058806792192
1467518415812186115
1467515483628785664
1467513318533308417
1467510951536566272
1467509721548525577
1467509719161966599
1467508046876209152
1467506801767714816
1467504134534283267
1467502325459668995
1467501081064185866
1467500397166096387
1467499365820366850
1467497820038918150
1467497772337143820
1467495002464919559
1467494446434373635
1467493538883465219
1467493183646941186
1467493125220286464
1467492919799996427
1467492390994800642
1467491300630949894
1467490210539659279
1467489464641417216
1467488944396718081
1467486895634407425
1467486621838675969
1467485423572189185
1467716352081154049
1467706802569547777
1467704785654611972
1467702706567483395
1467700361020411912
1467700156187303940
1467693663203442689
1467690911484182531
1467689273511989250
1467682296744460291
1467677766967447557
1467672510544027650
1467670413647900676
1467669332096262152
1467649957280694274
1467645626301173761
1467635469319999490
1467632820210188291
1467585249202814980
1467529863804297217
1467528073004216324
1467524872460922886
1467516430165819393
1467515116996288529
1467514894555574276
1467513362464473091
1467512914592497664
1467512909605457920
1467512730437316609
1467508516931788802
1467504067362451460
1467500293562589192
1467492900292362242
1467492604057030659
1467489641662074884
1467488395324653568
1467488005074010119
1467482692828631041
1467478101198209028
1467467102080561155
1467466749100523520
1467466442656284672
1467465189935050752
1467448487545425921
1467444119987359745
1467439101938847744
1467439006564507650
1467438418397261834
1467434095684640769
1467426686085959684
1467420171165863936
1467419533073956866
1467410924898172930
1467409396154003456
1467408999058329601
1467404032461393922
1467401236135636994
1467401119533985797
1467400892383055875
1467399857388212225
1467380179840344069
1467376284686708736
1467374273022988296
1467373838778306561
1467370767893426183
1467364629873446913
1467364627486896129
1467364296476790784
1467351984768311296
1467351665225261057
1467348781884534785
1467715306315386884
1467699949567545349
1467683233512902659
1467681296230928387
1467680667462815744
1467679239365218307
1467677145115742210
1467667529266962432
1467666766994108417
1467663832638128136
1467659290022322178
1467656429972570114
1467560223304863754
1467559956261969922
1467526073206263808
1467501287436472320
1467491458361872385
1467490818759880707
1467482638747373570
1467480537707139073
1467479597549719553
1467458053024796673
1467438232249909251
1467424842135732226
1467421914582843394
1467421698223788033
1467413596518764547
1467413357552553984
1467403551181709313
1467400449326080003
1467394869572161536
1467390141073276928
1467375654958080002
1467375444894781447
1467375437965787138
1467348514652913665
1467691221820735490
1467401805365579776
1467715241471406082
1467683324369911808
1467553141696581634
1467512537390346246
1467506427627454476
1467457736405180418
1467423116238352385
1467716632038367236
1467712431170338816
1467699709288464386
1467699174250463234
1467680762312859648
1467678808555859972
1467674633973370882
1467661447085780993
1467660638268788736
1467658740820176898
1467560747324436483
1467545601889898501
1467519925640392704
1467506306294566919
1467488420821757954
1467473764312961026
1467463765608353795
1467453965663031296
1467424186666663941
1467422240648007684
1467414247650906112
1467414052787785728
1467405417261060096
1467395246782697472
1467395002078674946
1467390962208940033
1467377993659994112
1467374278064496642
1467368712319614976
1467347400817709056
1466695660606935045
1467716243775844355
1467714852491649025
1467711011218079744
1467707632945270790
1467707440544182274
1467704270627565572
1467690265917804545
1467685777102422017
1467677148798353413
1467671516447870976
1467668380266102785
1467659670642778113
1467647489696174080
1467647144106491910
1467645666419560448
1467634563836833793
1467610998978744320
1467556241765384196
1467555746824921088
1467547522260340738
1467542599028273154
1467541283778424833
1467540419923746817
1467511361965940744
1467510782472556544
1467492992433139713
1467492082449215491
1467486165280313349
1467457052469456900
1467455716080291840
1467449935918362627
1467442003415744512
1467431785877237760
1467422403194097665
1467421130281553920
1467418936224350209
1467413425538023428
1467403367169339396
1467403366179475459
1467400709222002689
1467387029210025986
1467376773604077569
1467374495912456193
1467373073569435650
1467370346365927424
1467348469396373505
1467501518748221440
1467475211943497728
1467698042941972489
1467637621551603714
1467625656729042951
1467421902494781443
1467417418360258560
1467642509006295042
1467518704502009862
1467485717358018562
1467492268407869440
1467491471167086606
1467486965125685248
1467424776322908160
1467387667067273218
1467713918151790594
1467695587726299141
1467497734496157697
1467718703592574978
1467716925002186757
1467382404411453441
1467455912918990852
1467492977689841668
1467675068293545986
1467650426589700096
1467522599257210880
1467354588202233856
1467644345050271744
1467581185522081797
1467368264728817664
1467676068723126279
1467610625513693187
1467465060012359680
1467638909416796161
1467512068894986241
1467711820429361155
1467556942776135681
1467521184602288134
1467519432985505795
1467458293996003329
1467457423271022592
1467425571218939909
1467692691697778689
1467484920838647811
1467469480875859969
1467416468341989377
1467387566747897856
1467491769017257989
1467591675438501890
1467555317747621890
1467484488426876931
1467697274377490433
1467451539707277319
1467369558516199426
1467692519907495938
1467670012584292353
1467669180111409152
1467659594654617601
1467652095855632385
1467499965995913223
1467629816056668160
1467571018483236864
1467535392513527810
1467495190675922950
1467485039814348802
1467479355613843458
1467695028671635465
1467523790573690881
1467523127223586816
1467648749740593152
1467371863126859777
1467672056535810052
1467653249067290630
1467514466694692868
1467505916022910979
1467495230806974465
1467471843669934083
1467471064213049345
1467454735695245313
1467446124222947329
1467430472426803200
1467379974562729990
1467362819901251586
1467351760096223236
1467171457499238403
1467170856300269569
1467169589347815428
1467169262825476097
1467125273850105861
1467124967045173248
1467122391096561666
1467121937029550082
1467120533200261126
1466998252096524289
1466998012358512642
1467428046735298568
1467427541254549508
1467460400291598338
1467430415585529856
1467351914891264004
1467683636124127236
1467712904409403392
1467705738592018432
1467697717627392003
1467495237756932099
1467477275184545792
1467375007198171136
1467701064212180993
1467685624966619145
1467662881688735746
1467524389302272006
1467522124717826054
1467435304726401024
1467435296455200769
1467435290591567872
1467427305320423424
1467424047260602375
1467413844314050562
1467683594839609347
1467662336127225860
1467437757999976448
1467006382322827264
1467385235520122881
1467382969253777414
1467389630383153154
1467676320310054913
1466624334101843970
1466623471882948608
1467705196713177092
1467665893748580353
1467637227454799873
1467627955371196421
1467505109256970244
1467499643864973315
1467492764224868362
1467470428595634179
1467358791708540932
1467720134991048704
1467525999411613697
1467521708001148930
1467407149265416196
1467654837735079939
1467474901514608640
1467676628947902466
1467664127636111362
1467647194622611459
1467622521436471297
1467524392087285762
1467524274202181636
1467523737259941890
1467517606915547140
1467517261397172224
1467509855137107976
1467503388480860160
1467489531372867587
1467488564136931328
1467488406737338374
1467429673177006081
1467422432843685890
1467388270795542528
1467381324981829633
1467373077893816321
1467367882468171776
1467339367576338434
1467695696824340480
1467507364873977858
1467691344705458178
1467628635158839298
1467164939261415429
1467406079323611136
1467492661573545986
1467496793734664199
1467459342756499456
1467492229249859585
1467650630395203584
1467482763846565888
1467432625195286528
1467414575209320449
1467368738626277381
1467720744566067200
1467674216384196612
1467474626963918854
1467428871926468608
1467407597909196804
1467707754290638849
1467707572505354241
1467404853722992642
1467404851336339457
1467386723650834433
1467643775379857411
1467691128925290498
1467676748301017091
1467708568145207298
1467672113251164160
1467630239194906626
1467500889007034368
1467468713939005440
1467442502013636609
1467418848722784256
1467404858097553412
1467404856692465667
1467404845183295490
1467404843824332801
1467404837683929090
1467707360470654983
1467666286104645633
1467500639101939712
1467486745188995077
1467396091029057537
1467362321920110598
1467689849792593921
1467658234387320834
1467404839747563522
1467371725356937217
1467486663441932288
1467690684777787395
1467499569218940930
1467492451724136452
1467498139892342787
1467497902201192451
1467497728531783688
1467499475350396930
1467498326673149962
1467498623264956420
1467497140284903426
1467496516847751168
1467495965636452359
1467495487674540032
1467494553032683527
1467494386598481921
1467493863019274240
1467493113463668738
1467492731085733892
1467492132961218562
1467491365541978113
1467491026872856582
1467491026650558465
1467491025425813505
1467719880233209857
1467715933791686658
1467715876619120647
1467715447483027456
1467715395381456902
1467715222009876486
1467715061078638595
1467714494499471361
1467714146372231171
1467713806369366019
1467713795665510402
1467713442576429057
1467712943114506240
1467712878849388546
1467712791272312833
1467712583310327810
1467711223705718784
1467702092169027587
1467690512320643078
1467687200200425473
1467660176169660416
1467656127299031044
1467656048769060867
1467629999817560067
1467472240597823490
1467424623855767552
1467418676278149122
1467388820421103616
1467358156065890306
1467699626933297152
1467657145961234442
1467651279048491012
1467523768700444675
1467503952585322499
1467467163262881795
1467361910605582338
1467383389862850560
1467655091654041600
1467482849544523780
1467530115643064321
1467472436245372931
1467464811973791747
1467713667147911171
1467660644920872964
1467646015792549888
1467510426585886721
1467726417060569088
1467726001547350016
1467722879148036101
1467722724894142469
1467710547185467396
1467686912747991043
1467599581743652866
1467490741005873157
1467486971995975680
1467480624701132802
1467478827756515339
1467452293096214528
1467409493168320512
1467391968149864449
1467374836397719553
1467368941026611200
1467362169889038336
1467361868419239936
1467361712286298115
1467361200883187713
1467710670397267971
1467710608518758402
1467693737375526920
1467648696531578882
1467542370166054912
1467569730684743680
1467475951617339396
1467451386073784322
1467648513852862464
1467634641142435841
1467633201766027269
1467470746058297344
1467410488069746693
1467384770808061952
1467710680719511553
1467685488358137863
1467468349315563521
1467362666322665474
1467668083674206208
1467694334594093059
1467543411821465601
1467374568012595200
1467668081807790087
1467665261977235463
1467477836634021891
1467449127831105538
1467433883394314244
1467413425491877888
1467650606726742016
1467663082411364356
1467722467967848451
1467716407479595009
1467709166781288452
1467704331247882243
1467685463611756547
1467666460298211328
1467665428428169223
1467646117311442947
1467640856668557313
1467500545313148928
1467497009326149636
1467475031261253636
1467443934901112836
1467423264616054787
1467401416419405825
1467389811229003777
1467367176701046787
1467359049997975554
1467546869785976836
1467515199120834562
1467470296529575937
1467398877548400647
1467679753733693450
1467398885848981505
1467707761647493126
1467668819485233155
1467510839754194946
1467502289187311625
1467486505211871236
1467440199567216641
1467372525449449473
1467721530679312386
1467666962020929536
1467648744006971398
1467513420098392068
1467464209642385408
1467721475801026564
1467664715963039744
1467641123996725254
1467621346511261697
1467557848917819393
1467533760803475458
1467532193392041986
1467527779797254145
1467510341517312001
1467491462115774464
1467480484712120320
1467469877094977538
1467457606092419073
1467452475405844488
1467416719165558789
1467376955829805057
1467686564666904576
1467669711005503490
1467512054441332741
1467419539881091074
1467706445521047554
1467696491082911754
1467647389863276544
1467612954937815040
1467469435053113346
1467437955945959426
1467645139438866432
1467467600485502976
1467525185490210818
1467712096334872580
1467711307428220932
1467698035534614530
1467682676148563968
1467677957845966848
1467677892901441537
1467677773275688962
1467676233001357315
1467669812671221762
1467665505506918412
1467660889474039808
1467658706942844933
1467538424051777550
1467538362152087556
1467528038233493505
1467506795488763905
1467506654027522049
1467506548427558914
1467478822022893571
1467455477210509312
1467450206731964423
1467443351012052994
1467439174764556291
1467438548412350467
1467433993469526016
1467418366260301826
1467391161585201153
1467367090931650561
1467712640617041920
1467711091153248256
1467680558297673729
1467512165271687169
1467462841946947585
1467457618482700288
1467438014217347072
1467410464653123585
1467364702644625410
1467469786871484425
1467547952407318530
1467369020785577986
1467723038565101568
1467720176124809223
1467718189358346241
1467716656692707330
1467716048770195457
1467699529621270532
1467692014112329730
1467691578441363456
1467680980047523841
1467671399972016133
1467646405938495490
1467511297143156744
1467507088834191367
1467502122098839554
1467496576000036866
1467425638818660354
1467367367176900608
1467671662346653702
1467719006480003075
1467711655303811078
1467710573261606912
1467702635650183171
1467684917878214659
1467681845860966410
1467678483975327745
1467652449171570689
1467580394350411779
1467479066290765829
1467464234854354945
1467458287528415234
1467400458859802624
1467722995527340033
1467709926772338689
1467700067939192835
1467694002275328002
1467685162221596674
1467576903418585091
1467576272234717187
1467543540989321222
1467519046610563083
1467502576077721603
1467482401836535808
1467472251746336770
1467472187879661572
1467471608428195840
1467471007824982016
1467466744805556225
1467463080598671362
1467462568566734851
1467454533840236546
1467434198751342594
1467429609641816065
1467425644543885321
1467413235791843329
1467412339615944704
1467410457560588288
1467393911064829955
1467389984067883009
1467712928707088387
1467709586350116868
1467705406877097992
1467689179408596994
1467678010119647240
1467670836744056833
1467666574202920960
1467655146226458624
1467643951549091840
1467642703416418312
1467529931097874437
1467522864026845185
1467510625026940928
1467483619564273665
1467481467810979846
1467450278823620608
1467448975850573824
1467400669510262784
1467727000148197379
1467717325285560320
1467629143546232832
1467533034710728712
1467490295826710535
1467484863645175810
1467470796301819904
1467469956748955648
1467469097613271040
1467464618486472706
1467366971670859777
1467568437492793350
1467504697695109125
1467659413209059330
1467561797058064389
1467501529556930563
1467494075381157893
1467367809873170433
1467661914167656456
1467655805751021569
1467509164314267651
1467493981844082692
1467492658537025546
1467464895755083782
1467417566150750209
1467402498206052352
1467398316778561540
1467468838564364291
1467506554303762438
1467656811390013441
1467500045561851909
1467494971624222721
1467394302737223682
1467385815047163904
1467382340485742594
1467378466358136835
1467375237327036419
1467378311915397122
1467669971035516930
1467369261454688259
1467704178097098756
1467482339177472003
1467523753756168194
1467669977108910080
1467396013140762629
