1472777875401019392
1472776457726271496
1472774953288167430
1472769523526688768
1472768668551442437
1472768516528869376
1472767530896748545
1472767240038584328
1472766741004505088
1472765786984906755
1472764511593512960
1472764130562039811
1472764030079152132
1472763751598202881
1472763692785672193
1472762685750067200
1472762405633802240
1472761853512019972
1472760593341841408
1472759573970706433
1472757318596972547
1472757285084487681
1472756545007931394
1472755584617222146
1472754085833048064
1472754058146430978
1472751934238953473
1472751552867680257
1472750938452475904
1472749173149605893
1472747873691312130
1472747797191356419
1472747699208278019
1472745441930350595
1472741073600409601
1472737081612857346
1472734213958823936
1472733360346832896
1472732989532487685
1472732877024468998
1472732202840600580
1472730622200193024
1472729853908578304
1472729530267680769
1472728985125543937
1472728708418969600
1472727151191359497
1472724556116729857
1472724093887672322
1472724030717190146
1472720995253243904
1472715660320919552
1472715564397174784
1472714033199390720
1472711939700641794
1472711609977999362
1472708900407308288
1472708050402222080
1472706594404069380
1472705632708935680
1472702482790772736
1472698684898832386
1472689068014145541
1472665062523297793
1472654934592016387
1472654703217418241
1472650786714775552
1472649600649478147
1472648445580091395
1472645199713091586
1472632852558671873
1472631075801219074
1472627690825916420
1472627357500338179
1472625852345057281
1472623511621439489
1472622715672563712
1472621837511131141
1472619157501792261
1472618903981289474
1472618634832842753
1472618255873241095
1472617702799732736
1472615776540508161
1472615774103621634
1472615354824204293
1472613042831515649
1472612387589005312
1472612005454307333
1472610048178221057
1472606962961448966
1472606736787787776
1472606620718751750
1472606552225767424
1472602787699560448
1472602275495383047
1472601440753389568
1472601286684012546
1472601110623907850
1472600184345354241
1472599968946941955
1472599045709307905
1472598683828973576
1472594922939158528
1472594681699594242
1472594382591193090
1472593779148296197
1472592656056258569
1472592493841506307
1472591957633339393
1472591827450556418
1472591735091990530
1472591551662489603
1472591490333380611
1472591192596500483
1472590958692765697
1472590051712274435
1472589758530420738
1472589064167514112
1472588513870639104
1472588385537572866
1472588212681928706
1472587001358524421
1472586853677035525
1472585319501352960
1472585293949669379
1472585005486403586
1472584637356511239
1472584438848520194
1472584157259710467
1472584012593913856
1472583414725308416
1472583408010227714
1472583301491683333
1472582888109445125
1472582251502206978
1472582076998119435
1472582013655785474
1472581757098627076
1472581619907117058
1472581515301122048
1472581286011179010
1472580568156016643
1472579252990066691
1472579012010463239
1472578836969582592
1472578013879435272
1472577263988207616
1472577167821197314
1472576804535746560
1472775683893911552
1472766516349202436
1472766419188137986
1472765896682717184
1472764407994204169
1472763107890008070
1472760353612312577
1472756954846187528
1472754127687991299
1472746595028402178
1472745782893707271
1472744944062197760
1472744363789000704
1472744360424796163
1472744349670645761
1472727336701214726
1472727302261805056
1472727088289382401
1472718583050354690
1472715690255679489
1472712554090844169
1472712273928105985
1472711424204017664
1472710096555810817
1472708812662624258
1472704787577643011
1472663935140704256
1472660496033599489
1472657502927872005
1472648633497493506
1472636039072210947
1472630999280463872
1472623628718014470
1472613483388669957
1472612791890575364
1472597433821523969
1472594201938255878
1472580995996024832
1472580489206644737
1472567445336432642
1472563614682734593
1472562089101193216
1472556651215351810
1472547463676379137
1472544122422456321
1472541225278263299
1472540762382340098
1472533835678040064
1472527868890472451
1472527258002739200
1472525495895871489
1472516048649736192
1472514831328571393
1472514765473738754
1472508667010293760
1472507287927345154
1472507226661163009
1472499261354827782
1472498085326508033
1472489275988099076
1472487599713390595
1472486836761075723
1472476376888315905
1472473682131906561
1472472033405456385
1472467619282239492
1472466532814835712
1472464024814166018
1472462689477619714
1472461174247604229
1472460713314586624
1472451926994259968
1472451193569828865
1472449025911627778
1472446895234908163
1472441898258231297
1472441786014388231
1472438728274505730
1472438341115072518
1472436050123374592
1472432782668271620
1472431026999758852
1472429661346955266
1472426411537223681
1472422718993694720
1472422455641718784
1472419146688122881
1472766946646970372
1472730556068610052
1472576662709567494
1472490525290688516
1472476463601360897
1472476310823833601
1472432773289836548
1472432506561466370
1472426072310312962
1472598483752275971
1472537199887458304
1472512773061955586
1472749221216329730
1472736101135622149
1472581374041227266
1472507035841437696
1472493407494758402
1472474021405110274
1472462682783682563
1472444700946681857
1472428415579951106
1472417645026631681
1472774350814081027
1472770613483692036
1472770611155902464
1472770113711398912
1472769552748474369
1472767338453762050
1472766477556060165
1472763939779866628
1472749217785344000
1472748860636229634
1472748582050619403
1472740906096742403
1472739915662196737
1472738923939975176
1472731601041690627
1472730441346351107
1472715067732869121
1472711543754133505
1472710689638666253
1472704765742092288
1472689734296035328
1472685003477712897
1472604563161055232
1472583493842395141
1472569269850230785
1472568637613490179
1472566353651372033
1472564253227765761
1472557058348093441
1472556723755913218
1472518239913590785
1472512062760755205
1472507253429194752
1472500014500904965
1472494664565637123
1472484252407062528
1472475531606036483
1472473873773826048
1472472238079332353
1472471047895060481
1472468639739617280
1472467054066561025
1472465103840681989
1472464460539334656
1472460093027278859
1472457818158481413
1472430831700307968
1472428644752527364
1472426408043421696
1472425401498562560
1472425054344343554
1472422965618700290
1472417642174550022
1472417639125295108
1472542759709933568
1472776470162403330
1472773724545818630
1472765061558980608
1472763389675917312
1472749460971130885
1472745075775995905
1472740920390914048
1472737979474972673
1472665780378472450
1472626667877109762
1472617063147454469
1472570238180888578
1472569602123071489
1472553599150350348
1472553300398469122
1472538186098221061
1472515894106476545
1472513039345803264
1472511149526552576
1472509716785815555
1472506385388621826
1472494750968127490
1472490658518614023
1472479229782609920
1472477266001244160
1472464892787625985
1472462630728060928
1472459239276769281
1472455767642951680
1472453703407849474
1472451093221175299
1472438736000454657
1472438354176200707
1472434289560023042
1472434132319813633
1472433611815424005
1472433144989106179
1472432327267553282
1472423057138778119
1472417281636388868
1472779071201284103
1472778885783715840
1472778820847652873
1472777851531239428
1472777680693051392
1472777015430422530
1472774975052390407
1472774749306560514
1472768794963570691
1472767873420386305
1472767454329798657
1472766331854286848
1472766058356359168
1472765918337908738
1472765096061333505
1472765002880667649
1472763318452436993
1472762819871346691
1472761555460583432
1472759292268724225
1472759274803662851
1472758995848888323
1472757846865367041
1472756638092197888
1472755647494062083
1472755177052459011
1472753368879689728
1472751145034518532
1472749899728883713
1472749732271325188
1472749692362510336
1472749397117046785
1472748602631995395
1472748306694651910
1472747962589753347
1472747902627766272
1472747042543857666
1472746869642072064
1472746685377892353
1472746363674759168
1472746266887016450
1472745588538023936
1472744915222380545
1472744818140876804
1472744174562598912
1472744161191161857
1472744157433139200
1472742440788316162
1472742307044544515
1472741412441448452
1472740941702184963
1472740485445734404
1472740172907237381
1472739037790162948
1472738927769362434
1472738166540947457
1472737319593512962
1472737017595236353
1472735516743327746
1472734365041848323
1472733422585987075
1472732327474188289
1472730114794274820
1472728842787643395
1472728073548165120
1472728023929483264
1472727334666919937
1472726258425290753
1472724999169445888
1472724305444171778
1472723665330442241
1472723058800558083
1472720415050981381
1472719942390669318
1472719801550204928
1472718682711212033
1472718666789621763
1472718583767580676
1472716715796549633
1472716522497867777
1472716437038850054
1472716398061252608
1472715997614272515
1472714081857523712
1472708848540524544
1472708665530413057
1472707672193466370
1472706908838498305
1472704126488252416
1472699514062528514
1472693165618458630
1472689224306413568
1472688432308580352
1472686043975634945
1472675836385918978
1472673574745870340
1472645017051144193
1472641649259913216
1472641227468132356
1472638062299516929
1472638036114501635
1472636535488974851
1472632006664093698
1472627058933047301
1472626722247831552
1472622231758856193
1472620319147917327
1472619713872089090
1472619544015302658
1472619185003921411
1472618556965548035
1472613713760772097
1472612610444914689
1472612152187895809
1472611462971420678
1472610228935954436
1472609589178765314
1472609319422070793
1472609185594417152
1472608955587198977
1472608808518119426
1472607415048622080
1472604910491291658
1472604109886812161
1472603753979076609
1472603695741222912
1472601773936316416
1472599371938074624
1472599210545483779
1472598811054776323
1472598486457610241
1472597869576159235
1472778329455411203
1472776878146551808
1472776547257896960
1472773619994431489
1472768870981140480
1472765647146815493
1472758883768623117
1472753431664205825
1472749550846681091
1472748996716158978
1472743382782861315
1472728698772094978
1472720943612973061
1472712452416544771
1472708785198493696
1472700215769518080
1472651066722377737
1472642306763214850
1472630527018422274
1472619423840161795
1472614398984622080
1472614106385424393
1472613797063839744
1472591574982750210
1472591122769727491
1472590144205066242
1472586425841242113
1472585407392989184
1472572937303511043
1472569224732110853
1472568628713164801
1472566868686688264
1472565918559457280
1472558571405545472
1472557539170549761
1472556330497961988
1472555995767648261
1472555272161820677
1472554142610587650
1472549209895170050
1472548176171134976
1472547475160375298
1472540765091819520
1472537861505302534
1472537562455556098
1472530581061730311
1472524363198984196
1472524196051750917
1472523080396247043
1472518910087815174
1472509525898850304
1472507989416308745
1472507855659941888
1472503023284867072
1472499437725368320
1472498952633081857
1472498550470676491
1472494950403088389
1472490927130243072
1472486027063226372
1472483356998660106
1472477463074820099
1472471484845240320
1472465611934425089
1472464776462626817
1472459463344852992
1472444735717478401
1472444138263965700
1472440160146968577
1472426996445581313
1472425778042212358
1472425151840935936
1472418477281472513
1472779106504740864
1472630396991176704
1472623346269315075
1472607524893331457
1472605182693232642
1472592054353944582
1472590570874830848
1472583325462118400
1472562805349879813
1472553442547990528
1472543792292982789
1472543282223738880
1472543016573227009
1472540358651232258
1472538287256465409
1472532892257439754
1472528866744815617
1472528606127558656
1472510677470220294
1472508139454881793
1472481311038185472
1472479915681353728
1472468883575508993
1472461762020581378
1472461756031143936
1472460114858631168
1472435792265891840
1472425797147234308
1472758722250170371
1472730194762887168
1472759539640328196
1472721511148445696
1472628938006401024
1472616024671354883
1472610200230117377
1472607258039111682
1472540216283910144
1472526927852228613
1472502886584098818
1472500827545690112
1472499639228108802
1472485287658127362
1472478319379505155
1472423195244253186
1472775767226347524
1472774657640046594
1472772567962324992
1472769463804055554
1472768059563601922
1472763731000000512
1472750656704237568
1472748534923292673
1472742869895041027
1472739381354106895
1472731258031534083
1472724566120169472
1472721014584840195
1472708053476646913
1472698671917514753
1472693883683233793
1472657309897687042
1472653846816067584
1472642324391862285
1472635279798267905
1472621901033861120
1472611743595520000
1472606367831650304
1472604647038668803
1472603872430460929
1472603184673685506
1472599675114962945
1472598571547435008
1472595605973536770
1472585993345667075
1472579275890982913
1472574964595191809
1472567166163558402
1472566414812741638
1472564081533980674
1472506172225642496
1472505975680602115
1472501792042733573
1472496683120414723
1472495670774927363
1472489610676637698
1472481187440455683
1472477793816436741
1472476945916968960
1472473104257470464
1472469524804816897
1472466049404600320
1472457963109376002
1472457848734945283
1472457164170092548
1472454685176991744
1472452530755948547
1472449861307928583
1472441953824378881
1472433163347447809
1472431062462521345
1472426705528573957
1472418205083701248
1472771646758920193
1472770767293087746
1472768290736934914
1472757225751908354
1472756909375557632
1472752219363557381
1472727834523172868
1472726463065456642
1472698361278992386
1472691964244119553
1472669618296655874
1472604403991408646
1472567018054316036
1472561438904360963
1472561435381100545
1472557181178286089
1472544090612850688
1472520973513420806
1472518244477009923
1472492164638642178
1472485281164980231
1472454848394108931
1472447376782598144
1472446387505614849
1472443434682109952
1472428084691304450
1472427038715744256
1472420320057311232
1472620549465513984
1472598269477806083
1472594887048503298
1472591545261969408
1472590286249332741
1472586601062486017
1472583728798994437
1472580942543867905
1472574576198504451
1472567755266158596
1472539960251072513
1472535490045702144
1472485337163124739
1472484918122803201
1472765207155904514
1472676982550777858
1472750127907426305
1472588619126763521
1472743429675249664
1472589208187392001
1472572954445639683
1472535134792347653
1472484794369916929
1472466631053885442
1472455442928267268
1472424141030494211
1472746055913459716
1472707121011576832
1472591809851232257
1472579834433785858
1472551547196170244
1472500448183537665
1472484966759997444
1472467104951517187
1472430395907993602
1472760633535995904
1472702722071666689
1472702419653955584
1472518807025426440
1472504039472467977
1472611605074481154
1472540083530047494
1472737497574621188
1472449764025270278
1472776609954340864
1472735964875288576
1472730554705461250
1472672299765538816
1472638629935673345
1472606851615186946
1472599922776051712
1472598095586234371
1472588018988945408
1472573135119523844
1472561872511520773
1472558776167190528
1472554206506541057
1472491018293444609
1472480310403080195
1472462477891805188
1472451457475493889
1472615857947697152
1472587221140082695
1472572700891570177
1472547041133826050
1472762118952787969
1472759222081257474
1472742879328026624
1472707536872558592
1472600917866278914
1472553939845345281
1472553520196845568
1472498952935145477
1472477724132327426
1472456182111432704
1472755138733379584
1472768998949326848
1472752986401112067
1472731777340874753
1472583229840367622
1472740589485449216
1472600272052449284
1472762184807575554
1472738436498952195
1472587408742830081
1472579288935239682
1472573253134675971
1472570250608611332
1472555086542901249
1472538820553822212
1472474394492428292
1472594911727796224
1472544627475451911
1472513526052786180
1472493327429758978
1472508051236089856
1472599315742748673
1472551477289709570
1472533577673760768
1472533327517130753
1472482726447960064
1472472948875292674
1472421208318562304
1472765312903049220
1472733929090080768
1472542279948668932
1472526794779934720
1472472293179727876
1472777612770439169
1472730299394138118
1472548602392154113
1472521232763416582
1472521206578352129
1472518524027367429
1472516134838562819
1472493655684308994
1472480064117690369
1472438142355398656
1472765624581386240
1472622514664656898
1472568659625213956
1472572747301588994
1472490889373270016
1472704860894089217
1472654992771203072
1472600101549838340
1472583039054069760
1472576624113508352
1472574037410807808
1472572760589103111
1472569761254891521
1472566071668494338
1472565694235435009
1472564304637399041
1472559299012423682
1472558800628453377
1472558685251457025
1472435243466452992
1472609215927635970
1472470904626040837
1472583846415585281
1472757082940010497
1472542092773703685
1472458855791542274
1471775478394474498
1472562325483782145
1472454983417163777
1472737817528729603
1472773365559488515
1472759401534550016
1472728909980450817
1472574418815647745
1472561552372862980
1472550959838420994
1472543250690953218
1472528083248824322
1472509889570217987
1472501356954984451
1472497488560988164
1472473521255182336
1472782831688376321
1472550128032444418
1472550040300183556
1472510535836917766
1472479164603064324
1472467719718985731
1472759585148571655
1472753372700676096
1472691913572585472
1472689760506236929
1472622681522524163
1472590869949603841
1472589816046882820
1472578066777993216
1472570025751941122
1472554271337967616
1472553228470403084
1472514269325365250
1472483680400470017
1472474766980235268
1472465233608200194
1472436507004706817
1472431834256457728
1472430953544908804
1472573667796156417
1472442638049570822
1472537682194546691
1472597157899165696
1472489877409124352
1472439784563830785
1472433769827110912
1472750248145481728
1472585320587673601
1472471328464666625
1472745028615229440
1472765148959961089
1472750132714115074
1472730000830853121
1472590714240307202
1472587462023135233
1472586818071633920
1472585634740981760
1472585197342232576
1472584597913280519
1472584280698081283
1472582293235535876
1472472519185633283
1472471223376375809
1472582944002768899
1472581183460372484
1472773648796639233
1472743406233264129
1472735230981140480
1472706351201599488
1472590571214544896
1472588771849764864
1472578397389815809
1472575515223465984
1472570780214960131
1472560146530246662
1472552492353265666
1472548649359921153
1472535208830197760
1472528871547228161
1472525021578883076
1472523611453853697
1472523231844192261
1472493653276839936
1472490711635292170
1472471991839965186
1472456224922763265
1472446653374218240
1472440325499424772
1472566790408466434
1472501298142408705
1472497264946028545
1472572311094112256
1472468719045517313
1472495681248002051
1472608763878150146
1472605195934654465
1472597363952807936
1472560239245348864
1472543798429241345
1472429190305566721
1472606435133452289
1472768806695047168
1472767439372906500
1472739497120911362
1472725994205110274
1472724931372744705
1472724928134725634
1472724926574456832
1472723514155175938
1472682691376168961
1472659674155536387
1472637112944295936
1472602880326524930
1472584431353221127
1472578396475432962
1472568221689466887
1472567816406507520
1472562672667447311
1472555857141325828
1472549688142282752
1472544684241158144
1472480809584144387
1472462349311397890
1472458423480422401
1472446458850779144
1472749560170647552
1472740954066997250
1472738969553039360
1472734333383311362
1472730881311666177
1472603774346674182
1472593900866981889
1472528027628171264
1472786297206935557
1472771914292551680
1472634776628592640
1472606526518956034
1472754841952784384
1472607579930906628
1470912983136043011
1472713570165002240
1472598301627146240
1472576942104715265
1472554003204616195
1472748282665308163
1472588707408474115
1472476353710546944
1472723840170037248
1472625306078900224
1472558018436812802
1472558011788902402
1472472248388890629
1472471419204349952
1472436026916233216
1472437897919819783
1472763333728104451
1472759087582507010
1472727934469230592
1472701855847251970
1472696946758340610
1472577905632837640
1472568902223728643
1472559477735903236
1472546301162049538
1472540896142913538
1472503480824655874
1472502254594707458
1472501816705175552
1472500983007645697
1472490911871344641
1472480418498691072
1472468616788393985
1472461997455265792
1472461921106345984
1472457557662846977
1472448332283146240
1472439069158555648
1472437687726477315
1472436649850138625
1472433638738255877
1472744289050316800
1472664394492366848
1472557625862623232
1472458721821278209
1472558450823426049
1472735712701157377
1472441262946979842
1472441200300806144
1472753310612529152
1472746346587168768
1472609173921681416
1472559068950589441
1472541050581385218
1472457203990679553
1472784527546208265
1472779277103820802
1472775680068780033
1472762334313476096
1472561066416967680
1472555598650638341
1472459712381669376
1472792329601748992
1472791720479715334
1472780380537176066
1472762289119850498
1472695900262649859
1472610693706698754
1472590532794748931
1472580761257533443
1472577372817813504
1472574228012564481
1472569763238854656
1472558699944169474
1472545508086333441
1472542195118870534
1472541854281306120
1472490848839364608
1472459811325239300
1472459609994514432
1472439892173271043
1472774598466813953
1472747791327776771
1472533998458982402
1472753786405801984
1472753181574647808
1472627813018529793
1472471386618691584
1472459411092217856
1472782309845733380
1472769972657025028
1472768038432743425
1472755560000880642
1472755389359788034
1472755333793599489
1472754482500943873
1472753800146350080
1472753758299844610
1472752706594893827
1472737576763080707
1472730952078016512
1472726269246656513
1472712839106207746
1472698521887252481
1472689472777031681
1472624420317392897
1472614162974973957
1472593490341072898
1472592893084782594
1472587658056462338
1472587626821476357
1472574669836349448
1472564590462398468
1472560572243734529
1472560147742408705
1472555216469835781
1472536918525026305
1472528160105197570
1472513708479770626
1472510504950059010
1472506699755888645
1472506101178400769
1472505498213621764
1472499935236919299
1472498649619783683
1472486883728838662
1472475814499258368
1472462055366033412
1472457827847262211
1472445945035952130
1472441715558473736
1472760953083088897
1472565218622410753
1472562196324306945
1472454731511463936
1472753500702445568
1472524654522748930
1472439866017288194
1472786559510331392
1472786544406663170
1472786527990079488
1472768506911358978
1472706192933675009
1472625036083093515
1472617264105074700
1472613051232710659
1472598119258877953
1472597445410361345
1472587420994396161
1472585715380723718
1472576012114223108
1472547073325031426
1472538822151786500
1472527047851343873
1472521009563684870
1472515695250636802
1472494084954595329
1472473549961007104
1472449123437719552
1472760273144455169
1472703914499719170
1472580217411674112
1472579688304365573
1472553333189582855
1472534423786569731
1472532538358853635
1472511472999620609
1472439869452419074
1472791541160701959
1472787263431921668
1472779948007903232
1472776288041533441
1472768760016564224
1472751963183857664
1472750927710801921
1472744189628596225
1472736750615232516
1472736529801834497
1472722842097651714
1472710176037691392
1472671692765863938
1472643676417544192
1472629740762583042
1472613640549253121
1472602092053303297
1472600384892030986
1472597101536108546
1472596015618437124
1472594935916359688
1472591102234353664
1472587452808253440
1472581384552083462
1472577202625548293
1472575306607128582
1472570988957028359
1472570667979599872
1472565501670813696
1472561356175921153
1472558974855614464
1472555316554309632
1472553895859687424
1472545533025787910
1472543558141808640
1472538719584329731
1472533316993650689
1472529026392592388
1472528145177714699
1472515926935445510
1472514106959691776
1472512371578994691
1472507686629429250
1472507056749826048
1472500022381924354
1472498021762019328
1472481151721816064
1472467056922554368
1472464354775756802
1472453262792183820
1472449631304839169
1472440925792079872
1472440640969527301
1472436427480731650
1472435405853134850
1472432427205160960
1472757435794288647
1472564627284262913
1472562608364404737
1472555805228470274
1472531807874678790
1472525001924349957
1472511580831059968
1472484462063599618
1472458784081465344
1472453691181449224
1472451705979609089
1472447798322728968
1472708020693979138
1472691020521512969
1472560204868816902
1472555432874967041
1472706391676575745
1472586321285693442
1472556639203082240
1472555459701837832
1472553735662432256
1472535453131804676
1472520825890754563
1472488203735257088
1472486806922792961
1472452081248178178
1472434862506536961
1472544854093623300
1472515961387307008
1472480343496093698
1472483408399851524
1472479145821032450
1472577921558597640
1472707841324564481
1472703297563725824
1472697831689314309
1472596398025555971
1472572162275872772
1472569121665474562
1472743776624193541
1472736910317539330
1472572398050238467
1472541422217617410
1472510404790079489
1472542211514400769
1472569587967279107
1472563209819213826
1472556990043865092
1472553382925651969
1472552570484715521
1472489090289266688
1472480361049313280
1472479161692217345
1472470785990168577
1472470317364703233
1472467843518124034
1472435894216843266
1472487416686530562
