1474973797354663936
1474971585228337155
1474970739195269120
1474969612655607811
1474966010318884868
1474962207192481794
1474961721924079617
1474956804752744448
1474955937286787077
1474955469827440647
1474954523290394624
1474954296714215429
1474947567251177477
1474944644865613825
1474943451670081537
1474942938048126980
1474938505352683522
1474936309978259457
1474934916265566210
1474934787739512833
1474929176750690307
1474928125028945923
1474926111712632836
1474925641103396869
1474924245847142400
1474924025260363776
1474921689699864577
1474917768235347973
1474916581394116608
1474916446496911360
1474916376032661504
1474915102453235714
1474913105956069377
1474909825410555904
1474908172875755523
1474907679835447296
1474907196009893893
1474905509245321217
1474904657143103490
1474902841034608641
1474902105735393281
1474901114872991749
1474884277103853569
1474882607951187972
1474882273174450177
1474877988739055616
1474871843806846980
1474861458324430852
1474813121672118274
1474804422911750144
1474799341801918464
1474794888633880577
1474779454589177857
1474778391727333379
1474777834530820097
1474776022872518657
1474771939482767361
1474770603164856325
1474770138322726913
1474769666044166144
1474764389051867136
1474764386786951172
1474764111204343812
1474764021458894848
1474763907872919552
1474763717980028929
1474761754378846211
1474754045877182464
1474751070740299778
1474749757780213760
1474746639566835714
1474746220295843843
1474744956749180935
1474742954073858051
1474740887351480322
1474740847870545923
1474739858325184517
1474737918128242693
1474737915259281417
1474736803575787523
1474735887913086976
1474734478044008453
1474734388785025024
1474733003444080642
1474732603395559424
1474729749142401025
1474729560910352386
1474724240788049921
1474723093738262528
1474720939778600964
1474718028591816705
1474715477746151425
1474715256098201605
1474711758489092097
1474708759473582081
1474706637797527553
1474706171789393920
1474705797594554369
1474704184297459712
1474702727435276294
1474701189006589952
1474698107250040832
1474696197780561920
1474695904753971202
1474695522938081282
1474693451857858560
1474692910751031301
1474691376675635201
1474684786551623681
1474682932618948609
1474682200280993798
1474682089417031682
1474677789064237057
1474674707320377348
1474674521986650113
1474672295578718210
1474671939356483584
1474670023750799365
1474669050663870465
1474667505276702720
1474666893046730757
1474666807881465856
1474665333940051968
1474662918562082816
1474662156633133058
1474657628508721152
1474969824333688833
1474968133744009220
1474967043967311875
1474966292922658817
1474965100523974656
1474962563989311489
1474961054622892033
1474947179391291393
1474944019562053633
1474941596588146688
1474941589684318210
1474940781110587396
1474928937113251843
1474925483221340163
1474918945261903874
1474912985646723072
1474908037865484289
1474841634067992581
1474820954609967105
1474804078077116418
1474793711842181120
1474769797489442816
1474755793312387077
1474739636148731907
1474734919834243072
1474724160647557121
1474718524174221312
1474711357291655176
1474704750947958785
1474701622240444416
1474696370338492416
1474689464790249474
1474687552418242560
1474677389808472065
1474667563871203332
1474666835203137536
1474660391997165568
1474945043953635340
1474941993377697792
1474939584656015360
1474915095725572099
1474696777513140226
1474679943242018816
1474679024177664000
1474674297838845953
1474665560428404741
1474884269138792448
1474750780338946050
1474691254759739393
1474665994270371840
1474949605523480579
1474927457912320002
1474925878064734209
1474891060442656769
1474754686104133633
1474697119458070532
1474968031683956736
1474961183387963393
1474961179948699651
1474958648522592263
1474957585522462723
1474954732884017157
1474953125601624072
1474950159804948486
1474948673867902977
1474944618869391361
1474940180574269442
1474933623329411074
1474933088543133698
1474927648581177346
1474925965008523264
1474924334065979393
1474920161144553472
1474920138155565060
1474763005569077251
1474759190002298884
1474751672035336193
1474744413075034112
1474735891176300547
1474735827724820480
1474715557567946757
1474690016458641412
1474679768402571266
1474677610458193921
1474757086365974529
1474680926290407424
1474975231416569856
1474974246925312003
1474951260176470018
1474948296393306113
1474940086676430850
1474930673337057280
1474924317112627203
1474920017154109442
1474917322598993921
1474915832325046272
1474900955942440963
1474893986368081920
1474892984088875008
1474808982577434625
1474799351767597062
1474792985321611264
1474774337517330436
1474761157214756870
1474760228788789249
1474750551107977222
1474748228113293312
1474734900645228544
1474731922387443719
1474730297564413954
1474719040182505475
1474718651366264835
1474702320730394627
1474697470756024323
1474681792095420418
1474675770408718336
1474673339016744961
1474672119296368642
1474670028100288515
1474666352728182785
1474980209862463488
1474979229045383168
1474978301265387524
1474973598980841474
1474970572790525952
1474968785937334272
1474967915434627072
1474966613732433923
1474964512516161536
1474963549994639365
1474963156124397573
1474961526259814409
1474960011180732416
1474954383385313282
1474953798015614977
1474950717962334210
1474948323194785794
1474946927842131968
1474945462444564481
1474944566075682818
1474944089825034240
1474943636143951875
1474942327604928512
1474942214128259072
1474941456385069056
1474941449641033729
1474937056765755396
1474931031346057217
1474929709284835328
1474929619593678848
1474928864421941248
1474928242255491072
1474928028941578240
1474925182913376257
1474924027856625667
1474923436828880898
1474923268318498817
1474921413320450050
1474920507350798336
1474920464283680768
1474920321543114753
1474919993783382016
1474919655374422021
1474918942074232835
1474917449254379523
1474915640561438722
1474915002066759680
1474912689335922689
1474911915767844865
1474910590183174146
1474910134866378753
1474909804283908096
1474909511764770817
1474908015543214080
1474906338874429441
1474904388854378498
1474903700434915330
1474902733832421380
1474902557931622401
1474897137703919618
1474895789260304386
1474893168734658560
1474892950706352134
1474891978114420739
1474889210758787075
1474888970500640768
1474887138202120192
1474878949779935233
1474878679620599809
1474857165252923403
1474855509723287553
1474822450454011904
1474797371053600770
1474791914893299712
1474790264812101635
1474788708259749889
1474787225019695104
1474782492934557710
1474780727942074370
1474775244015505410
1474775157197754391
1474772479994318848
1474771967441969156
1474771400875384832
1474769652966313985
1474765311324798985
1474765085801340928
1474759260424708097
1474758591345086467
1474756007163170816
1474755770088448004
1474755710852292609
1474755137918799878
1474750992302313474
1474750294424653825
1474747903440605191
1474747541744848896
1474745092690767877
1474744440757522434
1474744070786322435
1474743501376016385
1474743496598716421
1474742224374042628
1474741998636584960
1474741923218821123
1474740730484584449
1474740297141669889
1474740028014153730
1474739817766277121
1474739648861671429
1474739000019591168
1474738143022575617
1474738140074020864
1474737960415162371
1474737067871535107
1474737054684618754
1474736230235467779
1474735885748899841
1474735872541003783
1474733625220354052
1474733616324218884
1474733364066209792
1474730952798601216
1474730570974257157
1474730137157451777
1474729974103883778
1474729563003375617
1474729289698275329
1474729235889549312
1474729229917081604
1474719543553507329
1474718164994957312
1474717967103320064
1474716896100433920
1474984121571045379
1474971989257322497
1474968786809679872
1474963824390250496
1474960842898636801
1474947890636201987
1474947199939145728
1474942737916960773
1474942530584154115
1474941319113891841
1474935051364155392
1474930648716431361
1474922447866499079
1474921867056062464
1474921688978526213
1474913654709501953
1474910487234048000
1474907234735849474
1474887048783798276
1474860517046972416
1474860008458584067
1474858590062010370
1474806359619108864
1474795209284194310
1474792954736766978
1474780213426864132
1474779319335473153
1474779205917286401
1474776287793217539
1474769070503313409
1474762975194095629
1474761012641353732
1474760973424627716
1474758768986505218
1474749470973722626
1474749074188292099
1474746237219860482
1474743783182848000
1474740860818378752
1474733711484588033
1474729128456704002
1474720567454429184
1474720311966777346
1474719855227985923
1474718460093493252
1474714482819538945
1474713919768117250
1474711716608942083
1474708394669867008
1474706546743336962
1474697204048691203
1474689035553492997
1474684732080222210
1474682744546410506
1474676141671665667
1474985749623705601
1474985694556672000
1474984766864707584
1474980311620468737
1474973007575597059
1474972481601507330
1474971399399763971
1474964657643290628
1474963860574531584
1474962309088903172
1474950937059860482
1474946097072066563
1474941235794042880
1474937426409709572
1474933522649337857
1474930436170084352
1474930221249794048
1474926689570500610
1474924760651886592
1474924032210325509
1474924030176075778
1474924020906676226
1474922613868675073
1474912776359350273
1474909946374356996
1474900133766590465
1474796854344753152
1474795487144255498
1474782033524113409
1474777179971932160
1474776109577236481
1474772228545810435
1474769771572854788
1474762625875472386
1474757102354632705
1474746807955582976
1474742611520884738
1474740328569577475
1474739001823154177
1474738456920092672
1474738359620698112
1474738176446984193
1474736470459969536
1474735889607581702
1474735699521773568
1474734330387701766
1474734154105249795
1474733276124176393
1474733037573541891
1474731873037209600
1474730470726266880
1474727367524315137
1474724229530537985
1474717314863878148
1474712518975053824
1474711956770594822
1474710631487991809
1474708757250592772
1474701720735289345
1474701670009344003
1474694868727308290
1474694564342484994
1474688204263485442
1474686341828919298
1474686082637651971
1474684862992830465
1474682572059774976
1474680944309116931
1474673881285808129
1474670881695666178
1474670687029645313
1474670645267111938
1474669847527112704
1474667996375252993
1474667797246398464
1474664422282985472
1474631864832827392
1474952867836399616
1474756129250889733
1474712573190807558
1474701025869238275
1474958573629173767
1474900916734083073
1474882819948122115
1474763477709295617
1474752142892167168
1474736080742019076
1474715663130312709
1474989365550010371
1474978555788361732
1474975437637894144
1474972744835944450
1474968599743791104
1474937353399517190
1474926397609054208
1474924344958619649
1474920508491644928
1474916339227627525
1474902023271108609
1474874563607478273
1474872043988418571
1474836999647350788
1474836478270210052
1474830154169999360
1474827964919386113
1474800322405015553
1474799060129239043
1474789297303687168
1474784577323290624
1474773081902092293
1474765978911543296
1474764252451803136
1474748884635160581
1474746303057838080
1474723005108404224
1474722644658298880
1474721604890361859
1474721265206190081
1474719722176344068
1474718382775681030
1474700683852988416
1474696039466635265
1474664522900074498
1474991289502339073
1474989415265013760
1474986848715894785
1474983704690712579
1474983702484586497
1474972253049999368
1474966267366805504
1474954416662847493
1474954157555519488
1474951119457513473
1474949687270510599
1474941113907572736
1474935704979337217
1474931034550521858
1474928740870197248
1474916196789080065
1474913388492779521
1474911589883170818
1474910447820161026
1474905153903886339
1474901036443729922
1474886007069675522
1474810655454621696
1474805163370029056
1474761110834212867
1474760330718769154
1474758465125900289
1474749264139935744
1474747898130681856
1474743536792662017
1474741816884752386
1474735245417074688
1474731364637237251
1474726733546876929
1474709214916317186
1474708362734407682
1474702887582191621
1474699566578487296
1474698636298637315
1474693933342937090
1474690099962994690
1474689342668886016
1474684862040719361
1474684766767050753
1474683844850855937
1474670326118191104
1474667328000323584
1474662106427387904
1474660555138875392
1474660473173786626
1474660470552293378
1474861445217239052
1474712238028058624
1474966991249108993
1474732227892154372
1474918734842134532
1474779624206848001
1474771150240509952
1474737596920041473
1474729530417823751
1474719892255375361
1474667159078932480
1474954450192125955
1474914928020496385
1474730859416539137
1474730215095951361
1474680408235130881
1474943176431443969
1474758841619267589
1474732508612681728
1474671608224645121
1474929515998572545
1474752607415504896
1474703217430654976
1474981908354199553
1474778285418565632
1474764454474620932
1474763297035415565
1474742031297617920
1474713461657538563
1474984031250894849
1474986036899975169
1474701201316802563
1474699918128279552
1474686990410870784
1474940712319733765
1474902495512125446
1474994812545683458
1474803989438820354
1474671072515485697
1474784980601610253
1474941774212657154
1474951772514893828
1474950958920568836
1474709024830410757
1474989717019971584
1474946248968790020
1474934281050812416
1474743960060850179
1474739406015643648
1474733440083759105
1474732538622988288
1474695446580719616
1474944128047714305
1474805463451529216
1474702098964963337
1474745511206862852
1474739804302503936
1474718290601603072
1474794906321240064
1474782404799709184
1474701592385310725
1474690524003008517
1474991428195418120
1474741338055000067
1474736267036266506
1474730864286191616
1474716753712214019
1474753326306578434
1474976124018978816
1474976065407782916
1474961422916337665
1474961410941603842
1474961406021627907
1474720798514421763
1474992373939654656
1474682105456066561
1474678386282823680
1474673994900983811
1474995209809240065
1474913381148618756
1474715476089397248
1474696862305173505
1474696853228716032
1474696850913386497
1474670308523012096
1474748259302211585
1474708048610398212
1474690169865310208
1474685104098267138
1474669493267795969
1474932014604185603
1474915112016236548
1474865421530451970
1474759826345320450
1474709278216785920
1474681606459645955
1474935528084574209
1474922531609923586
1474745486003167236
1474732282074198018
1474731553708449792
1474725491290488832
1474724466047418371
1474721901045899266
1474721082649108484
1474713020001517568
1474709477714587649
1474669077654237184
1474666804991586304
1474776454336434176
1474757264779067397
1474921154859061250
1474700635794599936
1474940319636459522
1474909543570178049
1474820213082247172
1474788341816049664
1474776512595316737
1474774914691309571
1474774814078369793
1474774738253717515
1474768752306638848
1474757821094789122
1474757266733625346
1474756412328734724
1474754802374496260
1474743372598317061
1474742575739269122
1474731739821985794
1474691799650242563
1474689886145843205
1474689813404012546
1474673930678206466
1474962980517265408
1474691134156804096
1474688434572648451
1474699959731580929
1474717536696426500
1474706359916515329
1474670933969276928
1474976655579906050
1474960643123933186
1474895787767205891
1474758908983926788
1474711520344887297
1474988502521507842
1474774446678294532
1474987719998652417
1474970954459607042
1474930221241417729
1474824383688425474
1474775496546127874
1474751712854351873
1474748233427476480
1474738216406192129
1474957612735025156
1474706689441996800
1474702761774104576
1474681559374393346
1474924650308112386
1474897880200540161
1474720579554971648
1474943739638390784
1474771570082004993
1474745541212864515
1474996895609016322
1474709368671072257
1474708675780435976
1474985168880357376
1474759053138018307
1474965810737156096
1474750914623774722
1474759360714739715
1474756636233375747
1474755788207910915
1474755785548656640
1474755785238335488
1474746015571845124
1474761779104280576
1474749793385676800
1474998518888628225
1474993580296994819
1474991324910653444
1474968422681174016
1474959279140446208
1474938149813907458
1474924758542139392
1474922270942367746
1474908146778849282
1474882473859239939
1474791887374794753
1474748040833552388
1474726770318319618
1474719229874085888
1474696501108428800
1474692640180293634
1475002439786909698
1475000345868734466
1474953273358520321
1474702595927072771
1474690226891100160
1474689478434254851
1474983109829427205
1474982734124642306
1474979655706812416
1474979185168769027
1474976620389695493
1474952877361618944
1474912512965427200
1474779348808830977
1474978561765220352
1474937633646075906
1474911251872419840
1474766061400584193
1474675331550175234
1474675034383781889
1474674897158770688
1474674692543815680
1474968589761269762
1474945465560956930
1474936245297942528
1474934377687568384
1474914558363856896
1474892400975749127
1474683569721143297
1474991635121401857
1474773077707739138
1474758686207668224
1474729192944070658
1474725034316820481
1474705988720607243
1474683172587970562
1474758638782668802
1474966031948869632
1474997415908233217
1474993323404238848
1474827101236711426
1474757997150703619
1474979539340054529
1474765510650646536
1474729621710987264
1474969164741689344
1474720032345460754
1474785907257397255
1474774260790923274
1474731732553195521
1474903941364137984
1474888115609243648
1474986135784869889
1474982321409298433
1474974664753442816
1474968263947816966
1474742689648111619
1474734371399561220
1474726410606370816
1474697652818251777
1474693614244483077
1474693301236207618
1474688159975759875
1474687781091774465
1475001884020641794
1474940558384971779
1474887329860841474
1474936548692922369
1474777663269007365
1474756590435639297
1474695374203875330
1474524249679220736
1474996512430067714
1474995253195128832
1474961989277528067
1474957828842397699
1474957332882804736
1474949501278310404
1474927409292103684
1474719519708905476
1475003749269577729
1474974379335294978
1474954969597894660
1474897012378136576
1474757540277747716
1474751218098458624
1474736815592521729
1474730210444529666
1474700576520740873
1474689262033408000
1474678874214580224
1474674053063405568
1474956099220492292
1474807261981671425
1474736683492929540
1474985989508517889
1474967093766352896
1474698754062106625
1474672808680513538
1474737919017447424
1474699912612761600
1474992888794783746
1474954257468051460
1474908739060731904
1474717147964141569
1474999748872392704
1474996575273324548
1474991956837089282
1474979902860533760
1474963202945404928
1474962833225879559
1474962511111720969
1474956999603277825
1474956606156599297
1474938004674269185
1474885417304354819
1474762708364922880
1474732064079446018
1474720039542484994
1474716956095750146
1474716374702301187
1474708639793377280
1474702429664919554
1475002871015825408
1474989258779742210
1474980441350234116
1474791871553564674
1474741141417324544
1474980254242336770
1474963210780299272
1474952836635004934
1474933149368872964
1474991055917383682
1474987233505542145
1474959631109656577
1474947387101614083
1474942767658721284
1474911348207210498
1474711903804932097
1474935467833323520
1474762906679926786
1474738448950915076
1474738329279107075
1475010134816423939
1474997616253435905
1474987594664579074
1474985257808060419
1474961232830492673
1474947037649006595
1474945939127169024
1474929489758986240
1474825548975247362
1474812968743309315
1474787058556145667
1474780418838712320
1474778627262738435
1474775986193330181
1474760981679001600
1474757879554973700
1474756421971374080
1474751309269979137
1474741460184354817
1474740893588463619
1474736444077871105
1474733802308071428
1474733210282397700
1474732307319705600
1474730156505722881
1474729512294174720
1474729441347911680
1474729137629655041
1474719154846330884
1474712526239666176
1474711504620380161
1474705791646986242
1474701671833821184
1474692931885801474
1474692454821634055
1474683347720818688
1475002366256582660
1474972177594462211
1474967498348916736
1474802557448953857
1474767348338884613
1474724519931613189
1474711763690029060
1474709301901942784
1475010635754655745
1474962776925696002
1474740050340446212
1474733708296921089
1474714390276440065
1474763391868669954
1474706752390111235
1474899009642930186
1474820093947244545
1474787389662973954
1474774415812485122
1474704308738441220
1474996440799662083
1474910028947615746
1474893568632229888
1474774685850079235
1474720493227810818
1474705621068832771
1474956874357293056
1474979038607265798
1474956519108009985
1474927070014701569
1474952506463588354
1474777729757114368
1474989931583860739
1474799216283115521
1474912625519517696
1474734193338769414
1474703978915008515
1474795352050094088
