1475313802765746181
1475313389601656832
1475311089751453698
1475307535330529280
1475307220803883008
1475304305993256961
1475303979814768643
1475303572124278785
1475302672831893507
1475300853917564932
1475298841641381888
1475298321623248896
1475293205876797440
1475288839807586305
1475287317766184966
1475282849427181568
1475276174343426048
1475274552641007616
1475274201837699075
1475271417847431168
1475270243807379457
1475264817023700995
1475264524777242625
1475261091001159680
1475260759286243330
1475258665904918531
1475254019387842560
1475252133645619203
1475252129048584192
1475249925684355075
1475237762521468929
1475205849312333828
1475158399276896256
1475140449685753862
1475134224730443776
1475131070685220865
1475129365377662976
1475127191373418497
1475126010873987073
1475120907093831681
1475119609074225152
1475112112594644993
1475111310144655366
1475110669955452929
1475109138879303683
1475107628342657027
1475105133805465601
1475103707905740800
1475093561318076421
1475092326565363712
1475092250530959360
1475091265939116033
1475091038385565697
1475088574303199235
1475084358453137409
1475083809380978692
1475083446477201413
1475082919685156871
1475082678177132545
1475081833289170947
1475080140665212930
1475078911172120576
1475078752816308224
1475077826881601538
1475077044312576003
1475076761759199235
1475076544804515843
1475074902369583105
1475072740503613442
1475070769763786758
1475069007581495297
1475068299750768641
1475066812689571842
1475065550912954370
1475064362867982336
1475063189591060485
1475061368277528577
1475059460737429505
1475058534580555779
1475053966937317377
1475050008252583937
1475048142336761858
1475046046078177282
1475045950800338946
1475045709564952576
1475044645067317249
1475044400682000386
1475043262691889153
1475034814776594434
1475034154882330626
1475033207338799107
1475032665988337664
1475030185137225728
1475027363377209346
1475026750815883265
1475025104425795585
1475024147189309440
1475023543339388930
1475022792470921216
1475022590477438977
1475021151051018243
1475020653841444866
1475020303264718848
1475020194665795585
1475019557563613185
1475019337203269635
1475018544685338629
1475017100766887937
1475016547781398529
1475016194495180802
1475016038097899520
1475015434428555264
1475014208236314631
1475012907490439169
1475011054434349057
1475010533182959616
1475006698850947076
1475006695705247745
1475005696286490624
1475001634023305224
1474997362963582977
1474994707340021760
1474985805605072897
1474985211762864129
1474981059620126720
1474979838477815813
1474979294694703109
1474978782377177089
1474973797354663936
1475017543123234816
1475313308748054528
1475309053270237187
1475306384245723137
1475299202603253760
1475298633146720258
1475296131202486276
1475296044862824449
1475296002349285377
1475295953632600066
1475289894750539778
1475288993000423424
1475288836829814785
1475286831646195716
1475285458498195458
1475285451447492617
1475284191491158017
1475265909090516993
1475263357628280837
1475260397217202176
1475255148825903106
1475255140357529604
1475248757272813569
1475247380597379074
1475246324782022656
1475162416690335746
1475135010457849862
1475133855749140481
1475108142241370112
1475098856463343621
1475098128835440643
1475095479150989316
1475094099736813568
1475083499434504195
1475083405335273472
1475081624773853192
1475080255555588097
1475078515007442949
1475068935552729091
1475064642506407940
1475064360175226882
1475064192952528898
1475064189332824065
1475061996961759234
1475059627049959425
1475058292141428742
1475052935239241731
1475035430542184451
1475027902047481857
1475022021046063106
1475020607339171840
1475019382224867331
1475010446482554881
1475007041777266699
1475005522793299970
1475004048847736833
1475001185476104192
1474998264294346755
1474997957590077442
1474997144322908164
1474995161591468036
1474993465360470016
1474986265695047682
1474985980939567105
1474982507527356417
1474979875949670404
1475092929513279488
1475102879807512584
1475080057341181953
1474983012198588418
1475297761092599808
1475104037963919361
1475311964859486211
1475292164582084611
1475289360941547522
1475283175005769729
1475277825493983238
1475267433241796611
1475039105591377926
1475013932024844288
1475314589214543874
1475311959696240640
1475308402045714432
1475303289293918208
1475300403893837827
1475295882782273536
1475293790919282694
1475288391994380288
1475281797478944771
1475280828867375107
1475278145024507906
1475277975868248064
1475270312614776834
1475268433537236992
1475262489860317192
1475162405206302722
1475139635764510720
1475136996477575174
1475110557988446211
1475101878459396098
1475093231511621633
1475090305229623300
1475080434501390340
1475080123867037698
1475073913130528772
1475064167107219456
1475057332979601413
1475051290438692864
1475043636597628928
1475033865840259072
1475014532917387265
1475013993903263746
1475002318726709249
1474996543388143616
1474994013384036352
1474993121221959681
1474990168150929410
1474989493581058048
1474986168190132225
1475283000946409476
1475123702668795904
1474999331686010881
1475314448839499776
1475306238304870402
1475300616528441347
1475295682219044864
1475290430564569088
1475289635567771650
1475284353693327364
1475279557997457412
1475277615799824385
1475277292167327745
1475273763990085635
1475273255829192707
1475271267548684296
1475270088890585090
1475267149010649088
1475261306504507392
1475259790217547778
1475258607558008832
1475250555366756354
1475238241733263360
1475186086540464137
1475168578345127937
1475159722294603776
1475155403331620867
1475138312943792128
1475117552028110848
1475092567968468994
1475088955875872770
1475053909739667463
1475050759347601409
1475049687618965506
1475034845101264896
1475033752799617025
1475022068873789443
1475017425749827585
1475014755781726211
1475315737887604736
1475315601497378817
1475313562503446528
1475313025196298247
1475311916956323843
1475311359441076224
1475309801588465665
1475309423572631555
1475308394739167233
1475308199209160705
1475304456329650176
1475302138829946880
1475300410021883906
1475298891952185346
1475297474109652992
1475296978338598915
1475296444877705221
1475295444179697671
1475294459260596227
1475294454344863744
1475289462317871106
1475289304486146048
1475287938929807360
1475287543490899970
1475285754196598786
1475285325006065667
1475285317909303297
1475281919264714753
1475279371149594631
1475278749788639234
1475278360720785416
1475277649991794689
1475276253074583555
1475275069979078657
1475274839782936578
1475274116412305412
1475274056312279052
1475273430635204613
1475273162212265986
1475271916420153345
1475268449945350147
1475264691681300485
1475264678402084870
1475264249685446658
1475258271543877633
1475258025304723457
1475256149511270400
1475255670840590338
1475253504230846466
1475249078594256896
1475247564488249345
1475244799473053698
1475243660065214464
1475243558512648195
1475242205602201601
1475235873436233728
1475223835955777538
1475223496384860162
1475213128908492801
1475210812922871808
1475197662064488450
1475189879042502656
1475185223688081410
1475185036454367237
1475184703548256261
1475174149815476225
1475170842669551618
1475170060754829313
1475164760706404353
1475156112538476544
1475154122387034114
1475149464285241346
1475148408142790656
1475147781043937282
1475145887919656960
1475138455353004034
1475135286480826371
1475135166829842436
1475135081928822792
1475134127665909761
1475132069386801153
1475129830312013825
1475128882537775107
1475128270869831682
1475128041776955396
1475127011270008835
1475126012937576449
1475122963200372738
1475122000758657025
1475121456862281729
1475120763040530441
1475118627644866560
1475118391014805508
1475117837983236098
1475117586161410054
1475116774584578050
1475116688165138433
1475114630968066052
1475113197573054465
1475113046775197698
1475112651852189697
1475111673534898178
1475111659689676803
1475111167009779715
1475110397644468228
1475109785569660928
1475109749909721089
1475109157174865921
1475108459611779072
1475107780159705090
1475107211361722375
1475107138980630529
1475106226862112770
1475106035287298048
1475105888004304896
1475104588147539968
1475101842463883268
1475099667100684289
1475099344944525313
1475094506852675587
1475092171992682500
1475092014974730240
1475092004388233216
1475091291868254213
1475090641755389952
1475090559685443586
1475090527070478337
1475090418253533188
1475090367527620611
1475090037565837314
1475089567120117768
1475088459882971142
1475315648767037440
1475313992595755011
1475295105267339266
1475287883149819907
1475286149136453632
1475286131503603713
1475269613029974016
1475265974169321473
1475262336067784705
1475260801820753922
1475140042423083008
1475134260226904065
1475131194501070850
1475130706208518145
1475129926319624193
1475129818182144002
1475093084975157250
1475087896986017792
1475079479718387713
1475076631962132483
1475071843274919943
1475071599879487490
1475071156642189313
1475070749551448065
1475068937935077376
1475067528166580228
1475064457147469826
1475059822886199298
1475058231483387910
1475057468996665346
1475047401941442560
1475045910161756162
1475044689279537153
1475044435293470722
1475042825406337026
1475041964588343298
1475027337557069827
1475025343354269698
1475023586083500034
1475016716862169091
1475016185745870849
1475013014868803586
1475010370204930049
1475006351327866884
1475004202401206273
1474987664474456064
1474986202163924996
1475315345502048257
1475314880232112131
1475311666166308865
1475306463253782529
1475306460074500096
1475304432938074112
1475297478786240512
1475293840080703488
1475279134263701508
1475272832535777280
1475272502876119041
1475270204250800128
1475266753806495744
1475262723000713216
1475262719821377537
1475255626339024897
1475246877893296129
1475244911691644929
1475194294663147524
1475155506054397962
1475151273338892291
1475138093116129286
1475121772047388674
1475121736739786753
1475120477139914757
1475119645489512452
1475110021960585218
1475109348762271747
1475106195237183500
1475098896036552705
1475096482411802624
1475096172893065216
1475086205389737985
1475082351382130694
1475074999941664769
1475070738658779136
1475066511358246913
1475062990311346176
1475061784159473664
1475061589191450624
1475057921394311169
1475045946543067136
1475037928069947392
1475025036394201091
1475024709439791106
1475019055727661059
1475010196762025986
1474998046396014592
1475252776506589186
1475125143236067329
1475021736672333824
1475010919004397568
1475309990357336068
1475309927971188742
1475308519158992902
1475304982073147393
1475289200916316167
1475252066348003335
1475159380098105345
1475143368069902341
1475142138316820482
1475129870451556353
1475126814032875521
1475125092636000259
1475125038567227394
1475122130266124291
1475121218474835970
1475121099616636934
1475109654434750464
1475091407719178242
1475090544330166276
1475087988988137474
1475084226592608256
1475082664918990848
1475082498509918213
1475074829342502914
1475070191226654722
1475069618033074179
1475065227376926720
1475045823159287808
1475043234892042241
1475041711839596545
1475025005033320449
1475016518693896196
1475011928409841664
1475011373104975873
1475010943046193156
1475315511881838594
1475314794873835520
1475312000041304064
1475311123289182213
1475305206631985153
1475301153738936321
1475300621032964098
1475295368745132035
1475290611083317257
1475290524697305090
1475279270515654656
1475268383000055808
1475262730193883140
1475262727786356736
1475262725349527555
1475255603945558018
1475245186158456832
1475155393005252609
1475146112835088385
1475139177444347905
1475133865819783176
1475133248091025410
1475109447357767680
1475108439382642692
1475091446776545280
1475089576267976704
1475087684418695181
1475087537630691331
1475081961685151750
1475074839119417349
1475074433672888321
1475073318680096768
1475072786615844866
1475070771605041155
1475061575434178561
1475044549374275585
1475044397574078468
1475032386090020865
1475029875773739012
1475026408170610689
1475017286440394755
1475013902932930561
1475013514595127298
1475012264407146498
1475008384466407425
1475007695484690435
1475005961647632384
1475003251325956098
1474999643935174661
1474997079298633729
1474997053793075202
1474995661657444354
1474995202511151107
1474993387904192512
1475293670081392640
1475130285683445763
1475113812994846720
1475059657609678848
1475293939263422464
1475284130447331328
1475130613439115267
1475126443843547142
1475017585678708738
1475291376212267008
1475291332377661443
1475289238925045765
1475105048367489024
1475305215645548550
1475303116127956993
1475276435837186049
1475142305174605833
1475019009900748805
1475015990761062400
1475286612611264515
1475297109934948359
1475059209947418625
1474998981281267712
1475131819796299778
1475084118039826435
1475007017219596290
1474999803679412225
1474996550141054976
1475280636235563009
1475147943929802753
1475047889730605058
1475317184532336645
1475108775539269633
1475318011204538371
1475267801384308736
1475127802860998658
1475040315329372162
1475021712836030464
1475292117744295945
1475128709115826180
1475063843185324034
1475027103124836354
1475283870773776389
1475315515513991170
1475081113127174144
1475041861937029123
1475314906102591492
1475294512633167873
1475118406521155584
1475114720285712385
1475107267779260420
1475020786247221248
1475019141572485124
1474728734078824454
1474724674248445953
1475119884497416199
1475041711239798784
1475306802774364160
1475300565143879686
1475289969555959808
1475285972992421888
1475281188906364933
1475256626806329345
1475233999312199681
1475105433299738625
1475058198100934660
1475042619008831494
1475040412205150208
1475023722130001921
1475021056788160514
1475098730504212482
1475310609449115657
1475243473829711872
1475110440778690565
1475153888168710150
1475096630516977667
1475058642843942913
1475058489294614531
1475058387461165058
1475037545087975426
1475036276340391936
1475067441893937155
1475060973928996864
1475092490453618691
1475073979094159365
1475305760221327360
1475305644823437315
1475109763734114304
1475009541444046850
1475307295923793923
1475246272726503425
1475095450550030339
1475091716726087682
1475085053432532994
1475067224108896256
1475037396991311872
1475023951969411072
1475023359985405952
1475020975125061632
1475124851346006017
1475115251666284549
1475011287780257795
1475053206379982849
1475047632577843201
1475264806462509056
1475315676931768324
1475242000450396161
1475211496636366851
1475115345505439746
1475114651553714182
1475111533793333254
1475100207826149377
1475098624514088960
1475096988743962627
1475096925720367108
1475083277593497603
1475077321656725509
1475075705562021888
1475040012659933187
1475016754103394306
1475301115759456259
1475116975986667523
1475065063882985473
1475151577556025346
1475010168387629056
1475220607155404800
1475132029528276998
1475105349459865600
1475269376999710722
1475124041736327169
1475112210384900097
1475073216192258049
1475062654393729024
1475253862470545408
1475167458872885251
1475112833012551680
1475107863278206976
1475067352001785857
1475263321527914496
1475174795511689217
1475082451047256064
1475062588081725440
1475298969584504832
1475034086016094208
1475031214658449410
1475015120422113283
1475015079942889477
1475322788973928451
1475124644986294275
1475085064073478144
1475030652374249474
1475141015388377090
1475017942748184576
1475054045656084480
1475092711707316225
1475044136650633217
1475017741090312195
1475015051614502914
1475015012787838976
1475037424065519616
1475293047793459205
1475128176699342848
1475112449120423939
1475070938802573317
1475128089252286465
1475263739448668162
1475293135961948160
1475263825448366082
1475263489316847616
1475105777727655936
1475104155077206016
1475103989607723008
1475103118920585216
1475103118161367046
1475073883233419264
1475071248325431299
1475070832233705475
1475070620371079169
1475094066933030914
1475071167794794497
1475264026602991618
1475300618000498689
1475294149666500612
1475270292154957825
1475267094480445440
1475240853174046723
1475058946566021125
1475042138345771011
1475029460223021058
1475304325278621706
1475279738260402178
1475140550097469442
1475097142779789323
1475315748021018626
1475104811922034693
1475058726004408320
1475269269961117697
1475162615156412423
1475321302252548096
1475239489576468480
1475230790414118912
1475146614104752131
1475133453783814146
1475105367931584513
1475087231068958720
1475085680690614273
1475084664599552002
1475076470653476872
1475075320281665540
1475075059068801024
1475062497509928960
1475045843551985665
1475319055321993217
1475318102040604675
1475289985179783171
1475097989022552064
1475230207296479235
1475114601465319433
1475101166514040843
1475262363657977859
1475177323754315782
1475137567334887426
1475126097381449731
1475203513181425667
1475174241804984334
1475069761859903493
1475285062601957377
1475079972695859203
1475068662813917185
1475319337237966848
1475169420804866049
1475114868290187264
1475147919556636672
1475053925493469190
1475130255069245445
1475012761734189057
1475318391988621314
1475285488181202945
1475284119571496960
1475283466631606272
1475282295930060800
1475277147715424259
1475273659560325128
1475266932005687300
1475251095337254912
1475105147499941888
1475101380125753345
1475076774446854144
1475069364403519489
1475061436397228035
1475055360482455558
1475051606613790722
1475048781880041473
1475030006585651200
1475020671860183040
1475326706890072065
1475318692183306240
1475050167078322176
1475181793431097344
1475266878171860992
1475146092274614276
1475128514680549376
1475104845522616324
1475053960012525568
1475008991839219715
1475121327707017216
1475116868633387009
1475076782806036486
1475014174530883597
1475317729477365761
1475317523247599618
1475312498626555906
1475300512207572998
1475291058946789377
1475289594388107267
1475283842617335812
1475160599499710473
1475159761569992709
1475107403754446849
1475104776731848705
1475067526946111493
1475053309215981570
1475032915746582529
1475287984354181130
1475158786432110594
1475158782950866949
1475139920490418178
1475132930884206596
1475123931677790216
1475114104234778626
1475076965162012674
1475076211185487872
1475014164636594177
1475010130471124995
1475067595657121795
1475043513137958915
1475310376677875713
1475158174881566720
1475068468303073281
1475088416593231878
1475083752334192642
1475067466581614603
1475325325777141762
1475322282901860357
1475298679816736769
1475289408286773251
1475289221673848832
1475282418974085121
1475270711593689088
1475264795125288966
1475264202029735939
1475250753572769792
1475205143318523906
1475205030365982732
1475204835045638144
1475181106030804993
1475181043581796352
1475180715675308033
1475180625535455232
1475179894053031938
1475169161458249729
1475091594235711488
1475080143991234561
1475077155440656388
1475075524644904966
1475049824944754690
1475035826627264520
1475027265234747392
1475012538114850819
1475329745529163776
1475326914306793472
1475216922392289290
1475107605236228100
1475098598224236548
1475257934875561985
1475028633265717252
1475322840589037570
1475289178984226819
1475151000168132610
1475063005490466816
1475046864076500992
1475290278902730752
1475289770301411328
1475265975368880128
1475258838840344576
1475253183802863616
1475173240767070209
1475173021019095041
1475167499951951875
1475130220059389959
1475046223123939328
1475029965657706500
1475316107548315651
1475313239986606083
1475287296345710593
1475273575217074176
1475251685270319107
1475233475720474625
1475176691681083395
1475149921472839683
1475148259945369600
1475139820066263040
1475136557954723843
1475124750879846401
1475122700938985476
1475118481586589699
1475116613246455815
1475114414596444166
1475113827217731586
1475111176233119746
1475106386929348609
1475096839342809089
1475093002821378048
1475084576062308358
1475080719529484289
1475075597240090626
1475073187763273731
1475072670769168386
1475072446344491010
1475069818285953024
1475067083373223940
1475066672058757120
1475058171341205509
1475052164498083841
1475044330284847114
1475040826304565250
1475039815301140480
1475036521723953154
1475034515256983556
1475029468691398658
1475023300384415751
1475020744878923776
1475317249212764166
1475297705421250562
1475289934722318336
1475273893636030465
1475270090006298625
1475262149760929793
1475181041107144708
1475092482396278784
1475090226305400835
1475081725570998274
1475069405771956224
1475066265454583815
1475251681629642755
1475113355039764482
1475166334354874373
1475120661924225031
1475234798587322377
1475206723057197057
1475152332882997249
1475086699835187207
1475044911145750529
1475039837396684806
1475028340566233088
1475251676965523458
1475249884936556545
1475145650060730381
1475138848984207360
1475113007738863617
1475092036856397825
1475063058833702917
1475029154479296512
1475092301126914051
1475044384290709505
1475082991873396739
1475311832860553218
1475293128315654149
1475257494440067072
1475123800068923395
1475064760915824643
1475291796280254464
1475291581594759171
1475247957037367296
1474336717536579585
