1468075709591474179
1468073525588209666
1468072487061639170
1468070778407055361
1468064546845704195
1468064102647959556
1468063211647758336
1468061503115132934
1468061097546506243
1468060818876997637
1468060817056624647
1468056724573593600
1468052873137344516
1468050989991096325
1468046354442117124
1468044967616532482
1468044448625876999
1468042399591002121
1468039736522469377
1468039599675285505
1468035682824179712
1468027818189623298
1468027183050346498
1468022499002650624
1468022350268571651
1468021790207135745
1468021184289665025
1468020855242326020
1468019212161486849
1468018416103477248
1468017147934756867
1468016488732708864
1468014226153545729
1468013403436314628
1468003543357349888
1467997161673539584
1467950561748213763
1467945242644992002
1467933948546195458
1467928433816576006
1467922879106846722
1467894115341795333
1467890186247888904
1467889516551626755
1467889132496048128
1467887874238410756
1467886622767157251
1467883350752854020
1467883009558732807
1467881306704941056
1467877104800841728
1467873850352226306
1467867790501560327
1467867736806092801
1467865299990970372
1467865225718161415
1467859241838940164
1467857513538154500
1467856513490325509
1467853578979377153
1467853214188175360
1467852463298396167
1467848259179712512
1467847728218591232
1467846312443793416
1467844726124519429
1467843322005786628
1467840087253663746
1467840059428667399
1467839646713331712
1467839337853173761
1467835465998888962
1467834464994664451
1467833918401310724
1467833285971611649
1467832010429579265
1467831854619246598
1467829965529882630
1467825270451499008
1467824511831592963
1467823654666788867
1467817528617361409
1467813896018792450
1467811949916286977
1467811267972792320
1467810738593234945
1467809311178969090
1467807337041727488
1467801193682329604
1467797547485855746
1467795560576864258
1467787277153624066
1467784419641475072
1467784170520809474
1467782927144538113
1467777111100325889
1467777108118159363
1467772233263288321
1467771861354246150
1467770795904888832
1467769296793309187
1467767098839494658
1467761283328053252
1467761242685067266
1467761184556257282
1467761122925105152
1467761034253402113
1467759173332963330
1467755392394350593
1467753895854100480
1467752377042104323
1467751012907708416
1467743219794415617
1467740913036263426
1467739777638146050
1467739385730719747
1467736823082459137
1467736821396381696
1467735595124289537
1467733774968377345
1467732957947645953
1467732946144534528
1467732179484504065
1467730972330258433
1467730318572486656
1467729713355390982
1467728974939770883
1467728751794343944
1467727616673075207
1467726933563965441
1467723421471559681
1467716270191562757
1467713985709371398
1468070563193057280
1468066414787395589
1468065178575015936
1468059055147175957
1468053850560950272
1468051152579137537
1468046941229502467
1468044597997625344
1468043346350206977
1468042135043674113
1468042127997161472
1468037065992404994
1468037058799149056
1468028634942173184
1468025541059964932
1468024976909357056
1468018966543015938
1468018811412500482
1468017296052408323
1468017173213982729
1468016645775921157
1468015652938022913
1467925502170120194
1467917874052300801
1467888003422953475
1467884030892789764
1467882656020910081
1467873917989699592
1467871194745430017
1467859968288182273
1467851799512039426
1467851415439564801
1467850100185903104
1467844802959929346
1467843486049202177
1467841666463764485
1467829783610691587
1467823356523139076
1467822727910150145
1467811058891038724
1467806506313609219
1467785379524841478
1467784807484559360
1467782204491059200
1467778516745789440
1467771191855255559
1467771041430659072
1467768558557876226
1467766052738195463
1467763791257423872
1467756019891671041
1467751014984032261
1467749588022947840
1467744423018590213
1467738671285628928
1467737873537404928
1467734803751473157
1467733933680852992
1467732687662108673
1467724277721886731
1467721582885834752
1467721574161649665
1467718720852094980
1467716563650297859
1468068356506873858
1468016783865098251
1468011120971554817
1467878814482980868
1467857897870614537
1467856714313523208
1467848893865947138
1467848062315810820
1467837143116513284
1467828204178067458
1467807648816898053
1467807523155558402
1467796009027878912
1467788699265994752
1467788405463343109
1467763567067684867
1467753148764753923
1468067680556961792
1468064360866197507
1468054839829549059
1467912511177379840
1467909159626502145
1467897176382607363
1467879313240322051
1467878459112243201
1467871097651548163
1467865584440209408
1467854163610456064
1467849239619260421
1467822697044344834
1467724935304859652
1467723111164362752
1468060241757495301
1467885449389563913
1467876244616212482
1467869832829812741
1467838761442557953
1467810750127247365
1467809383056773122
1467770976033144837
1467769335074615300
1467767977273659393
1468070606654435332
1468066671860412416
1468047063728357376
1468042062515736577
1468026220503703553
1468019628530028546
1468018614649245703
1467987780949078019
1467906913329315844
1467862204963692544
1467832784207056899
1467814742148349952
1467813729937018885
1467811012917137411
1467810503812653060
1467807657163571205
1467804914709516288
1467804715442323457
1467797363787911170
1467792547690938370
1467786381246091268
1467777720230629376
1467773326718222338
1467773041941749761
1467766427994116100
1467764976827834368
1467760088530046976
1467759604264316930
1467755444726755330
1467743872444895232
1467740135739441154
1467729220835049477
1467727506820108293
1467727497911422977
1468077469781540867
1468069386816667650
1468068915049742338
1468068831260147713
1468067576492150788
1468066314656747522
1468066277818179584
1468066273556762624
1468060450982019074
1468058275472150535
1468055940435873792
1468051901010694151
1468050143425736708
1468049669489971203
1468047611353567232
1468047058980380674
1468044084296110080
1468040439701774339
1468040061824339970
1468039931305988096
1468039836279836673
1468039515264536579
1468039317285052419
1468039049730420736
1468027057716088838
1468022315661369347
1468020411493281795
1468019916909395971
1468009968951455746
1468009220045885444
1468006125173760001
1467988472191352832
1467942253545066497
1467910698999054338
1467872832331784192
1467866081423335427
1467844796706267136
1467839996946124802
1467838647168761860
1467828288961716224
1467826230158192640
1467817994592022529
1467815565569839108
1467812367366901760
1467806515184627712
1467806117283590145
1467804808639778817
1467804717854048260
1467804591592853505
1467798717289807878
1467793227746988035
1467789171079188480
1467787410733813763
1467778668055318532
1467778663961661441
1467776433569529857
1467773295948750849
1467773039173505024
1467759655472537605
1467756596335824898
1467754238667210755
1467754236851015680
1467754234405744644
1467752940400087043
1467747658563420162
1467742956316594177
1467742024908554240
1467741641741987843
1467731217554415616
1467728479449862150
1467727991811674117
1468060074148990979
1468043106981277696
1468035709583835141
1467873564997001219
1467866860993462274
1467864945119227905
1467839817966776320
1467834776816009223
1467831614021713926
1467814948739117058
1467803504802729986
1467799715710386178
1468077401317863426
1468077359232217089
1468074457667231747
1468067129656180738
1468066646216511488
1468066275301548034
1468066271346364418
1468066034376581124
1468058353188278275
1468056810930073602
1468054311003328513
1468053681341829120
1468051372201234436
1468048149088399361
1468044401692020737
1468038688407887876
1468037790877114369
1468032667643908102
1468024017479036932
1468022392043626496
1468019788865622019
1468011035797819392
1468008612219920384
1468008142235594752
1468002553891749890
1467909415302938628
1467904135768858626
1467903082843410444
1467879730237956098
1467878104576053252
1467862665296896011
1467859260751048716
1467852286772736002
1467851747112538120
1467850775976022018
1467848915970002948
1467847571213221890
1467838526506946560
1467828933026455559
1467815387223887877
1467810751997825029
1467806015542366216
1467805564725907457
1467798756393324545
1467795429047746560
1467792466904371201
1467769519447805952
1467769260592312321
1467766333345464321
1467754390807138307
1467752886222430214
1467750518051143680
1467743149736873985
1467743145521664001
1467743063070023683
1467728171155873792
1467728161081212930
1467720336057589762
1468078868984598529
1468076438846722050
1468076202183192578
1468076055911034880
1468075303763427328
1468075293734670340
1468074468060786692
1468074292508119042
1468074125713240064
1468073223438831629
1468073081356754944
1468072165157265410
1468071554244231169
1468070913719488518
1468069848047513602
1468069241748287492
1468069011057381379
1468068498047844352
1468068246376960000
1468068151623491587
1468068090743300098
1468067831694647298
1468067325299474434
1468067122177740802
1468066168560922628
1468065557228392453
1468064614793375744
1468063993642172418
1468063668822700035
1468063091107643392
1468062787087839232
1468061781260185601
1468061734116147200
1468061700028915718
1468061444943925250
1468058232757252102
1468057732234186755
1468057728526413827
1468056942987808768
1468055974837579776
1468055445512224769
1468055167475994630
1468054969077039104
1468054248583667714
1468054006693961733
1468054004924039170
1468051216785547268
1468050326817103873
1468048894864936965
1468046362046611463
1468045329329111044
1468044783771742213
1468044544595824644
1468042484366278659
1468042115284303875
1468040784549081090
1468040061778378753
1468039973160980482
1468039923676577792
1468039825429123075
1468038760348590080
1468038155622223877
1468036907321856008
1468036899407216642
1468035247996432386
1468033121412997121
1468031675573497859
1468029995234770954
1468029278155509762
1468028902429757446
1468028041071054849
1468027084505174016
1468027056239742976
1468027046144069632
1468025490246017026
1468025482893357057
1468025158279438337
1468024969850359808
1468024877806280708
1468020327019999232
1468016937846427651
1468014481150148610
1468011810053783552
1468011763614445568
1468011502242185219
1468010675045744641
1468010058944368643
1468008745661652996
1468008557178064904
1468007318822395909
1468006098959437825
1468005178850697218
1468005164472668162
1467997948243963907
1467995507406475267
1467991398129750024
1467988788345401346
1467988037774675969
1467986758558265352
1467978470751752194
1467962114639728642
1467928605736927232
1467904716407382022
1467904611411320838
1467902084053757953
1467900091516084225
1467898897754251268
1467898489271042048
1467895987150942208
1467895796796248064
1467895269983277058
1467894743237464066
1467892923903610881
1467890693645291525
1467890625689260032
1468074968978100231
1468068207923580932
1468066884620750849
1468065706419765250
1468064704786427904
1468063580016693249
1468062080334905346
1468054053569531908
1468037356884140034
1468025631808303106
1468025497070481409
1468024583404294145
1468024405205057541
1468023446269538304
1468023364996395010
1468022896379322369
1468016371065704450
1468002610774904833
1467996931834060801
1467984987622309890
1467948911033610244
1467904637621706764
1467903444073676802
1467895911627907074
1467873468997783555
1467871843243593728
1467860009165983746
1467854544268783618
1467852461813551104
1467838936273747968
1467831903134777345
1467829407498702851
1467825707761819650
1467819001065574407
1467815055760658440
1467810795861934082
1467805713443409924
1467790300936491009
1467784859733028864
1467781989004574721
1467772993178779654
1467765806427623427
1467762242812661761
1467753642769801219
1467747722597859329
1467747720970465289
1467747719351394306
1467747716625154054
1467745119621173249
1467725885314781186
1467721383534678018
1467720607487836165
1468079119095107588
1468051944463745025
1468042337339121665
1468033997145972737
1468027347341242369
1468014240200110084
1468013853372198912
1468011121625821184
1468010786618441733
1467903653121966084
1467877371747336198
1467867304792768516
1467860790002679813
1467858896446365697
1467841955635732487
1467838877725454338
1467833703674093575
1467821819906322433
1467816412672528391
1467808485412802565
1467802527118757888
1467800848226926592
1467800023161212928
1467799496230801410
1467795099295760384
1467794702590038016
1467789768830296064
1467786510699167748
1467764416665964545
1467764018932637698
1467763660030308353
1467759207172562945
1467751011368386561
1467750825564913668
1467748903390826496
1467744350620700672
1467735443928076290
1467726429043314691
1467723238146854918
1467721158724251648
1467718212091473924
1468051361572921344
1468018726020665352
1467792031820832774
1467765458220716033
1467765144784551937
1467746186283020289
1468078613832429568
1468069292587421696
1468028353282252802
1467810956113637379
1468078454759297026
1468075293692805123
1468074714128326656
1468056625281863682
1468038429518680065
1468037548396191746
1468025157864148992
1467986758897860608
1467978109479792650
1467971518575439873
1467951740959936513
1467912056644931588
1467877404861505543
1467873081477591042
1467872553670569992
1467867479846232068
1467861360654487555
1467860157329653768
1467844999404343296
1467838827364425729
1467833468931375110
1467831982683918341
1467816432540868609
1467816238646644736
1467813429268267015
1467801481025708032
1467794207720960002
1467790703874875395
1467784551900467200
1467761956194979840
1467751921754808320
1467745988488032259
1467743741117353984
1467723874364059651
1468072868055453696
1468072818084507652
1468072777282428931
1468072727143538696
1468070124624093184
1468067743958249478
1468067173499215877
1468064616764755972
1468061833181347840
1468061458386894852
1468060669878489089
1468057439085871107
1468055091491991552
1468054675152801792
1468046717157187585
1468043643139284997
1468035118426046464
1468034030209744896
1468031378335748098
1468029755538624514
1468029623527161862
1468029540744056836
1468026220717789191
1468022447127633922
1468017377992339458
1468011965092024320
1467992440804020228
1467989904537784324
1467980922205007879
1467927962670759936
1467876276409040897
1467863245566320642
1467851448339681284
1467847843121565696
1467847313204776960
1467840822569627649
1467839808135307269
1467838827221774345
1467829927651119107
1467816589785325568
1467816005502074883
1467815567990005760
1467811344594309124
1467808047984623620
1467806254546391047
1467805742614810630
1467803087360471045
1467802276383191044
1467802268149817345
1467799620147236865
1467798971988856836
1467796203546951683
1467784628618543104
1467783378837684224
1467783182346948610
1467780860292349952
1467779589590032387
1467772499773386754
1467771043167158274
1467771039291621381
1467770986774753280
1467769999704027138
1467768358460268544
1467768356329590784
1467768354232418308
1467768350595960834
1467764437129973761
1467758334816055298
1467755278384783360
1467754354027352070
1467753321758818304
1467752678444863490
1467750669377576965
1467746886215999488
1467745642348826626
1467743183253639168
1467739890108481542
1467739025695932417
1467737190973128708
1467737146488410113
1467736834063044608
1467736239507861505
1467735157352374274
1467734652899135488
1467733760338968579
1467733107579179012
1467732509005791232
1467718646872952837
1467672757341089792
1468051275090640898
1468043269489639426
1467790576674172930
1467835927946874885
1467834502428827655
1467793203273236481
1467820653315125252
1467818134514012164
1467817962300076036
1468016858859450371
1467861078532972546
1467746772575350784
1468065800825106436
1467896090707914758
1467865774630916100
1467820122693791744
1467791007198498819
1468021069823070214
1467903499929276417
1467789821493927938
1468078024960913410
1468036873444474880
1467758913046999042
1467737527129804802
1467838869865316357
1467777712190156801
1468072551481962499
1467772130011992064
1467766174511341573
1467934060240523266
1467857381535240196
1467838452074893316
1467894197931806722
1467791987713609731
1468067715029995521
1468021227381878794
1467856036040097798
1467850432500224000
1467818114054180867
1468034622143418369
1468025355227254789
1467863837420384260
1467858871515435009
1467852759164616707
1467769853863813121
1467754585418776578
1467752038746374146
1468062001389735940
1467776633079681026
1468065198321766400
1468033380084113417
1467856734785978370
1467852777804087302
1467767392004542467
1467722208738897925
1467721242715123712
1468062955195437056
1467870634734542854
1467860058847395846
1467793832406249473
1467777978092310528
1468040399541334021
1468023950760308737
1467873981738864645
1467854310025293825
1467853138895851522
1467847949707145222
1467826595981262851
1467806505525149699
1467731144909021187
1467729049845780483
1468029403296792578
1467776814869221379
1468054271790706688
1468008373270429697
1467990375058968585
1467835873970384896
1468032665722839043
1467926879764058114
1468030221567758336
1467792963686203393
1467789632041414661
1467789618758094850
1467789616434450436
1467785672572510210
1467733466749964288
1467733315117486084
1468062685510004738
1468052823384334341
1468015184518139907
1467838306897444870
1467817888128147458
1468043975151927303
1467940008539480068
1468072332237238275
1467812671110070272
1467749563259711489
1467732102183485441
1467981530727387136
1467860306021945354
1467819096804708357
1467830338378354692
1467992249900453894
1468001247034679296
1467860040451170307
1468056757369184262
1468025883252252676
1467896235323392005
1467885478548414468
1467860322534912008
1467857860080005120
1467857707122053126
1467842007267565569
1467829527363555331
1467827557663838212
1467827114044911618
1467826603258351616
1467815808151670787
1467815501938102279
1467812377953386503
1467811057838219264
1467769952556163072
1467760217593040897
1467753117500403714
1467743105046781952
1468061174197485568
1468056950076166151
1468017880344133632
1468013707884040194
1467886056666112008
1467783372927737857
1467843711308419075
1467885722929565703
1467878806819991557
1468068906170421251
1467796590324695043
1468008517311229952
1467757310852288514
1468034966101528576
1468020332925636610
1467859149627166720
1467781812571172864
1467777712475426819
1467775169124995076
1467753880612003840
1468037560782008329
1467925800108183553
1467905395997896708
1467905392231387144
1467853458195697664
1467851439921778700
1467847283542618117
1467843093185859584
1467827858689048579
1467827856558280709
1467798692912500738
1467782005764943873
1467846267178868741
1467770435328614402
1468080705032704004
1468018339867885569
1467782404588724224
1467767206394187778
1467767174995529729
1467873549020905476
1468033039972196352
1468018315926802432
1467896918734897155
1467879964213055489
1467797342497636356
1468085414430871554
1468069300376276992
1468062845631823875
1468059609281667076
1467893593197010944
1467890227049943043
1467874027801030657
1467853486586941447
1467851456011124739
1467850023467556876
1467836772793028613
1467795626771369991
1467766323266478081
1468082815438704641
1468073622338080769
1468071967626444803
1468047513622294530
1467894521039970306
1467834980235497472
1468016658279141377
1467812279034920960
1467829260547022849
1467828032891023362
1467759954828271618
1467742348956221444
1467739939781545986
1468006817502351363
1467897723428868099
1468013767111835651
1468013572294778880
1468013960381157377
1468015799101124608
1468014414762680322
1468086372477067265
1468063766944182273
1468049443010142209
1468037714767351808
1468037216484020225
1468036145581756418
1468006720681103363
1468006116751593473
1468005999386632193
1467899750011736066
1467899302252986368
1467898155706445827
1467897635092635654
1467897313892847621
1467896793824251909
1467896742024663041
1467896043048112128
1467896041949200390
1467824117080461317
1467888614008766468
1468036952091881472
1468082975753396227
1468053175601012737
1468022591977754624
1468010771908993024
1468008098447052810
1468001570189053954
1467950294512246785
1467908591440982024
1467880577106063362
1467845735311818755
1467832151290699779
1467829911695941632
1467824619226759170
1467781061014802433
1467750774390202368
1467736287524253696
1468010110790209537
1468031354168221696
1467851134492499972
1467840165599084545
1467839035875815436
1467829508606554113
1467843239549931523
1467840059554607108
1467810311419817988
1467847665744556036
1467768653886021634
1468061333736210433
1468034131443400704
1467820202133901312
1467771604583079940
1468053547866419200
1468051834749161475
1468043854842454017
1467922844545912842
1467875362067529728
1468067248401121282
1468063179666116608
1468058584210567170
1468047459431575552
1468037125761220609
1468006452916752384
1467959011257602056
1467905185481564169
1467851147251568643
1467843666509123586
1467843163716919306
1467824507171708936
1467818551318745096
1467784593612836868
1467756421320118281
1467997108271730695
1467857348999868419
1467823815010897920
1467830605958172672
1467743439907274757
1468066436694228996
1468022936569217027
1468022554451349505
1467817407494475783
1467755363889860612
1468073783248384008
1468066681759027206
1468059083127197696
1468058753769431046
1467839712677154818
1467821084573532162
1467876588008067073
1467762353705938944
1467864323527626752
1467907177213939712
1467846853609721862
1467844371835879430
1467795195546664961
1468075160674598914
1467836416839196676
1467812097413115904
1468056765581312000
1468015940528869378
1467795985627709440
1467785992232865797
1468043396610551808
1468040302623481857
1468035054265724933
1468028903071514624
1468008104365150212
1467985395665145859
1467889231603257346
1467874333938761731
1467831919614173187
1467813957343670274
1467791845367320582
1467783668168945665
1467781898915115008
1467779790618841092
1467770556476846087
1467743672967970820
1468053009401667589
1467896833477201920
1467866435531976704
1467855921850109955
1467850833781936134
1467823560311795714
1467747205486465026
1468039624291348482
1467733810087292933
1468053910317240326
1468008832303452161
1467886172026200065
1467852127791837184
1467849166265020416
1467848949214027776
1467845311854886913
1467834427942133765
1467801530820554756
1467971735371018240
1468092420902457344
1468088516416446468
1468071772398387203
1468053023544864771
1468050591771418626
1468047267730890752
1468046181133545475
1468025596617785346
1468007492382715906
1468004591124025350
1467850861455937543
1467834358228684800
1467824108750577669
1467824054283358210
1467823955830476807
1467808180780421120
1467796478856859648
1467795941151309826
1467790733390147586
1467779686935629826
1467771459556691970
1468009160746827778
1468007974660497416
1468007614134960128
1467780422281175042
1468053393205694466
1468033915591946245
1467844542145581060
1467766106018308100
1467784059841441793
1468071027364163586
1468047132846268420
1467910901403578372
1467834361097568257
1467770800841248770
1466654346586644484
1468091756113641473
1468073865242820609
1468058573955497990
1468051205276323841
1468036402080141319
1467877428647235586
1467875559854075906
1467861032999604233
1467847027157393412
1467845511809929219
1467810417405620232
1467798765201285120
1467793126991355905
1467787856361914368
1467785949954260992
1467784985457221637
1468083297066438656
1468051180081188866
1468049227703992321
1468022424935428103
1467874974069317636
1467872992306900997
1467872136903622659
1467849688192020481
1467826321388572672
1467770162854117378
1467754911936876545
1467747043221426179
1467809482827005953
1467803363693961217
1467759834632130561
1468076217521754112
1467820487489191936
1467796943984160776
1467772997515755524
1468087780894904320
1468049004965421058
1468018431320547328
1468009960999116806
1468009629401509893
1468008856177369092
1467985201821216770
1467945664671895560
1467912411613179907
1467907655914164233
1467903853861515269
1467860991559942148
1467852841884602369
1467846452374343689
1467844794718191616
1467829445188734976
1467791802656768003
1467783384034332672
1467753952703877120
1467740132358987779
1468087581963431942
1468082039236620290
1468059862395351041
1467986986870788098
1467884605957017603
1467864465337053185
1467848084965101570
1467841342529097732
1467789614106615809
1467760042757689344
1468086905493282816
1468084931301498881
1468063548949467136
1468045942989332480
1468043992398897156
1468039256031432705
1468034838531690502
1468027780029825024
1468014374883250178
1468013283466625028
1467944805321875464
1467907164094169088
1467894616867307528
1467879807597703169
1467862946575372289
1467858052283961344
1467849708819615750
1467843878090907650
1467816710631661569
1467815595307528197
1467809593237680138
1467808236753489923
1467807497050148868
1467807011832098818
1467802521351897090
1467787812112003072
1467772450943418374
1467758058797350912
1467747675093323779
1467747186532253699
1467740335505698816
1467739703340240897
1467302198379905025
1468073859215618048
1468051045255245824
1467835180756791296
1467833207047348230
1467815112673165316
1467814829050064896
1467813209633480704
1467800437306712064
1467779866011463680
1467738431338037249
1467732143422214146
1468038356336472067
1467989916055343106
1467786646389026817
1467739208009748487
1468087030852644867
1468040767436312576
1468018729841610756
1467937628200878086
1467896046810394624
1467819701065555969
1467784051784392704
1468058434843021312
1468038709639401473
1468024131677351938
1467902597361188870
1467902152173629447
1467898752082100230
1467888376519053318
1467852345211981827
1467815450344050689
1467773001412362245
1466379376950317058
1467879016371671041
1467811202579398661
1467876041783873537
1467841438578737153
1468072293658095618
1467819139972493312
1467791748088745985
