1467339755067101188
1467337274983550976
1467336439977299969
1467328735179280386
1467328236707328005
1467326327611035648
1467325000638033921
1467324698790825986
1467322041841815552
1467321231355494403
1467321031173963778
1467320839867559937
1467319568548859905
1467319042834714624
1467314230340640769
1467314223323639808
1467313402380914689
1467313117256323072
1467309972123881475
1467308110389735426
1467307398020796416
1467306503933595651
1467299624054521856
1467298806374944769
1467298565223501833
1467298539759824896
1467297638236274688
1467273345133527043
1467271290184605697
1467268730556084224
1467245908815351809
1467245207045373952
1467225766308028423
1467202502508515331
1467180596120088577
1467178784688275459
1467178376238563328
1467177154437738499
1467167034635030531
1467164209473470465
1467141437745631233
1467136903589752835
1467135463995502592
1467135183791230986
1467134710035800068
1467134280836939778
1467127370435891203
1467124919230029825
1467123520190619648
1467120500715384835
1467119935105429505
1467118707126128641
1467118687924592640
1467112708583555073
1467099872473931777
1467098865610686465
1467095481822035972
1467095172441772032
1467092365487734784
1467090909871239169
1467090000600702980
1467089052948041728
1467081267229253633
1467080935761866761
1467079319142817792
1467073684871344129
1467057838849605632
1467055876808736769
1467054618362331138
1467053486642642946
1467044511293579272
1467044479186071552
1467044464611020804
1467044452250398723
1467044159898882048
1467042940685930498
1467041925526003713
1467041323962220551
1467041085939613700
1467040360194924548
1467036886610833411
1467036214054166563
1467031506379894785
1467029662710657030
1467018485536800768
1467017077458288643
1467013202516926465
1467007842376814597
1467007207451422721
1467006304933711872
1467005935960743943
1467002435357007881
1466999054601052165
1466991156277891074
1466989616272084996
1466987763396321284
1466987197307834371
1466986045891756032
1466985583880794119
1466982017824813057
1466981352780218374
1466981008260034561
1467327983761248257
1467316884156690434
1467316192842899459
1467315816157032449
1467315805251530754
1467314043190857731
1467313675274887169
1467306493846298633
1467301271803600896
1467301261653413889
1467300288000368643
1467284127544008705
1467236625042214915
1467172206379556865
1467168629888221185
1467165464845754368
1467156775635877888
1467146039777918979
1467145380810792960
1467144062188670976
1467134763374833667
1467125761052004353
1467114982970048513
1467114408425918466
1467105154356760579
1467103118793928706
1467100192948191235
1467089680810201094
1467087749098315779
1467082475591684098
1467079895557705728
1467079460729999363
1467076210781945856
1467072972326256641
1467064212828475392
1467061112281522176
1467052831047778307
1467047545889177601
1467037969433329670
1467028827318599684
1467028164136226820
1467021334827917314
1467018775639703557
1467018027711418370
1467014700042838025
1467009556479819777
1467008700674031617
1467001530083463171
1466999143751053312
1466996448483229703
1466996435149213703
1466992368008130564
1466987309090230272
1467338703647305734
1467326631891320835
1467129743216558082
1467108536958078976
1467104768812224512
1467055828909772802
1467035857546715137
1467026991706619904
1467015584084738048
1466993780700041216
1467323054460080131
1467320612213297154
1467114388553228288
1467062666825203714
1467044440032247811
1467023637634969601
1467022195725455361
1467337264116027392
1467329541597278208
1467327199237840896
1467324277443624960
1467319875370565632
1467319536957329408
1467315024641150978
1467310519417974784
1467308511419777024
1467302577310093312
1467267291410690049
1467248194769674244
1467091936662069249
1467084936133808132
1467075969512927234
1467069829643309057
1467059037883666432
1467047413307240448
1467039950180868100
1467039675336605697
1467036532053712899
1467025165984821249
1467001757381251072
1466993593399189509
1467343023071805442
1467341609729552384
1467340806675582982
1467337195581161474
1467326193049296896
1467324067162116097
1467323201462038530
1467321556174970881
1467320414959329283
1467314348435537927
1467306371620106242
1467300836267094017
1467296531715821568
1467294168372314115
1467287861372149763
1467276781329682434
1467274901362937856
1467262957461524480
1467262589700698113
1467213442117341186
1467176101487120386
1467156270436155396
1467156256510996481
1467150565574529025
1467148807829811201
1467144876621922311
1467144854178201611
1467135301478871044
1467133870818553858
1467119121141698565
1467114466701557760
1467112807539744771
1467106613014130693
1467103117988691970
1467086728234106883
1467086465775456256
1467085726953078784
1467082463050670081
1467065045225906181
1467065041182773249
1467064296970457093
1467060882597302272
1467049550363836423
1467049101967585281
1467038020331204614
1467026235024809986
1467023392825962496
1467014629352112130
1467009924991311889
1467004873434488832
1467002058947497986
1467000191278411782
1466999919126855684
1466985443795234818
1466984415171469312
1466983807131668483
1466981765076058114
1466981118821879812
1467327677044461571
1467315377373810688
1467177715123900419
1467112180688424962
1467050126992494593
1466991940981776388
1467337755642392578
1467312697964331008
1467311475920232451
1467303060233805826
1467270563865382912
1467220965562060800
1467194913607483392
1467151080370888706
1467149952233066499
1467149087971504129
1467144191004200962
1467141078591557635
1467132583242711042
1467130785018757121
1467117650262171652
1467069313362264067
1467066324807344133
1467051758031556612
1467041405910814721
1467039563604398081
1467036890293366784
1467032096807866369
1467020537217970176
1467015060157464576
1466995706309210115
1466995690807115780
1466995128141115394
1466988875125956613
1467342918998396930
1467340493684023298
1467339964169932805
1467339101607129091
1467336943503495168
1467334830174007299
1467334458982297601
1467334336831655937
1467333057237512195
1467330888899842050
1467327872469712898
1467327119462060032
1467325202162122756
1467324529852616710
1467324227271331844
1467324127077814273
1467323052698439690
1467322667132801029
1467321994513301506
1467321155539202048
1467320887183495169
1467317562690007043
1467317104734994436
1467315812352487424
1467315392544579592
1467314399023034369
1467312857641484289
1467312261609889792
1467311739800743936
1467308493334065154
1467305799265390595
1467305538115362822
1467303975510700035
1467303136410800131
1467302995431804929
1467302431327285250
1467300538140135430
1467300430203871238
1467300335727177730
1467299597835911168
1467299501958635520
1467298809352896512
1467298745104568323
1467296945303535618
1467296263066456064
1467291769532416001
1467290298476679168
1467289243617693698
1467287867135172608
1467284474337456128
1467283839596646403
1467283788572942337
1467282940275015681
1467277914420830209
1467276786367021056
1467273535068336130
1467272647293628418
1467267617102516224
1467223011329601537
1467210968606261248
1467209764954247169
1467196118219952131
1467192521465860098
1467190160760586244
1467184781251145728
1467181466475905024
1467171361378426882
1467169414785032192
1467165340027129858
1467163504608104453
1467163015753601035
1467158752168083457
1467154981396844545
1467154599257669634
1467153973878603776
1467153502166151170
1467150787713253376
1467150313853382662
1467150290260402179
1467146771054792705
1467146450005942279
1467145981972025347
1467145434825052161
1467143789823152133
1467141150708355072
1467140444278571012
1467139435066118146
1467136842969624582
1467136463359803393
1467135610880020481
1467135211548778503
1467134277045260288
1467130191650693130
1467129856970399748
1467128258973995008
1467127295387181057
1467126689532547073
1467124112371838976
1467124026162118660
1467121346094137346
1467121019814961154
1467118992519163904
1467118881340735490
1467118255982608387
1467118027703742464
1467117836992536576
1467116760805801984
1467115988101435392
1467112935969288195
1467110803635687425
1467109579959926785
1467109139927109636
1467108087849000962
1467107021979746306
1467106430633197569
1467105285500063746
1467105151471308801
1467104370995073025
1467104180070346754
1467103232849678338
1467102283213459460
1467100871326531590
1467099045747257345
1467098423404871683
1467096752129933314
1467096420154953730
1467095625351065603
1467095477711560704
1467093604720017413
1467343191904948224
1467342853932081153
1467335166876000260
1467329145881305089
1467322078529396736
1467321381775831045
1467318998890999809
1467302755265966084
1467290944022073347
1467283249030664197
1467280443510702080
1467256541023653889
1467194882913492992
1467178680887623680
1467173917953458177
1467162226440421377
1467160467168583689
1467152282055688193
1467146492024557568
1467139841099845633
1467137200420622336
1467136397970604032
1467128522653110276
1467126692011405325
1467115802092400642
1467113021751246853
1467111780233060354
1467108655229112323
1467107777340338179
1467106383069802501
1467099179881168898
1467097926765711363
1467095494304272384
1467095488834899969
1467094377470185476
1467090141386735618
1467087501164564485
1467087499587559424
1467086357671518209
1467084879410364423
1467080580378415105
1467072362193457153
1467072237702242305
1467071914422128641
1467070736061763585
1467056875891953666
1467056152869412864
1467056149572710401
1467054362329452544
1467051646135914504
1467051535003619330
1467051098187857921
1467050033467953156
1467049203570380803
1467048044428365826
1467035385754644481
1467034134266585089
1467033840380043265
1467033474099920898
1467032848917880836
1467032844283219972
1467032311422017538
1467029794378305540
1467029578317111301
1467028793256603649
1467019900841447426
1467018612070236163
1467015921189281793
1467011708568825856
1467010567885885442
1467008102230736900
1467002601564622854
1466997242460459008
1466997153385967619
1466996956618579972
1466996882379395072
1466996759771574272
1466996584927748100
1466990111061516290
1466982740574695426
1466982720404262912
1467338735754776579
1467338384964141056
1467335025691557888
1467316157065490436
1467315947190960129
1467315721399009284
1467314236040699905
1467305859625537538
1467187868527632386
1467156909530566659
1467138458309173250
1467131103408361475
1467126337903030273
1467101621716877321
1467097700327854083
1467097178673860608
1467092814760902663
1467087832665640960
1467083583374327813
1467081494384443394
1467079599917977602
1467077907390500865
1467071278754369537
1467054819034550273
1467053622923972610
1467046933663416323
1467045075872260098
1467042388359057409
1467039107922554882
1467027334620336131
1467021669529112579
1467018025001897990
1467013837291352065
1467013828466462721
1467012956751728643
1467012269124947969
1466997249225805826
1466988405095419905
1466993117404418049
1467184566901239809
1467067797373022208
1467054836055117826
1466997066521976835
1467335251420532737
1467328816506757120
1467326369591808003
1467317387510702080
1467314513808478211
1467297148228157440
1467285562365136897
1467266267425894401
1467233678971453440
1467200895649673218
1467191415746621443
1467158272318705669
1467157682578608129
1467127492095856647
1467123739032571909
1467123665959481345
1467121972018438162
1467116660184141829
1467114369842618369
1467111325629239296
1467109473793708032
1467106132606930950
1467102293984043008
1467078826874195968
1467075192178368516
1467069640236953600
1467069603859685381
1467068734057566210
1467061915398537219
1467031558682935300
1467028540600115202
1467022392417423363
1467015344963289088
1467010508926566401
1467008209437167616
1467003568922136578
1466995446568554497
1466992259107147778
1466982020165222403
1466981260732076032
1467343463213518855
1467338445123055623
1467334366632153088
1467328121556725766
1467312145708695552
1467301600909615107
1467298812356022275
1467297036357668868
1467293568289017857
1467291807885062144
1467290763490824194
1467290024156676096
1467271669580386305
1467267473606987776
1467261168028766209
1467194183341404166
1467192230846742529
1467184043905093634
1467172067183194114
1467163808783208450
1467156825510400009
1467147747853627394
1467147390838734853
1467147037846110212
1467143556804526087
1467140881857728515
1467135657705234435
1467131148572758029
1467130332646309889
1467125156355076104
1467118420613230596
1467117672655568898
1467114222320451585
1467113591677456386
1467112333067493377
1467111828375289858
1467108748871323652
1467107683111108613
1467105755996336130
1467101848855220235
1467101402010992645
1467101383346167814
1467094092735651842
1467092460992139264
1467090678937096192
1467086766377029636
1467086703881900042
1467086426516852736
1467086287421067268
1467085540520386562
1467084344246165504
1467083979543113730
1467083141424713731
1467082502502338565
1467080437323296768
1467076623820210177
1467074952239198209
1467068300764975104
1467067228331732997
1467065496461721601
1467058207197523970
1467057331296890883
1467052818699751426
1467051818198835203
1467050786106396673
1467046103547744257
1467044772950917121
1467043065055498241
1467040942238552065
1467038399353659394
1467037835769221124
1467037257781551107
1467033679809503236
1467030901481607168
1467029835402801153
1467026549220077570
1467026251550367751
1467025097554743296
1467024685724434437
1467024439329976324
1467020853024075781
1467020367877197825
1467019919267041280
1467019297209810945
1467017959000264706
1467013653933166594
1467012590404452357
1467012257573863427
1467004339629682691
1467002534594187264
1467002520392196098
1467001246175227908
1466999911002501124
1466999805062778885
1466997041918201858
1466996959567360000
1466995827541299200
1466995055260880896
1466992491949805568
1466992349549330432
1466991419399180291
1466989937660624902
1466989862532247559
1466988755592560640
1466988572599193602
1466986866746576897
1466985446806745088
1466982930404687877
1466982800112832514
1466982060493447175
1466978434899271680
1466976258684641282
1466975952626348033
1466974628757204998
1466973727963291648
1466973699987238913
1466973572446834689
1466973534144516096
1466971441711120385
1466971211162738688
1466968920988872709
1466967805635416064
1467324489788624897
1467108475977142275
1467057989513203712
1464859283250499594
1466990565535354882
1467342267971162119
1467337666756710405
1467071510414192641
1467044644064137218
1467152930939703300
1467015326659317761
1467152960333369344
1466953207813337090
1466924917274804225
1466766931134799872
1466758067291189253
1466650637840519168
1466642980140244995
1466636108607856642
1466630916734816257
1466623452144566273
1466623322393776128
1466622451668819974
1466582828636721154
1465701190268645384
1465557844875300867
1464927366824615949
1464858371434024961
1464736527360016388
1467337634095656965
1467320854140710913
1467320480767963136
1467151743813177346
1467138364470034434
1467100452437184516
1467057987269238785
1467322417076785152
1467315296318865416
1467161799732588545
1467080945647820800
1467032746304237569
1467317788389740547
1467297738198962177
1467130946205859849
1467093435412672517
1467022423895642112
1466996629635055623
1466996618239090692
1467303277305884678
1467147866313400327
1467130887716302849
1467108548127588353
1467009960219348993
1467008272204853248
1466986642229448711
1467076289836187648
1467027357990936577
1467323483390570496
1467319340017991682
1467068021382340613
1467062618590384129
1467040436074156035
1467035096469282819
1467320018287300611
1467318268188762112
1467093132546166784
1466944900595810305
1466940239444733956
1466793098550263808
1466751444464242690
1466745255848333316
1466733717875937283
1466726074788634625
1466723568637538304
1466723189883506691
1466709317881458696
1466705537047810048
1466703801612529664
1466690857289990146
1466689423618174978
1466683056371101698
1466680287933263874
1466676016705728512
1466662603346694145
1466660375676346375
1466657115297095681
1466656512978288642
1466655863356092417
1466655617376940033
1466654395047694343
1466653104560955392
1466649678213095424
1466648016555675649
1466646963667886082
1466646081702273028
1466642746664316930
1466642691177934850
1466641103256313861
1466638429223940099
1466635223362273282
1466631071945035781
1466630763378450433
1466628531895496704
1466628464715259905
1466628363720663040
1466625106533179405
1466624410127765508
1466623925903773699
1466623180865359873
1466620677679554561
1466620221121204227
1466620068574339078
1466617639862616067
1466616497669742596
1466615989676568577
1466604475137724416
1466576872561537029
1466564914596626435
1466457210515386375
1466433210611650563
1466406505205301250
1466227512657121281
1466069329204563970
1466026863298433027
1465959811577626630
1465593537383129095
1465589345591590916
1465505235787390978
1465502700104085505
1465327649526484995
1465327346823557129
1465240054758985729
1464880397649526785
1464880371409903617
1464826976372346880
1464791103106805763
1464425511266897924
1466773095574687746
1464592996100235276
1467324038636662785
1467077038209077251
1467053907381669889
1467050588647358465
1467061025518153729
1467017550428917762
1466995590282182657
1467130978346803206
1467116791079997441
1467017539125317635
1467017536805879814
1467128682745516038
1467116152409055236
1467103270573207552
1467094703652831235
1467106987322187781
1467092028945158145
1467134371316441090
1467131079614025730
1467072458272350209
1467011151703658497
1466740652247433222
1466698894562107397
1466676055008169988
1466662006132338691
1466632654409781249
1466630695820824578
1466626234779979779
1466625512390811649
1466623319982034950
1466617921518518277
1466617420852858888
1466257098233167874
1466002939676295173
1465713753903689731
1465665447567626241
1465488366867156992
1465208164706447365
1465147469726044160
1464817524835373065
1467085869500694529
1467013561213804545
1467342138874613760
1467310559225810948
1467162043144830977
1467149732132712448
1467030200634404869
1467021016782151682
1467019532761927680
1466989927275524097
1466994940995461121
1467202712651460609
1467071511643127811
1467321233746190341
1467164741973864454
1467150462096797696
1467082297908228102
1467051782563979265
1467035613220069379
1467033529749962755
1467008610370682885
1466988364750462976
1467142638788743168
1467120692256645126
1467093848388108289
1467093840326627329
1467063004889948162
1467295815127363586
1467285504374702081
1467080506541895686
1467004651648159746
1467002007231688709
1466994400651661313
1466965058076831745
1466819449856479233
1466779776501235715
1466761293759533059
1466741017952940033
1466733766177484803
1466716733230567426
1466674129390604301
1466673916278022146
1466656650391998464
1466651259042025475
1466650308654747654
1466647252831588352
1466643308411641865
1466643076886118401
1466639784261021696
1466638128928616455
1466637524638466053
1466632038094495745
1466630755677655044
1466629570799435776
1466623129816502273
1466622572431233027
1466606362721280004
1466452597712166916
1466385047032774667
1466384634455887880
1466383400063799298
1466282684116713472
1466230337764163584
1465870249396355074
1465606648395812872
1465575923697156096
1465522504672301057
1465498250761281541
1465494470871322625
1465307845113495555
1465250170887565313
1465188630800920581
1465182486116196352
1464982045721989124
1464906724964454406
1464897011145003010
1464824959016996865
1464433534047645698
1464409641727660032
1467306168527646721
1467156140161060865
1467005547740205062
1467004164584574978
1467130408244371457
1467067752590442497
1467059535713955843
1467059529149935616
1467313612251287552
1467017409370333184
1466996715580395521
1467290521001361408
1467201517857869824
1467039044483702786
1467306712881250304
1467098253359403009
1467056085131481088
1467289416183939072
1467199424963100679
1467135369355436036
1467134885286621195
1467133675011670017
1467130441794666496
1467129594788474882
1467129526664646658
1467105640011108352
1467093104532459521
1467082646865866753
1467069378935984131
1467065421744328706
1467055560931438592
1467027949224300545
1467025884158779393
1467011062457270274
1467002312522534912
1466995426536542209
1467348317629652993
1466997125527801856
1466996368099069952
1467142781168599045
1467101985648250882
1467073903612751875
1467151950013599744
1466995797254283266
1467094975024287744
1467088218927554569
1467075687278268419
1466988910144200708
1466973981513183233
1466785404028260355
1466778354732785665
1466775000480837633
1466741680292327427
1466739586671910914
1466729849821675524
1466649384314028033
1466647239812468737
1466643344868536322
1466642412114112523
1466640896451960832
1466639778145705987
1466639599350923266
1466636520924663809
1466635480686944259
1466627213252435972
1466626959077625861
1466626486937423872
1466623690120962053
1466618459383500801
1466420642102845448
1466363991836413952
1466253945597161474
1466223999122214913
1466209860412837890
1466046583993094157
1466030781575299073
1465970110405828610
1465962620725301248
1465954081436958721
1465947730451197952
1465939905373114373
1465910628376190979
1465908517756456961
1465887816676564993
1465668458813661184
1465664521716985857
1465656636681252878
1465643289529372672
1465633425939861508
1465622183439257600
1465578427713351685
1465576553719341059
1465491900421476352
1465354616682389507
1465314619191296005
1465313195157950467
1465279572954390528
1465209023070760962
1465209021057564676
1465209017270038533
1465120572153622528
1465120377068134400
1464963028252651523
1464816250702467079
1464575796354289666
1464511070442168320
1464394353304948736
1467073314505965568
1467315267046764546
1466660926069772290
1467334042504757248
1467328563594424323
1467307078045745154
1467136493546196993
1467129230697766922
1467094448039346179
1467082132963008513
1467059070414721025
1467044210901540867
1467029775105462274
1467019143497261057
1467331780541706241
1467168188739637250
1467075446458044416
1467290154012348417
1467172260842598400
1467128490684153856
1467028333087051777
1467137115443978242
1467118494013878274
1467117756315480064
1467064381829640192
1467056022921433088
1467042481241997314
1467042448291553284
1467042442352504836
1467040922634317825
1467037484131385344
1467004473327308802
1467003527549820931
1466995278003671042
1467167810610622464
1467035413080866820
1466989765652217858
1467158215196495873
1467043033321336836
1467037934725390340
1467005501502214145
1467003627315154947
1467312517777035264
1466963260125560838
1466934853404741633
1466839792251899906
1466757287222022146
1466751019744784385
1466731772633174016
1466731605821575170
1466723197697495040
1466713903787053062
1466694673066455040
1466691363525709827
1466671688116883457
1466661188410896388
1466652885505118209
1466640040579059721
1466639950321831937
1466639634273042432
1466634975155929090
1466633623088492548
1466629352511066112
1466626221626720256
1466622725712072705
1466620735833579523
1466619403806515201
1466618177035456512
1466406769320599552
1466390533811556357
1466317710170669063
1466312059373559811
1466227743671009283
1465975303746961414
1465955272602619917
1465955270123790337
1465948680171638784
1465948432040747008
1465713404895641606
1465592848338898948
1465592831716773891
1465592810657267716
1465311380253208582
1465233101081264131
1465230538860638213
1465189209191247874
1465146962697601025
1464918088210518018
1464868052999315464
1464787468125806599
1464608091727560705
1467138440231747588
1467041019669667841
1467138326301872131
1467307514169417732
1467143905879552002
1467139277393854465
1467138848052318214
1467137564859461637
1467137563886424066
1467045795677409281
1467045693189603332
1467040195488931840
1467033297091907584
1467039468402008065
1467309008428040193
1467035811526762496
1466901167594622980
1466849025856983041
1466740881092874240
1466645344461090822
1466244694711562245
1464649274713542656
1467353861023174656
1467353549923180544
1467346957337350146
1467328435735306244
1467318310156918784
1467297753172561920
1467267562622750724
1467152289949384708
1467140659534434304
1467118348068478979
1467080888450052096
1467056181281628161
1467040605360558083
1466995772008796164
1467300853459521536
1467295013398663168
1467139783721988096
1467105784618119168
1467102590743691265
1467070807067095043
1467145955434647552
1467018565710581760
1467084875132182532
1467191551042330626
1467011538472955905
1467010349182308354
1467322126881329152
1467251425956843528
1467146566565711872
1467146059570827267
1467145881879080962
1467123687052611584
1467117533937664002
1467092992129310725
1467083317472374791
1467083249952313344
1467030619884425218
1467028281555918848
1467006671062855681
1467001815250051077
1467173944474349568
1467150835415072771
1467120917461356546
1467113860393889792
1467038452067753986
1467035539329015809
1467006105637163014
1467342544333803523
1467304895501922304
1467296906862755842
1467294383112273922
1467023758502236161
1467006959811391488
1466994627722944515
1466989099756269569
1466987129553055747
1466965289958981639
1466945200253640704
1466931599140741122
1466902545700323329
1466844603647102979
1466797541274521606
1466772188887846917
1466739151366070272
1466713877689757696
1466704935001546752
1466692559137300484
1466688641246253058
1466688254103588865
1466686316398059522
1466684976707956736
1466679857207660544
1466678312541949957
1466663863093366785
1466659105221738496
1466657349620224002
1466656527889039363
1466653854389260289
1466652041208467460
1466650580365971456
1466648767671586818
1466640750150447111
1466640086091452421
1466639819681853444
1466639368118882305
1466638987624288258
1466638801841786882
1466626421132906496
1466626042244722691
1466625295985758211
1466625239706525700
1466622999625285634
1466614932812697603
1466612181286330369
1466571110179246083
1466548281853444097
1466421598437654542
1466420053184856066
1466378779257827329
1466289724692131841
1466248353625165824
1466218105042919424
1466208796473118723
1466149341442289673
1466043748702306308
1465996110304972801
1465972794613657612
1465969671195090945
1465919116594728968
1465917788338360322
1465877705438609415
1465848642128941056
1465848364143022081
1465706762376413192
1465704374185848849
1465683624938721294
1465682151706218507
1465677255015731203
1465675932023209995
1465671158460649477
1465663052011872258
1465658980374499332
1465620080595591172
1465587070814941187
1465575898283839488
1465575747678990338
1465566244296265733
1465559542415065092
1465559234481770503
1465550954690867202
1465545683788652547
1465545633972981762
1465545572484476928
1465537275731738628
1465463843870720004
1465357841112330244
1465341688960860162
1465310704248963081
1465284858503073800
1465238309957894146
1465236256204361730
1465236067263475718
1465229007780147203
1465211272375332864
1465207493231927300
1465142550566563842
1465142503150026753
1465142450310156294
1465142302561562633
1465000752607334404
1464993039701590017
1464801277993369608
1464751175366971397
1464587006239932418
1464575390811254787
1464574987222749187
1464574231878901768
1467341265213992961
1467331892504526855
1467316188833206273
1467158685625380864
1467353724704067588
1467302989178159107
1467014046113099776
1467046436692922372
1467339681897480198
1467108766810185729
1467014348493131778
1467322314752610307
1467188125143388161
1467186644990279681
1467148972288475142
1467043948338180099
1467332800965603329
1467030098519887875
1466997496975028234
1466721263414484997
1466688612288761859
1466677598314917891
1466647681674059776
1466645051145003015
1466639976175583232
1466627269066067973
1466622018531442690
1466620669559410692
1466615690874347524
1465960262234624001
1465454123680108545
1464572720792834049
1467330411806474240
1467309946874130432
1467284151178981376
1467173252837490692
1467139666352635906
1467125965201428480
1467120484550463492
1467088871829639172
1467054349796839428
1467048002179063808
1467038327505256449
1467284427034140672
1467236984099774465
1467194641225109506
1467035657780412417
1467124836321226755
1467275963264208897
1467263578667307010
1467137516788613121
1467121101058629634
1467109524460826626
1467082704571101185
1467078879848251393
1467059742203777027
1467321132009230336
1467157398288683014
1467132794857869321
1467298865825026049
1467158184963960832
1467144677476691974
1467144327700774913
1467117337694568450
1467084663109795842
1467082533124796423
1467043512503848961
1466996661121552384
1467330803646427140
1467232036045799425
1467186998293123073
1467186750636244997
1467058289720508418
1467010838917570563
1467122783226241030
1467173964493758464
1467095098341019649
1467087300777578498
1466972496239169537
1466928050507898882
1466888869274472451
1466857984076566531
1466825086653009921
1466812902636023815
1466794232866217985
1466767291689758723
1466760167995805698
1466745983186857988
1466741892389818369
1466741182612967424
1466695141276590086
1466691301965910018
1466691249939771392
1466673681493479426
1466664669842530304
1466663184169799683
1466661650736418817
1466656413741051907
1466655269497159680
1466641871178924036
1466639843174219780
1466636057567395840
1466633609431826435
1466632672160088064
1466629948244856834
1466629153055150081
1466628514371694595
1466627576353288197
1466626729150398464
1466625349412814852
1466625332211949573
1466624248043032578
1466623897823023111
1466623014271811590
1466622286996197379
1466621244707520512
1466619554864394241
1466615435915186180
1466430380127436800
1466424787836747793
1466415751045152768
1466269406024007683
1466236497309290498
1466038954918957062
1465982268988542982
1465965176709005312
1465957652211527686
1465833032179322883
1465718570273361925
1465693558111752213
1465672466450108421
1465660668212760579
1465656718625423362
1465627183318061059
1465621700259639297
1465592997328797701
1465589269888573441
1465579861985034243
1465567911037194240
1465539473282797573
1465531794812334087
1465316729932840966
1465262037659910144
1465251181580591111
1465154153567555590
1465141658664587268
1465117587008671757
1465112391805386755
1465022224843169792
1465011843877900290
1464858977292861440
1464851753589899264
1464816604449968129
1464415850300014594
1467345139483901954
1467322270326542342
1467308641703186435
1467292743516884994
1467252875734568961
1467191521149546502
1467184333056196612
1467180437940301826
1467158761840144386
1467152236274880513
1467130451936509953
1467129733292994562
1467109965718380551
1467106881143377923
1467106106686128130
1467087531845947392
1467086881368141825
1467060652506161154
1467054004215578626
1467037811211571200
1467035182146359299
1467026436028391427
1467335804108247041
1467335334086254593
1467327824600076290
1467310692554317826
1467297157262635008
1467283197352284160
1467207539452362755
1467156083982536705
1467146029971742723
1467034811059425282
1467022139689635841
1467221273105293315
1467046242383499269
1467343747679592452
1467255452446740480
1467165229989744648
1467043298074267649
1467011441827975170
1467347728908767234
1467339343383592964
1467284918736543745
1467164238909165573
1467137908100374529
1467116219698278405
1467115150004015108
1467114727549456385
1467096503378268163
1467085595209994243
1467067231074861057
1467063216622735362
1467061073287483392
1467050589939023872
1467038351911895042
1467035065750228992
1467023919072776192
1467021828816257024
1467019956298477568
1467012853223895044
1467011049887272961
1467276528429846529
1467159720364412931
1467107228331118595
1467048036450852870
1467028482190307329
1467013389809438723
1467358129562206210
1467354793597452288
1467350670927818753
1467342217861685251
1467331400210665475
1467330035874816002
1467327968707969024
1467283502869532674
1467265896141914112
1467210620227530763
1467188495789686786
1467183147959959556
1467179757091508225
1467149311666540548
1467140786663747586
1467125577416994817
1467118482651336705
1467116584162721798
1467115617207656450
1467114365258067968
1467112722311487491
1467108129888419845
1467103943817719811
1467091975375446018
1467086267410051074
1467070113668947972
1467069912858251269
1467063213867118594
1467048053119062016
1467044924268814336
1467013323501703170
1467011575840137220
1467179178919272449
1467166878804021249
1467147288535388164
1467103861294833666
1467067765055836162
1467037408197681152
1467031854062571522
1466999371606593536
1467159123242274818
1467068015686524931
1467042443308814337
1467187789343051782
1467124857422761984
1467352051231297536
1467349203667984387
1467341534366363649
1467330523651399680
1467325687702851584
1467241726981156865
1467241083625213961
1467203912432340997
1467076102698913793
1467071035757506565
1467042424623038464
1467015182312361984
1467013274357039110
1467170204962594818
1467138390537621511
1467128313747546117
1467097376506720264
1467081484167045122
1467014646339018766
1467013149501001729
1467010572071755777
1467004466641903616
1466989687763996672
1466983881895133184
1466964964959162369
1466938909602942981
1466806939170574339
1466805171241979910
1466792453873143809
1466781933036208130
1466755805282066437
1466754456859467786
1466745708480897024
1466739624189972481
1466728213271302145
1466727576622141441
1466722310279237632
1466708509848793089
1466700921468080128
1466700853826318336
1466694171390275587
1466680765593231361
1466678742013513728
1466678041128566785
1466675500282114048
1466672287814406146
1466672173590798343
1466672090627461121
1466671373598691329
1466666332846321667
1466663146559610880
1466657478058205190
1466655796901539843
1466647401200975875
1466645299573579779
1466645066877837315
1466644211931881477
1466643527530475521
1466642823562727429
1466640474505023489
1466634749925937161
1466633888982134784
1466633671763398656
1466633606772629509
1466633540611854336
1466631362996170756
1466631241369751552
1466629204871573507
1466628470499266561
1466627188254412804
1466625967556730889
1466625019153293312
1466624717641568262
1466623937912049665
1466623519614062599
1466622311717507079
1466622067147624457
1466622008112783369
1466618386901704707
1466617787296534529
1466599103576489985
1466597262717755397
1466581840454586369
1466581838286123009
1466459636391940103
1466436033793384452
1466427744779214862
1466418740493443092
1466406749737394183
1466405364497195013
1466400284427448333
1466399891727388675
1466398671533187077
1466398601895034887
1466394446266650628
1466353588871970816
1466339663996620801
1466337848030683138
1466336961778442246
1466335869405523969
1466312722543300609
1466293347144720390
1466244296630099974
1466230152514334727
1466220204380229637
1466217566846652418
1466206080204115972
1466153961237323776
1466103456167510022
1466046174054387714
1466037306834386946
1466028483310669831
1465993331813404672
1465990486313766912
1465946319973851137
1465935398073352194
1465874951529906178
1465847514096144386
1465731207342137345
1465690586371932163
1465662344424476673
1465650135090618372
1465586331627581443
1465241380498796545
1465204207212851204
1465001507506429955
1467107398254874628
1467108928634900480
1465487061725552644
1467022611620110342
1467123516084559880
1467339832426778630
1467339343022858243
1467296506482868225
1467273969698967554
1467147175733850115
1467146752562118659
1467146353113382917
1467139996385644546
1467139329659064321
1467138906646728705
1467113774003863556
1467060004616245248
1467313863209021441
1466816149031514112
1466645893977829378
1464952797896462343
1464935614768238593
1464819321050308610
1467025087089938432
1467023071420686344
1467224669606461440
1466255332288524290
1464758135973822470
