1475676606878216195
1475675441721528320
1475675185474727936
1475675184631730176
1475673639689228288
1475672777872986118
1475672739960610817
1475665531189428226
1475665105425551362
1475664937460506627
1475663005303984129
1475662881870032899
1475658896781893633
1475658807929835521
1475656816193196033
1475655731739168770
1475655721945497603
1475646225412100098
1475641003742695429
1475639156613128194
1475633754567634944
1475633398479613953
1475632537703698432
1475627893522931715
1475623845075714050
1475623502463991808
1475621986982248450
1475621448735617027
1475615360820736001
1475615017814802433
1475614519376297984
1475614005616001025
1475593065771327488
1475589542421827585
1475553438134067203
1475541649665101828
1475515216381157376
1475513656490160140
1475512350916501504
1475511122455248897
1475504681648418816
1475498780581498880
1475497692423884804
1475497628569784323
1475494118847442956
1475489087905669122
1475485413787664385
1475482629570895874
1475481629690789889
1475480384095670274
1475479775154036738
1475478199337291777
1475477978729443331
1475475611464318978
1475474621835137030
1475471388878065664
1475470673325617154
1475468319243182084
1475467864786100226
1475466267154780163
1475464650477031426
1475462611974049792
1475462536493355013
1475461266260955137
1475458124924395521
1475457948457467905
1475457558169079810
1475455787300311040
1475455104849367048
1475453578353381376
1475452199585017858
1475451852544090121
1475451069069082627
1475450884418981889
1475450041942740993
1475449956957765636
1475449659858423808
1475448925653848065
1475448320881401862
1475447050024079362
1475445392246411266
1475445365704773635
1475444094167965699
1475443386580561921
1475440182392356866
1475438897953849346
1475438110058024965
1475437687590907908
1475435829765885953
1475434701405908998
1475434231249584131
1475434175452770311
1475432409785012224
1475430175588315137
1475427410250137600
1475425095698903044
1475416488055955458
1475413139617316866
1475410178224766980
1475409055900258304
1475406506753335300
1475404800749498369
1475404725965099008
1475404208014704644
1475403408538439683
1475402299191136258
1475402093066293249
1475401627381108738
1475401477124333568
1475401464545779712
1475401334396375041
1475401004560441345
1475400929176289283
1475398622909169665
1475398067817889792
1475397259692888064
1475396660192690178
1475396656614891521
1475395258565357568
1475394773783515140
1475391253101432834
1475390595199762432
1475389692421947392
1475386483091468288
1475378382632194051
1475373080683769858
1475371573058027521
1475368099910074370
1475367687706447872
1475366553168138241
1475363983007776772
1475362467026849792
1475359498072064002
1475358021446352896
1475356452927643658
1475355142203449346
1475352258296516611
1475348799551729664
1475347915497304065
1475347574907228162
1475346558073720832
1475344351085559811
1475344147485650945
1475344005378371586
1475342819434790913
1475342676941684740
1475339976535523328
1475337489917251590
1475336081121763331
1475335466220097537
1475677259063181313
1475676220209582080
1475673776687771649
1475673343445676032
1475665209956048906
1475664927578734592
1475660609333170181
1475658720470179840
1475658507286421506
1475657731990298627
1475654228722941954
1475653244831498244
1475652893210398722
1475652886176485377
1475649593081667589
1475646822131847168
1475642294296408068
1475639506137083904
1475628795780427776
1475626257052160001
1475570453749985281
1475494322082500610
1475484725972070416
1475473039798136839
1475467343392215040
1475465412166893568
1475462858750132226
1475462250114682881
1475453007688921090
1475451082226630656
1475437802057654272
1475426433618956289
1475422539048382466
1475420744314068994
1475415997972561920
1475413560222121987
1475411409936650243
1475411173264687109
1475407672295899136
1475406668447969281
1475400363503017991
1475397177396531200
1475389227776966656
1475383868832190464
1475380342139752449
1475379638813659137
1475379496060690432
1475376926126526465
1475376859097407490
1475376185261580290
1475375060055576576
1475371653550919680
1475367097379135488
1475365142040694784
1475363544371662848
1475361957318328329
1475360288165695493
1475360285913276417
1475360282520141824
1475359570994163713
1475356020843110400
1475355723458482182
1475353254993092610
1475350530813661184
1475342614438154240
1475342414252580867
1475341003003338754
1475338728759447552
1475338273249640448
1475335348653735941
1475332562503438336
1475330404542345218
1475325976175251460
1475322376296480768
1475319630814068738
1475315746620293125
1475645754056196096
1475674577627803651
1475673148611727363
1475644512437301253
1475638928975663104
1475601107518824449
1475500273934094336
1475489293162274820
1475446788429529091
1475435604309524480
1475416677739155457
1475415831601315842
1475408407611904001
1475406750144630784
1475386180099215361
1475383717816258560
1475677297151643650
1475676122452934656
1475469453303287810
1475373299982946306
1475669479530975235
1475659456797376514
1475651044881272835
1475618732084908038
1475551219993047044
1475494241782493188
1475489729722286081
1475442739915345924
1475429498162073600
1475392677784940546
1475391419418218496
1475365031613247489
1475360706321006593
1475336218883751938
1475335604812455937
1475335214935195655
1475325516668276736
1475317736527986690
1475678088939798536
1475674311490871298
1475673499947892738
1475669468491567107
1475669160269008896
1475664452854767616
1475661888327327750
1475658226142101506
1475657645247713281
1475657185522708480
1475656853132505090
1475653191844855809
1475652159018467330
1475648279253700612
1475646179681570818
1475645569439698944
1475641842326978564
1475637712438714373
1475635259106496514
1475607687513600003
1475597316081946626
1475571914471051264
1475547463129784320
1475506673028526080
1475505013069791232
1475504498814582787
1475483242039963650
1475470403329921028
1475470256348942337
1475469068602085386
1475442442509766660
1475439756074881025
1475438348944568324
1475434038886236160
1475394396988182531
1475393596157169665
1475380786329047041
1475377323167805445
1475374751870685184
1475371005585473537
1475338099865501699
1475333905246920705
1475326217511325699
1475648182927253511
1475648181060861956
1475519465135611904
1475678013735923714
1475677938947280900
1475672043966271491
1475671321065361413
1475669164421382147
1475669162563305473
1475668380963131397
1475665544170721284
1475665187042578436
1475662225968820225
1475660036332425219
1475659059533520899
1475659056203198471
1475656320682369026
1475654740537008130
1475654295001317379
1475651089273966595
1475637793854394370
1475634409369858048
1475632108915675144
1475629560762798082
1475615399991341056
1475605543754481668
1475502962214637568
1475492023150919682
1475491751678730243
1475487668255346688
1475487594737647616
1475479617343406085
1475475635996741635
1475473040532074497
1475461881640882176
1475456552244969473
1475444612202328067
1475441257409253381
1475438945051705348
1475438446931955715
1475434996806520834
1475424972818444289
1475421166718582788
1475414184708177922
1475412771030196226
1475404252008701955
1475403992289079296
1475399949193920513
1475397060291547138
1475396519591223297
1475393365176848384
1475392348725014529
1475387569210740738
1475385560105586693
1475384525626626049
1475372704232472576
1475369023927771142
1475359883591438336
1475347262469328897
1475338276131471360
1475337824375349248
1475336550581878784
1475328641357602821
1475328172522491907
1475327153738706944
1475326924004069381
1475323946035658753
1475323376591769601
1475319120434319364
1475678047923671042
1475676652013174790
1475676427315920898
1475676188186066946
1475675551465541635
1475674949129932807
1475674340628783113
1475672573870428162
1475672478475161600
1475672383188967432
1475671895294943238
1475670399526518790
1475669824709619715
1475667552642629634
1475666785747697666
1475665410477355008
1475665187256422405
1475664762981609473
1475664364904407040
1475663000237346818
1475662863373062147
1475662797421772800
1475662614948552704
1475662479044722690
1475661975413690368
1475661008840519682
1475659053254602752
1475659028659384320
1475657457372381193
1475656301644742657
1475656186506604546
1475656043166244864
1475655967752679427
1475653908286500864
1475652663408693251
1475652653388492800
1475652073048125441
1475650943181942787
1475650199720640514
1475648135913349121
1475647953477931009
1475647881956630535
1475646440995237893
1475645952799084545
1475645924965687296
1475645628482932738
1475644758206791680
1475644305293201415
1475644301031792644
1475643723056705540
1475642929226166273
1475642374646743041
1475641544338141185
1475641337877721088
1475638803691835392
1475635168438218756
1475635067519213573
1475632629567217667
1475629662525026307
1475626975901335552
1475625806839762945
1475625537531834370
1475619898617253896
1475617383976894467
1475613186162192385
1475611952340606978
1475608066120818688
1475603913722138624
1475603888233324546
1475596216184360961
1475592581937786881
1475589955871076356
1475588302199611400
1475587797746552832
1475587754574548994
1475566934297042948
1475566387703681026
1475555974589075457
1475551774530367488
1475547776943599617
1475536603540074500
1475524782565347328
1475516778683850754
1475513724160991235
1475504621544116227
1475502729434959877
1475498582497107969
1475495841846550529
1475493271728050178
1475492071620296705
1475490975363395584
1475490878433021962
1475486995241525257
1475485941070368770
1475485630956113922
1475485126695870465
1475482938619793411
1475482357041827843
1475481506571186182
1475481366145863687
1475481299179560963
1475480986766823424
1475480168168771587
1475478695145984000
1475475261898383369
1475475037532483587
1475474507108282374
1475474359477145600
1475474207731376131
1475473527293677570
1475473152494821377
1475472787682705411
1475471933009371136
1475469407891513347
1475468897092468739
1475468734638661634
1475467552440537093
1475467275368951809
1475466512274239491
1475464658148478978
1475462633163689985
1475461939740479492
1475461353888309248
1475452196254728193
1475451919359352840
1475447770064564226
1475447295575412737
1475446801352118273
1475445917226524674
1475445884770926594
1475444312351510530
1475677009971867649
1475673727631122433
1475673533405491202
1475671895416602631
1475671599072243713
1475660748969836544
1475660093295259648
1475656439452475396
1475651164938981376
1475646950368153601
1475646621631328259
1475641938246201345
1475637432724836352
1475625365305315328
1475557759626194948
1475545110750191625
1475535688472817668
1475501585123844099
1475500071860916226
1475500062444691456
1475495793624715266
1475489063918452738
1475474123589521410
1475471486492176392
1475467177926881285
1475464726205272065
1475460604685029378
1475460380595945472
1475458453380366338
1475457945437552641
1475446686801489920
1475444495013474309
1475436970608193547
1475431440456192001
1475429409507078147
1475421506758844418
1475416015513161732
1475413572721131521
1475408398766116864
1475405377936105476
1475390641722966016
1475379312958185475
1475374958234652674
1475370378847391745
1475369725311938568
1475366528551776256
1475357294867058688
1475356995934842880
1475349311672098820
1475344877936205826
1475339007009583104
1475337654048735236
1475336398576128003
1475316904696811525
1475673274428309512
1475672496347119616
1475671145563103235
1475664854128029698
1475661243339796480
1475660818930810888
1475660430513033222
1475659062012354560
1475655462083194881
1475655071098552326
1475653891484274689
1475653420065320962
1475653121737052161
1475651460192899073
1475650070494081029
1475644956291129353
1475643703385464832
1475638007344500738
1475630726301192193
1475629923230687232
1475624284487700480
1475614207114498054
1475587744701190148
1475503223737765889
1475492302474780673
1475489378675789828
1475485248016158721
1475484300455735297
1475481576213389312
1475469003040514052
1475457752113639425
1475450079100080134
1475446712336412672
1475440253225734144
1475435638258221058
1475427613279612929
1475424926945275905
1475413094729871360
1475412308809506818
1475403656472137728
1475401912648306689
1475397905846456320
1475397672085323777
1475395410562732036
1475386871303708676
1475384877843304449
1475380043333324800
1475372714634346496
1475370670636748800
1475370135384780805
1475366670940078080
1475359569492598788
1475346253445619714
1475339450301313026
1475335868495761412
1475332059321167874
1475321508889202689
1475320745811079171
1475318849042104326
1475442237383213057
1475603925638123525
1475650996172849156
1475649052259717123
1475498856955539460
1475491997595045888
1475461524110000129
1475449973089050626
1475397789873938438
1475366548197953538
1475669296072245252
1475650606207492100
1475631205286514689
1475618151391846402
1475601455763521538
1475550734103891973
1475537194144043010
1475532115630444546
1475532010399559684
1475528111613616130
1475500773140172802
1475492350365343746
1475472446249594880
1475464438933524480
1475458201449496578
1475454150146084867
1475449315363471360
1475448320793272322
1475444289685508100
1475439098722541569
1475439044133736449
1475434250849570820
1475428421551468547
1475410253978034180
1475410246424154114
1475408211242995712
1475408056884203521
1475406105442500614
1475369603794493441
1475353735542935553
1475340685041487872
1475330632972570628
1475316283000246276
1475677890695991296
1475664275091775488
1475656503075868679
1475654900642025476
1475642586882723843
1475628705888161793
1475628703958781954
1475620155401011200
1475604415176327175
1475603427103100932
1475602622266544130
1475600109333139459
1475565080171319298
1475473841849651203
1475465223217635329
1475451683052294147
1475424217998888963
1475424162143354880
1475419999887970306
1475413659186774021
1475413613632360448
1475413162170085383
1475409676753772547
1475406880025419782
1475403923473133570
1475403110763798528
1475397192424701952
1475397179380359180
1475393062712975363
1475385118462074880
1475383740968824833
1475382680539783169
1475376678691950595
1475371889098838020
1475371754398752770
1475368800748912643
1475368417766952960
1475366864029061130
1475365193232183296
1475361676765450241
1475361641227120641
1475361327237324807
1475361047829630979
1475359862452150274
1475359060958482433
1475350373019750401
1475349332366745605
1475338486920073219
1475333503545851905
1475327820205228033
1475322085295546370
1475318650592587776
1475316589104967680
1475316272439070721
1475628719964254210
1475413716732579843
1475404911391109121
1475443551785742338
1475600629753995264
1475669067369377794
1475504309815046145
1475446135099518977
1475674896722055171
1475659026809589769
1475625794219040772
1475618538484207617
1475517083094077440
1475344849826054154
1475341354855120896
1475321964382212099
1475320618761392128
1475659699227791361
1475638233925099525
1475483992996540417
1475482167744483329
1475463298623557637
1475447409127739394
1475416782282256384
1475403505103867908
1475392274196414464
1475615921611882506
1475422624675024897
1475409220342222848
1475678310591971332
1475634836609978370
1475621978845241346
1475604021914517504
1475669300354564100
1475386634577190912
1475664645025189890
1475382479104131078
1475440305474347010
1475680507157356547
1475545341000777728
1475454316588584963
1475443389873098752
1475342296144965633
1475675908719923205
1475628466863484930
1475487644805058560
1475453883841277956
1475389486762586115
1475362719905697793
1475674140870733826
1475545077539688449
1475542277346902016
1475495060468764673
1475463854125506562
1475437078200696841
1475418665235275776
1475346708536049667
1475346559910903813
1475494100300275712
1475413063712927744
1475407312919535617
1475405983535235076
1475647673533628416
1475416904000933889
1475416150787833857
1475344398988705793
1475401868297654274
1475396303743979522
1475330647468224515
1475671123115184128
1475365824147824640
1475363854351699974
1475670027386896388
1475661021247246337
1475654741149450241
1475633198717542400
1475405926806872069
1475404745137213440
1475400723948969986
1475400715744935937
1475400711403827200
1475344238900510720
1475343824687800322
1475339794913771524
1475332505699946498
1475409682772594693
1475337261055045632
1475349141366599680
1475343944053526529
1475339267756888069
1475631043826708480
1475573106013999105
1475513979468337152
1475491093357625346
1475438703187091457
1475411210598113280
1475369941620559872
1475346349335875584
1475340740221800448
1475333802834612225
1475332669449793536
1474729211994673152
1475449005509283842
1475435107808800770
1475360855206158336
1475618734031048705
1475619282901815296
1475675857700069379
1475673389457358852
1475656468019900421
1475619889083666435
1475366079946182657
1475326067908833281
1475682104398651393
1475669729243123715
1475648919744888837
1475619645373644802
1475604875526377472
1475471593539194881
1475471435850153990
1475461785993945090
1475449558117216258
1475449011158978570
1475446099863244805
1475444212338356226
1475430030519902210
1475428096568217602
1475403244406853632
1475382865823076355
1475351900908257283
1475675699537072129
1475648205215784963
1475655006514675714
1475631976161976321
1475403220201598979
1475379098721550338
1475452074435354635
1475445021063008256
1475371373979525129
1475371447077904384
1475650611404161027
1475628648736509954
1475405088524935173
1475533179503005700
1475496868205445125
1475363123443888130
1475517774013239298
1475402099697483778
1475459836221411331
1475444284622999555
1475679098642911232
1475607432046858243
1475563244978794497
1475549171541180418
1475534291610193923
1475503298996178947
1475483431811256323
1475446762147962881
1475446436439363585
1475440412722491393
1475439211289350148
1475435915686277126
1475377281791111169
1475679054552453123
1475637910015643648
1475623664850591746
1475457064604291075
1475450317714046983
1475425255682306048
1475662966926168069
1475380102905180160
1475377324363337728
1475421934074556418
1475622941781938176
1475622842385330178
1475422213771644929
1475349038736101376
1475445579668807682
1475445574480498689
1475422113829851136
1475374277851451393
1475686438670778371
1475686353182494720
1475686252364156929
1475628728210190338
1475628587784957953
1475628442154536961
1475590574786813952
1475470912841388035
1475470909934735362
1475470360489316353
1475423077320200198
1475688097312428033
1475663659221217285
1475655227588034562
1475644216722145281
1475632997428719616
1475629112970526721
1475602524346339328
1475451483554410497
1475421271730974722
1475391087460061184
1475360890119544833
1475347007665364994
1475330936933793793
1475628594814590977
1475485839450783744
1475467411574779905
1475411133381025796
1475360561428766720
1475357067938447363
1475671662121025537
1475640535968673794
1475397643635343360
1475369280782823425
1475368418874257408
1475368157820817409
1475367849833033728
1475366720562814983
1475366651910451201
1475366585279778818
1475366487703449600
1475366319318962176
1475366017199067136
1475328624215482368
1475328621531197444
1475328300742443012
1475327677955403778
1475642190017679364
1475513714409295875
1475677652417597440
1475604495484604416
1475576360793829377
1475543445255200775
1475504228944658434
1475470542853476355
1475452639961763842
1475445097407791104
1475333441902170115
1475654025567629322
1475646196282630150
1475627924568952833
1475675666980884481
1475602741158289409
1475462927171788803
1475648663724589062
1475546157279432704
1475329087501705220
1475640647407128577
1475640618386747393
1475395992216240130
1475367050927230977
1475337717290438657
1475460571189243906
1475342957725163522
1475457750922498050
1475668614720090117
1475682595304214528
1475618959600734212
1475449971344220163
1475449967883927555
1475368894164463617
1475641256424312832
1475687983768817664
1475685907277574144
1475678275271725058
1475620222019067905
1475598862689583107
1475531737400709121
1475461287630934021
1475443341949026306
1475436285594456064
1475434106720690182
1475381187795320832
1475381114977980416
1475369641933361153
1475368655210758145
1475364226675789828
1475364015366815745
1475343928576540675
1475343012108460034
1475686022537089025
1475495145697005569
1475486295296131072
1475483509426819075
1475482638387277830
1475477692216537093
1475445008438153217
1475413143593439234
1475401584351666177
1475392260200009731
1475361048492339202
1475330624151977985
1475327344185282561
1475428720186105857
1475392184358629376
1475364567735623681
1475363648683986944
1475356315727765504
1475675027307569154
1475630929871708163
1475465043919601664
1475463854616289283
1475391990770520065
1475359247776903173
1475349339509706757
1475675239673581568
1475645684569288704
1475449003177394179
1475445676934901774
1475441600067096579
1475436855818477569
1475412938244575233
1475411273848266759
1475361582058139650
1475352217687183364
1475340550056210432
1475332453623427072
1475678833273565185
1475584734075834372
1475520664438067205
1475462475239751683
1475409269688205314
1475365223993262082
1475343642348843011
1475693050928066565
1475680572215234566
1475633587164626944
1475491761472475139
1475487816448503820
1475372153839050754
1475683783089135618
1475411243389239297
1475407302056312835
1475353872256290816
1475673713378926595
1475671650876100611
1475647826973528064
1475646554228723714
1475644395776983041
1475636610024673282
1475633234780192769
1475607450266923011
1475565866783752192
1475537660168970241
1475508517939277826
1475504483090059264
1475494709124423683
1475483677186424833
1475475629231329286
1475474393564205057
1475471386889969665
1475447555919998976
1475425309629444096
1475421052855472132
1475417843646988290
1475401460007329793
1475400373527449602
1475398118929616896
1475381279260512256
1475377293857996804
1475370040685842432
1475357070727651332
1475347508649869313
1475335918668050434
1475676280263569415
1475668703505043457
1475654212113428480
1475489907351056384
1475486421091852294
1475385841086201857
1475351414025060353
1475334078882725890
1475657719310737408
1475402375888130048
1475402071985643523
1475363120436576256
1475468228381986818
1475337304357027845
1475603293405470720
1475533636040466434
1475480318178050053
1475465319464325120
1475463403300818950
1475446699124428803
1475414030873358342
1475397974033264642
1475385478891196416
1475652675396005889
1475647046245916676
1475639943795937280
1475552229805342720
1475492561527603200
1475478215145635842
1475410850445807617
1475407639823613953
1475384874307440640
1475368935205715972
1475359493126955008
1475356051767631872
1475681186110271491
1475680649650454531
1475670375795027968
1475666150574886915
1475665788014977026
1475665711682842625
1475660035527098368
1475643760306376707
1475641029797629952
1475633206317617153
1475617470337613824
1475616233017864194
1475589245305692161
1475552807663161347
1475547048547999745
1475521657179676677
1475511579932299270
1475503673631383552
1475492461979996161
1475490965536321537
1475469205394837505
1475458997666734088
1475457377574916096
1475446771564244993
1475441241051459585
1475439219321409540
1475429506156359680
1475417377764487174
1475406333029404675
1475402608902766596
1475401680657076226
1475392715428818947
1475366639956754436
1475359665747681280
1475354271503708163
1475348735118827520
1475332511743963137
1475662670929883138
1475634003994578947
1475632423308201985
1475622589619834880
1475457773802455041
1475426752235139074
1475420731630489605
1475390728721231872
1475365349621002243
1475353261779537921
1475334320709505031
1475331068471373824
1475679479770988546
1475658895406235652
1475641178091442180
1475434778577063937
1475425030594981889
1475399366324068355
1475397108626644992
1475572074911514632
1475520015268990982
1475486355891261441
1475485590346813441
1475678735399485443
1475670358627807232
1475668551537070081
1475661476207599619
1475504892093550609
1475449633828585474
1475427191215116291
1475399079362322432
1475338936406872065
1475613059011862530
1475494981045391360
1475468220756754432
1475410471154978816
1475382217060749313
1475349023770902533
1475346511915466753
1475589823532392450
1475486384362164224
1475483062540460034
1475689031803441156
1475696137881276416
1475492653160538115
1475637790297575427
1475635884699668486
1475488755909902341
1475468949684850693
1475462450279378946
1475457692655181829
1475457130438135810
1475448970394488837
1475448491535060992
1475448035920408576
1475447437615529985
1475443466217787397
1475442497610387458
1475442045158236164
1475407756463013891
1475385413288136705
1475374195848531970
1475455706606178305
1475472109245661190
