1476770398238752768
1476769612498817024
1476767900576796673
1476765956844097537
1476765042477461505
1476764778315980803
1476763044503900160
1476763035670777858
1476762429145030656
1476762426452312064
1476759686477017088
1476758879983706112
1476757903461683201
1476757197707112453
1476753904683651075
1476753449412792320
1476752144078311425
1476750146864046083
1476750091432067074
1476749971843993600
1476748721333276677
1476748631289962499
1476748169568423942
1476747880933183489
1476746149805449219
1476744115626778624
1476743573907259392
1476743541254619136
1476743014722592770
1476738817314856960
1476736263319265284
1476733227486248961
1476732618800451589
1476728045000036352
1476727935193128968
1476724182767452164
1476723110153834496
1476722839046684672
1476720533198626820
1476719869844328449
1476719799334055952
1476717954498662401
1476716108061151232
1476714936793325570
1476712038512562205
1476709931763994648
1476707855277248512
1476703920009351188
1476703818473566208
1476679956344107012
1476656105996447747
1476655387243945988
1476633690184712194
1476631861124231172
1476630311089827853
1476615373730422786
1476605268112789530
1476601416617644036
1476598826328723458
1476596986077855751
1476593420801957888
1476591218364600329
1476586414955384835
1476584476339703808
1476583728084176899
1476578438261587968
1476577017826983936
1476576106517975040
1476573858958241795
1476573703752142848
1476571090029715461
1476569947270643714
1476569746698948609
1476568566753226752
1476566058668490752
1476565621030592513
1476563833481097216
1476563810886438912
1476562623512473606
1476561752833675268
1476560444252844043
1476558053465939969
1476557361036750852
1476555015774867458
1476554091002167297
1476553533960847361
1476551788631191558
1476550658685759491
1476549033103552516
1476547457966239747
1476546623706525696
1476543734229585920
1476543377046790145
1476542776045019139
1476541265978163208
1476537977815724033
1476536471100268547
1476535960166797312
1476535127429705731
1476532355523358721
1476532143874469888
1476531761790160902
1476530938083307522
1476530776640425990
1476529443300524034
1476528414488088578
1476525339807416324
1476521263329734656
1476520463610253314
1476519538871062530
1476519370629136387
1476515385453133824
1476513064757256192
1476512055150583808
1476511662865747969
1476510052244602881
1476509854776786944
1476509177941938182
1476507689534455810
1476507658572107780
1476507271433650178
1476506382996103172
1476505558815363073
1476504510704996356
1476503679893053443
1476502368581664770
1476500806773854211
1476495249438433281
1476494527628148740
1476493519577509889
1476492788023717889
1476492364474576904
1476488073865089028
1476485975018598404
1476482003767726080
1476478556662206466
1476478501821640709
1476478333466468354
1476477278993338369
1476476584672382980
1476476042256666625
1476475049557180418
1476473075805745152
1476472243547160576
1476471617983180803
1476470303224053763
1476470163666997250
1476470157463613440
1476470022973190144
1476467768341893120
1476770877660225536
1476756523363696641
1476756521132257280
1476756513406345216
1476754237547696128
1476751473782321154
1476749418963427328
1476748556216250370
1476747619531591681
1476745903394467840
1476742433191108612
1476741311931711489
1476735870598213632
1476735738750246912
1476735729472446466
1476734926003351554
1476732652342239232
1476731998240587783
1476722332194377730
1476721223950168070
1476720522108948481
1476719540683763714
1476710468899147790
1476708915211505682
1476706232400449549
1476705350636109824
1476702787341750295
1476695548421836803
1476657234302025730
1476657229197570048
1476640525469970451
1476636655746314240
1476621406527885331
1476621022338027530
1476587938443980803
1476579280964308994
1476571626741317637
1476570514160119809
1476570153399824387
1476563577867800578
1476553645239857157
1476547310389641219
1476536131206270983
1476530699314208770
1476528023197216769
1476521505190137859
1476515301533446144
1476508369225596929
1476493935258177536
1476483697389944832
1476482379304747011
1476482126388215808
1476481651693654016
1476475416923684864
1476474956150198278
1476472600754745344
1476471673452904453
1476471622479474688
1476467650566008834
1476464836632461314
1476459063760211971
1476455971874426884
1476454352826994689
1476454336217550851
1476452130504335363
1476450340648062977
1476445327225937921
1476434086461722627
1476433397148905477
1476422338585391109
1476422152840568837
1476421921126293505
1476417805536825345
1476415692832346115
1476413813960298503
1476410038679834624
1476409540564324356
1476408828904284160
1476734922719211550
1476578653756477443
1476565641934958593
1476557887514169344
1476487821519036418
1476474346298351616
1476474343362281473
1476465635542462469
1476463473685143554
1476463438964609028
1476460267689054210
1476421762644516864
1476420275809886213
1476148832593342467
1476140441074499592
1476771342460489732
1476771200978149377
1476769494794006531
1476764950974451712
1476764606240460801
1476763150917586952
1476762372853305344
1476762318272794624
1476761645321834498
1476760036386902022
1476759950856646656
1476754120472096769
1476751175512776705
1476750757734977541
1476749098413744128
1476746137402949633
1476744673955749890
1476744626463600644
1476743224647553027
1476743215554326530
1476742452425814017
1476738805696655364
1476735773848137729
1476731797631168514
1476731664164278274
1476730563981496320
1476730010085957632
1476728336986501127
1476725316320063493
1476723775559192578
1476723699352936449
1476722884647088128
1476722816720326658
1476715972597743616
1476713425149456384
1476703794985459712
1476699753756782593
1476699601222520834
1476690337502359567
1476670850627616795
1476611658990567427
1476605652663357480
1476601567398678545
1476593621713362944
1476590456154771458
1476588119033991168
1476586454541570048
1476585684823543809
1476585191216848898
1476572921254473728
1476571904429363205
1476571537729679361
1476567730031456256
1476565781307551754
1476565170184855555
1476556238884249602
1476550295136079877
1476550029418512385
1476547842537754628
1476544399676874758
1476544112652283906
1476542629852499968
1476542489154793481
1476541956868116484
1476538209584570374
1476537135402414082
1476533968568602625
1476532089294000132
1476528849823305730
1476524810935025668
1476524597549809667
1476522919249334275
1476522616521252879
1476520878045233152
1476518601318301697
1476516776548569091
1476514247790059522
1476512463344467969
1476509518322225153
1476506200929828865
1476506189269639171
1476501731219550212
1476495711805972486
1476491064848510980
1476489235473469444
1476488605254098947
1476487914011774979
1476487110689378304
1476484627057364993
1476481073152335873
1476480603197296640
1476478403108753410
1476473800199794689
1476472353169178625
1476470652177567744
1476470516441436162
1476469343760179203
1476468168079986690
1476466382573228037
1476462858980536320
1476462069101002755
1476461598768205829
1476460288274620417
1476458694086782978
1476458325634347008
1476457750548811776
1476457573503041539
1476457269579628546
1476442999705903107
1476439475454500865
1476432402582962176
1476431299682320384
1476427588448894980
1476424252622471168
1476420084977393667
1476418786353823747
1476416651293696003
1476415424061329416
1476412558646988800
1476409612274257922
1476408864232771585
1476407667904036869
1476407283898748930
1476406754577575939
1476755003641458688
1476713009368076289
1476701494208466955
1476622470882856978
1476565859585781761
1476512304585871360
1476510578080645120
1476494868193038336
1476483987027623938
1476480590492753930
1476476865636302850
1476471295978053633
1476464233285967875
1476462848754679809
1476459486558572545
1476409354072969219
1476768336889274372
1476763724450983940
1476760535962058757
1476743174072967175
1476731345665593346
1476727812165799936
1476727044603932673
1476723163056656384
1476710250652733452
1476537424910061569
1476537418090123266
1476508235599282178
1476496336484659202
1476488420276932608
1476483978823491590
1476483491038515201
1476483315397906432
1476439531104526337
1476432185498357762
1476769391345750017
1476767621445943296
1476766884766765057
1476766197550968834
1476763169548812288
1476762127423606787
1476760356315820032
1476758534624710656
1476758425937711106
1476756570075586561
1476754225614897154
1476749965561004035
1476749963514114049
1476749963279454211
1476749961043660802
1476747393911582720
1476746915370844161
1476745413210218498
1476744920236904450
1476744501406224385
1476737782127104004
1476733402590035970
1476732996539408384
1476732940482531331
1476730875727388672
1476730662174425088
1476730245747122177
1476730047583166466
1476728413779947520
1476727809993179136
1476727807547875330
1476723554112598016
1476721769088434179
1476721343626301443
1476717537907732480
1476709096757760013
1476699621669879816
1476689691411898374
1476684630853971987
1476680296208560146
1476624223732830210
1476613215534518278
1476610815310458886
1476591426364272641
1476591328972578816
1476580514538483712
1476575601217601539
1476570512067219457
1476565943606132736
1476560691054080000
1476560236269826052
1476559488614342664
1476558077658763265
1476554014686781441
1476545958414479361
1476540866026041346
1476538665916518403
1476537411265961986
1476527271590514690
1476523351824736260
1476518350826053638
1476515426968297472
1476508734989869056
1476504390747885570
1476501452587601921
1476496487638962177
1476496064899289089
1476494631932076035
1476492592288174088
1476488592922873858
1476483378203422723
1476482605390327808
1476480364465954816
1476479437042438145
1476478808093982726
1476476957881602050
1476473884232671237
1476473498373484545
1476472352519045120
1476472007852134400
1476463210681102336
1476456635648253955
1476455052147511298
1476453816027418626
1476453505908965379
1476447074254155776
1476446752798609409
1476446306910412803
1476443779162730499
1476439778312613894
1476436531439017986
1476436191121592321
1476428592259035136
1476428035624636417
1476427487605190656
1476425615087570949
1476420529020026880
1476416794994765824
1476416450709495811
1476413796499398658
1476413130754326534
1476412846208532484
1476410088139079681
1476407637675630592
1476405313842520071
1476405075199205377
1476759929591582757
1476738394847809538
1476481825966944257
1476468837457432577
1476438085944573955
1476418776409133056
1476772257657540610
1476772252632768514
1476772130373074945
1476772124219953152
1476771802789527554
1476769784783982593
1476769619922751491
1476769241340669953
1476769197912772614
1476769049228943367
1476768869641375744
1476768770207092737
1476768390320517120
1476768261102399489
1476768190147399682
1476767824542461953
1476767054711570432
1476765414562533376
1476765110743961606
1476764421305221123
1476763697200590850
1476763567298809857
1476763204814475265
1476762926371336193
1476762174676561924
1476761747566448646
1476761688531615748
1476761249606111237
1476761015505207297
1476760464851800065
1476759956590317572
1476759436966256646
1476758968533848064
1476758019362856961
1476757766987386881
1476757658564583424
1476757603015225344
1476757348647505921
1476756702884032512
1476756385060642821
1476756365481627648
1476756114985209861
1476756003819450368
1476755751720808448
1476754870468169733
1476754419072987136
1476753658721103876
1476753536373321730
1476751860027432964
1476750020116287494
1476750016962187265
1476749992840740867
1476749473330073600
1476748666811543553
1476747768286773250
1476746994987139075
1476745916790960131
1476745276635287553
1476742362651004929
1476742233650917378
1476741998530887681
1476740989674934276
1476740465361764356
1476739859658067968
1476739159578406916
1476738817067413509
1476738697408045058
1476738397465026563
1476738288090173443
1476733893000581126
1476733575860871175
1476733387020795909
1476730655107018752
1476729794062475264
1476728196124971012
1476728014608420865
1476727732247535619
1476727621891211267
1476727447437512706
1476726719704756224
1476725047448408067
1476722641155158017
1476720156931887105
1476720088665391106
1476718536735150085
1476718486495711232
1476718404681695232
1476718277355130882
1476717506224029701
1476716395664580609
1476716122863210498
1476705831638999047
1476703901999009810
1476699254940860416
1476699061021384705
1476696435676499968
1476696315866140672
1476696208408461313
1476694469151920133
1476687222967517189
1476687205326155780
1476670535711043585
1476670492731850773
1476657770560561153
1476642873156112384
1476621462932885518
1476771640818081794
1476771332930957313
1476771220553146372
1476769105441140737
1476766979843256320
1476765952180047872
1476765397349109761
1476765063965032450
1476764156422287360
1476763959185207297
1476762563278884864
1476759406591168514
1476758781547532288
1476758024668598273
1476756525544722433
1476756518695407616
1476755968176586753
1476755500482007040
1476750449843658752
1476750442042331138
1476748461080932355
1476748330067632136
1476747728294006785
1476747067552894979
1476746972463722496
1476746466353897476
1476745130581262337
1476743312266567680
1476742575520288769
1476742497187491841
1476741448275939328
1476741195971760129
1476740888491560960
1476740373791739907
1476740142685589507
1476739651301904390
1476739635397095424
1476739396531486720
1476739384963592194
1476738197136699394
1476737742960689153
1476737535539757062
1476736732447993857
1476736090296000512
1476736027872006146
1476735604662550534
1476735595284099072
1476735560957849603
1476735206233198593
1476734945930272770
1476732293104291840
1476731683298701314
1476731321124732928
1476730871767965698
1476730086158000129
1476727105652072452
1476725560420171779
1476725306580815872
1476725223999225856
1476724979228045312
1476724910428852224
1476723859327897600
1476722919623389186
1476722398581850112
1476721408809914369
1476721086368681984
1476720421919625216
1476716427969122305
1476714559155019776
1476711817976057883
1476711211622305803
1476710318399131655
1476710039662465048
1476708753034547226
1476708044956340258
1476707962517295106
1476707780320923648
1476707438631948302
1476706262284791808
1476702982343331845
1476702040399122439
1476701538147995648
1476700233119666181
1476696437899489280
1476691292503437344
1476686548040970257
1476663714874998803
1476656844470820864
1476655064655675408
1476652178332794908
1476646567427805184
1476638282335219715
1476635581882896384
1476628648216178690
1476620627163312128
1476612663069138944
1476612077812797440
1476608467787862016
1476606876821311510
1476603041633615872
1476597601025896448
1476596554236514332
1476595224667312139
1476595083751444481
1476593807617449987
1476593233144676352
1476593222935728132
1476592530900733954
1476588530444881922
1476587440752119813
1476586093931745283
1476582065374212099
1476580678758068231
1476580532934701063
1476579315240222720
1476578173055684610
1476577504915640320
1476576361087213572
1476576056215670788
1476573616590491650
1476768197898485765
1476755505221550084
1476733483108106244
1476730696030842884
1476721569099489283
1476719280267816960
1476715241614438400
1476688937208803328
1476679401278304268
1476599476982730764
1476599105728049154
1476592421202923522
1476589999873150978
1476586214174035968
1476584514147078144
1476580414839869441
1476571926222962688
1476559757653602306
1476555933035548677
1476550590528249856
1476549885361278978
1476548859107049472
1476520574352379907
1476504554346713088
1476493059504312320
1476491910105628674
1476474048502972422
1476470192225996802
1476440470788186117
1476438028386127873
1476436115879968773
1476435819376242688
1476435335957520385
1476435116633198592
1476433350453710849
1476432590768803842
1476428197935808512
1476423338260000770
1476412498240630785
1476404409424744448
1476767301156290561
1476762245489049600
1476759539781636100
1476758872861802498
1476748767600672772
1476744519043338240
1476743067319234561
1476738509373280257
1476730783196860420
1476727604644237315
1476727545349373955
1476723529131253763
1476719761216000004
1476673706642403337
1476667420978790407
1476651016300883998
1476568560847708165
1476567017842905091
1476562821534134272
1476557457451208705
1476548387407155201
1476548322097696772
1476545948151025667
1476536402690985985
1476520513388171267
1476515610142322693
1476514724397391874
1476503373524307970
1476496082259492866
1476493424308088836
1476481080395923456
1476475670372909063
1476474883102375936
1476472738399199234
1476471892378673154
1476465405539414016
1476455672350838784
1476446210806276099
1476444084470308866
1476439183774289920
1476427768434888706
1476416828784082945
1476406264007585797
1476406119916470272
1476403833458749442
1476445871944339461
1476715580233510913
1476736005356937218
1476687172824494109
1476591772058808321
1476585529898532864
1476563714811719682
1476519833768382464
1476513739725701121
1476511680540524545
1476486905663397889
1476481708123770880
1476480167115575299
1476464110976081922
1476449096479113220
1476415246080217089
1476772602936848387
1476766016537391108
1476754045914304519
1476751546180255748
1476707221111148550
1476700487504203780
1476639734386487308
1476614824784105480
1476573901324906498
1476569629921325056
1476565043651100672
1476563890293116929
1476548059400007694
1476545652372885505
1476544028908736516
1476540674979758082
1476535704310091777
1476531970502901761
1476529239302160386
1476528694608818177
1476525063994101760
1476515061078249474
1476508257740988418
1476506680544284672
1476505358826831875
1476498856623833088
1476484268415094785
1476454551939026945
1476452083595313158
1476438518138228739
1476429959556059141
1476427912022675457
1476424756530335747
1476419876436656129
1476405948608516096
1476770546402541569
1476769662536863745
1476768754017079301
1476763230320336898
1476761289992986628
1476756516090777601
1476751984929636355
1476745748360450050
1476739609388150787
1476737114440044546
1476735485267513346
1476733329785319433
1476725829556006913
1476721989964292096
1476711976441057300
1476707375956463633
1476697613084741633
1476692132433858582
1476689220940886030
1476657702352797709
1476620003709382656
1476595995991429146
1476551520665542657
1476548297238011907
1476544929178390529
1476541343031705601
1476537430467436546
1476534726097727490
1476532836555390978
1476528149072474117
1476521468888436738
1476514393999347715
1476508528260964354
1476502866005090307
1476500889800114179
1476490478870679557
1476488470755381250
1476483195679825923
1476483047839043584
1476479692592934912
1476479167331856385
1476478271277572098
1476478266194087938
1476477490474278913
1476473870387273729
1476472768099012609
1476472220897611776
1476471382254882816
1476471262717243392
1476468943371976706
1476467863103754240
1476467593506541568
1476463218482548738
1476460489735606272
1476459967955628033
1476459644105072642
1476457721645862913
1476455271312412685
1476454222073929732
1476451478264942595
1476450786682884098
1476450030965846016
1476447357415739395
1476443513193566210
1476441336593059840
1476435639906177026
1476433156303589379
1476427058842505219
1476426143515377664
1476421250008244225
1476419786565304320
1476416797876178946
1476413811577933824
1476412792806776838
1476412776746663937
1476340056579354632
1476707145789837336
1476587599560994817
1476581915704528898
1476542218143821825
1476528855313571842
1476496947305402369
1476448445418262528
1476496232767889411
1476561536608980994
1476544903400226818
1476494486712635392
1476486753162649603
1476764346768257037
1476763622642700302
1476743808750551044
1476583457878790145
1476443153418829824
1476511236275597313
1476737300323131392
1476634663791726593
1476598061312798723
1476594368542744579
1476584133413330944
1476536519242366976
1476460390938656770
1476456100727713792
1476446714051457024
1476434295304585217
1476747814809919490
1476622618627215370
1476591950169968641
1476554415951675398
1476553807551025152
1476521199379398660
1476492311680864256
1476755342813917185
1476738924651311108
1476721826914992130
1476554446448390144
1476507427549810689
1476494074391646211
1476432772281421825
1476742382288703488
1476735528301211663
1476700053523763205
1476556838321623048
1476517523105320963
1476501710461751298
1476489688328204291
1476437887214231554
1476428764078743554
1476736981254094848
1476708806071521308
1476563727017136132
1476549241002766341
1476504330731589632
1476489841286152192
1476426923316178944
1476407624417435649
1476548653259046915
1476496912685568001
1476599060526026752
1476427030132506624
1476421348096241665
1476747760514732033
1476459088821334016
1476735744182222848
1476529123656814592
1476525313974628353
1476523097138229248
1476479235854200833
1476447778029015042
1476438175069339649
1476726425310748674
1476503359087529984
1476416735884431364
1476534274895405058
1476769834297802757
1476608656980398080
1476554984409878528
1476544925399355393
1476765320601690116
1476749045670420480
1476626646866137099
1476555702290161665
1476553347675017218
1476502191951077377
1476455691728551936
1476451546367885315
1476446006233337856
1476430123964370947
1476764245698113540
1476602501575045120
1476595839451549696
1476537234006241282
1476524307886972929
1476490180873752576
1476422833735561217
1476732975874150401
1476513130390102017
1476756050351050752
1476737747687653378
1476729719261327362
1476518256303247361
1476490551142666244
1476427267941101574
1476426964831387648
1476426731548381186
1476714063753138176
1476583384088555523
1476551875633631234
1476487110626406402
1476581853649768453
1476572870977327107
1476536695797415937
1476504004037255170
1476453784830181377
1476409925160947712
1476749596982276097
1476568865144406025
1476423547836796934
1476776079268270081
1476774941341011975
1476773650292346880
1476737979062239232
1476731851708370945
1476730577780764673
1476562537986490368
1476558233993027584
1476511992496017409
1476506143274848260
1476476455290691587
1476457551172489217
1476447693358579716
1476442280890290177
1476770493071904770
1476767485009432576
1476758896848957444
1476721327247552514
1476541534031925249
1476501800157315076
1476501775309938688
1476501580983640064
1476433459023265793
1476425101151064064
1476420602848186372
1476411525648707586
1476666892748263437
1476696280818536451
1476759968720166918
1476737769569497092
1476652059856289809
1476477664189841409
1476771763748945920
1476765637938532353
1476765633605824514
1476728441726664708
1476718809805328385
1476682741584261127
1476546221334413316
1476513913575329794
1476474987204669442
1476467254669680654
1476545932908851200
1476481398995243010
1476467774629494786
1476726720740790274
1476721982678863874
1476743891931992070
1476563859007672321
1476516560994910211
1476421749231087618
1476747253305917441
1476555526850822146
1476543978619039746
1476536288207532035
1476479918020055045
1476772602584645632
1476767290767020039
1476765630711828480
1476625460993789965
1476609772442947588
1476563041571393537
1476547024891768833
1476545939615596544
1476542055509741571
1476527452692172801
1476527303152730113
1476527219727994882
1476517081105547274
1476513915634794497
1476506740308922370
1476503323889254403
1476500813719629825
1476485713671634950
1476446760423739392
1476440413569380356
1476426112095776768
1476721231093125121
1476598898449731584
1476598651984105491
1476483635825889281
1476458051167084545
1476516361803206661
1476714456390397952
1476518520439525376
1476472390389428227
1476445104197935105
1476484682174717952
1476589539669921798
1476565275931643908
1476430916331651081
1476738643083419648
1476581429031043080
1476455805486465025
1476443913091051522
1476535975438258177
1476508587593592833
1476494496502214661
1476725641181483010
1476565962522443778
1476526743993282560
1476510524665860096
1476563371709190149
1476528600329322499
1476527701389287426
1476775129178796032
1476763592728870914
1476747783604367361
1476741532354899969
1476736672507187202
1476715199931453441
1476695009713819650
1476588626263756801
1476563316306677762
1476555141587161091
1476528283931987968
1476523080264531975
1476517374891200515
1476506045035921409
1476459386730020866
1476453153709060097
1476557675462725642
1476517372911439875
1476467227318792194
1476543845374464004
1476443658995916803
1476522239294009352
1476511166302064643
1476475515791765507
1476768173500231680
1476426176402919426
1476767649233137665
1476667516218851357
1476512768819744769
1476502862242848768
1476542367222013953
1476767909569449986
1476767222479552514
1476766965989474305
1476766594684522497
1476721253859823618
1476667392675627014
1476539883736862723
1476538995953729539
1476538042588356609
1476538039912448003
1476470487651741697
1476591727888650257
1476780284422983681
1476773353797001216
1476766492813365253
1476758849629528066
1476750094200229893
1476739131606663171
1476719978657173507
1476691336803676188
1476606010479431741
1476579097337729027
1476551112677150721
1476544982907424775
1476532053621415938
1476516273689268225
1476478812107935746
1476478296464388097
1476461574114070529
1476451416059232257
1476448051371798529
1476421676933926914
1476699255750365188
1476662514825904146
1476656822450724867
1476651203509448732
1476648477207654409
1476616167145934862
1476608646402347022
1476599784253247518
1476587827248832514
1476542793568849926
1476721979755405319
1476597171919081495
1476527429204070401
1476487207326138370
1476476236939415552
1476476154483642369
1476435254978048007
1476761072090566657
1476729683647483909
1476615654908174336
1476535929602908167
1476463887159496707
1476423729311666176
1476421278865051655
1476782343985635334
1476766518750760964
1476747536744345601
1476738810339676161
1476727113587650568
1476721216232644608
1476615652886515728
1476590531442462720
1476569826432733185
1476563107929464833
1476542405146931200
1476524351453163520
1476495736892100611
1476486405798776832
1476481087815651329
1476477493779460096
1476467944766930946
1476465874789822466
1476461711368491010
1476455743976919040
1476430557990907907
1476759118031425543
1476753037599580162
1476752838667603968
1476752270599491584
1476752125673689088
1476750894116925441
1476700888035069971
1476690108757602309
1476668830915125259
1476601491880394752
1476600090911518722
1476596131752812552
1476564812012216324
1476562147987521538
1476551795086282752
1476551693328207872
1476542477553192961
1476538249497616384
1476537910098731011
1476537691017662470
1476537565104640000
1476537419352600578
1476463464239357954
1476449479200894976
1476442683585351681
1476432397944061952
1476430878611890178
1476755520350392323
1476745217311084545
1476764224063893505
1476622588948320260
1476514085726396418
1476763782282055680
1476737752905367553
1476548197354905600
1476420317690032129
1476417916325167104
1476763524181336065
1476660010037886977
1476596328671100942
1476584478919254020
1476536990204112901
1476615606468153358
1476515028622737409
1476509059758977024
1476505207332696067
1476542919154683905
1476546832960409604
1476522425135239168
1476686230045618202
1476571577017769985
1476471266689179648
1476470080087085061
1476420529187786753
1476455922910121986
1476539812454670338
1476722046142799876
1476750969656336385
1476747137970946050
1476738324391809027
1476734698910937089
1476716549889138697
1476573886225399810
1476553229995425794
1476552225124065282
1476512054097764358
1476509272166961157
1476485002124660738
1476445571535622146
1476751942919487488
1476713314755301376
1476607064679993349
1476562714671529984
1476452899743879173
1476415907412865024
1476770468174594048
1476742288575508480
1476597075450089481
1476530131669643264
1476529540415451136
1476481876801908736
1476425946089476104
1476502856240807936
1476484465300054016
1476465695516868611
1476779619768356870
1476767496241778688
1476755012764143617
1476751645442600965
1476596785657253888
1476578637474189313
1476466305041584129
1476465719780921347
1476440227061268485
1476424205910503428
1476779913080451073
1476775919125549061
1476769789276160001
1476753698202083329
1476738900458565636
1476723838310182914
1476700153432010752
1476599520800624664
1476577933573562370
1476575539775246340
1476547036275109888
1476502867074682882
1476487177831735300
1476481059852210179
1476472468143435779
1476452493865336832
1476435049352351745
1476433385077673987
1476426238046588930
1476423839902928898
1476762078111100928
1476760569508077573
1476748982579707907
1476583309866008577
1476573423476232192
1476561788107771904
1476561372569759747
1476552688900968456
1476538616327417859
1476526276668116993
1476509580754493440
1476507231826825219
1476492639801278467
1476472485663051777
1476470746834743298
1476464476857647105
1476439110935986177
1476493187636031488
1476483503227236354
1476483137081274368
1476482210647605249
1476770366915694592
1476769920163594240
1476489601069944834
1476489040304111618
1476487808881598467
1476698941148205070
1476592691412566017
1476510933035847682
1476495878097555459
1476588822733357057
1476761243574685700
1476558480592949248
1476537421281910785
1476785583963975682
1476781875939069952
1476775594360598528
1476764585210249216
1476764159089938432
1476745850986512384
1476745464913358849
1476741560456790020
1476688085156986881
1476598484857868302
1476584800500674561
1476571032693604352
1476544974476824582
1476538776562192385
1476536047202799621
1476522890157707264
1476510525961871360
1476506139382534145
1476498071701753856
1476493163510435842
1476490841057226755
1476472969115226116
1476467030471573504
1476462475222548482
1476430779232096256
1476426838343774208
1476422511411666944
1476421988893675526
1476750721219366916
1476749536710180866
1476716360617304066
1476701562810503180
1476695425969102848
1476680243356135425
1476679764815409161
1476546191043305474
1476494809208610820
1476462969982652418
1476448636141723653
1476434978128891909
1476431204647903232
1476441096041340932
1476777357482475523
1476776608031596544
1476774345724682240
1476757014999023616
1476727285130555396
1476695798901477380
1476572135497732101
1476546947087437828
1476483233697075206
1476479487109857282
1476461479415390210
1476444092523450368
1476424693259202569
1476422856754057223
1476714061815435265
1476562947690225668
1476721212172632066
1476516186519072771
1476497815828267008
1476775210820923393
1476740211975475205
1476731018467893249
1476728902382809089
1476711001793859593
1476701882282250248
1476669505954889729
1476646581499691008
1476623812087058440
1476621590368436224
1476598172357062657
1476566811785064451
1476564598106963968
1476546997108690946
1476528745142173697
1476483663361576962
1476476183776665602
1476422919160885250
1476490451582476292
1476780400621932549
1476776194884308992
1476772571160858627
1476759295194644485
1476753142649786370
1476752067247357957
1476743716211605507
1476739120378437636
1476738115800690691
1476729155601321988
1476726865108746243
1476704659402231826
1476698070133870598
1476691088156946463
1476622945858424866
1476600687203012620
1476590312977956864
1476587832634343424
1476583189292339207
1476580359013687305
1476567663086223363
1476564445828501509
1476558427656626179
1476555214001868800
1476551399466889217
1476537409844105218
1476534871547727875
1476534218888859659
1476533504695435265
1476523902939512834
1476516578929745923
1476514326840328193
1476513785682685953
1476504785087913989
1476494488600080386
1476492727231541248
1476486108263301123
1476485839169343488
1476470849368510466
1476458957170372609
1476439650508050436
1476438074519261184
1476437812459171842
1476437344181841923
1476436512300584964
1476431698841587713
1476430789474586624
1476429008820588544
1476776576163332098
1476756944836648961
1476746005823438848
1476745656614076420
1476741713678909442
1476739354806534144
1476725870723096576
1476639044452945921
1476627776945987590
1476611425682345984
1476560860273254404
1476557619515039750
1476556591918813186
1476523550353723395
1476519677929033734
1476519002692227072
1476516188381335552
1476508681659621377
1476508383192567809
1476502891951132674
1476485355994075138
1476470209682755587
1476461685691011072
1476455715694780422
1476454252566433803
1476453171585118213
1476450910213591040
1476434828912328705
1476785823504756736
1476773238487150592
1476762211607461888
1476756802951790592
1476729361684262913
1476717588319129600
1476589562558398468
1476560809207554050
1476551067605225473
1476547215665479681
1476545034698702848
1476542986477445120
1476525474104836097
1476505995757064196
1476478263836876800
1476448319232634883
1476775688954793986
1476540619845615622
1476528223890460679
1476519725643403264
1476484622657540096
1476478861990711297
1476458884973748225
1476437710432727043
1476435495047421952
1476762339693109248
1476712586175414272
1476480710328209408
1476698913646153739
1476624708162359310
1476519546496245766
1476478146249646081
1476463106578550787
1476629059379597316
1476554352038871041
1476548981006077953
1476465500553027584
1476556809649283077
1476161992591171584
1476533290580332546
1476774353790390275
1476688263502917641
1476703176006930450
1476654045016248320
1476464095033393153
1476650883014291476
1476576202617868288
1476572992599576576
1476469709813940224
1476425309083746305
1476504841916588038
1476708032960630796
1476517489286664194
1476538632223612931
1476520739415068674
1476507615555297280
1476706380102864898
