1470236901667835906
1470231778455478272
1470227350205841408
1470227181997539328
1470226982407487490
1470226208545669120
1470224013712494596
1470223941151121412
1470220267959971840
1470219431624249346
1470216400337661954
1470214572724285445
1470211745142640640
1470207030510034944
1470204293655396352
1470203160706781185
1470196792541081604
1470193433478197252
1470193174173810690
1470192642046971909
1470190728064036864
1470189394862559236
1470182871763537922
1470178684933865477
1470177443017158656
1470172350838542337
1470168039387635715
1470165918391042048
1470124944583446538
1470067608346972162
1470066631086800897
1470058583559589888
1470058103546658820
1470056990185431040
1470054422931640325
1470050186722349059
1470049608860454916
1470038596765683712
1470036887028989954
1470035895906549773
1470030371613908993
1470026640218484740
1470021564200484875
1470020809691303938
1470018992781750276
1470018880214949888
1470018474894245889
1470017311553642503
1470016018516832256
1470015119711031298
1470011217058021376
1470011068617424897
1470007502875987968
1470002068110790660
1470001936569024513
1470001746084724736
1470001680754352131
1469999396670504966
1469998960295043073
1469997633670311939
1469993832909443074
1469992460365414405
1469989587082952704
1469989002547658753
1469979341522042880
1469979240145690628
1469978670211100672
1469977521835819009
1469969884771545092
1469967237066854400
1469962180350992392
1469957322428469248
1469956658923470850
1469945946985304064
1469945682857390081
1469944751763906562
1469943648523595777
1469942759356129283
1469942010228314115
1469940087957823501
1469938745935732737
1469935934439186432
1469926055121096707
1469925794461847555
1469923147570827264
1469920650730954754
1469919113858322432
1469917649303867397
1469916866193747973
1469915953580306434
1469914709306474496
1469913044092428289
1469911491138621443
1469909376798396419
1469901180687958019
1469900437499179008
1469894636562833412
1469891004027211776
1469890434939768834
1469886661831974914
1469886473079902208
1469883391294251009
1469883319563153409
1469883115011121158
1469880490970730502
1469879706912579586
1470230746702831631
1470230986273144836
1470230473687420936
1470225206815780865
1470219508962902020
1470218551898238980
1470217408929361921
1470217404605104128
1470213519224176642
1470213361103106048
1470213337480716293
1470212424846372865
1470207692203606018
1470206747004620805
1470203046453985285
1470199591341490178
1470199591249326087
1470199525750960130
1470198814501847044
1470197443476082694
1470195578747326464
1470190786692087813
1470185075593519105
1470182932039946240
1470182588425793537
1470182272791826433
1470177479511793667
1470176778878525443
1470171869525409795
1470109612976136199
1470073490061496321
1470061075781468164
1470054603727437826
1470052693569794054
1470052155063103491
1470046914016014345
1470046020771856388
1470045990895833092
1470039509316382735
1470039371956981765
1470038733877649415
1470038502574215171
1470037762514509828
1470036909539741697
1470035816827469825
1470024462028324864
1470023258460532737
1470023099798069249
1470021179574390787
1470019604839763980
1470010536754434051
1470009741845794817
1470004888625025027
1470004264063754240
1469994464017936386
1469992703215603714
1469984036713943043
1469977191299436545
1469976463633883136
1469966585020379137
1469960357271650310
1469951393674924033
1469950464221458439
1469929388007301124
1469924849296429056
1469924630517280770
1469916633695023104
1469886960739127296
1470221042140397569
1470212831551180801
1470236258110636035
1470230475297869825
1470218855419027456
1470218353809653761
1470193544371458051
1470158418337878017
1470032246295842816
1470016394565603328
1469961433282609152
1469917383363948546
1469884742564646916
1469884553225330691
1469883294112124931
1470111038234267650
1470045786717114381
1470045209790595075
1470228498820124677
1470211900856102915
1470209208930816002
1470201347672838146
1470183367928803328
1470166923593674752
1470149096702820357
1470148249612816384
1469986572124753924
1469953736273506307
1469881476644626435
1470242084305215492
1470230930484719618
1470229992802242560
1470227402173214720
1470226471809478656
1470226257543503874
1470224185150492673
1470222224686981124
1470221269102563328
1470215647238012929
1470214787728613376
1470213755103367169
1470213752632983552
1470213378475913216
1470213264801878016
1470212197229883394
1470208107464646659
1470207352150233090
1470205645865373698
1470205206113652740
1470203658629382145
1470202828035530752
1470202456273342467
1470202339306835971
1470202227415388160
1470200981744807944
1470191750933204993
1470185333790703626
1470181679851528194
1470181557717532672
1470181030900297734
1470053035174887425
1470048530597224457
1470041714509246465
1470038782183292930
1470037508352364548
1470036317970964485
1470034504790118400
1470024817210380300
1470020567772266496
1470012177687867392
1470009335333879810
1470008665042128899
1470008556329979906
1470008030947389441
1470004369886040068
1469999650790797314
1469998235104120833
1469996487614492676
1469995882988793856
1469995861560102913
1469992930899156993
1469986281455185920
1469982234555785219
1469982110333034507
1469981883408654341
1469970307142365189
1469968312004087809
1469966745225994244
1469966608567136256
1469958955677929472
1469958737892810757
1469955184172355584
1469952671054548994
1469949106567012352
1469943856477134849
1469941206725500928
1469931384722497550
1469922336526594049
1469916442308931586
1469903821157535747
1469884075578064896
1469882184437616645
1469881435456638976
1469881298781016068
1469881238697611265
1469880704141910016
1470211102969524224
1470202246705025024
1470241263781769216
1470240563291049986
1470234290348650497
1470228637311848449
1470223916652064772
1470221683172675585
1470220558348402689
1470215861222871040
1470213612052484104
1470210086593204225
1470193651414302720
1470183146469486596
1470170753697943555
1470170370443407361
1470167861322678275
1470167139428577282
1470129186882740225
1470120462441086977
1470116444927053824
1470093829285957636
1470076189926563840
1470075300373360642
1470025174539902976
1470024474602864641
1470024438766702592
1470023597083095040
1470021252639191040
1470011984678572036
1470011486311378944
1470006786656595971
1469988089581891588
1469972609060192262
1469967268087939072
1469951419872653312
1469943889129738241
1469928354132283392
1469924950488141824
1469919602687700996
1469919574757756929
1469916834866421762
1469915668875075585
1469908360161988609
1469897650703007745
1469892012778213377
1469885562110705664
1470242337942958082
1470239149797957632
1470237066533474304
1470236958215458819
1470234521350066176
1470232243935191045
1470231879810834432
1470231437739659269
1470230862235004930
1470229959624908805
1470229063230836739
1470225486265532419
1470224824341434368
1470222227412905986
1470222220844679169
1470220361463566336
1470218889455824899
1470218269525114881
1470217881724071936
1470217298661179394
1470217293946753024
1470216695822241795
1470214737065504773
1470213402668593152
1470210458611118081
1470208569718886400
1470208512097611776
1470208458515308545
1470208423811686402
1470208360968441861
1470207861154140163
1470207744305033216
1470206770052165633
1470206606713540614
1470205694305464321
1470203062505537540
1470203062195474434
1470202981849047043
1470200976627822593
1470199952651390979
1470199248977371137
1470197296457416705
1470196698790039557
1470196458259304451
1470195649652035586
1470195343920828418
1470195109324935172
1470193535605350403
1470192997887315970
1470192616947863553
1470192378606587904
1470189989610754048
1470188753670991873
1470188100521381891
1470187419139915780
1470187375485542403
1470186350708027392
1470185549516328961
1470184822983196674
1470182215334039555
1470180863132327940
1470178404695609344
1470171767075336196
1470168968069484544
1470166637475078148
1470163833322803201
1470151635917623297
1470150397352366082
1470140233047953408
1470096490576039937
1470090370151157763
1470089738199580672
1470082298691289092
1470078021629779968
1470075129967218690
1470073580763316227
1470067856322691073
1470063760618311683
1470063424142938113
1470062956310196225
1470062545612406784
1470057909895663620
1470055224677076992
1470054158887649290
1470053490567221248
1470052991830872068
1470052664381562885
1470051107166560257
1470050182154706947
1470049831708024837
1470048782100275203
1470048641913999361
1470047378799415300
1470043687115628546
1470042742583484420
1470042424021958660
1470041266180157445
1470041079583969280
1470041060499877888
1470040887673556994
1470040268854284289
1470040159378837505
1470039253102985221
1470037529449562112
1470037342199042052
1470036565602697220
1470036466403217410
1470033348898795523
1470032201643294720
1470030683263447043
1470030672781733892
1470030425162616840
1470029931186831360
1470029866862985223
1470026334306910209
1470020884358328326
1470017266443898880
1470016857394450433
1470016594545762309
1470015222614147077
1470014479828094977
1470014247040000001
1470013892315201543
1470013453846781955
1470012506051526661
1470009682756452353
1470009465277607943
1470008331204902919
1470008001834590208
1470004000456003588
1469997962570854400
1470242074213638145
1470239802796564483
1470237087794270211
1470236825822265347
1470236084772556802
1470235809248731137
1470233395150000130
1470229810236432388
1470229171137761283
1470225434348429315
1470215011721039874
1470204883747803137
1470194050670075906
1470186363039326216
1470184724664573955
1470173916773564416
1470142361669939203
1470110893430042624
1470064674171338753
1470043474397257729
1470043424242151430
1470043369027997704
1470038740529672198
1470034880490733573
1470029592328998919
1470028464375750667
1470026929734504449
1470025817279270914
1470025714397155329
1470025569278390272
1470024432324206593
1470022409646346242
1470010319875366912
1470006349140426756
1470005983107710979
1470001503981113345
1469999437657554945
1469998450200629248
1469993977793302528
1469988971333619714
1469986494987128833
1469985935911649281
1469982900628062211
1469980679257481221
1469977303631364097
1469974589199446016
1469972261683613697
1469967012348588032
1469966587406872580
1469965567910023168
1469955837112115200
1469954840683970560
1469953210420916224
1469950687022764041
1469943940648345608
1469938025056530433
1469937862187499523
1469937489615876099
1469937231435423745
1469936316666187779
1469930509656473600
1469930233058844673
1469926649575575553
1469923595610509313
1469914742915403778
1469914585931022338
1469910809685807107
1469906047066271744
1469891990636871680
1469890284280418309
1469886617028419586
1469884065532690434
1469883309920423936
1470237826419605505
1470237362475044865
1470232530456510464
1470224388079243266
1470215953715654658
1470212169559994370
1470210334006726657
1470209333744914439
1470202990757773315
1470185210377474052
1470124302435373061
1470106928822972422
1470088717582823430
1470073896212709377
1470039332903800842
1470030117925572610
1470027398229868550
1470008032193089538
1469970423727067137
1469949876037251074
1469946743785615361
1469924986013958144
1469921647930929155
1469891097857908745
1469886973741391872
1469994199965528064
1469944072529870848
1470230608525676548
1470224121497722889
1470214738348949507
1470200888643899392
1470186162413211649
1470183929927770113
1470064148138446849
1470062660737585153
1470040684518277123
1469973280149114882
1469953041122009091
1470227800523083776
1470220666041364480
1470209753511088138
1470206587528568833
1470181961008246786
1470137771423506432
1470097771117965315
1470097620378931200
1470087886934405123
1470066653136252929
1470061853304770562
1470042190168530946
1470041147552665603
1470037120936931332
1470036524355837958
1470029912853544960
1470023429269065732
1470018996271419393
1470017037137158146
1470013228625264645
1470011978005422083
1470010067017605121
1470000447247163398
1469999873420234756
1469998199007891460
1469993712138653697
1469991291492524041
1469979623333064704
1469953433356566528
1469939624638255112
1469938414489276416
1469928988503994369
1469925429431595008
1469920783573008385
1469909200201404416
1469894851030224897
1469894294492254209
1469893991944519680
1469887288918249477
1470227907666612228
1470216483204591618
1470205014354194434
1470195584980045824
1470190454981349376
1470185251095810052
1470178291537440769
1470164814550818817
1470063819229515779
1470062019818655747
1469985570713530368
1469967094095626245
1469952664251379722
1469947747574980615
1469940087001530370
1469938668764901381
1469932293733040135
1469922112039124995
1469904012950392834
1469889754888126468
1469882207871377412
1469881246503227395
1469880204176683012
1470220679723171840
1470185052499705857
1470039422573760513
1469887625863434240
1469975670205812737
1469973318828584961
1470231242901639168
1470023644524920833
1469981923988570115
1469981228145078274
1469980598202556424
1469919524136706050
1470221075292180481
1470220815379558405
1470220411837186053
1470220321126944768
1469890611020918787
1470023920245899264
1469991714022592513
1470005538008100867
1470051170429272064
1470012414292680708
1469922824441655303
1469904886292631555
1470237425741955076
1470198899121942528
1469934163805364226
1469898225540730883
1469929858805338113
1469929716404527107
1469929320512589827
1468955845199228928
1470196778007945218
1470244916945047552
1470240214190727171
1470228055536726018
1470215133548855298
1470022062672539651
1470017313088806915
1470230489394860034
1470083596719312901
1470073129280016387
1470072456975044613
1470071895672307713
1470054250457698304
1470039453305835524
1469937107095330819
1469935922749734912
1469920402717634560
1469919603883053056
1470243828091129856
1470241562525192194
1470237692348678144
1470201696936550405
1470062536447856642
1470047730705698816
1470021544193585156
1470097870556520449
1470099441612771332
1470027052266885122
1469899200557060099
1470241498436227072
1470240672548462594
1470005940883656704
1470234093539397634
1470072713314467840
1470036825188171786
1469996364511645699
1469927778166312962
1469927504282484740
1469917724734214144
1469926442234302470
1469893989977395200
1470230763295571969
1470052252798832649
1470021498370887680
1469960328989396994
1469958931887714307
1470221713082228736
1470155223037399040
1470008755894964227
1469901127898386434
1470087340827701252
1470166777661308930
1469984537757114371
1470233932264132608
1470213038296895491
1470207980280762370
1470048698126110720
1470033362140098566
1469964426526609408
1470227158031212548
1470185880623058947
1470183279760347141
1470074381200068610
1470037892244262913
1469976325884502018
1469976312685072384
1469976308889227264
1469968998448070660
1469952554272362497
1469899326402924545
1470000497901727744
1469899879526719496
1470190480059027456
1470040721432268806
1469999310204932097
1469942972795867137
1470241322611007490
1470227656797003776
1470185091015921664
1470136620972007430
1470002061043400713
1469961612417110017
1469890968459485187
1470218179435655170
1470063178738327557
1470048005315121152
1470038175531745284
1470033004667944962
1469899066230263811
1470046689004118016
1469974538960072707
1470167440491380737
1469914915561431041
1470040839644585985
1469906289870315522
1470194230672826368
1470163544540729345
1470063112392822784
1470047925938044935
1470046438805544967
1470043939969245191
1470034198824054788
1470033009931784195
1470015680812503040
1470013450470375424
1470002464225050625
1469987383747567619
1469987061524418560
1469970566991859717
1469966505429270531
1469940974948286465
1470214479648419843
1470002213741203456
1470000412920999938
1469985242484076544
1469984920474771459
1469984223217938432
1469935335081758720
1469909849299247104
1469890093401788417
1469966982065766404
1470168426559811586
1470046973138849796
1469956696915136512
1470014886272856068
1470026112646324227
1470231160835903488
1470247158011990016
1470209812319588352
1470043204607115264
1470040939808772106
1470033073337090052
1470013627100917762
1470012993085722626
1469991222714388483
1469958813830639616
1470244050636705796
1470060924828585985
1470008130947805189
1469936652642439171
1469935980626923520
1470205936799084546
1470220919515672578
1470214827318464515
1470106130198122498
1470060443485884421
1469970348972015618
1470060487865896960
1470044030545252355
1470034120487030785
1469969007017021443
1469952043062226945
1469941556379623424
1470021714830508036
1469999367729795077
1470206441931694088
1470055584120524802
1469998952778919941
1470219529116524553
1470046088283365380
1470055423969423360
1470046003956838403
1470055751976509446
1469999514626904065
1469995752755630080
1470220673943367680
1470219372459225089
1470191316478824449
1470061677483737090
1470061290080985089
1470045277264306177
1470045276769427473
1470219719705726979
1470210557072461829
1469972845484654593
1470227124703223809
1470220927015145476
1470212537832521728
1470196881284222976
1470195039594692615
1470188301365628931
1470169055319396352
1470078505719263234
1470072511081566211
1470052379936518145
1470036153050951684
1470029982105694213
1470016295882014722
1469985571955113986
1469936548955049984
1470244578565312514
1470244566682849281
1470244565105872904
1470218415759523840
1470036081022144512
1469959421795049473
1470066280992370688
1470227412604522498
1470225770609975299
1470207062558724098
1470200204745793539
1470021696421707778
1470010767877410817
1469980028750360580
1469921747444981761
1470248582355689476
1470244592435875841
1470244568138350592
1470244549838528515
1470219361784721409
1470131745852772353
1470078109240086528
1470051047032844291
1470041121594040323
1470036291358052353
1470032472335286274
1469974558102851588
1469966875526254593
1469952885983117313
1469942947193888768
1469941612947984394
1469904083389542403
1469893452145979398
1470244583141298181
1470220309600956416
1470215684575481856
1469993846352191494
1469929500779548673
1469921316304146432
1469896748306817025
1470244572575850500
1470206640905359362
1470169615426748417
1470075923055591426
1470237474521714691
1470224620263395329
1470059478473064450
1470028001320456196
1469997983739432962
1469978429462233089
1469893624162750464
1470111033624698880
1470061928420569089
1470049859570782209
1470011718642274304
1470008788027527169
1469960354058969089
1470222954227113989
1469965681797992448
1469915202451763201
1469927377429954561
1470012696447922179
1469969071386992642
1469894979468201986
1469951679168606208
1469934571730972674
1470003398070046722
1470245961431928833
1470236648134754306
1470227501511180291
1470223214970212355
1470182940835409920
1470033221866102788
1470020262036852739
1470009618482941955
1469991030363619332
1469990918979682306
1469958362926239744
1469954685159174148
1469931433095413764
1469931424291512323
1469907529870176257
1470188708498341888
1470172382207746048
1470115799884963842
1470035881331507210
1469955466075652098
1470005106523664390
1469919853762912262
1470252366976847872
1470242905520414720
1470242844535255041
1470232245654806529
1470049835583565828
1469989550025940992
1469899198694780931
1470241355406348289
1470035862662443011
1469994861151408129
1469931253017108480
1470251680931274752
1470226724092739587
1470215968404033539
1470095466893176835
1470048816044802053
1470030551956422658
1470025328923840514
1470006773243207684
1470004809243660293
1470004784073961472
1469995268611313668
1469980504094953473
1469960982743040001
1469941860386754563
1469936215105236994
1469927658351964165
1469915377442246658
1470222867572813830
1470198745384243200
1470175596030296064
1470026961779109895
1469988429937053699
1469941188392148995
1469933343684775937
1470029767864827907
1470013559513907206
1469969104207368193
1470185496064462848
1470226371863465985
1470187182224592898
1470251253745655817
1470251036568743938
1470247987141959681
1470240623257001988
1470240152354131971
1470238414410706946
1470230286507991041
1470227527423574016
1470211553030914048
1470194269906370563
1470168519807434752
1470168425951477764
1470096497853100034
1470078514539937792
1470076744010895367
1470054590896689156
1470054233705619462
1470036608443248642
1470013069547872257
1470011474823184384
1470002285858017285
1470000200924106754
1469986412535562241
1469981511495553025
1469979099598708737
1469975387555999744
1469974969937379328
1469953283154345984
1469924909799272449
1469907081285156867
1469906681815793665
1469895360134803460
1470212870512074754
1470144660534280193
1470082361400467463
1469972827558510593
1469968950846914562
1469966328056451077
1469954895604170753
1470181322593234944
1470133370940182529
1470083512287961089
1470173929998217222
1470136309641588740
1470134495613530115
1469947508902154245
1470144710681501707
1470143517838217222
1470134144604770306
1470133917017690112
1470077469436874752
1470072121841774593
1469979003503140866
1469928915422564354
1469741720908845063
1470217185507250177
1470194981881057280
1470187937191104520
1470186700353777666
1470186453737086978
1470000557163094016
1469927463652265985
1469909921512800258
1470227188758634497
1470204860540674049
1470199079288250371
1470139535489048578
1470134922232877062
1470127446582304776
1470119059790479366
1470086237004439559
1470056862515089416
1470039839957471233
1470038317722791937
1470033439222992899
1470032017953746947
1470025461799424001
1470019858955784193
1470014207190052866
1470014148637446146
1470013249001345026
1470003497441521664
1470002966903988225
1470000112415870976
1469999954710216711
1469978460005224456
1469963214993694720
1469962316561018884
1469949798899879937
1469949504807788544
1469943956599230464
1469912799258112006
1469911519605313542
1470244817523204100
1470185504138317833
1470038262152515585
1470037515620868099
1470007718081560579
1470005425898622977
1470001134861389826
1469991855798427648
1469986103973199872
1469973299836829696
1469943832640778242
1469939158806196228
1469937953183080448
1469935338751610882
1469917623152349191
1469739668782657537
1470205947960336388
1469938700809244677
1469916523846266881
1469911497191018501
1470130207738585089
1470019897082085378
1470257182742515712
1470225663097376769
1470134541419384833
1470060374921822214
1470056873512484871
1470030649922891793
1470024472207847425
1470022182835154951
1470016047902244867
1469995810855161856
1469993189394116609
1469924434127376387
1469920717135233024
1469913156948353025
1469904453952225280
1468567864890191876
1470250671093911552
1470170631786295298
1470135558743670791
1470135287896498179
1470133491715223552
1469980685691588609
1470182672710324224
1469996513312980993
1470211046388293636
1470211741397123074
1470044781703094276
1470176199200571394
1470176116467929088
1470034179819642881
1469991964565065730
1469981580579860480
1469965127386468352
1470158054339452931
1470002505467662338
1470100789645373447
1469992075940663296
1470233048079904770
1469944409210777600
1469944348867383300
1467838733378486280
1467838515287244803
1467424601617485825
1470231128749457412
1469174980550139904
1469929641213259779
1469929507251388416
