1471353957901471754
1471353321726300168
1471352118267170818
1471351927342436352
1471349679224885248
1471349516930469889
1471348983956049920
1471348121858818049
1471344721721053186
1471341822056140801
1471338867731034114
1471338199934853120
1471337316115312643
1471336399571881989
1471335625047437312
1471334710102007811
1471331383981215744
1471331067780947972
1471330629593616385
1471330386471010305
1471329505847304198
1471329181476687872
1471323109323988995
1471322555059367937
1471321104102793217
1471320243490328578
1471318940039057411
1471318909328375809
1471316762633203713
1471314412174811136
1471307368830881793
1471305056372756484
1471303371231399938
1471302801481371648
1471301933965078533
1471296224779112450
1471293168008138754
1471287692411359235
1471287116554375169
1471285844002713603
1471284316969730048
1471284006138392583
1471283448136355842
1471283098159484930
1471280103078260736
1471278619792011266
1471278277826211840
1471277406782574592
1471277223323729921
1471276956842823681
1471275103409229824
1471274110097719297
1471273968309272577
1471271996667219972
1471258311651516420
1471253346031964170
1471242414060978181
1471237920954601472
1471223694588481540
1471185896753950720
1471185878877978632
1471175859776090114
1471167660561862658
1471152142727598080
1471142783511449601
1471136918414839813
1471132576651743233
1471131673269981186
1471129052794671106
1471128898410717184
1471127544145465345
1471126735156432902
1471123251393097729
1471120659270881281
1471118050891952133
1471117918087704576
1471117386103214085
1471110811649118211
1471110390125772802
1471110202619351040
1471110165252521986
1471108188757913600
1471106647267295233
1471104661348229122
1471103176472358912
1471102976987365381
1471092269516161025
1471091148659707912
1471090481194881025
1471090101753053185
1471089096957194240
1471085072270839811
1471082025100931073
1471080883893329922
1471078753396617217
1471078085738987522
1471076597801230337
1471066145738219523
1471062454159302658
1471052917457055746
1471046882700845061
1471046465925439495
1471046125452869634
1471045875463974914
1471045058501640193
1471033948113293315
1471032689863970817
1471028754478616579
1471028295877627904
1471023943691620354
1471023627273265153
1471022909023916035
1471022386543677442
1471018922484719618
1471012150197972994
1471011244580564992
1471007502955212800
1471006940566224899
1471006516530483200
1471005295685947394
1471005120250793988
1471003074399387650
1470998368037998593
1470997516002816002
1470997424265064450
1470996798571364353
1470996107035484163
1470995526833229827
1470994530711138305
1470992693652504576
1470987687427407873
1470987497723203584
1470984806733266944
1470982783908548608
1470981685311250434
1470979157408374785
1470978660434059264
1470978512459014145
1470977956663029767
1470976812217815040
1470974550708211715
1470974513672114177
1470974202647748614
1470973874774839301
1470972645524918273
1470972422195060737
1470970779089063938
1470969506642075649
1471353442316681218
1471352680484249603
1471346128956231680
1471341034248433665
1471336784986456064
1471336628069277697
1471334199659401218
1471329277396148224
1471328310256816128
1471328274986930176
1471325773453660162
1471321499755630594
1471321495741755396
1471317764640223235
1471316824604086272
1471316148436144129
1471316008191283200
1471314807483551747
1471314625790574592
1471306725294686211
1471306717786902530
1471303388688117763
1471299325808439302
1471297779523678210
1471296952083963905
1471293891240366080
1471293651078696961
1471291133196075011
1471290000302092288
1471283557263761412
1471277979179405319
1471275351640739843
1471263240474611715
1471261698992611335
1471261013475352578
1471236547714318336
1471171332519829510
1471167225755222021
1471164490271977476
1471163255749939200
1471163253547929601
1471142247504637954
1471139851475079172
1471135861454430210
1471134156516040710
1471133018492342274
1471131955659821058
1471127923625136130
1471126692169089027
1471126685697277954
1471125918861066240
1471125763688566789
1471116928714350597
1471103243723833345
1471084882495373313
1471083612539813889
1471083243675865088
1471080159272792066
1471078291247226883
1471072551631785988
1471059771591589889
1471054501725425666
1471050409556905992
1471039415367704578
1471037754234470407
1471029716639313921
1471029138119180293
1471028368946569216
1471026612422332416
1471024970427813894
1471022649769820162
1471019031918362624
1471014951749775360
1471014139438927874
1471010794552709121
1471009286213890050
1471008561194934277
1471007145453711362
1471006571647832065
1471006568015560707
1471006521798512640
1471002248889061376
1470994670532497409
1470993937024303104
1470992901664489476
1470992165543170056
1470991236857167873
1470991149070315523
1470983159710117891
1470983151581544448
1470969337930387456
1470968174464040963
1470967799996502017
1471014476795166720
1471006417909780480
1471346968232280070
1471341706410930179
1471336572968574983
1471336380726841353
1471331419892830209
1471331418114441217
1471330284469567490
1471326635261456386
1471285203129835520
1471282200997892096
1471271115360112643
1471262594879029252
1471186962593636355
1471143783307771909
1471136460510167042
1471122778367545345
1471118132190187523
1471106325820030982
1471097577512714240
1471087878490845185
1471063858877911043
1471059415776202754
1471058356164988931
1471041367186960385
1471040909135388678
1471040159915200517
1471027733782216704
1471021967004164096
1470993958159278083
1470983237312794628
1471354113933791239
1471353902436024322
1471351976738766850
1471350907103186950
1471348425123942400
1471346366748106760
1471342212659089411
1471341819422142464
1471341581764415490
1471337285807263747
1471335697961259008
1471335546832048131
1471334318874243085
1471331161909518337
1471330108967305219
1471328497503117312
1471327696017891332
1471326846516019200
1471326738890170371
1471326403295526914
1471324373411766276
1471322582137774082
1471322005735620608
1471319472262709250
1471292177690947586
1471226049899888640
1471121544512376834
1471119781847699458
1471119487583735812
1471114830194958336
1471113963236638722
1471109395232686080
1471106558465478657
1471085721070960645
1471081886822723584
1471075559274737668
1471066449724653570
1471066266379055104
1471064509645160450
1471057523306291202
1471015830431272961
1471007050742132736
1470987613943197698
1471353476886458369
1471353143183114246
1471346432762277890
1471346430296018949
1471345621193801728
1471344334448447491
1471324039683575809
1471317280722022402
1471314456562978817
1471310275039006721
1471306249312489473
1471303267850223619
1471296035582480385
1471291748752117767
1471287711596118017
1471283938077208578
1471282984481263616
1471215844898320401
1471200192892264448
1471121344259493890
1471110686428172293
1471109025932607491
1471071570663718916
1471064995647664133
1471053115998629891
1471047507161477120
1471043984025817089
1471031490553139201
1471028543144411139
1470996727012290562
1470995243667374080
1470978112171118592
1470973924754165762
1470968114250760192
1471355165919698947
1471354836926877697
1471353887143596037
1471350168922451969
1471347982939267075
1471347903876644865
1471344349761916935
1471338807408533506
1471338760272965632
1471336805462990851
1471334282350116867
1471333345137102851
1471332819909685249
1471331890753728513
1471331099305398275
1471326678966145027
1471322687981043712
1471320669572849665
1471316999221350401
1471314451785662464
1471314145840619521
1471306253766840323
1471306251267035142
1471306247299166208
1471306245034311681
1471305550415597568
1471305455439777797
1471303440793948163
1471303295276781568
1471302810775945217
1471300470576758788
1471299132438450176
1471296303300636672
1471287591903268864
1471286885041410048
1471277194576019457
1471274731827388419
1471248705529339905
1471243197783232515
1471229420769845254
1471154289334702087
1471144421554941954
1471126813858574344
1471119048578514948
1471118525552947201
1471114255608868869
1471114075249659904
1471101555277324299
1471100403194347522
1471092995847905284
1471085226629632000
1471083868757237764
1471083047109881857
1471080744994889733
1471076588586373121
1471074062751322115
1471071721251872771
1471066492208701442
1471065015251869702
1471063370350534661
1471059089601884163
1471050606374649856
1471050597033910273
1471049907519860737
1471048082150203400
1471037777949368323
1471034809749278720
1471032769778118656
1471030721477320705
1471027341530841088
1471027259758690306
1471024286471131136
1471019003753631744
1471017928933797892
1471010098042454018
1471008866380906497
1471006909540941834
1471005840945852422
1471004007812386816
1470990074586140678
1470985617982967808
1470979650016858115
1470978043921403904
1470974406885355524
1470971800528261126
1470969958138056707
1470968674622214145
1470967398081576960
1471344821524746241
1471308343796899843
1471288547340554240
1471201494619750404
1471049904147492867
1471048609428750338
1471048607428014081
1471048604827537408
1471025576571904003
1471355566156963848
1471354861979537411
1471354053862969350
1471353081384243200
1471352852459122690
1471351632529354755
1471350896529317890
1471349586224566273
1471347232666357761
1471345485659049985
1471344996276002818
1471344899672850434
1471343832809701376
1471342075178205187
1471339966093398016
1471339271730593792
1471336093949693957
1471334352994795523
1471333871203471360
1471333603472666625
1471333521859825664
1471332477822062592
1471330953289101315
1471328601450549250
1471327138380804097
1471326301201911808
1471324876874997764
1471322754678853636
1471321388463976448
1471320221839343619
1471320083540500480
1471319504009322496
1471313352047489024
1471313256316760064
1471310332589137921
1471309318276460544
1471307298375012353
1471307090568232960
1471303259327385604
1471302721013645312
1471301807766851584
1471300973138100224
1471299808031752195
1471298820784881666
1471297642349363201
1471295814387466242
1471294680822214657
1471292820119953412
1471288150811049984
1471282006654734337
1471278042483871746
1471273852835536902
1471260665482399746
1471241992390598660
1471218205108555776
1471185155792330754
1471159988043149312
1471157387599880194
1471136044410048513
1471131906431283200
1471130694508187653
1471120122261606401
1471119184130195457
1471117676483256322
1471110260861509634
1471106786740486147
1471103592757030912
1471099694323433474
1471096849490612227
1471085171063463939
1471082350532444160
1471080881016086531
1471080248284311554
1471077777231138818
1471075238192451586
1471073862926286848
1471072413131501571
1471057508324319233
1471056737465561090
1471056107573448707
1471355825323069442
1471355374900895746
1471354288744009730
1471354231022141440
1471353629256785921
1471353386616295428
1471353165177974784
1471352941864837122
1471351982434574344
1471351884485042181
1471351728091979777
1471351469710270472
1471350735233191936
1471350216523538441
1471349089405046788
1471348847628537864
1471348672696709120
1471348610575044616
1471348283834437634
1471347313025060866
1471346814708326404
1471346434658037760
1471346224737374211
1471345543406551043
1471345089645408256
1471344173492027394
1471343757912014848
1471343146650984450
1471342715296047105
1471342449507258369
1471342241918504961
1471341764367634433
1471341634059227142
1471341387731947520
1471340701119963137
1471339872703029250
1471339813965996034
1471338059064963073
1471337408935317504
1471335488766476292
1471334403326443527
1471333724016889856
1471333602294067206
1471332267410681857
1471332049805983746
1471331282239901699
1471330834598621184
1471330517010116610
1471329808256835585
1471327628153876483
1471326487458447360
1471325562316623875
1471325145562173440
1471324517469356033
1471321799283470336
1471321704840392707
1471321512208572419
1471321318876336130
1471320180101824513
1471319767734620163
1471319688382537728
1471318782333181955
1471318741770141698
1471317720633262085
1471316733822603265
1471316201309622274
1471315852456718340
1471315769329799172
1471315574567288834
1471314107848851456
1471314031403094017
1471313668168052740
1471313138586832896
1471312082062696449
1471311624925450241
1471310742099935237
1471308862821056512
1471308822635433985
1471307188190597122
1471307003687440387
1471306586224312330
1471306585754378244
1471306577541931009
1471306057632808961
1471305583445753856
1471305077499437058
1471304738381578242
1471304601815040005
1471302667645370369
1471301996011405313
1471301854730469383
1471301621304811520
1471300342444793859
1471299821847728129
1471297937905004547
1471297882653270026
1471297291684225024
1471294361753194497
1471294273060413440
1471293898550960132
1471293871548076032
1471292134477426690
1471292126797328388
1471290738210054147
1471290492310622210
1471290130006622212
1471284653323554817
1471283080941879296
1471282732911063040
1471280887568289792
1471279682641293313
1471279227559284739
1471276388321660931
1471275720047353856
1471274789146791938
1471273571221598210
1471347083860869125
1471343949214224385
1471343430890450945
1471340227788566530
1471338615829499905
1471331134134886404
1471329775595634689
1471329237856448513
1471327326369574914
1471320055505776644
1471319665641025537
1471318642503524352
1471317851554267136
1471314996768305152
1471312617301966850
1471306154399580164
1471306134283689986
1471302991130988544
1471299968761696257
1471298930004553728
1471296225890619393
1471294238834905088
1471293689880211458
1471283129922973703
1471271671034048516
1471271524065632258
1471271271199436802
1471270555462471681
1471114249841758209
1471111116277174277
1471092862695526400
1471088155055263751
1471086221677895680
1471081656995876864
1471074272906907648
1471068473107173377
1471061129388388352
1471061048488722432
1471053118322327554
1471051228582875137
1471051006267912194
1471039244533596163
1471036779578884096
1471031178194944001
1471021701634789376
1471012618668179456
1471004074052972544
1470987799453048832
1470985218375192577
1470983892718866433
1470980704733306881
1470975311734968323
1470975096508456961
1470973411681718283
1470972841939980289
1471340852597297153
1471338632338309121
1471329389002461184
1471324569948491781
1471320199475314688
1471319427299741698
1471319303420997632
1471299623759200258
1471296694851493889
1471281117269397506
1471256097499410434
1471196645538762752
1471161216043081729
1471122108642050049
1471121861358469120
1471111893980876800
1471101198518288386
1471097697423683585
1471062052319870982
1471061134463561729
1471039911197216768
1471033007540617216
1471024511369682947
1471006539536240640
1470981101325750274
1470979023924654085
1470969717196148738
1471321655745990658
1471297178471522317
1471279695219998721
1471279570418470912
1471279752082169859
1471352288664907776
1471350381942751235
1471342192241561605
1471334312574291970
1471329004166602753
1471297468826472450
1471277413032095746
1471171785039265802
1471153773368123397
1471145379659800582
1471129768342949890
1471097936050212864
1471033465483137024
1471010406520950785
1471009447027916803
1471355417427001344
1471330112025022469
1471317921293123585
1471316191134240771
1471314367442341889
1471303164917784580
1471300276833464321
1471215908781654020
1471174546950475776
1471172647018848261
1471156237781716992
1471122824030867458
1471105641678708738
1471104956467871745
1471104045871865857
1471102958352072708
1471086238157324290
1471085486995243009
1471077935532498946
1471056010823356416
1471038481573072897
1471038480151158784
1471038459997343745
1471029336543272962
1471013784743342080
1471008965660086274
1470996682078765058
1470994116246786050
1470989426360651778
1471356811554869255
1471356392715915270
1471355279853768704
1471354942728257536
1471352138341105666
1471351887794356233
1471351458192924672
1471351012766060549
1471350182000283648
1471348904922808325
1471348838770167814
1471348435399839745
1471346358770552837
1471346080461647874
1471345564964904964
1471342200420114436
1471341848061001729
1471340120351514626
1471339891912970243
1471339671435104259
1471339301099085825
1471339251119783936
1471337906652389378
1471337575545593859
1471335911602499610
1471335190022660100
1471334796785684482
1471334789558931456
1471334299605499906
1471333436556206081
1471332300503715842
1471332200964493313
1471332162607583232
1471331279756955648
1471331264875487236
1471330717124628484
1471330104894578689
1471329570682855428
1471328620274610178
1471327985240141824
1471327495764865025
1471327251903909892
1471326640978292738
1471325907642032129
1471325446176268290
1471325440983777284
1471325286046130182
1471325096522354689
1471325073978056712
1471324856150999044
1471324724202377216
1471324630564495360
1471324350083055618
1471323938915450880
1471323214261280770
1471322778343071748
1471322774631157764
1471322737595469829
1471319916124856321
1471319582027628547
1471319343656955906
1471319332739174402
1471318529659916289
1471318419450384384
1471318230551564290
1471317988213022720
1471317968780886018
1471317695320576001
1471317508762132481
1471316814659416066
1471316643473096704
1471316573352869899
1471316414413750274
1471311149492621313
1471311074515251202
1471304730601156610
1471303998456344579
1471287933848064007
1471283821463015426
1471273438677405696
1471271336324390916
1471270352994979843
1471270105413824516
1471263158346027009
1471240899157921792
1471222124698165257
1471216858938359809
1471198391593943040
1471188748125675524
1471173278211338240
1471160291438129152
1471120649988952070
1471104602191773699
1471097598790434818
1471090536790441984
1471090337061879809
1471088929965105154
1471082112610897924
1471075542501761027
1471050136092479489
1471037856315494406
1471032624315449345
1471029183627227137
1470988839409782790
1470988626309697538
1471350071006400514
1471097527155888131
1471032655760162816
1471003407519420417
1471338487819292672
1471116361489285123
1471098568089870341
1471255914254520321
1471092283940356104
1471348697543761922
1471112117323386883
1470999155392671744
1471169633101103108
1471155167072378880
1471077836299509762
1471012444545847298
1471079899930632194
1471017123245789185
1471260574583439360
1471103595374256136
1471345334269796353
1471321381870583808
1471313360889122816
1471156377842118657
1471124024772071424
1471024733323874304
1470986008845897728
1470980768168042509
1471355633551040514
1471350001414524928
1471349999879397381
1471319832637415425
1471129597785763840
1471128727434063877
1471128436806586368
1471038392523579394
1471036005171957760
1471017341995474946
1471343763247099904
1471335779448147968
1471337385900134400
1471121923148972037
1471117367916711942
1471117131982860293
1471329146433273856
1471342892656435200
1471319348904017929
1471281964690726916
1471137622491754497
1471110568404611074
1471106038153629698
1470994788816093187
1470980320488935427
1470977399667888130
1471353105497296900
1471343890615529477
1471234471525498884
1471035652456083460
1471018943594713090
1471343880662487040
1471323504914010114
1471323014683762688
1471320872770150400
1471320773696516099
1471318169255960577
1471232178142937091
1471222543365251076
1471065809946435586
1471037029865586688
1471021696446394373
1471330400525979648
1471322337731485698
1471310984702672897
1471274628676919296
1471273373871316992
1471232316253122562
1471206627491684363
1471074472572510210
1471355824576479232
1471321793319215111
1470984023581544451
1471357679020904449
1471331138677313538
1471323249606729731
1471148834109542409
1471076259081842691
1471051821913296898
1471027079273594881
1471008172542664712
1470982875667316738
1470970910924435459
1471351184497655815
1471350337084612609
1471349357655986176
1471142301468487681
1471013330366214144
1470974906133528576
1471357121052626944
1471342646173962243
1471287414446432257
1471125762220584964
1470977699397218314
1471310673976369163
1471091160651157511
1471008497529925634
1470987235893780482
1471001900191338496
1471351857515745284
1471339471241039874
1471296121381089284
1471226220738068480
1471115274527019010
1471085728616435714
1471062345547845633
1471351511263301637
1471347473763364866
1471287448399347719
1471057764969373698
1471274899565998083
1471126039271075841
1471157254325870596
1471177261290188803
1471142728436449280
1471358395684831243
1471348687754260484
1471347236315426816
1471315777328271364
1471121131755036680
1471106406208380937
1471079037707632641
1471119288706600961
1471091565766475779
1471283789217218562
1471311027258073088
1471183844208300036
1471026730454302720
1471346897226919937
1471323724460670979
1471322940062900225
1471294060706951171
1471254511956025349
1471169962270027778
1471158600269586451
1471108160416931842
1471108118725595139
1471039383486664705
1471025531193749506
1470973890847338497
1471294956778110977
1471274256281456640
1471155423025664000
1471128762313936901
1471114065858596866
1471071513705025536
1471071509829406720
1471057031742177280
1471046317820440576
1470972446534635529
1471101796353384448
1471042128499261442
1470994090586083331
1470993421586210816
1471316098746257408
1471108215186202627
1471360872643584001
1471285479865667587
1471165206503952392
1471160474204917763
1471359947216605184
1471007881512120323
1471335696199655425
1471261297366863877
1471141371234840578
1471108132340310016
1471347073203138560
1471345419280011269
1471315974318141442
1471113503779921931
1471105030665084931
1471021123366236161
1471015929639231498
1470997178461999104
1471058647912366081
1470998272374304768
1471338142087086083
1471299038054076427
1471267662500032513
1471335938567462915
1471281413525753856
1471257728685252611
1471212672889024512
1471144273957457921
1471142165472370689
1471118369491357698
1471108350850965507
1471104081313689602
1471099609015484425
1471098572498038786
1471088660166877187
1471082151341096964
1471075642170961920
1471074433435529217
1471034582841507842
1471027517855191043
1471022422052638720
1471019637932392449
1470989496694935553
1471101073670557697
1471098943891075072
1471096960169824256
1471087369952501767
1471048777511309315
1471121930870611972
1471080695271329794
1471021680491327490
1471178346885107716
1471099963673169922
1471358695736950785
1471332316588904449
1471132127777361920
1471011894987149312
1471305972312203265
1471356374353264642
1471346798602063875
1471310680162590720
1471281657088921603
1471141749108084737
1471084974501556230
1471053145140654081
1471047290408165378
1471004886108033029
1470986497738215426
1471057911631605761
1471356739312226307
1471349591454859267
1471121118303965187
1471058997318877186
1471356653165441024
1471163859738116102
1471361068089761793
1471358224058052610
1471350210240532481
1471335339658670081
1471325582583468034
1471285622526529537
1471083509997441027
1471017227541385216
1470989516546535424
1471347364690481153
1471303789839749120
1471140209744318465
1471342792211255296
1471069499629604871
1471052692952739841
1471182247562596353
1471162624926650369
1471119971036114953
1470985427301453828
1470983439272742921
1471270004796452867
1471135781469048837
1471130499179429893
1471135352702193668
1471130344317284354
1471078292832751616
1470984111846137856
1471135023428296713
1470999078498541568
1471049759389478922
1470983890458140674
1471335364472152065
1471269904342867970
1471131875175383044
1471129680837156868
1471129651305013255
1471128902105919489
1471128825304010762
1471128455471239173
1471128455324471298
1471102854844669967
1471029535843909632
1470984845765472256
1470984732225642496
1470984020225789952
1470983365314551809
1471122380990795782
1471365357973635073
1471365167636107264
1471364667368820737
1471364477316567040
1471364299599740928
1471364140383961089
1471363927044866051
1471127455775662080
1470984467955077120
1470983125295513603
1471351592783781889
1471350579272187908
1471344742008979459
1471334159410819076
1471284417750396930
1471283047752671233
1471146092914167808
1471102814952718340
1471042486218866688
1471033495858212865
1471012340912967684
1470983061835681795
1471348605197815811
1471315659640360961
1471055519120977922
1471364161720360960
1471357548917760004
1471353083959537667
1471191463744589827
1471063301299732486
1471056795099566080
1471029003410546694
1471357280071282688
1471345957321142272
1471342108988502020
1471017279248736256
1471290210365313024
1471359294989758469
1471358073285402626
1471344055665582089
1471343151163998208
1471321191348461572
1471321012318867458
1471284502622183428
1471282990223220751
1471133488199831555
1471040273165680642
1471006221498867712
1471348747825156100
1471343895426461696
1471343863134834692
1471343848764837890
1471343804858855426
1471334857288519680
1471302133609758720
1471297849228861442
1471268339586514946
1471267607542059009
1471084235951722496
1471048432060014592
1471014408247648257
1471002495870586881
1471303139131224064
1471222378449436676
1471201705316524041
1471138124839350273
1471097734669029383
1471097617190817794
1471074153272803331
1471069861593825284
1471051791512915968
1471029226140696578
1470986846465237000
1471323350928531456
1471310622369275906
1471285798976712705
1471144950184042496
1471120367771025410
1471098373658660866
1471089829085528067
1471089376264265735
1471034671957831682
1471030193221365760
1471029529342713859
1471345790379429889
1471047906274648065
1471040883302690816
1470987440340942850
1470985937127567361
1470985486814515200
1471289640078348290
1471109649575284738
1471099426567438336
1471079603842158595
1471344545639985157
1471286987478863872
1471132197226700804
1471119320814026755
1471110200819998723
1471105631041953794
1471095888298659842
1471021675927928833
1470984773698940931
1471329365682122753
1471315164733460486
1471331506706472964
1471327013063380995
1471312165508247552
1471309132334391297
1471001401895501825
1471358318744522752
1471077773603082241
1471271127980773377
1471108418698162180
1471281337118048258
1471127611644383234
1471150982398504962
1471327302575288323
1471359646824685569
1471357703842717698
1471351521589694465
1471347782258593792
1471347408999124993
1471322982828048389
1471267220990795777
1471177394102833153
1471132871448481803
1471098665640943622
1471091722734112770
1471030682163970049
1471007435926106113
1470987955976413184
1471325228634570752
1471264183400472580
1471148061858566148
1471140186935357441
1471016955205222400
1471003055940255748
1471368649902489600
1471122500826267648
1471064099081449473
1471363474605285377
1471363301695451138
1471354910197575680
1471348260170199042
1471368244258742272
1471361146464587779
1471338907446890497
1471169713732345857
1471166252844417027
1471153135448047618
1471049387929268225
1471033800150843393
1471360438080180225
1471358088158408705
1471349139673812996
1471344271756185602
1471343838576799746
1471340936068145155
1471337801165656064
1471329525065682944
1471328839276109825
1471302949192142852
1471282924733415424
1471104342497239051
1471092148137193475
1471055830774542336
1471042318278946817
1471004807439650819
1471367301731524609
1471348765655068672
1471295837095350275
1471288584690827265
1471276465312337922
1471226951209603076
1471165733895749637
1471138185270870023
1471129130099900417
1471123058685476870
1471123055967563776
1471123023616905221
1471122998694268931
1471122583546261504
1471082704137383939
1471068168101580801
1471028635565920257
1471028516133040128
1471028514216312835
1471016258409689092
1471327838292758528
1471316397556846595
1471313892143874050
1471307290040954880
1471301248527650818
1471294439117099009
1471293176581279747
1471273272511660034
1471236677884538881
1471132321432494082
1471015743269400577
1471317730074652673
1471097771381833729
1471136349159784451
1471055180380524544
1471036411948122113
1471348879635271683
1471367910962565121
1471366785223979008
1471366279051153409
1471364947158335488
1471356795549487104
1471322063621136388
1471309830363119616
1471268765631320069
1471263771691651072
1471248167001739268
1471139927022735362
1471128443249049602
1471110269317173254
1471081255580028929
1471062908373114882
1471061611775291394
1471052773168844801
1471041486812696578
1471040160238211074
1471039783774220290
1471021668231364611
1471017511478980608
1470999967732932610
1471355875591966722
1471351635708284929
1471310593994854401
1471270448855846913
1471227013688090628
1471215498062745600
1471184258093891584
1471126060586573824
1471090272184389632
1471068901064646662
1471029759240904704
1471028297073004544
1471014013777498112
1471013255485145089
1470991897803964416
1471345368310845443
1471274381351727104
1471091045186170881
1471077126803656709
1470989992004444162
1470982764920856579
1469121020128727045
1471332914000322564
1471332324558008320
1471068073079685121
1471362473684979714
1471127926515146763
1471104657330036737
1471368182069751808
1471363031640985600
1471354178446381059
1471350281132597248
1471337370079297539
1471334014749315074
1471328545121071106
1471328285057757187
1471327841530757120
1471317178989174785
1471132533794357250
1471130250629242885
1471121361993027584
1471118032982347776
1471106546813714433
1471090553039175683
1471080930911526913
1471072336262545408
1471054309819355137
1471045832791453699
1471031084238336000
1471005343874437127
1470997244182609920
1469866037017333761
1469121015745679361
1469121011081617408
1468559810912088064
1471362394035130368
1471348822685073408
1471346489087586307
1471148432945414145
1471121099777708032
1471117142305095682
1471110479678296065
1471102917071486978
1471027491686912003
1471007116949286912
1471004052469153794
1470989802078044160
1471347778194313220
1471347744048443393
1471346351610871813
1471345865608421376
1471336824270323713
1471331565254766597
1471314185640308739
1471313298138169346
1471309767565922307
1471306019259109376
1471304405412560897
1471304281416372224
1471288874705899520
1471277765894684673
1471270304693374978
1471265595060486146
1471247338249154563
1471239680733503489
1471180019150077964
1471163547816116228
1471145074549731328
1471126830572716033
1471124471624790018
1471105110444937221
1471087172857917440
1471084305426227211
1471076772661936128
1471070480891318272
1471069969148481538
1471061327984562176
1471056765676630019
1471054995776753664
1471051135729295372
1471034495805661185
1471030430719688704
1471028743355318275
1471024660921815041
1471014374018105353
1471000240178094082
1470991739397844998
1471362299650666501
1471355168851587074
1471345305031360514
1471341569663897602
1471326741931036673
1471306619128410112
1471298177974210560
1471276847946100739
1471276575127576578
1471271166450941953
1471255649191272450
1471170915975061508
1471154112964497409
1471132119002869764
1471059626837757952
1471025396468436994
1471359363528884225
1471187148640591879
1471005558748561408
1470998831592394752
1470985442510073863
1471305371553648644
1471082721158041600
1471084753000419331
1471041529292595209
1471304971165396995
1471297628818141185
1471265834827874304
1471195552742354959
1471123982682230790
1471078991641653249
1471077505138409472
1471067778023051265
1471363068781203464
1471360940121952262
1471358979120844803
1471328457552326657
1471278120422416386
1471177453271805952
1471090923257749508
1471077416034615300
1470988264165281797
1470303681497100289
1471337942345936900
1471181658233532420
1471139390952931333
1471287010207809537
1471284511694635009
1471284184253493254
1471252142594101253
1471244662660730881
1471243818196340739
1471243492223434753
1471240524543631366
1471240059328204800
1471239527754727428
1471238751049302017
1471238061639929856
1471142459199483906
1471141552042901508
1471141079042822151
1471140177695309824
1471138449105113093
1471136239952662530
1471134900992446465
1471132412868325381
1471127978335621121
1471125885319147520
1471125272128675843
1471275187391717376
1471129886341275654
1471283049002258433
1471038567715536903
1471339748836839428
1471110686080004099
1471086116090515458
1471042964839223296
1471354890349776896
1471043086654398465
1471359095609303045
