1474226524177846274
1474225914279907329
1474225581608693761
1474223778989330434
1474222827045720064
1474221726900768769
1474213426645934083
1474208426381099013
1474207088452640769
1474205997006680066
1474204750895730689
1474204653474619392
1474204280793952256
1474204119405457408
1474202106319966209
1474199300334776322
1474198310000881667
1474196451823554649
1474195525616373760
1474194947674836997
1474194519105048586
1474192707123777548
1474192531420188674
1474190443910893570
1474190236536033280
1474190072396144640
1474189898823340057
1474189665058000925
1474189247519232003
1474189178053169162
1474189026714292225
1474188823781281815
1474187329770197002
1474186226563313664
1474185645719392259
1474185254579572752
1474183076175650830
1474183040674926607
1474182442399404036
1474179958138617860
1474177853369454619
1474173578182422539
1474172796187996164
1474168173100474370
1474167561319325696
1474165296634032148
1474160392339402752
1474159687708733455
1474158438103937027
1474157132362641410
1474148498865995805
1474143229847093263
1474139482290995212
1474136731603460096
1474133795288727553
1474130902909272073
1474128435991572482
1474120046695772195
1474092153127112711
1474082311792578560
1474077559717433346
1474075999310516249
1474074648891445260
1474074279415205925
1474071056004501522
1474069379818016795
1474068535500427274
1474064272032354311
1474063903306907653
1474059568191721484
1474057413481287686
1474057102767243264
1474056455128948736
1474054680015564801
1474050461451702279
1474049690219913220
1474048692948586499
1474045005048082433
1474027452821172225
1474021210660900866
1474017578905333760
1474017508575219712
1474015465282277380
1474014592766414850
1474012256006406145
1474011535307464708
1474011165319593986
1474009325525864451
1474007421173452814
1474005344946851841
1474004260471795714
1474003974084710401
1474003614192467968
1474000412717944832
1473999650713595907
1473998380384747521
1473997945229885440
1473994434777731073
1473992290037207042
1473990990989979648
1473990805215846403
1473990635262595076
1473988660324233216
1473988527150886914
1473988318375268352
1473986903460380673
1473986788578504712
1473985146986532864
1473985003222536192
1473982208499064839
1473979567412895745
1473977373594841089
1473972964223635456
1473972673432539137
1473972404670005249
1473971909096214529
1473970091104645129
1473968917404008449
1473968912706330627
1473968318365143041
1473967341901807616
1473960483631685635
1473959444383895553
1473959115219103744
1473958361158717442
1473956333703495686
1473955233164238853
1473953954677485569
1473950063013421059
1473949431066021888
1473946608249327617
1473941490556551172
1473940780687314947
1473940778338553859
1473939750981570562
1473938370099171337
1473938259138924544
1473937442868662273
1473936981331562496
1473936630838743041
1473936551121854469
1473933939672637440
1473931496754872322
1473931126980763649
1473930204317765632
1473929683943129088
1473927380506853376
1473926962611728388
1473926904612851714
1473926355897098245
1474223227475922946
1474223164334821376
1474219394062454785
1474218764119855104
1474214469337182210
1474214467755929600
1474207718030262272
1474206299902537730
1474199731744088064
1474199720310763520
1474196598921990168
1474193416636436485
1474192239010091015
1474190848736727052
1474188758794878980
1474188198188257300
1474165361662521368
1474161157388660747
1474157075827597312
1474124357991481356
1474105341092655119
1474100348918788111
1474097823796760618
1474093786305204243
1474073554412982286
1474054902292701184
1474050870056669184
1474041673021673473
1474022653518180355
1474019942781521921
1473983070260711424
1473982949494165507
1473978426633555968
1473976889920286720
1473976813491609604
1473966767395401729
1473957423593537540
1473957109264011267
1473956777007796227
1473944517447282690
1473931666121011201
1473930565057351683
1473929843234381824
1473929347878699010
1473922964508712970
1473914157028184067
1473906623571804161
1473902573463564289
1473898687323459586
1473895985998819329
1473889461352079363
1473888265874804739
1473887534501404672
1473885556073541638
1473868748238974976
1473866362401406982
1474007461405200385
1474005883071787012
1474003715291971584
1474003431576666112
1473994240141103105
1473983906739154947
1473949373058805760
1473936148527517696
1474213217660391427
1474211890045677572
1474210867201785857
1474203889721221129
1474201030753603584
1474200144107114497
1474198140987211780
1474187887478411265
1474187781622484994
1474179262458466304
1474121368950251529
1474108651937820678
1474068369989013504
1474034045436641281
1474030535068381184
1474027017704255496
1474011404650700803
1474009548595761152
1473993475553054722
1473990314729754628
1473972297610383368
1473970005821702146
1473964704087248897
1473957054750461960
1473955431596785665
1473952987101892611
1473948225950212097
1473945837210198017
1473904724545982464
1473903694278131716
1473891727727476738
1473887865050255361
1473875011567902721
1474218975416311816
1474206174048256000
1474205884355989504
1474155060930113537
1474056326783320076
1474025516550082567
1474015516503150592
1473971423559315458
1473963033848213504
1473950557148569601
1473945741160697857
1474228336675098625
1474213075280560134
1474200174398357506
1474199758067490823
1474157086812434444
1474011567377170432
1474010757171871748
1473995150783238146
1473945710982623233
1473944482806583296
1473939661445685249
1473931439670321152
1473931437749399554
1473931435731869700
1473930783677059072
1473929910972416000
1473907004489932800
1473889757327286275
1473866734062878723
1474228349602082821
1474227364150198273
1474226271911620609
1474225674655199233
1474224982775549952
1474220769710202880
1474214834182844420
1474214831364325382
1474212774519590912
1474207868945453056
1474205690554200064
1474205350760894469
1474202341377142784
1474201814882947073
1474195958703480834
1474187780884369421
1474186398588489729
1474178067593531393
1474165941994811410
1474153010792001539
1474152613071319040
1474152611154522114
1474119871164293124
1474112258162708484
1474092447991050247
1474074710342193179
1474066432707088393
1474027741414498312
1474023769911934977
1474019463791996932
1474013413101629442
1474002068792766467
1474000512869539842
1473999537249218561
1473993171893846018
1473986835823181824
1473986416673640453
1473978688249102336
1473975261599203331
1473968970302509059
1473955676137295875
1473954144272588802
1473952891761147904
1473938281955938306
1473921162224685056
1473921158453940227
1473920501126873093
1473917438982963201
1473917380040413185
1473913580776931332
1473907117136355332
1473904589132873729
1473902530673315841
1473901438187175941
1473896150117896193
1473892535848243203
1473890291417448452
1473886159247925250
1473884538166124545
1473880307250384896
1473878856956198915
1473876435735433218
1473875626599665667
1473875193147789318
1473873967697960962
1473867993239064581
1473866285960232965
1473677193645539340
1474225911784357889
1474222429157265409
1474217200479207426
1474200385950605316
1474189881555390473
1474165836843610131
1473895749922410502
1473891727341613058
1474222774994440193
1474220491153952768
1474218922417160193
1474215533063000066
1474210360756355072
1474210223862652931
1474209516929503235
1474207334792527876
1474207094379216899
1474205544919363584
1474202434117390339
1474197758961545220
1474196190942040082
1474195277439406094
1474194018837745669
1474192247688106031
1474191639694381079
1474183123541790740
1474182127998570497
1474178741354041347
1474175241903800321
1474173118969049111
1474172109303607310
1474165986060169236
1474158382139338760
1474113060247773184
1474068498074652676
1474063634217283590
1474041073907294214
1474040323005313026
1474038804352700417
1474036070413070340
1474032478264299521
1474015642617405440
1473999162236571650
1473980642865999873
1473973726840385540
1473973419095977984
1473964145678688257
1473956918871793672
1473948171457818626
1473947769232510978
1473947676832010241
1473938622285893633
1473938030050168832
1473937984424607745
1473934064394506240
1473929823890378752
1473929819754795011
1473928878213124097
1473926667756212227
1473918748071383040
1473910995206635522
1473910122921349124
1473909353354653698
1473903414027321345
1473900172190965761
1473893388474732546
1473891763081252864
1473887717201104898
1473877089619103748
1473870876860829698
1473869769661050880
1473869529214177282
1474227425076600832
1474224997660987392
1474222434467254272
1474217937326116864
1474217641728348161
1474215445389475840
1474215389747838976
1474214972011941892
1474214715144298500
1474213034411413505
1474212505283088398
1474210170590928897
1474209701327900675
1474207148674457600
1474205987993120770
1474205940270440448
1474203968293130243
1474203962207309826
1474203182599323648
1474202538651967489
1474201913822380034
1474201393435078657
1474199645899292672
1474199589884358657
1474199575254605827
1474199412817620994
1474199410615590912
1474198942145417222
1474197150481354771
1474195464710885521
1474192894961487880
1474192296677576720
1474191055306199061
1474189130057850880
1474187156511887378
1474186814151970827
1474185745803866113
1474183548387037201
1474183412067885057
1474183229897080834
1474182933279772684
1474179224814899200
1474175489526829074
1474175220617342977
1474174802931773457
1474174685164105731
1474174533292552221
1474173867320963083
1474173254860304421
1474171675550023680
1474169797843689472
1474168903999713292
1474158982042251265
1474155540955627520
1474154865207115777
1474154797221572618
1474153237309583361
1474149841533956102
1474138988147458065
1474137861561761795
1474136513084473367
1474133315770728465
1474130508401373184
1474100052410855425
1474085899516485639
1474081296527757315
1474075619113639940
1474071750287642626
1474068380994850829
1474067179356114968
1474058461918875653
1474057846547369984
1474052752414154752
1474051826068512768
1474049272068911113
1474047085964005376
1474046484366589956
1474044920545484800
1474043778394726402
1474040550105894915
1474040492702638082
1474040029164937216
1474035837411069952
1474034998181199878
1474033926964330505
1474032830724280323
1474027053087215618
1474027001472114689
1474024734455218182
1474021321902223361
1474020696653139974
1474019907503333380
1474017118995705857
1474015809525714949
1474015533934678018
1474014608037859333
1474005882610483202
1474002528345870339
1474002475401105410
1474002163114278915
1473998660832677888
1473997920479289350
1473997191790219266
1473996731217940481
1473996389893869573
1473996288853041152
1473994706333749250
1473994391538659328
1473992553317888001
1473992164573024257
1473989259501604865
1474223157749846021
1474222745030311938
1474215426468974596
1474211965157269508
1474203106380431360
1474199814464172033
1474192108600791044
1474188193469665286
1474182856654360578
1474176872200114179
1474168986908520463
1474168608712531968
1474160033885614101
1474108208319016966
1474084464166768653
1474068400489959424
1474059905023692809
1474051465987571712
1474051215629512704
1474050378647760898
1474043800834113545
1474035334887346178
1474034260352770050
1474023450914086919
1474017866403876867
1474016539888087049
1474015677044326406
1474012768818790405
1474011625430519813
1473998762024464389
1473996073257603077
1473995400981843968
1473993764033077250
1473993484470132741
1473992614252666880
1473992252217200644
1473989508437708805
1473989274982703108
1473976231074754564
1473974685507338241
1473973587262402562
1473969730029555719
1473955309676687370
1473951532517236737
1473943544133914625
1473940677931143168
1473939611835535360
1473931532360245260
1473927015887740933
1473919041815212034
1473903119138705412
1473897907686309889
1473895121695346691
1473886322636955650
1473885470589288453
1473880303676522503
1473867457005641730
1474227566374391812
1474226759067324416
1474189364267679746
1474188720785952769
1474156343237832708
1474154367016005635
1474064070517018639
1474048346117447681
1474046660942565378
1474045725965111299
1474030300690669570
1474028798915997699
1474025780963266565
1474025156917956608
1473993528409735173
1473988973324161024
1473964456547799041
1473953041644617729
1473947441263046664
1473928016103309314
1473922229473714178
1473921914611458050
1473916268117778436
1473887973397594114
1473885867676606474
1473875901205020673
1473875899732807681
1473874418539503620
1473969562861277184
1473902324317712388
1473913438933979138
1474213047862398977
1474206802040393728
1474203712893566981
1474137930260119552
1474089528126181376
1474021257435697158
1473982730790572035
1473957101579821056
1473933744071319553
1473912255884369921
1473879320133206016
1473876816012066818
1473876095606820864
1474222436203655169
1474207783792754688
1474205503949574144
1474203566591987713
1474200104890355714
1474199585501290496
1474198581506678786
1474185142377746451
1474173331649622023
1474138372893392904
1474124885790117888
1474096394973716485
1474076730742620161
1474063665251119104
1474053603149041665
1474047136119476224
1474043550715158528
1474038759242956801
1474032928862531592
1474031413292716035
1474030629373186048
1474026777592799232
1474012162804752389
1474006957350551553
1473979605518221313
1473966224484696066
1473954151797116934
1473941684316622849
1473936027899154433
1473929411250454529
1473926236506234882
1473921854368718850
1473911942938988544
1473906797635198976
1473897691713134592
1473876681173569541
1473867203250294784
1473628199137386498
1474221775210696707
1474221269415514115
1474205760032677891
1474205009499897860
1474203172042387456
1474194257397256204
1474191102609559560
1474186828978688004
1474185575913590785
1474183301992648728
1474173841278529566
1474172177419104261
1474171386482421779
1474161333096620032
1474148001606090757
1474147978365452314
1474085058663223309
1474059768021286914
1474030408262029313
1474025055961202692
1474016705437650949
1474013541355048960
1474011343388696589
1474008081667289090
1473999337881575432
1473986329172066306
1473973743059804166
1473969137080836101
1473944140895252480
1473932560602480641
1473930649996185600
1473928602257293315
1473925884981637124
1473925630081130497
1473923469742018562
1473922937220571136
1473922657548570628
1473921160496627712
1473920410253021188
1473916555092115457
1473915388849111042
1473913453056118786
1473906468134866949
1473904913444794369
1473898166189641729
1473897998635597825
1473875898025725952
1473873959472930818
1473867485157859328
1473866686038036484
1474167550871318528
1474165021693210642
1473977309321330689
1473889350769262592
1473883076581203970
1474009901357670405
1473938868600668171
1474222677858549767
1473868119118516224
1474197051340591117
1474012897483235332
1473930775384903681
1474177455535525891
1474221175978954752
1474218964058198020
1474218251320061957
1474165342339362827
1474162085923753985
1473980874181861378
1474219590766891012
1474209531982856195
1474191826856808470
1474066262300905487
1474054279937757188
1474040668322349061
1474040240641769480
1474026282383917061
1474024939904651264
1474014878461358081
1474003913523142661
1474003832640204800
1474001087883452419
1473986993986039810
1473982668526141440
1473980553338572800
1473956504520708097
1473907376936091649
1473905261450457090
1473889900621565953
1474042482367234049
1474018009245122561
1474013629972320261
1474088921399103498
1474049143060381701
1474048653404766211
1474039821081317379
1473998521304973320
1473977188336615429
1473950592099782656
1473948709125701634
1473893680477970432
1473871633077006342
1474191878824235018
1474071337127714816
1474038927816204291
1474016164040769537
1473976652480724992
1473974511619883008
1473952047254818818
1473946398257074176
1473930861334589440
1473916086420586497
1473986742772396033
1474038218840444928
1474085302981431301
1474013999729557506
1473908506612883462
1474111645932679170
1474047476352962562
1474029193792950274
1474020322361806852
1474116276188499975
1474044131341058049
1474000367046168576
1473998916697788418
1473998066684366852
1473906686293274626
1474232256071757825
1474175195468341248
1474045052104048645
1474034674104029189
1473973189852028930
1473917128147226624
1474231757847232513
1473907831057182721
1474047780687519750
1473956814349733891
1474177056015486981
1473984665887248385
1473967614170787842
1473967189585661953
1473961639569362945
1473918846582996993
1474220244587540484
1474219224822206468
1473946548207710208
1474214135948664835
1474190261798408209
1473999876874665990
1473990764732375040
1473975357841674242
1473957234962878465
1473957106701115395
1473911228145692673
1473907005920210944
1474190855963512853
1474044291786108928
1474010358805254144
1473974068256784387
1473945502790012932
1473880232922808322
1473953215561363458
1473910828453662720
1474215442264707075
1474000899588513793
1473997332769214464
1473995475753701376
1473874815157039105
1474033284749225992
1474105792731095041
1473875095881859076
1473876932332720131
1473932676864233473
1473932149057146883
1473931906265747456
1474130537832857602
1474033303292313604
1474031549318254595
1474026531944943617
1474026483412713476
1474018687078178819
1474007455663214595
1474001944540696576
1473996169441263619
1473992863834775561
1473983113214582788
1473971845405675522
1473945846055985155
1473922444113022979
1473903699130916864
1473903650510499843
1473884749399674880
1473937324043956225
1473889750679384069
1473883111544872962
1474024632118247430
1474006237385613324
1473898287564398592
1474232072336134144
1474198184880603138
1474004223511523328
1473901364371591169
1473944846268186625
1474196173569232907
1474168761238188034
1474152845284974601
1474097872287109123
1474031359542714371
1473981979074859013
1473980766480584704
1473973150048083971
1473949255144407042
1473899723585032193
1473880347649527810
1474157379017056257
1473877002763444230
1473879144249249799
1474016082738302980
1473927748926283778
1474214501385785345
1474165697227812886
1474030557763805187
1473927987951112192
1474204458506620928
1474203571272884225
1473983970710732802
1473927716273537027
1473927701283184642
1473897818834096131
1473896330112106496
1473884421757423617
1473965330250670080
1473912283017330690
1473907145150062595
1473994334118629384
1473947014429696003
1474043892974514179
1473976581303373824
1473903679581286401
1474223040871297028
1474103672464306176
1474115864957906945
1474115347246575630
1474115212651360260
1474114646940413966
1474114246199767040
1474106020918030350
1474222942649155585
1474222690873458689
1474184136168411151
1474104972593618945
1474104816926298115
1474104548503416842
1474104387828023298
1474103591077965824
1474103153830227993
1474103153524043795
1474103152437719055
1473988119569395712
1473987976464302086
1474214909432926211
1474213321536524289
1474209881179627520
1474183130915356673
1474152918395850752
1474061470304374784
1474020595935297537
1474001979718307841
1473972424710385667
1473952773255294976
1473952285491273728
1473941678843043841
1473918399130439682
1473914064690499584
1473911314653204481
1473903939653292034
1473881141975289857
1474178920983326720
1474160966237450256
1474038540912807940
1473955192336883712
1473924238205722626
1474014806197735425
1474196240782954512
1474042062580322311
1473979923781996546
1474031935391342601
1473948951770402824
1474194402012663831
1474194251839803411
1474119144257712144
1473972767385010177
1474032345137041413
1473993807095996419
1473960672807428099
1473906685571833858
1473903747566759940
1474224331035377669
1474211776166195202
1474211608586948611
1474211406773833731
1474155252311945221
1474128925429276681
1474117767850717199
1474072944963850240
1473977469891792900
1473940247733956613
1473916190619627521
1473914864389165057
1473914205342339074
1474213513048559616
1474211037243133953
1474199518694445060
1474199045388206080
1474184544995610635
1474024612010758146
1474010720928862215
1474231888151650306
1474190747242958874
1474020199787417603
1474173880952451085
1474197367263957003
1474182407884398594
1473989894691192835
1473984649865031680
1473963191604375552
1473942753507610626
1473942677452255236
1473914640962703360
1473914586617184261
1474222300933226497
1474181056668397568
1473971082390474753
1474149801503510530
1474135025134157837
1473974489469706245
1473913187141447681
1474230722084818945
1473955923311747074
1473943686354399232
1474222469061873668
1474031341238841347
1474030205710712835
1474029860687282179
1473991750410596353
1473885498795913216
1474227323276652545
1474198749781975042
1474172910013018139
1474152406552178695
1474151263881228288
1474034627278868481
1474009448209272837
1473996482298535939
1473987625761468417
1473968084230803459
1473967592465330178
1473962422629113863
1473925749677588480
1473923889172385793
1473913689841434625
1473906066383523840
1473902111926546433
1473883285767946242
1473881441167568896
1473880375667662853
1474231320087707648
1474219598115323906
1473936363208646659
1474201713187774464
1474178795468824578
1473914112904097800
1474234395095494656
1474220628659949569
1474216987924459520
1474160005456621573
1474003943181402113
1473968891911028738
1474170635802669057
1474031737034481666
1473997356018245639
1473986464526397447
1473947376721149952
1473946508059758593
1473943064775254018
1473919096353792000
1473909992658911237
1474077204883542017
1473891415331459072
1473890264854904832
1474000567454162945
1473966215596949510
1474080970735161362
1474040555440984065
1473908834624147458
1474219835634581506
1474007334535917568
1473918475655516162
1473917026678702080
1473902814099226625
1474235735511224320
1474202569085915139
1474185670289625096
1474163481028935681
1474106145149112321
1474084532802359305
1474040848941649932
1474018098285998082
1474008289952165892
1474007938796691456
1473994039812788225
1473990963898978304
1473959922744250368
1473955641089613825
1473954484388712449
1473934409849995265
1473918320235532290
1473917459899904000
1473916579725250561
1473913658363158530
1473799175359778816
1474239323935592448
1474121050980036611
1474104349202829325
1474079940945448960
1474030459872890880
1474023215131336704
1473980849578074117
1473946855260114950
1473934304841388032
1473926511182770177
1473925734196400129
1473913781361152000
1473910271408181250
1473904106007785472
1473894717834207236
1474047545739411459
1473949248572076034
1473943266554900481
1474219331097489408
1474172888567541764
1474027567267020800
1474223429968482305
1474215482722963456
1474176840608944128
1474171558784806912
1474171252516749313
1474154484624289804
1474066721392644112
1474056262576853002
1474044769596624897
1474015752663408643
1473999931656458242
1473964830990028800
1473956950450704384
1473885155181797376
1474232836387344389
1474222331274817537
1474212269902860289
1474208227613032456
1474207146464006146
1474187138300219403
1474174906795323395
1474066378206302239
1474036119578693634
1474010043569737731
1474008898323435524
1474008547847393280
1473997622964744194
1473993417621450759
1473992929274433536
1473991362051657730
1473984644714414081
1473982551039492098
1473980420081340416
1473969734806695937
1473963966493720576
1473932783709933569
1473925432575598593
1473921270391529478
1473916034507677696
1473915674934145028
1473915331441692674
1473910209533726720
1473886225685569536
1474212063035617282
1474204855178694658
1474179625685114882
1474167109319946250
1474167103909294128
1474164884711436322
1474163823401586688
1474104083766292482
1474103417412800513
1474079884733386757
1474076900813414413
1474075211020615681
1474043515311058951
1474034620798672896
1474034593929912321
1474018102035697667
1474018100202782720
1474017888189042693
1473988837298761735
1473988754507403264
1473988123885408257
1473985183409852420
1473984874776203268
1473952987605200899
1473941518255747078
1473917336289570817
1473901757134630912
1473897702907809792
1474240570889412613
1474235135222505473
1474212336277749762
1474180523094261761
1474052076611129351
1474026765580341251
1473958521339215872
1473936813332963339
1473898877845577729
1474010724468871169
1473959930935738369
1474207446109339650
1474201271057846275
1474150312319594496
1474063776047517706
1474018642786357249
1474004748332273665
1474004229111091202
1473989144095297536
1473954171082579972
1473950555340955659
1473937205999517697
1473920138873212929
1473912197990338561
1474188130349563905
1474176678972723222
1474034588565393413
1473998718403706881
1473989177649684481
1473943223676510212
1473933429083455488
1473884298931576833
1474193179171721236
1474193175916941343
1474210699685498880
1474003268485324805
1473904649899888641
1474152746538266629
1474151759387901952
1474033680863531008
1474013942166933504
1474001423972982786
1473955288558542851
1474193224755417095
1473885538100805634
1474071301618749441
1474124345966411802
