1465889730327764992
1465889305339908101
1465889025588219909
1465885053964017665
1465878630702194691
1465878343195136002
1465878277692616706
1465876819890950144
1465874789948485636
1465870347983413253
1465867729190080515
1465863829959577604
1465860763659104258
1465859591661522944
1465858598043455493
1465858355256201219
1465857159640408068
1465856668290326528
1465853302021652491
1465851893674962945
1465848212707635202
1465848092687806464
1465843064262385681
1465841055719309317
1465841037155332097
1465840350912606211
1465840132003487746
1465839115631423492
1465838972261654536
1465828264803385346
1465827226830577665
1465821961372585986
1465821616126902273
1465810698563293188
1465776235582218247
1465771688025477123
1465751127492730883
1465737221668052995
1465724820943880200
1465724277521465345
1465724041642135552
1465709566079881216
1465698760055398409
1465694797146955784
1465693405661462541
1465692764931194890
1465692024913346563
1465691607651405829
1465690004139614217
1465685945106063362
1465681856079167492
1465679211050332160
1465677577285410816
1465675624383541250
1465672666417807361
1465670952050577416
1465670775197732871
1465670614790725632
1465667168201109505
1465666660623257604
1465663118709690369
1465660978855514116
1465658688690012160
1465657742773796870
1465655823128879109
1465655802606153731
1465653183015895042
1465653084642689025
1465652983471898625
1465652789548236803
1465651948506341380
1465650112118476801
1465648818251206660
1465646649351364612
1465644005073375235
1465642737206640645
1465642597913751552
1465641962141196289
1465639126460370946
1465639092146696194
1465637344057327621
1465636832440303619
1465635367076315137
1465633213309591556
1465632730004082689
1465627059888136194
1465626658979778564
1465623380313337856
1465622280747192321
1465621968342843399
1465610822965608448
1465610256382251008
1465608533383127042
1465605508945956867
1465600236580003841
1465594983256317960
1465592948821618691
1465592829829206016
1465591916301459458
1465584430169296898
1465584144918855682
1465578945466699780
1465577726291505155
1465577437622792195
1465575928885497856
1465574960076705795
1465572893933203461
1465571998285762564
1465571257554915329
1465568669971275776
1465564755846844416
1465564508995284992
1465563753781493762
1465562426972139522
1465560489979645952
1465560298039885825
1465559854601232396
1465559449699897347
1465558633752584192
1465557465940967431
1465552248205807616
1465551916084043780
1465549794957414400
1465549091358666754
1465548016027271168
1465545344008134656
1465542589130555396
1465535089211686912
1465534620196216833
1465534427355037703
1465534010361188356
1465532715642470409
1465531871832514569
1465531211837685766
1465729660961001473
1465640679434960899
1465610325407854599
1465893408673837058
1465893066967977989
1465889293050671107
1465887698892181505
1465880618189799426
1465880116353929217
1465876629360570376
1465876547055677444
1465876016749072389
1465874726010580994
1465871764676759553
1465871668375691266
1465869317761687552
1465866992817086469
1465861125904293888
1465860618712334337
1465857682582081537
1465851938277191681
1465851003513671684
1465850662257070082
1465849192367083520
1465847608480452610
1465843523249491968
1465842630017773573
1465828858116984833
1465827132475469825
1465790858339311619
1465767530169962497
1465748377140744198
1465745785778159622
1465736046566469632
1465730941976907777
1465721017351819266
1465716446512644108
1465715479322914827
1465712232210350080
1465706489713086474
1465701187517247508
1465698997725634561
1465698339689664530
1465694937182203909
1465693497789349902
1465691971335376898
1465691705831657477
1465684996312559618
1465678834078937095
1465675164914307072
1465674013783388162
1465671390607011843
1465666716608839684
1465660315790680067
1465650797488730115
1465647416435097602
1465647281462460416
1465647042361839622
1465646542862184452
1465643994977685508
1465641683979104263
1465640745335934980
1465632448037855232
1465630688091074562
1465629816099536903
1465629520724041730
1465628626578120706
1465625021020196867
1465624897716031496
1465621631976415234
1465620539632865283
1465615840775081986
1465611626757824512
1465610460183605250
1465607881449820166
1465604629157187585
1465603339735822339
1465600169391669257
1465599742180610052
1465599495530377219
1465589823327006723
1465589819015188481
1465585955578937347
1465583267977969668
1465582301853540353
1465574488389537794
1465573737147731972
1465570975450230791
1465567182570414080
1465566003664990208
1465565821271351297
1465563346887839753
1465558758210215941
1465556264906153984
1465545014998560769
1465544581106192392
1465544149126443010
1465543763418226692
1465543035429670920
1465542610487967744
1465539949839597573
1465539805379383298
1465539424461025284
1465840917307219968
1465687647553159174
1465609712360034306
1465594910661177345
1465593936202788866
1465575465507192835
1465536286769356800
1465536225343795200
1465535161613922307
1465875500325343239
1465853351661223936
1465852838928523264
1465852823292108804
1465771977474519041
1465751348129894407
1465681767168421895
1465634959666790402
1465594908014628864
1465593932180459522
1465592634399858688
1465591121703100416
1465582569844477954
1465570467750711298
1465551285776568320
1465545188596609024
1465538761199001601
1465892949229654020
1465851842965880838
1465673110334570506
1465637250301972481
1465620976209649666
1465615405494378497
1465600001610973190
1465593934306889728
1465578602301308929
1465566668122255360
1465553566249062401
1465549803085983747
1465888242901741569
1465870634882191367
1465866723974791181
1465864981631492100
1465863287401295877
1465850131786338306
1465839574773424128
1465839436000739329
1465833774109773827
1465827491566686208
1465660852783271939
1465655362971832325
1465654474517536768
1465653217040027648
1465641481553604608
1465641356253175812
1465628686837698567
1465625400885661699
1465616880962469892
1465601863995121668
1465598122696925188
1465542230207176704
1465892852261523458
1465892436270452740
1465885979626008576
1465882494369034248
1465882328605945857
1465881956671901702
1465881718200541190
1465880551634587654
1465874283020701696
1465874120273399810
1465873681029099520
1465873047085215747
1465871302946742277
1465871207341834245
1465868610253975554
1465864488737984514
1465861971652141059
1465858728658276352
1465858189144977408
1465857517666381825
1465857466860638215
1465857445385760773
1465856949300305924
1465856843473993729
1465856601269567488
1465854110515617799
1465853919263789061
1465851624627134464
1465845224404504579
1465843388658249728
1465841512168636417
1465838797082423296
1465836032230785028
1465835239326978049
1465828787338113027
1465824150346371072
1465822122194833411
1465820859201769480
1465794373535223808
1465754017527599105
1465718029099040769
1465695953621434384
1465681668547571712
1465677514227929091
1465674616689496075
1465667103789178886
1465665943007215617
1465663430002577409
1465658727906770949
1465655907690287105
1465654416002846721
1465654175602135041
1465651172404961281
1465638804681723908
1465626604789370883
1465621676398465024
1465621444168085505
1465619226865983493
1465616840558665730
1465612171736350724
1465600515459272713
1465596889575743491
1465595724079329283
1465594984514539523
1465591545864679425
1465589631592763392
1465585047390490626
1465579296026628098
1465573744785592320
1465569826559115264
1465563699075174405
1465551854125809664
1465549391532466177
1465542701483368448
1465542227443159040
1465539479041572870
1465535293235208196
1465534421650477056
1465532498109075459
1465531715024142342
1465880419073548292
1465877313707462659
1465861976748294151
1465854790366228485
1465851946351222784
1465827076322193409
1465825994070134786
1465708945448706057
1465690044631453696
1465680422839500809
1465668275463811073
1465665034273443845
1465652795030196229
1465651560147525636
1465651520976814083
1465649962910318597
1465649770513403909
1465648973528518658
1465646353451675652
1465643912165412868
1465642990018330629
1465642591777529867
1465641127357288449
1465638938710736905
1465636484254339086
1465636018132901897
1465634944558907392
1465634595630563337
1465629409776267273
1465628451797307397
1465628436542607365
1465628435154300928
1465627845862981640
1465627715730493441
1465622734080077828
1465622531952414724
1465622007270105089
1465621764336013318
1465620204122083333
1465619387667255296
1465619316519288838
1465619140731813893
1465617431477436423
1465616527684616196
1465614429060435970
1465607324958027779
1465568854474575876
1465881845002752002
1465877168588673024
1465875558336655360
1465874061054017537
1465873233161252871
1465870011608625156
1465864714550865924
1465862803995041792
1465854171182026757
1465849944867172356
1465838492395573250
1465795070079033347
1465727730645803012
1465723587138965507
1465709088071831555
1465691316763774987
1465680857247617031
1465669467048800258
1465663853790777346
1465660112069021699
1465659447720636423
1465655865709510661
1465651935155916800
1465651784689467399
1465639818637942788
1465632874183286787
1465628910872186880
1465627282291134468
1465626597763940352
1465620475216728064
1465602746476756997
1465594912812851207
1465593938090229767
1465586521919029249
1465576343672963079
1465573576656842756
1465570406253809666
1465570086593318919
1465568364030414848
1465567355480596488
1465562448023277569
1465545723773022210
1465539952519921665
1465539730188079109
1465539110878126081
1465534104514936833
1465532013079773193
1465320376934625280
1465893668817145858
1465893466659909633
1465889827438489601
1465889778092679169
1465889728109039618
1465889137525809153
1465888699007209474
1465888471508156422
1465887982745833480
1465887688356077569
1465886622289858562
1465886538663743490
1465884795909459969
1465884401791684621
1465883264703336450
1465883186039177219
1465882075953725442
1465881738895187970
1465881114124292096
1465880565454880769
1465879673586421767
1465878569586855937
1465878379551363078
1465878066958274560
1465877828746895361
1465876889709342720
1465874574461992960
1465872609682227202
1465871501744238593
1465870429290074123
1465870305419689985
1465870001852747778
1465869612336119809
1465868954459533316
1465867058638249990
1465866764865064960
1465866021730799617
1465863396037840899
1465859338258452481
1465859005843054595
1465858053207584776
1465857681600745474
1465856185765023747
1465855780716900355
1465855520355405824
1465854683528925190
1465854423008116740
1465854315688456192
1465853933914443779
1465852962543079426
1465852854921355276
1465852386602209281
1465851950042284033
1465851440467873792
1465850664521662471
1465849686699364356
1465848637510934529
1465848052443271173
1465847008699162625
1465846937668653058
1465846693669179395
1465845294491443205
1465844854055833600
1465844654943838208
1465843149637488647
1465841513103953923
1465840483913977857
1465839203476905986
1465838067554549763
1465836793786478596
1465836716183277572
1465835655015976960
1465834762669461505
1465834415322320905
1465834415003635716
1465833027804831756
1465832819142193153
1465831756582428672
1465828506722467841
1465828205378502659
1465826111233794050
1465824809942589446
1465824727612624898
1465822675184467973
1465821516692529156
1465814912177881089
1465800967497162752
1465799954228658176
1465780206417813505
1465776401378910224
1465773647927427080
1465769989269381120
1465743777880965126
1465737101064826886
1465727547514101762
1465723647818022914
1465719605045858304
1465719289797771270
1465717591121354753
1465717256147460102
1465714155919339521
1465711165556748293
1465709001379745803
1465708667102138374
1465705422002610179
1465704119427993601
1465703147666493442
1465699773613166598
1465695935434948614
1465693870058983431
1465687906438115330
1465886658356670468
1465875808967221252
1465874981737287680
1465874716388851713
1465874032780144645
1465873579891777540
1465870355646455808
1465869570657320960
1465858193993580544
1465853963664695298
1465848618099769346
1465848358434529281
1465848277396459528
1465842736699826176
1465834242928119808
1465833599677071360
1465826838966464515
1465825868937248770
1465825657963761667
1465825518339588099
1465825404879400960
1465773289607995392
1465763078012735488
1465735277247299585
1465725009075191814
1465722545764589572
1465706400122761219
1465706107939135509
1465684242705240077
1465681812735225857
1465681452217995266
1465680141124657159
1465671581259079684
1465667186110857220
1465663470536310784
1465661615315947526
1465654418179702787
1465652497658400770
1465642103225012226
1465631865310629889
1465623079745298435
1465619059735621635
1465617919275003908
1465611682172977152
1465602660409786371
1465599384012267521
1465598696696217604
1465594235105603585
1465588479434264580
1465570354680631301
1465568238876577799
1465567974060814339
1465566798506446853
1465566181197172743
1465564083848052737
1465563739139100673
1465561078784401412
1465552280258637826
1465544744952479744
1465541367908601858
1465536912651784194
1465144697278533635
1465891754960306176
1465866000679641090
1465835727703347201
1465834264977559555
1465823794744881156
1465727026250223621
1465726291722833927
1465721349553344523
1465716578528346122
1465695752563220492
1465682795485822987
1465669614495428620
1465666055821398018
1465654331907006465
1465653574281535496
1465652176185815050
1465649057167118342
1465640083524968453
1465637073445015564
1465631271380344837
1465616490887929864
1465602489923751944
1465599242496458755
1465597684446756867
1465592339062149126
1465589738543333376
1465536546153512963
1465868963468828676
1465852307946414082
1465839340538318852
1465707807710212110
1465700465820135429
1465650009202782209
1465611573230137350
1465832255876579329
1465705355992715266
1465685154773434384
1465652605317746688
1465599680637636609
1465569823417520132
1465539454064492546
1465537072656424961
1465891156638638085
1465886292877606917
1465872605940903936
1465872141123915776
1465871060121706507
1465865095091830792
1465841083951181826
1465830425650032646
1465824879152812035
1465722712052027395
1465678237883781121
1465674333980807173
1465674022071377921
1465673535926390784
1465671520760434688
1465670596709126150
1465669420584296448
1465662822562484233
1465659592847675393
1465658614664687617
1465654842622296070
1465652328942342148
1465645845999538180
1465641167740096514
1465635645557133314
1465630798980124675
1465624855852642304
1465617891756109829
1465617086487543812
1465598478474752000
1465596394098462721
1465591434602586116
1465583561642110977
1465580728100425732
1465573747281129472
1465561171088404480
1465546410992947205
1465538427613450244
1464832619510583297
1465708171352174607
1465686478961270788
1465613977333878791
1465592853355057152
1465584229983526914
1465846616452075522
1465803643991429123
1465821568425086976
1465730257885954048
1465632690590208001
1465554407211241482
1465605166065799170
1465810802024202243
1465588676331663360
1465876266247098373
1465707009462788105
1465581280997691394
1465596873972989954
1465875500782403587
1465865550500749320
1465828071861227524
1465597366002540545
1465894883030355971
1465893829337182211
1465696078586544132
1465695357904429065
1465566526535135238
1465874073842438144
1465853668884766720
1465877312184848384
1465846317268168704
1465667640718811140
1465635055691124741
1465549541990539267
1465622187960770565
1465651318433800194
1465648560435699716
1465540702935257091
1465872564178149379
1465857401433645060
1465842988358135808
1465821035261878272
1465710034847866890
1465684567604359190
1465599040695857154
1465592608718090242
1465549162288541705
1465544214628892672
1465894871772766216
1465699686715559942
1465669028861546498
1465567486934351872
1465562687769772038
1465863317956829191
1465858504934277124
1465862468513710091
1465861354179420166
1465858899462995969
1465867765705629698
1465714173996777475
1465675351216984064
1465619168439373828
1465862499559882756
1465885410417000448
1465830536715272197
1465895699124416515
1465889575184728065
1465681915139137540
1465873803318157318
1465764654798442497
1465625196887375875
1465889919545470979
1465721963582656514
1465664744375734278
1465636440654508034
1465544464655470598
1465643690290860032
1465734915031388160
1465891830537412608
1465855198853664768
1465639231854764037
1465637435656732684
1465612937364606979
1465579788383383555
1465721595155025925
1465606216898383872
1465623408947838984
1465590166374940674
1465579126601891841
1465563146404331524
1465889817217040390
1465689870005768197
1465652384596574210
1465650432361984003
1465605636905791488
1465847226274512898
1465741329934159875
1465625313979736067
1465600580961771528
1465886253333639171
1465847335485784064
1465797764072226816
1465692267524460555
1465662298274484226
1465635097747415041
1465635077870686213
1465605667293597699
1465596135679004675
1465595786926837767
1465595277834739712
1465540136230215686
1465651237542502405
1465646619697709061
1465639406421745666
1465632316672253957
1465552455794524171
1465555475664015362
1465649706147606532
1465867257595064324
1465864411122319364
1465848649456373761
1465847301411205124
1465622355061796869
1465880983245262853
1465844864097001476
1465830816861155331
1465672619332890625
1465671236907073536
1465671233035726849
1465665164745719810
1465629318063661061
1465824776677588993
1465669356499574785
1465573818089771011
1465696631081226240
1465718611096399877
1465696633014796294
1465664374870134786
1465642585155055617
1465607788806414340
1465573850939224072
1465846576975253508
1465881624877277185
1465898609002434562
1465869126614667265
1465713969805467657
1465681958693109765
1465670770617552899
1465669361956360192
1465664511218634752
1465654792357748736
1465653868801318914
1465593943857373187
1465591397789044737
1465552275649097729
1465674409386348544
1465670385903587341
1465640016856510464
1465623477453410308
1465593471301865480
1465690296113516551
1465683857743646727
1465832796350410759
1465568069766369284
1465687179644919820
1465676367299702785
1465655483415498753
1465614942812266496
1465594214767423493
1465591996551098369
1465898602019000324
1465795423596023810
1465742512442724353
1465742501717889025
1465668248318271495
1465663806663651330
1465659173689954312
1465658410171469830
1465598168003792899
1465845907400785925
1465546928440020995
1465897838106218499
1465859480025845769
1465895234940780549
1465873928123936770
1465844251376242690
1465830066261090308
1465707774990450690
1465706313355194378
1465680871139074055
1465667075800666117
1465665098236628998
1465664261665923072
1465654765480648709
1465592839987990530
1465576527483969539
1465898197260267524
1465675287807463428
1465568779430027271
1465542566061887488
1465893163516633088
1465610794922512386
1465592895159767041
1465561732831531010
1465608675112853506
1465608064422211586
1465655530593026056
1465871784230539265
1465812226879606785
1465587685561495556
1465812086890528772
1465682184090513410
1465872268341301251
1465872117375778830
1465813519538950146
1465813262188961796
1465812771367309312
1465811497167175684
1465805027654529029
1465804857185423369
1465601732273078275
1465587815039705093
1465848320169943040
1465821292800581632
1465768489428271105
1465712678538657800
1465667013162897410
1465636806305587203
1465630038473461760
1465623442946859008
1465606890813939715
1465600067687968771
1465576712884744198
1465575022962032651
1465572709962694665
1465571664398147584
1465546507533185031
1465903091790663681
1465709652843261966
1465701747553226758
1465681475576074248
1465671755482087426
1465638455048691723
1465653376507543554
1465661451964612609
1465623056932478977
1465637592783736835
1465626815200854016
1465626340791504898
1465702447163138048
1465652432491319302
1465582086212001797
1465559867746185217
1465863235882659840
1465853979099758593
1465822564232671232
1465795641586724865
1465758103622721540
1465736333154996228
1465664077909225477
1465621767179800583
1465621418503065604
1465581080363241472
1465579612767854603
1465560095438213120
1465543256368824333
1465620150539853826
1465556352382554120
1465722226670403591
1465682615092989962
1465620858123083779
1465593022398152704
1465692207642411016
1465648617255960578
1465644813085143040
1465597946259406856
1465655737095319553
1465599313099120642
1465592048979890176
1465583882573471745
1465891270044250120
1465599310544789510
1465904834796654597
1465901058853457923
1465868755267850246
1465861948361232389
1465846202411335681
1465737587440578562
1465691986501857289
1465689453423317000
1465672818306125825
1465654140541935617
1465638622044901380
1465608354592550916
1465595122930753537
1465583617111822338
1465568332694753280
1465898993347559427
1465875737466920960
1465857455158530054
1465737062837981184
1465663610307366919
1465656362231238660
1465562641296887810
1465657942951096324
1465577471693123585
1465828480176713730
1465638261649338376
1465597406460792839
1465848567474843649
1465588192099274763
1465543659500097538
1465888106649845761
1465885078559485953
1465719005688197125
1465702794527010817
1465693789171765254
1465692230056775689
1465686343443365892
1465663828192940037
1465656397522096131
1465649182199324680
1465634087025008644
1465626106657001476
1465624659915776000
1465616607334391810
1465599557765451782
1465596101017231363
1465580824925913090
1465574455950786562
1465544622621421568
1465885293555294213
1465734069468033025
1465682250033360897
1465676095215202307
1465672549665165315
1465662544295591940
1465891672982581254
1465889170086240257
1465623017623412746
1465564516847009798
1465894728818298880
1465598421528506375
1465906784229478402
1465902479111901189
1465896189610508291
1465886425048502279
1465885620757139458
1465881854557437955
1465881269766529024
1465812013028761605
1465724457247391750
1465716042517209097
1465707580622135303
1465695307014950912
1465688689703469066
1465681896919035917
1465642171986432001
1465638519238369283
1465626794875244547
1465617543943491591
1465613698760777731
1465610171690807304
1465587328865370114
1465585283668135938
1465583136666894338
1465578336692760578
1465575647846174721
1465549937228193792
1465546881765765126
1465904466041847812
1465899267344662528
1465893531797491714
1465893327748751363
1465893050652053508
1465876211129745410
1465868815321812992
1465864348375535617
1465768420272529411
1465751947156226049
1465711754306981892
1465696768352423937
1465688472799358976
1465655025867235332
1465631851746189317
1465613717798858758
1465598659148529672
1465817874837250051
1465706648714969092
1465678996113444866
1465606604859101185
1465581465169797124
1465571284746604551
1465907621177614337
1465899749962301449
1465863231449165828
1465862515619864577
1465861857839923205
1465853734596997126
1465853466958389249
1465853209050636288
1465793577460670466
1465770508536983559
1465722299865313280
1465704955818307586
1465703409923727368
1465685069780029440
1465668195734458378
1465664525122822144
1465651057279836172
1465638197812248580
1465637334590705670
1465635747243962370
1465611666163437570
1465611081167032325
1465590763157401604
1465587819301068808
1465560101851332616
1465553966931091457
1465862005667946503
1465665399152730113
1465635319949058048
1465618250167816192
1465612833823936516
1465900512335695872
1465790926513709065
1465727625230385153
1465637969952481291
1465627925537902592
1465623293482917890
1465613616707620864
1465887483241979912
1465871787665735684
1465752693591453708
1465727152129667073
1465716380196499466
1465711403789164544
1465685696862212109
1465679576500084741
1465675010035499013
1465673053393002496
1465664669960392716
1465663991691186179
1465663018709118976
1465662868578136074
1465658013058928649
1465649768512700419
1465641929924743173
1465636492550676487
1465617206679678977
1465605217982959617
1465604916865482758
1465587996065890305
1465573395366612996
1465570888766525448
1465562698675101702
1465557702004772866
1465519564796534785
1465899137853837321
1465895623241060358
1465891487275634695
1465884390777491457
1465751949874130947
1465704475008507907
1465693361969381379
1465681966229979138
1465674196512477191
1465670668255514627
1465663194513350658
1465657797614321664
1465585275556433924
1465886682230575107
1465883284886343682
1465840392843059201
1465721777665937414
1465680277586407427
1465619480294440961
1465607660451946500
1465842443614502912
1465838560167141382
1465678404322164737
1465563007753195527
1465752563802902535
1465719627045126148
1465686080036868101
1465673358830305285
1465648878699614215
1465608758898397185
1465549258069663754
1465575235738947589
1465594435337482246
1465691152967897091
1465835248260837377
1465856443555336199
1465591915542245377
1465888005223190532
1465886633333383170
1465888382018535424
1465847370051047426
1465663442522574854
1465575893577830403
1465693244600160261
1465886132239953922
1465884895117332482
1465616348273254402
1465870219600039936
