1466294604982931458
1466294323872350210
1466293267914375170
1466292006074798083
1466290450461982723
1466289968725127171
1466289809891028992
1466289795181604868
1466289094040821762
1466288608776577026
1466287336237326338
1466284367160885254
1466282247535820800
1466278712022732803
1466276279481561088
1466274990299365378
1466269472222683137
1466268984827731974
1466266536109248513
1466264107233931270
1466261626072432644
1466256639426715651
1466251391811276800
1466250901367099392
1466248961522495496
1466245641772826631
1466244784679362566
1466243598811222024
1466242058562064395
1466241868757225474
1466241672157622273
1466241301116973059
1466241032450891776
1466240996262383618
1466239161610878979
1466236592763248657
1466235011103805444
1466234495145693189
1466233562219245570
1466231198410153986
1466231104923340806
1466231039970328577
1466229200554135558
1466227189389553671
1466224702322475015
1466223748667744262
1466218866741178368
1466213339831300099
1466210492691668992
1466208635004940292
1466208208251277317
1466207050585690117
1466204139046670336
1466199403178254337
1466198964525359105
1466197827311202304
1466195602945953792
1466195106591952900
1466195063008944129
1466191810150027267
1466173427568443393
1466138454631206912
1466135993195511811
1466135708481949698
1466131000535117824
1466117487326498816
1466106408122814466
1466098459371470850
1466080224643149824
1466077851258535944
1466076823461134341
1466072101480132608
1466069374205235207
1466063469262766087
1466060937467547649
1466055117657022470
1466055059913920515
1466050874933800968
1466050862841696257
1466048180441661442
1466047725015760899
1466042751850467328
1466039417823318016
1466037712725549058
1466036444502245376
1466035172202074119
1466032974625796103
1466032788050645001
1466029193762942980
1466028517028601863
1466025033667518470
1466023377965961224
1466022024522846214
1466021881392156674
1466021849649737729
1466021847888060421
1466021605901934592
1466020563114020864
1466015358611910668
1466014726253854721
1466012683044458500
1466010594478211077
1466008202160467976
1466006837631746051
1466005600714706947
1466005374104784896
1466002031928176641
1466001340543352832
1466000836492808199
1465998287723327489
1465996148884180998
1465991683321987077
1465990469779800068
1465990092489515008
1465989282061979656
1465987788814176259
1465987738742636545
1465987010514997254
1465984630431969281
1465984159235465220
1465972345101643778
1465970506859892744
1465967932794499072
1465964861838356486
1465964588260679681
1465962343389556736
1465959986492633094
1465957951357665282
1465955241786896387
1465950117404446726
1465949104853323776
1465947877079846915
1465944581413883907
1465944357823864838
1465942669306183685
1465937977243160577
1465936871125446664
1465933871015337987
1465932410969739265
1465932002243186693
1465931670654128131
1465931397965631488
1465930476770627584
1465930058443288579
1465928156792037376
1465926674575335428
1465925190513086466
1465924990956498945
1465923851070570504
1465923622220926976
1466066501077635072
1466041680314859532
1466292573677371394
1466292419566063618
1466289440536489984
1466285283393949698
1466284448463294469
1466277823098679299
1466277797861625857
1466277671512330240
1466274164826849282
1466266384472543232
1466264383395287044
1466264342073126919
1466264307885174792
1466258664990277635
1466258346416115718
1466256142389035012
1466255577827328005
1466255129598775298
1466254148488343554
1466252955959521283
1466252033724338176
1466246762759217153
1466246751442984964
1466244055004766210
1466241103728836609
1466239251213795330
1466237333859045383
1466235790380257285
1466230778015014918
1466228664001986563
1466225610200547335
1466223801918758923
1466219878755536905
1466217063811141633
1466216838879059969
1466216696503492612
1466214135369277449
1466213846469677059
1466211527556354049
1466209081081794562
1466205493240610821
1466205365612134403
1466202673128951810
1466102687410233348
1466064116892639233
1466061637983432709
1466044654361579532
1466044350928879620
1466044006027067393
1466043741261557762
1466038595198750730
1466037684556632069
1466036068843765780
1466034832140484610
1466025811102687233
1466020322176503810
1466014461911728130
1466012311940780034
1466012230856548355
1466010644885299200
1466000335873347587
1465999487348850692
1465991245893939207
1465988008734195712
1465987170796146689
1465985991559184385
1465985019118120960
1465983997943730178
1465983464608448517
1465976540911443969
1465967777697517569
1465967746542227456
1465965261979217921
1465964079462289408
1465957597534556162
1465956470223110146
1465948500164636676
1465944218418008066
1465941871776043010
1465936396053626885
1465931786010071042
1465928145790541824
1465916113665945603
1465915468795944971
1465907733442351110
1465907429078552586
1465895466680217600
1465939774712127494
1465937699521531906
1465935835535077380
1465935463953448960
1466280255245590529
1466246289859903488
1466228349999583232
1466225606866006019
1466216673417908224
1466068669662842880
1466040094448488449
1466040027968729093
1466029577126350859
1466001116760580099
1465997749120241668
1465987245865791488
1465973114894835712
1465954884860071940
1465950124857704448
1465943490655764481
1465941896379785225
1465932236738289665
1465893945976582150
1465873160734081030
1466284924395147267
1466284922096685058
1466270355153043459
1466264571568553987
1465969884148342784
1465963428921495557
1465962891262115842
1465962581261111301
1465950563347042308
1465947625543192577
1465946828029849601
1465943092197003266
1465924124354637827
1465917001088454660
1465912790942507014
1465904962412560389
1463536555599937537
1466276942412320775
1466248098628341768
1466240746248237060
1466236902441242630
1466236442141597700
1466232099644473346
1466229683524026374
1466229208389074945
1466225043772297216
1466223126790823938
1466218719500124165
1466205842445770752
1466200957641916418
1466197180801114114
1466098530968293386
1466070651433717761
1466058762070810624
1465985502658678790
1465968367005667329
1465958996632686595
1465957038572269568
1465956217361027073
1465952669214728196
1465952159615184897
1465948503633379331
1465944755133562883
1465944203293200385
1465935440435810310
1465934807272091648
1465933879370416130
1465932889367797762
1465931503167176714
1465927824208891905
1465921493754286083
1465920864419926022
1465919061859078146
1465905283083943938
1465900882004873219
1465900879475740677
1465898800585662466
1465898798354370566
1465897962983202817
1465897334907162629
1465894089862250496
1465886572893466627
1465880549529063429
1465835895420948480
1465713842684514326
1465630642574540800
1465621471087058944
1465577379498102785
1465543522467995648
1465489865710002177
1465261294341136384
1465240494582104066
1465238254559510528
1465225364674732033
1465213967094059009
1465203875149860868
1465164099130572800
1465135429158539271
1465127983325212675
1465112165002534917
1464999151385513988
1464978843538583552
1466293433346052096
1466291838617153538
1466288686551625728
1466288136263127041
1466287357640916997
1466286678167855104
1466283900301312003
1466281803598086152
1466281801358274561
1466281080349028355
1466279175187152896
1466277960831234049
1466276972334489600
1466275965466595330
1466273159674400776
1466272961187377152
1466272765292556288
1466271911114010625
1466269757410140164
1466266230050811908
1466251680622678017
1466248419693903876
1466242609915908098
1466241447401717766
1466237051813072896
1466236994917322753
1466235061892648960
1466227107265011715
1466225733693370372
1466223844125863936
1466220074503528452
1466220036884860929
1466219938142568451
1466216710751481858
1466215047282106370
1466213727925981187
1466213149762154498
1466212387040546819
1466211666975072256
1466207918303244288
1466203902232055808
1466201111950503937
1466200558587371522
1466200244283080706
1466197252943192066
1466080592118697988
1466057109838069761
1466051380867600385
1466051243130777601
1466032422156484617
1466030820196454401
1466027695544799241
1466022471283326978
1466017653969981446
1466010335014391814
1466008210536419332
1466008194438758401
1466006457355161609
1466003609674338307
1466000440592515076
1465996054860427268
1465984729950220291
1465982140399579141
1465979669988052992
1465978860474748930
1465978469804875777
1465974772496416770
1465972689437294601
1465972223475212288
1465972187144196098
1465970187434221573
1465970090382270468
1465968260562624512
1465968217063493632
1465967411480305664
1465963659117490182
1465962718062530565
1465962416722776067
1465962271004266496
1465962204721651713
1465961787799396357
1465961376631906304
1465959713066008577
1465958419379064835
1465958330682077184
1465958231872655363
1465957606388756486
1465957590156857346
1465956606642823168
1465952691130089472
1465947856712331266
1465945031991201793
1465944634606030850
1465943045463961606
1465942518101594113
1465939534252675074
1465939197521383429
1465937305823166464
1465936088229298179
1465934084526411783
1465927548743782401
1465925035701399557
1465923145697619969
1465922131456188417
1465919907082633220
1465916374128029701
1465912259096444937
1465897331484729353
1465895008515461120
1466296320071593985
1466276973492129792
1466240745413742595
1466223881052508164
1466154094234460160
1466138121465065475
1466135332588384257
1466135309121294338
1465997996642820100
1465995853223522308
1465978005608562691
1465973257874468865
1465954153830785027
1465953826075136004
1465951541811023872
1465930964870205441
1465923618051801093
1465898357042393089
1465897234617102340
1465681668128210948
1466296944188223491
1466296221706833925
1466292066221101056
1466289068606517249
1466288026988920836
1466288017513930752
1466287973092126725
1466287846529007621
1466287769093763075
1466287022776086528
1466283674110881793
1466282608279658498
1466281807188422658
1466281805451960321
1466281396620562432
1466278455100809221
1466277186478874626
1466275929567612930
1466272864336633856
1466270046527782912
1466268992343994376
1466264007413682178
1466257496872407046
1466256356969639937
1466250326944612352
1466246360655544320
1466236556872544256
1466234004479221762
1466223645483700230
1466221666841751557
1466218379635662852
1466213353554997249
1466193239078105092
1466181714787520513
1466181290906963971
1466123304981254145
1466115088230719491
1466089010799919113
1466072588682084354
1466058397954891780
1466047952175054848
1466045543143116814
1466045157111828482
1466041890709467137
1466038500986273800
1466024407080615937
1466018205764251650
1466001879406682112
1465987003414028288
1465986628447453184
1465985260412301315
1465984261685538816
1465980451323924482
1465975823383498752
1465966059203166208
1465963315633528833
1465956238378758146
1465953238616846340
1465952574004027396
1465952399617449984
1465951015308386305
1465950057417428994
1465949906854559754
1465944314786295808
1465942216132628480
1465924218663563270
1465916533658451971
1465915420188184576
1465912684931547140
1465911398060281858
1465904158372810753
1465895118645325834
1465894817087438848
1466297063402995716
1466296705108770817
1466296632719261696
1466296605145923587
1466296559545380864
1466296108393517059
1466295933801435141
1466295350667350019
1466294700655079425
1466294574385561600
1466291495711825922
1466291411364442113
1466291257467027456
1466291107424256002
1466290610948640769
1466290043052429315
1466289543825346562
1466289434865721344
1466288833989808129
1466288352970248193
1466287484900315139
1466286990291202051
1466285531814268929
1466285331376861187
1466285228318625796
1466281482968702981
1466281481005768706
1466281476706553858
1466281276063694850
1466281273928732683
1466280292017184769
1466279123093884930
1466278505075802112
1466278381029244929
1466278355976679425
1466277457644998656
1466277057118097408
1466275937364889601
1466275836575862787
1466273220865056775
1466272955910942720
1466271421345120258
1466270914614632448
1466270905831731205
1466270063380422657
1466269793586237442
1466269605257617409
1466269461221195779
1466268595571212290
1466267639584493569
1466266388520005633
1466266226838044675
1466266106826395649
1466263364393443342
1466261634012180480
1466260744542904320
1466260454313840640
1466258974093635584
1466258828798808066
1466258645314719749
1466258546140479496
1466258050633768961
1466257369524957186
1466257359152377862
1466256713242144772
1466256529783353349
1466256508505657348
1466253793641648129
1466253535092170769
1466252733262950401
1466251873669697543
1466250711973330947
1466248074137718788
1466247918172598274
1466247853240582147
1466247766624014342
1466247396375990272
1466246393488547844
1466246148474040325
1466246133752074242
1466244744728784903
1466244480336637952
1466243965489795075
1466243386885611528
1466243064125558788
1466242924983709697
1466241350383267842
1466240830981632009
1466240712899395588
1466240154331348996
1466239874718044164
1466239843613118468
1466239841780129795
1466239525638729730
1466239243995389983
1466238980928671747
1466238443348893705
1466236443743834117
1466236220279705602
1466234690273038339
1466234681532170244
1466234437679546373
1466234285443092483
1466233307700420610
1466230832989835272
1466227857546354695
1466227336349552640
1466227284768182277
1466227186562527236
1466227051589820416
1466226619735941121
1466226068310818818
1466225678563647488
1466224176792891398
1466223906398687236
1466222084481163266
1466222046350745604
1466221221024919553
1466220781973610500
1466220678625906691
1466219126431514625
1466218494500872195
1466218076823719939
1466217567807148034
1466216949348651015
1466216326175727621
1466216270668259335
1466215902584606725
1466290500420263936
1466290079463211009
1466286928907497480
1466285047107915777
1466282299591331840
1466275299394351105
1466271090808819712
1466264067350294528
1466263272668090368
1466259534947631108
1466256472187478016
1466255138134249473
1466234456298033153
1466234432403038208
1466231829338279936
1466230520514105346
1466230450171437059
1466230338032582662
1466230229282607110
1466227079561711619
1466225645470437379
1466222255818502146
1466222142530355200
1466221973223055367
1466221904776208388
1466214266424283137
1466213708707684352
1466209410074566664
1466208277776109569
1466208196335263744
1466198625499824129
1466196994657959939
1466196547775778816
1466196155629404163
1466195406669246478
1466088765273698306
1466087569024696320
1466071414599929859
1466069342068494342
1466068323100082182
1466065588871065604
1466063714239475727
1466061677657350151
1466057609132212225
1466049146020786181
1466043726002720773
1466043142184980483
1466029777190473731
1466024973953167366
1466021847628017668
1466021090489081858
1466017960934326272
1466015088108736513
1466014881119825927
1465996282174967812
1465995153458413568
1465992191117914117
1465991670705516548
1465978309464920074
1465978305820049419
1465978298828083202
1465978279257513986
1465971880276344840
1465963092504809473
1465954484652236804
1465951139157868544
1465951073365938181
1465947258814230533
1465935515593560066
1465931748831678466
1465928123715784705
1465927120677343234
1465926381632573444
1465925059277516800
1465923914178043910
1465922356530974721
1465916742111141891
1465909467644448776
1465909460224729090
1465905927048019970
1465902286887030784
1465899723957567488
1465898114682802181
1465895076446425090
1465894276596846600
1465655487748141057
1465652596396335105
1466284981253115907
1466278353330003968
1466270118837587971
1466269255599411203
1466266999529426949
1466266819677671429
1466261159716147204
1466254038479949826
1466252711960068096
1466248650187677704
1466245046613667841
1466244371628498949
1466241640339705860
1466233579902406661
1466231403033468931
1466230198517452805
1466228666455650313
1466227681247199235
1466225516105502722
1466222545812656129
1466206546946244615
1466199289139322881
1466194661228175365
1466167145025343494
1466104570279391241
1466097512654073860
1466072641194758155
1466071071254138882
1466069877882458112
1466061030925094919
1466057924149592066
1466054145530605574
1466053132002148354
1466046052314714118
1466039706139824128
1466034978462990341
1466032727220576256
1466028425366294531
1466024598999207937
1466010941531721735
1465994087883055110
1465992897614942211
1465984970497818632
1465972184120115201
1465961898029903874
1465959621101645828
1465955457302859781
1465949028143665154
1465948976230719489
1465946987719626753
1465945361696972803
1465938859389296652
1465938731483893760
1465923402993000449
1465912914351517699
1465909317786226690
1465895060986204165
1465894871240044552
1465857783685783554
1465669572447522818
1465598327198666755
1466013196376969222
1465993395982127104
1465948733468667912
1465932073898680321
1465722249810350083
1465664023253295107
1465580122161901574
1465376164713680905
1465351841839935493
1465312633423204359
1465269404124409857
1465235915073224705
1465235290927210496
1465003916664344576
1464837254472372226
1464676878950666240
1464556199366434821
1464496396103417856
1464243521850806273
1464028556032307203
1463841994984222722
1463777986474246148
1463639470411063314
1463461826813825027
1463405550729711622
1463401373181964290
1466295156823388160
1464063460388401157
1466017739932192769
1465990905094049793
1465989090399199233
1465988114720210948
1465987038134431747
1465973008682475521
1465945889344667656
1465929036706680835
1465924274200272896
1465924122555273218
1465923445825294337
1465921654777794562
1466263833907892229
1466191394851082240
1466169347462742019
1466020151090769929
1466011781587894273
1466292778506219521
1466288865472249857
1466282101762715648
1466281589571153922
1466279516733538308
1466279449792450560
1466270100579704840
1466268393531715584
1466261589888176134
1466261459587895303
1466260984968802311
1466258930032472071
1466256167978487809
1466255804646891520
1466253533599211522
1466251166224818179
1466250811348905989
1466234964588990468
1466233553688031238
1466232420827480065
1466231034593247232
1466216282848595968
1466160601160323072
1466117842684702720
1466106796402102275
1466102839709777923
1466096145474613251
1466080043428315138
1466076389392588805
1466070573981659147
1466034487049998350
1466027031695560705
1466023639279538188
1466013209714823172
1465997639078449152
1465989566225997824
1465987848637607939
1465973961510977543
1465954213192777728
1465953012380098562
1465950133527343110
1465937252479995905
1465932362361962501
1465931618820837383
1465918235409207298
1465915089945391109
1465905204637798401
1466187428721426432
1465994234951987201
1465982552464769025
1466288391213907968
1466248632206647299
1466189607070953473
1466111506743914500
1466035734108774403
1466002541255159813
1465945867299352577
1466108233542631424
1466039780051865604
1465997063636672513
1465970502531309574
1465948341766815747
1465917055270469636
1465916628982386688
1466248022602354697
1466247447844323329
1466037298949066759
1465930251465158656
1466005531693223941
1466282271954984961
1466264211894374400
1466256571852152839
1466039289603506177
1465968409171038211
1465942566214389761
1465938003847639042
1465920607980179463
1466247165261451271
1466057743190532096
1465961771039182850
1466259094180806658
1466276399585456128
1466261265664249861
1466241098943242241
1466239711979061249
1465907536188510213
1466275758012125187
1466221375069196290
1466201660170985473
1466060062489645058
1466053142060011524
1466025774964621313
1466017075395121157
1466015530305785856
1465933679218155523
1466252969670627329
1466051056945692681
1466012230390980609
1466011588750548997
1466234510362624002
1466076572390100994
1466266916406784000
1466207458292994050
1466054550939308038
1466257391926714368
1466058414166056973
1465957532187316228
1465948971101163521
1466082179465695236
1466299392177016835
1466290953019215880
1466003313376182274
1466263248496250880
1466193708148088832
1466170562695233536
1465975082707152901
1466288973282639876
1466262490845642754
1466257236850659330
1466251831210758148
1466211909112193030
1466210049135497216
1466114277907972101
1466054407749963792
1466010527411228673
1466009902510272512
1466281460273278981
1466261672444645377
1466182627237380100
1466165177749946368
1466084462094024722
1466076952012279809
1465916157664186369
1466189440192188416
1466257755384078339
1466256818032676866
1466025853557481483
1466012809750147077
1466003368564822022
1465900748198191111
1465899707171889153
1466299778547912707
1466214410720931840
1466051397003055105
1465982751962591242
1465925533976301572
1465925439356952580
1466290731853619210
1466273033782394888
1466270076051476481
1466244151846998018
1466053210708197379
1465985755562459141
1465973506772922370
1465914802669113347
1466244000625532928
1466188633312948226
1466165438958616579
1466165082417598467
1466057033984008195
1466028933585915911
1466027486156779522
1465995463321026562
1465995450704531458
1465995446787051522
1465985009534128133
1465956182850359299
1465936933461192704
1466299718238015492
1466262392195723267
1465995647463555072
1466224300847861762
1466016912895189003
1465922506120777728
1466229117292929032
1466203105423347714
1466122171596505088
1466058487079731202
1465924688652029961
1465921030430421001
1466299856079757316
1466258329974493185
1466108943747334144
1466057903840710668
1466033718376624132
1466029709288869893
1465938776660844547
1466033011049201669
1466005871960281088
1465941680809521152
1465941669971329024
1466238015282376704
1466046359480324099
1465963183982612480
1466289127687475200
1466259603939758086
1465922332908683265
1466293555245113345
1466225638797299718
1466139199598256128
1466072401683247105
1466067049789022209
1466062481143435268
1466061522648506376
1466061470802665473
1466060872351031300
1466027775676993536
1466021336447291398
1465982366816497667
1465929391108542471
1465916066736091137
1466005641923682307
1466004793575411713
1466002660478259205
1465931159498412036
1465927605773766656
1466297270484103168
1466020406159036417
1466003448340488194
1466269603181445121
1466249572632588290
1466233507009548294
1465997679155036161
1465985819336855561
1465984327427133442
1465976459835547654
1465939263250305031
1466172192027074565
1465985684993282048
1465973563031101440
1465955277014974467
1466257897449398588
1466218294201896965
1466170691485503489
1465956229524516864
1465955303262982147
1465904056388382723
1466299052270571520
1466295242450038786
1466253471284219904
1466238697334919170
1466196159416786947
1466192605297795072
1466049326933635077
1466025658031558657
1466006282184261634
1465959216766541826
1465958672983416833
1465957878603427842
1465923484735836160
1465902084067233794
1466196853016252417
1465930222763610117
1466259389765984256
1466236400135651330
1466216972308205569
1465993595974914049
1466245055404929037
1466068065041346566
1466067961022541825
1465993853060595713
1465993451732832257
1465925574669443076
1466244880833732608
1466244542831628291
1466129847713865731
1466068480499740676
1466067122505666564
1466067031468376071
1466010918634995713
1465999622816419842
1465998828385882112
1465995688479576067
1465995507885481986
1465995022923284482
1465998483114971144
1466086038326022145
1466301473386426372
1466290524386578433
1466283299584630791
1466271402160390150
1466222615878529025
1466211303693840388
1466199922055598082
1466198642285449219
1466191088838852611
1466186691786334210
1466181878730280960
1466033583768825861
1465999259329650690
1465996960687484929
1465971044938752001
1465969444119711749
1465947339747577856
1465946446671187969
1465946406670110720
1465946302747791375
1465945904033058816
1465945818741964801
1465945704673599491
1465945300606984192
1465944474761056257
1465944189841993729
1465944188940259329
1465943723003441160
1465943642288246788
1465942805310627841
1465922318471888897
1465909004194902016
1466299703868354561
1466224651231662086
1466224310188589059
1466217154215395333
1465998339690745864
1465967539398189061
1465948708407627779
1465948703554895877
1465971608959393792
1466146924789182472
1466136860011417605
1465934252621504512
1465919173289070592
1466068062658981896
1465977564606840835
1466291322323566592
1466281766059053056
1466267093578313729
1466261703620915203
1466260584849051654
1466252588521648138
1466231693304500233
1466230352892944391
1466114157271343111
1466073877470089219
1466054732103909378
1466031658147074053
1466000406899617795
1465996714133757961
1465993708575227912
1465991506821464068
1465979037742878723
1465953640095436807
1465936278373875712
1465919039197237248
1466293650728501253
1466286579807256578
1466246572610445312
1466226737218342915
1466217437922136066
1466210738645520386
1466100696822865921
1466078421180510209
1466034276151951368
1466012300767203332
1465991401879969797
1465949961841831938
1466265196809179136
1466048161345011717
1465992765313982472
1466281489125949443
1466236622362476544
1466215977306116096
1466299589124710403
1466278297881374733
1466075354754289664
1466040937834942465
1466040322538889222
1465916735765114884
1466299881614495744
1466082191729827842
1466016301806063619
1466012850346872838
1466007271159205892
1466007269754105858
1465923464099876874
1465919838837039109
1466228632171401220
1466209883594760192
1465991448164139010
1466180938132385793
1465912456828502016
1466289291605143552
1466221509391753217
1466216176720113672
1466212255238811648
1466203335027875840
1466074496952004608
1466063528075268104
1466055257004199938
1466047369833705476
1466044431832813569
1466031920702054401
1466031790737412102
1466009096889397255
1465993440575975433
1465970535595012098
1465961509322776576
1465941879959146499
1465914443141824516
1465911066819702784
1466302889513480194
1466035033710366725
1465989565949235205
1465974692720771074
1466281047289516033
1466261536247201795
1466235797372243973
1465937038633439237
1466281166835646466
1466275426964180994
1466241542918578185
1466303894401675266
1466280794578505737
1466276874376527872
1466269189681807364
1466265526724747270
1466223909708001283
1465957610733981696
1465925797860892672
1466039298977722371
1466267455928487941
1466261052560056327
1466259997805871104
1466250730319212545
1466240922862030850
1466212965594460161
1466204960429801472
1465908753786552320
1466267569556701185
1466258877540823040
1466240592761942020
1466237716371107843
1466231682361483271
1466229144023298050
1466224523926073345
1466224361082396673
1466218166300798979
1466204339244912642
1466203606126776320
1466195390416371717
1466174226474303491
1466045619185750019
1466041382116626437
1466038051142979594
1466011628646797317
1466009650394918914
1465986167413764098
1465980650767278081
1465914448405614592
1465914445121474563
1466215820128768002
1466087797303906305
1466041471207759874
1466031202498867203
1465978733014106114
1465951901631987712
1465914439471828997
1466291274344906755
1466218546761912321
1466205726867542017
1466029431806316549
1465914451639504902
1465914450024665091
1465914436388999169
1465980333543747584
1465967895670759432
1466309368350056452
1466308499822940160
1466282296114253835
1466281103140868096
1466277352837582855
1466275576159739909
1466258245178195979
1466248448517181440
1466248410466373639
1466245650475991044
1466221605906911232
1466213707017457664
1466193679853371395
1466008832812158976
1466007401107124230
1465985593960108038
1465947753515601925
1465944878332866565
1465933539896139776
1465925442846687238
1465912649154105344
1465910888758603780
1465909427643445250
1466299689632890886
1466296423847104513
1466280660243341315
1466263119869657088
1466240430232596484
1466224671045472264
1466202964566048771
1466201913062400003
1466184282364329987
1466166807245438977
1466166204939177986
1466140036596912139
1466120608320610312
1466110898989195272
1466109752631435266
1466093305524015108
1466087444021874689
1466086412353105920
1466081314260488197
1466070248549847053
1466058946477658122
1466041499729100806
1466024257360580614
1466002234945126401
1465966634175139852
1465965447723950080
1465955410578317323
1465949476682534916
1465938990834454535
1465926569428336641
1465926605184847878
1465962024815325184
1466288363502280704
1466269449690906624
1466254316143058947
1466208261678325764
1466208054903332870
1466203934050062337
1466184630030061572
1466142029402968073
1466114491339452419
1466074753576456199
1466025245911834626
1466017058064244736
1465997920642035712
1465992090333036544
1465990111280046080
1465961454784368644
1465909626273251330
1466203676654006272
1466043197272985604
1466233960824852484
1466190807782748161
1466073535000944656
1466053486512984067
1466004404645945344
1465923047337070592
1466301920495034372
1466286782140411912
1466277366057955330
1466276936825511943
1466275972060221441
1466266018813136897
1466265853448671234
1466259844977938439
1466213328573775874
1466200998230126592
1466197483910950918
1466195180877324291
1466187242968215557
1466117159919267848
1466115372936007692
1466100843384655874
1466092504931966979
1466069798131933186
1466069764288262152
1466068320214339586
1466064857292107780
1466064769274634243
1466059885733421060
1466045703696834561
1466038499836977166
1466026383713337347
1466026255275335684
1466016572464451595
1466015420549238785
1466003952583909382
1465997076865585158
1465992416284971009
1465985936294965251
1465976040413671424
1465976030838104066
1465976020750774275
1465968233119305729
1465965190273400835
1465957675976380422
1465957078737076228
1465950462205566978
1465945139298193413
1465938773217357825
1465934048757522433
1465918275313823744
1466285377421983745
1466253027820457984
1466246072817258504
1466237191789580288
1466202066498457610
1466061959501991938
1466058826130411525
1466055604712050692
1466044255730761728
1466032265146683399
1466024108697686024
1466023991697547264
1466010801500672001
1465994531489288193
1465935121807147009
1465935097169731584
1465930988924465156
1465918588221472773
1466274076037509121
1466240345637675011
1466113344767766533
1466061738768437248
1465978761489256452
1465966384559448064
1465966098851848194
1465933918377418755
1465925070430384128
1466285347550031878
1465970621150494727
1466264053232242688
1466200480581705732
1466192858722050051
1466131847356768269
1466080308067979266
1466026220328423428
1466309408560799751
1466086440165470208
1466284045659107337
1465991701785239553
1466003246707658754
1465971516701491201
1465953254450155523
1465948092931325953
1465992540214026240
1465957903571951616
1465933930062757895
1465976435005280256
