1468817124315447296
1468812294142365700
1468809403897823232
1468806314444738566
1468806281511141377
1468806159360421889
1468806006171787267
1468804587347853312
1468800557955502083
1468799152297414657
1468799048517775360
1468799046852640768
1468797927409610758
1468797702796308483
1468796447210409988
1468789930948104193
1468788284323106816
1468787577268310016
1468777723011153930
1468775379594665987
1468774760070799362
1468771491927904257
1468770546850492418
1468770178603237378
1468769177204760577
1468768513129021440
1468767637769359363
1468765222357716993
1468765030501928961
1468764567903686660
1468764027786383362
1468763630241927178
1468763455616290817
1468763413195096064
1468760219870134275
1468759993826484225
1468757568155570178
1468757527219236866
1468757418330910723
1468757245593010176
1468757084288131074
1468756931397382144
1468756752510320645
1468756590123630593
1468754927916703748
1468747194555584514
1468746857744531456
1468746589808128003
1468746062030536710
1468744834697494531
1468743827020255237
1468742834626850822
1468740619195482112
1468740235689226242
1468729510191267844
1468726094610141187
1468724189834059777
1468675318206672896
1468674969324654592
1468671110661033984
1468629212768587781
1468628778247098369
1468627832075026434
1468627358764523524
1468623460758798336
1468620547571400704
1468618682037256195
1468614549557284867
1468606331753959426
1468602980601524227
1468599819132235780
1468599219103547392
1468599217383825412
1468598989419253761
1468594094897127430
1468593255352651776
1468592052212436993
1468588806727102466
1468586743825788931
1468585741441662978
1468581701685182470
1468579249451798531
1468576780529201159
1468575460988620803
1468575398279581696
1468575217211482118
1468575027251478530
1468571219549065222
1468563758221983751
1468563462032793602
1468560653346435074
1468559457193922568
1468558419980271620
1468557584676229124
1468557137634754564
1468555768953667591
1468555278538866690
1468554922115223552
1468554512285585410
1468553897526452227
1468553844804108289
1468553448849248258
1468552776120627204
1468551712973606916
1468551369434886146
1468550683397787648
1468548916660506624
1468548752419868680
1468541131222773760
1468540009141583872
1468539018358910977
1468539014923763716
1468538180311810048
1468536631678287874
1468530245649113091
1468522043423752197
1468520824072073217
1468519749923446784
1468516362431590400
1468515962018484228
1468515709965647874
1468515122763108353
1468514710131601412
1468513305606045696
1468512692994396161
1468512592133951488
1468508074574954498
1468506886274093059
1468506649883070467
1468504892838858752
1468504736840126465
1468504551472783364
1468501672347373568
1468500467898531841
1468495535816331265
1468494564151283717
1468494113540558849
1468491937942433794
1468485598952378372
1468485597404676098
1468485595173244928
1468481485103529985
1468478018641293313
1468475879319740416
1468474904605433857
1468473906889515012
1468468368436969475
1468466363308019714
1468466138346496001
1468463356008828930
1468571384368431105
1468817774764077056
1468817568211243010
1468809714611937281
1468794722109956099
1468794034508361730
1468793820607180800
1468787722491887618
1468786776282075136
1468786207266009090
1468785719200006144
1468784956050657286
1468783473200558082
1468777810261127172
1468774967768543237
1468768579055095808
1468767897547730945
1468763260220424194
1468763252981071872
1468762783508406273
1468760821404614656
1468760215071821827
1468758660306259971
1468758072461914112
1468753747354345479
1468753452373200900
1468750972507721733
1468744701876445192
1468743041817059329
1468731789266997249
1468707433077903364
1468682087175639040
1468648705293123589
1468639247766745089
1468628915539251207
1468626894912307200
1468618732134027265
1468592992592089089
1468592607387283456
1468587856926937090
1468586530880978947
1468580579268460547
1468578664623140872
1468572611323916296
1468571730339934213
1468565238274424834
1468562778193494018
1468562466716065800
1468561199558180868
1468558935820881922
1468557664401514501
1468540045464260611
1468539858993909761
1468534926760767491
1468529472504799234
1468526950046072835
1468521184446726144
1468517483539668993
1468516996203511809
1468514777865486340
1468506012886106113
1468505125824065537
1468495168156229641
1468492177940443136
1468478872626745345
1468476745699364864
1468471813550198785
1468465488413880321
1468465455455039489
1468464327292293125
1468462824410210304
1468462495522488321
1468462082064539651
1468460332960174080
1468447935054581761
1468446521402146817
1468445887730835456
1468443107247017985
1468439922755260417
1468439672460234753
1468437213939580929
1468435068364500999
1468773278349074433
1468571665407741957
1468816518213341184
1468814403394965504
1468812949938601988
1468809650183163906
1468794909373071361
1468794730083323907
1468794082306711556
1468792530078773253
1468757257798107141
1468756294685249539
1468743935308689409
1468733100800634880
1468730800279470082
1468715780065742848
1468696098592067585
1468603263024914437
1468593223337594883
1468588155066454022
1468578989954375683
1468578197621014529
1468572850202152963
1468572845844275206
1468565430545510400
1468561745140588547
1468558705268445184
1468542100257968130
1468511882638024707
1468506946739191809
1468486666910273536
1468477316900683776
1468477117788688385
1468462278760488961
1468459081266606082
1468450059213688833
1468448678331383808
1468447644989095936
1468803526553833472
1468782047124549636
1468762256758345738
1468761627017113600
1468597147662569478
1468561836970680321
1468806276209528834
1468802762657779715
1468796195715760130
1468750799253565442
1468639490843418624
1468537059073826819
1468507026795892738
1468505854890504192
1468498741267107840
1468497296186757123
1468488376537862145
1468484770048856068
1468481114566115330
1468463333598629889
1468457872820367361
1468450295390752772
1468449592115019776
1466724122474336257
1468817519649513472
1468815524339486725
1468815521621557253
1468815169631383552
1468814008081793024
1468814007993700356
1468812330385379330
1468802544004698116
1468794433759944707
1468792520406614017
1468791099627954178
1468790842173243399
1468784561295269891
1468783989527748611
1468779909858271238
1468778416140800003
1468775887143256064
1468773538798583809
1468767546253869057
1468765333477412865
1468765206742724610
1468762184435978240
1468761602765647877
1468761251765362689
1468759717707137026
1468754685666283523
1468751048508686337
1468740153996763138
1468726091757940739
1468627016391946242
1468615012587425794
1468603714474848259
1468599395952193537
1468575854041067520
1468573197683478529
1468572848234979330
1468571331423870987
1468566129563955200
1468555560266067973
1468553725925113857
1468548237921374208
1468546772603572229
1468534520890605568
1468528724316332035
1468528694209638401
1468521122434097157
1468520777234460673
1468520774566830080
1468518940548554756
1468514019623374848
1468513881450369028
1468509917954789376
1468506053855772672
1468505671310139394
1468502288482373636
1468495013034217473
1468494467615256578
1468491074826035204
1468488013294583810
1468481239904493568
1468480022440644608
1468478115705856002
1468475750416150528
1468474442699317249
1468471193573470214
1468464886824853505
1468451083634704385
1468450292601528321
1468448640712810499
1468448028004532225
1468447123880308739
1468444494165000192
1468777475689914371
1468764094412976130
1468753947380781058
1468744516450414592
1468624585390100481
1468620288556367880
1468603194758467587
1468603178220326917
1468574943973560320
1468568397109612550
1468508610367950851
1468819036813217792
1468817523646754819
1468812347389067269
1468811815433879552
1468809002624507911
1468804887202840577
1468802282221236225
1468794426407280645
1468790409321062402
1468789915039121409
1468789839067766791
1468784864837046278
1468780095020040192
1468778567827804161
1468774464842207234
1468772500544708614
1468770451207774211
1468766914730074118
1468764997165608960
1468764730701455360
1468762323225649176
1468761524680359936
1468759806529867777
1468758520363302915
1468757720937504771
1468748002508488704
1468746622066565121
1468744064333860867
1468740740255649796
1468724848897626113
1468723902767517698
1468621573040971778
1468605303746822146
1468595903510441985
1468592195154239493
1468587464990285831
1468569703090049027
1468567707515691011
1468565522828513284
1468565255953391619
1468550540497862659
1468536421350723593
1468535504928849924
1468535438390358021
1468534701300322304
1468531786992939008
1468530411135406080
1468529019687632899
1468527357992390658
1468523991677771777
1468522820342673408
1468522553518002178
1468516266881138688
1468510516477898761
1468509299882090497
1468503150126579712
1468502598839726082
1468501924093775874
1468500151442411521
1468500074544046080
1468497868784910342
1468495534939729921
1468493625067593730
1468487216083005440
1468481890537521158
1468479464392704002
1468477298873495552
1468475064232284160
1468474525151277056
1468470808473489417
1468469430652784642
1468468254507077632
1468468019001106433
1468459133951086594
1468451483209269250
1468449817974095878
1468819469413670913
1468818279032524802
1468816940902670339
1468816407907295237
1468815170097057792
1468815169149030403
1468814762037288962
1468813511438471169
1468813081195155457
1468812520672555009
1468812261443588097
1468808550134603777
1468807867700502536
1468807594311503876
1468807267050917892
1468806153513496577
1468805585835413506
1468805010087501834
1468804675864449026
1468804605806977028
1468803810889900032
1468803416948293633
1468802773122641921
1468801792032968712
1468800876789714945
1468800572895596545
1468799076082892800
1468798970767941633
1468798411893665792
1468798211758252033
1468797728452874246
1468797690515361792
1468797113567907842
1468796877504016387
1468795288051613697
1468795009000300548
1468794599321706498
1468794266038140930
1468790535615696896
1468789004191428610
1468788293034999814
1468785777295249417
1468784970898493444
1468784934777204738
1468784697928916995
1468784024420163585
1468783977808883712
1468782449291264003
1468781195227906053
1468779531410444289
1468779221208031237
1468778165577281543
1468777420228419585
1468774564016492546
1468774482445668352
1468773809742249986
1468773283306741764
1468772573563408385
1468772432269873157
1468772046976946179
1468771850499014664
1468765844297687046
1468765811061903362
1468764612128501764
1468764022937772033
1468763195883941889
1468763183758254085
1468763048575856643
1468763041579692032
1468762045843533825
1468761165035565058
1468759607300399105
1468759484935802880
1468757603744305153
1468757435967963138
1468757093184331783
1468756711091556352
1468755789586178050
1468755594341326850
1468755329898795009
1468755024201142274
1468751621286940672
1468750996348104707
1468750561524649987
1468750519254409220
1468747210020073477
1468746644493508608
1468746151587241984
1468746149553049600
1468745111269888001
1468744867006193664
1468743561424240641
1468743262475206658
1468743091880292352
1468741995996663809
1468741901218058241
1468740799361806338
1468740583359279110
1468737683589533697
1468735551188574210
1468734655406886912
1468733852482867202
1468733700162478085
1468728423912656897
1468725945167007747
1468723203727970304
1468722451634802694
1468722342801342465
1468720016459649024
1468713896525459456
1468709472595898371
1468704394539462657
1468699878851170311
1468676309450559490
1468663801364971520
1468658940216950789
1468651313017806849
1468633020265418755
1468628794806177792
1468815870403121152
1468815864271028225
1468815820092370944
1468808722591862784
1468806426692763651
1468802788247277580
1468797876939595777
1468791297762750464
1468779487970004993
1468778219906080780
1468776219407572996
1468775318307569668
1468769849836924930
1468768644125495296
1468763209406423045
1468762086477991945
1468759184556498947
1468757676720984067
1468755896607985665
1468752149009993729
1468751959649710081
1468751828514836480
1468751714379436032
1468751605927276545
1468751504534167552
1468751401262084096
1468751389610287109
1468750743037362176
1468750586828840962
1468746253508902919
1468739833321254914
1468680176657600512
1468671206530318336
1468650354115895296
1468631763610001408
1468629878371090433
1468628164473548800
1468625145916887044
1468617199493398532
1468615029448589314
1468614577965322242
1468606643407519747
1468605552926199810
1468604212434984963
1468603784527974401
1468595612824178688
1468565057726337025
1468564636135874567
1468561618380328963
1468560710019944449
1468559176276144129
1468548015501635588
1468533251140513792
1468522655967965187
1468516905686220802
1468513111363633154
1468509603461623812
1468509206642774017
1468508495523696649
1468506565980274691
1468506301336473602
1468506143911673858
1468504049972482052
1468501281656360967
1468488604758704133
1468488091199438855
1468476958354731008
1468459472825700354
1468450324176257024
1468820467981033478
1468817983648632833
1468803676118470656
1468787516597628928
1468772458098352128
1468764480951648257
1468761216168300544
1468758890858696706
1468753704673157123
1468703026445787142
1468598362979332097
1468587290972725249
1468577673098108929
1468549729281720323
1468529183882022916
1468526044818776067
1468515232582488064
1468503827993092101
1468482067247763459
1468474673558028290
1468471072949370881
1468464037675495428
1468461409864347650
1468460149723394049
1468454012789813248
1468761088338530307
1468747488634949632
1468747306400837635
1468464796269903872
1468667692672425989
1468667565555679232
1468556454164459524
1468525678563774464
1468490625376866309
1468800909404618753
1468796656728432644
1468795556264742914
1468792522344439813
1468790829934264321
1468780413543845889
1468779753196953603
1468777139205861383
1468764600661389316
1468762521515347969
1468761806361350144
1468757567002144769
1468755020988354562
1468743109441843200
1468740942140112898
1468738471720222721
1468737655609315329
1468730594947309568
1468728727836233733
1468717417287192577
1468682734868459522
1468681904849182722
1468631131239030785
1468613083631276033
1468608490344423424
1468602934053138434
1468600561872216068
1468594663795818500
1468590542535553034
1468580493750771716
1468580235809492992
1468577592722681859
1468574741938065411
1468572089695178752
1468570703884550150
1468570630211588096
1468567040025776128
1468563526562181121
1468529339717226497
1468522232800448512
1468519749214629888
1468514779291471875
1468513805684535300
1468501221581467658
1468479569556434945
1468460582676295681
1468456184784908289
1468455474605424642
1468819286399459329
1468815482337697792
1468806252763312128
1468804301052997633
1468800029645152257
1468790852126400513
1468773212850831360
1468770608078983168
1468764223589138434
1468762677946187779
1468760923753967618
1468745445824294915
1468744298979991552
1468714725970104320
1468709701911150596
1468694474624798725
1468693683557986306
1468615562733359106
1468591881470681093
1468587933972111360
1468586139766325249
1468582405749366786
1468581480817258499
1468580970534105089
1468566187625701384
1468565872646123521
1468551466621149185
1468550980966965249
1468544625149308931
1468540892868800513
1468539603338645514
1468539586016018434
1468538221743202308
1468536193797136387
1468535830167830537
1468535422733090817
1468534157529600005
1468533832005550082
1468527905638535168
1468526976097034240
1468508613308157957
1468502410410610689
1468494668006494210
1468493771163717632
1468485688123219969
1468485496288387072
1468485422829367296
1468483374637481986
1468480895288029186
1468469010530332673
1468461143408582656
1468460461305720836
1468460397954961409
1468455437070520326
1468618598532804611
1468806724719034369
1468783008630984710
1468564133159211013
1468569121495285764
1468729517250252804
1468567505794842629
1468753653062201346
1468556634632818689
1468477201490190338
1468818482309439488
1468665734561615872
1468648669691797520
1468641564905787394
1468640460398682112
1468544259871498245
1468492481398411266
1468489740399775745
1468467343105822722
1468779225347878913
1468636389688299522
1468569628897021954
1468540977014968320
1468491083306844162
1468590748874338306
1468472314194841607
1468784537282904064
1468763777872977923
1468757324688859136
1468569672136028167
1468758601275961348
1468752364236533764
1468751723506192390
1468746727674966019
1468746362581762048
1468731571213459456
1468597190381559817
1468577392524337152
1468575756787675141
1468554595479666689
1468474067573301249
1468638426807169026
1468547225693216768
1468508836277342215
1468816585020170240
1468787349475655682
1468786838353580032
1468630280479125507
1468570464070946816
1468504660331827201
1468743166102695936
1468573440894373891
1468534157605171204
1468763989995765760
1468738647549628416
1468652457525800961
1468612536635314177
1468585051432448001
1468554809074614284
1468554747737042947
1468564651755532288
1468493129451978755
1468474669070229511
1468750998105575428
1468471090296999936
1468466343456374791
1468628875865321481
1468608159090561024
1468573589498580992
1468556905161191424
1468523209913896960
1468490127651467264
1468482911372394498
1468787992990867459
1468530671593345030
1468520045110120452
1468815992172138496
1468748837627908098
1468583653383208964
1468582363437629440
1468564266076676097
1468563812638871557
1468563340209258498
1468562823521267713
1468561478022144004
1468540925341097987
1468520731675807749
1468505690549342209
1468563027263848449
1468474176943968257
1468782267782754304
1468732877693091842
1468816073889771521
1468812400707051824
1468805003947044867
1468786851502706689
1468780952864231424
1468763475270717441
1468744454655729669
1468581937111461889
1468527920733777920
1468527908322828288
1468527904866770946
1468513679758925826
1468509260816392194
1468479441768615936
1468474940814811140
1468391396482510849
1468261524619755522
1468153004549312512
1468098632213614592
1468508988144685058
1468192340388974592
1468802020286943232
1468531261660561408
1468819383808004100
1468434072342990852
1468581535590748165
1468409992139083780
1468235113989382151
1468234559615553545
1468814056836403201
1468750800230895623
1468711658998489090
1468582981912522754
1468540311324348417
1468505641018957827
1468393333504430082
1468390642396979203
1468390201089163267
1468362757527400449
1468193876401803264
1468189454376464386
1468762394558091267
1468762394344280067
1468723193858850818
1468587699757989889
1468564513041518593
1468399996986871813
1468386943712907265
1468349518487846913
1468216442378014724
1468128039397740544
1468226872651620356
1468567422932189184
1468133438276308996
1468100347071660034
1468798477752623106
1468378413886959616
1468203378228416514
1468176721010700292
1468765479783190530
1468439538980716545
1468226098735423493
1468156411439845377
1468730870454370307
1468730454677213185
1468727718787256321
1468600654168215554
1468600331752083460
1468594565133205507
1468572679368151042
1468570550855294976
1468569554825531394
1468564520876457985
1468549554404401152
1468544299390234626
1468544181945602050
1468543868551380994
1468526131028529153
1468488158350241795
1468483976419414018
1468482980066717705
1468452781069676544
1468438341502713856
1468437169375043585
1468435468698013696
1468419459983437824
1468396383040245761
1468369930227568643
1468217750795403265
1468217325807497219
1468216449575505922
1468207203681116168
1468205521668743169
1468204381468192776
1468190115939819520
1468189938470428674
1468170339305725954
1468109099422273536
1468105495055638530
1468105073607643136
1468095548188073986
1468560359178915842
1468560001174163458
1468505488044302338
1468518224660598785
1468807964081352707
1468382501844385796
1468230536007139344
1468177760736591874
1468420208591196161
1468206892656705536
1468743380037292036
1468456434950045698
1468804496084013056
1468390881409515524
1468419514832330752
1468795888340373506
1468794444010770437
1468548823072919552
1468213579476127749
1468810042686070789
1468809544872566789
1468764487587024896
1468636571125510145
1468635370732490757
1468602113370439683
1468528916818108417
1468376606766866434
1468289601185878018
1468267814628651013
1468256809433534466
1468252470165917701
1468178051926138882
1468153731967774721
1468134464232452098
1468111365323706369
1468782189600854017
1468765531021131776
1468595271906955269
1468583619853619201
1468522368012218369
1468503312882290688
1468444673823838210
1468202917630922752
1468812830312779777
1468778986570326019
1468578869338726403
1468442985855524865
1468755237947142145
1468216214652477441
1468113017288019968
1468505450337341441
1468491892178436102
1468168010422648836
1468191617555128321
1468810588247654400
1468567593627754498
1468479320662294536
1468413503471902726
1468129513032851457
1468100351224020992
1468729055436423168
1468602102578442240
1468571582767374339
1468528969158782978
1468508713560330241
1468491907739402243
1468491858687008768
1468424757200637954
1468407881850490881
1468235078652289038
1468208294934114309
1468143781765849092
1468132184502546437
1468129537921847297
1468122363166289920
1468587211197018113
1468534886638125057
1468493870723854336
1468471394614661120
1468454712378753026
1468450427838484480
1468401911108112387
1468244032967036930
1468438451116597254
1468222006327865347
1468164899243053057
1468243026137042955
1468210096043749380
1468516230885560325
1468491922956242953
1468604047636664321
1468462410994307072
1468200221305802752
1468191880240197634
1468190950803476480
1468190839511810048
1468819192488947714
1468600050087456771
1468336562429575169
1468339667611185153
1468338826623873026
1468340004799664128
1468340172953579523
1468415380754354183
1468344843504025600
1468828307881791488
1468812639656562691
1468744100497092609
1468600373325664257
1468599958093721602
1468598144271192064
1468597732721840128
1468597731446849539
1468597730251395075
1468459044708835329
1468458404502859777
1468415663651753986
1468415262957322242
1468414991539732483
1468338231687057411
1468337937787932677
1468337895668805634
1468337041582690304
1468336497287827457
1468334972171816960
1468334971320369152
1468598626121179137
1468513855059861506
1468658648901726208
1468808218377809920
1468795398378561537
1468792432623902723
1468743668664131585
1468636797483700224
1468603712398450690
1468602399552008193
1468598723978534916
1468574519216390145
1468569145570512897
1468566133095559173
1468536148116996100
1468531671725056001
1468479282108268545
1468476603697012743
1468459062161514502
1468447653717442562
1468431482372825090
1468415176609185797
1468411813784014849
1468409510381297667
1468367062783315970
1468355949597364225
1468253632604770309
1468223815297613824
1468223727972331522
1468205324007993352
1468203760975450117
1468181740405485575
1468175440091095041
1468139421379686400
1468121186332659712
1468811380107407360
1468796991153098752
1468756952339550211
1468675890183692289
1468553426514563073
1468498534794248194
1468468278846636035
1468443469307789314
1468429782576549889
1468259803835240450
1468211008946667520
1468163081029054464
1468764693976137731
1468728812657868801
1468509628174516228
1468503634312765603
1468499853403590656
1468131161549393922
1468090284072312834
1468749369914507264
1468563363537977345
1468559912477331458
1468550947399823363
1468429646211403782
1468223229646962690
1468800567300411392
1468795871357997060
1468752989292687364
1468541619288739841
1468428877294817280
1468215346209329155
1468137998243954689
1468132766717931524
1468111417580548097
1468105853697855488
1468785609623818241
1468771876591702021
1468762169873338369
1468758570984378370
1468681406838497280
1468611740975828993
1468592153479708673
1468589461919256578
1468582826803040260
1468555932384694274
1468553693876436993
1468552645975498754
1468537441430560769
1468496624255070211
1468466064132435968
1468410709612457985
1468396362077470720
1468389666193756164
1468319153824092169
1468278999289720832
1468275207664111616
1468244790445752321
1468240587656732682
1468207450989871104
1468206196918128640
1468189485691072516
1468173673228029960
1468158359455117314
1468129951433986049
1468099595834068994
1468094622358405123
1468737432040316928
1468694074781700099
1468593906124091393
1468512519291428870
1468487956021137410
1468457044227158023
1468409825289588739
1468392775766855683
1468370086696144896
1468213171164909578
1468144375473471489
1468132286235242496
1468810975688028170
1468797012929744899
1468620056720408587
1468590072031182849
1468568839440912385
1468567948734320644
1468559294748508167
1468544290783592448
1468463030555987969
1468441092185939971
1468440820659286019
1468440735523299332
1468440305493962754
1468439862646693888
1468439655695601665
1468439154425950210
1468438961328574467
1468438883629080577
1468438561774993411
1468438183385862149
1468433575821275143
1468433228465721345
1468432273858908164
1468431305914261505
1468211200295161857
1468801876858605569
1468772225784303624
1468597132500213764
1468503743318556676
1468501033806536707
1468492139466158083
1468490926007848966
1468468676307283969
1468464386972872707
1468399158608351235
1468375578294173699
1468367508444835840
1468367119179870208
1468234580419387404
1468102928149848065
1466741110143795201
1468758674634010627
1468429183978119168
1468227560291119112
1468204656505462788
1468153132714643458
1468820912908619777
1468754181607419906
1468593016721997824
1468156366044876804
1468762995622825985
1468791627430838274
1468651560750125056
1468592514504355845
1468572609918816256
1468536108858286086
1468513743998885891
1468447821208584192
1468169100945870852
1468469493970063362
1468418735484506112
1468177529714266114
1468532596619366401
1468525802736078852
1468433506435231744
1468383252092108805
1468110701377949701
1468106162616766465
1468181511832702978
1468281287077097478
1468824879654834176
1468820280344649730
1468811752557088772
1468779139041689610
1468776769369128969
1468749760752664576
1468736399444635650
1468597367649619971
1468591761186439169
1468589258399096832
1468571938763067393
1468569554788188160
1468557166692823041
1468530395717144578
1468492910651871234
1468490409558958092
1468489941822820353
1468479971865686016
1468474648610279424
1468455434335887360
1468451468726312960
1468429770077601792
1468422696870445057
1468408171567796226
1468393350550024192
1468372460353437696
1468367044169011200
1468366343376277507
1468284386160250883
1468259840828928002
1468246076033536012
1468231126619762690
1468219265748664332
1468189087748145158
1468155951328882691
1468128689699180548
1468125976114569217
1468121081516937218
1468105588114477058
1468104708925517824
1468104419216478208
1468103317897187328
1468794363098681345
1468416967543513090
1468225503647653898
1468171818481635332
1468107398048927744
1468106772464353281
1468833702213947392
1468470482689138689
1468263196242767873
1468497979128434688
1468787799205679106
1468776631078559747
1468564712174469124
1468822886949343232
1468354883048722432
1468186466031333377
1468121252829171712
1468820738601734146
1468812676994199553
1468793030186467332
1468790803153653762
1468765779763994624
1468587325269495808
1468570644434411520
1468564008424771584
1468517025261621255
1468364693731348480
1468357088246046721
1468825274829602820
1468820080947458056
1468767912554942467
1468732069895278593
1468729903222722562
1468582686251909121
1468559214679261190
1468475693558218752
1468471391775121412
1468451700545519617
1468448379793330178
1468447216037629956
1468446755419156481
1468433652736397313
1468429427813937152
1468428039163838464
1468417138285514752
1468181058201919490
1468177002494509056
1468171412007383040
1468148292471046147
1468146418909020163
1468132929985384451
1468105332891480065
1468804717937512450
1468746597722853379
1468715346672582657
1468679148914855947
1468611477615509504
1468593916471431181
1468557169989537792
1468549484795678721
1468461385352835073
1468417248251367424
1468388738300477443
1468360370658021379
1468190349168234497
1468141460704808960
1468801257615724546
1468779447683739651
1468747138112704513
1468604999877885953
1468518810105757697
1468492351207133187
1468369320065462275
1468176269879640065
1468615938832355330
1468402437513826307
1468557264776740867
1468441236902080513
1468393631057051649
1468478595173519360
1468418266439634945
1468199755771568131
1468834141626007552
1468826468356526080
1468807259857698824
1468789036978302977
1468771616469311490
1468766571204005888
1468763557588127746
1468751361185488896
1468750145772658692
1468737664727719938
1468627844834103299
1468618498108637187
1468594495138631681
1468594428897947650
1468585401837400068
1468567173413027843
1468567015845552131
1468557153787015169
1468556166942707714
1468537625061433346
1468523916281135104
1468520619473920001
1468508097706553344
1468474823101714434
1468471346057269250
1468456451576238082
1468439970436108296
1468437452062814210
1468423669902823424
1468423281862606850
1468422444079742977
1468421350423289859
1468418690026590209
1468394431271165955
1468369595824177152
1468346611793219584
1468318836340396033
1468312853618642944
1468260173475053570
1468258510144032770
1468231728405925900
1468221610293223425
1468214142964092934
1468206543136911366
1468196996812984324
1468189774343143426
1468185179634094083
1468175732773834753
1468142368519901187
1468128518756188160
1468116885044486149
1468113212797116418
1468113123848511491
1468112107296083970
1468102227038400518
1468099830094389248
1468099672220700673
1468098492019085312
1467070553685069824
1468586096967573508
1468580192444510209
1468800964018642944
1468797505626271745
1468770852196040709
1468762965134376961
1468756551825440768
1468754315670024194
1468673256622338056
1468657352580734979
1468606290716807170
1468588264281894914
1468588194702651392
1468584850303053826
1468509782743162889
1468483764477050883
1468472118346088449
1468464916843704321
1468455588426240006
1468415205101096963
1468396451822637057
1468276112769748992
1468249378167078924
1468227799118925832
1468213992623525892
1468168272864374784
1468118608064700417
1468111910256078848
1468100787901546498
1468683414702374922
1468627805609119754
1468605843352567815
1468556551405277184
1468514565428322309
1468190591167119362
1468132010459680769
1468573335764144128
1468454071585574914
1468497616052932609
1468177266702262276
1468104586208890880
1468803796142739456
1468801838237421569
1468797638287970305
1468790168773885952
1468788395291779079
1468786220025090049
1468785522290036736
1468647299953926144
1468609828826148868
1468590699071246336
1468576655908036612
1468576250465689601
1468531306082492419
1468488576417636355
1468484919382798336
1468481777580838915
1468454972031385606
1468432798948024320
1468392482803228675
1468388359974252545
1468383988926476289
1468359000886448128
1468322869247717378
1468249263792693256
1468247176157483013
1468246865934274568
1468234841271451652
1468229942303506432
1468224787831042064
1468224118487076866
1468190359515803655
1468190156788224000
1468189666415456262
1468153017107030018
1468112015633780738
1468094284251361282
1468567617287819273
1468176379376140290
1468805675526414345
1468794692917551105
1468792926478102532
1468772147027857408
1468680826930233344
1468659927614992385
1468603428167458825
1468570461025959941
1468560476816637954
1468552705299779585
1468551490499485699
1468540068939788291
1468539744975929345
1468534978220679175
1468534371531456512
1468531936075284483
1468524339104403459
1468503422890491904
1468501299020767232
1468469483660525576
1468453661260988416
1468423917219942401
1468394714122518531
1468380801859395584
1468374981667360769
1468373004996382722
1468351491274690579
1468347117693378564
1468294489449979904
1468160682319175687
1468131682263830530
1468126855093895168
1468112863554260994
1468111165964177410
1468832961076371456
1468812161153597442
1468767465496727554
1468762195886411776
1468758859489714181
1468750219974041603
1468725474507382784
1468690154961309698
1468637008927105035
1468628519781609480
1468623446263349249
1468596858041749505
1468595951996600322
1468591430893547526
1468578394048630787
1468572245991714816
1468563924559679490
1468560507573440515
1468557260565594118
1468537445629059079
1468534522182393858
1468532088441749506
1468531989221232642
1468519571015573504
1468516148291407873
1468508295216254976
1468484981353697281
1468475543855140864
1468473165764390915
1468453610111791104
1468429229968793601
1468385611740422144
1468372274969554946
1468269318089629705
1468254091939774468
1468253046752911366
1468252198853234691
1468251010045026304
1468249745021878283
1468249489936764930
1468246798758207503
1468228678173794319
1468213975712256010
1468181374808952832
1468179207637200898
1468176382933053444
1468174506602557440
1468173298546757634
1468161395971997697
1468157934894866436
1468149474279182343
1468135319669198848
1468133484523044865
1468123531393527809
1468120175681564673
1468114274966900737
1468110326977732608
1468107485579857924
1467773672018620418
1468827341644197889
1468826338580598789
1468822524385366018
1468787939773612033
1468783922611818499
1468757822485581830
1468745721436262405
1468736607536627719
1468631328363106306
1468578013348446209
1468554424507240449
1468548016915337219
1468533074518372354
1468515174973800450
1468507481462620162
1468495400600440835
1468480452587446272
1468472308096712704
1468462055518834688
1468437787804266498
1468434212617220099
1468406962333175811
1468382259937886211
1468236286033027075
1468227377943564291
1468209674604351489
1468207939567558657
1468207464902500358
1468196814419496964
1468125602871844865
1468105710328238080
1465981763776245765
1468806160010543105
1468404616974921729
1468199668236439556
1468119305866801154
1468580709719703554
1468241624895533073
1468221499261612034
1468694160593063940
1468691074008846337
1468637931770245121
1468626161936785416
1468419323374882817
1468296945760362502
1468278692484980745
1468237903574802446
1468199833471123461
1468128271611039747
1468833522576072713
1468750291931594752
1468526470889107458
1468514080923082754
1468475962832547843
1468410946829705221
1468410942677344257
1468399715163148288
1468372245277904899
1468250164959891463
1468204542839824387
1468203518154575872
1468156493564301314
1468129905271472128
1468472407488827393
1468472405370695681
1468472401679695872
1468393032458256384
1468501990338543622
1468586758648385547
1468532932247621635
1468437261112922116
1468432882062422023
1468166063955537925
1468384256619466757
1468240645592698887
1468792285655564288
1468574758694309891
1468246134049099790
1468245907376414721
1468166630819577856
1468112386548772864
1468808286640099328
1468771803791167488
1468438184678031361
1468544160659480577
1468494970122240003
1468353549775953921
1468614497392730112
1468166357648875521
1468495057703432194
1468252665381412865
