1476052181182607361
1476049924097601536
1476049019663126529
1476045141446062083
1476043612492238848
1476041334158807043
1476040466508382212
1476040339131547651
1476039953800781827
1476036313564344322
1476036185633951745
1476035917592743936
1476034817829396481
1476034073692807179
1476031887890010115
1476031829262024707
1476031774572437505
1476030292716441600
1476028550842970115
1476026861645750274
1476026731274268679
1476026687892508675
1476025412044136454
1476025187279716353
1476023949158862850
1476021342377889794
1476019574558449665
1476019410020171776
1476016329492627462
1476012803966205952
1476012214205448196
1476011547998654465
1476010276851879939
1476010017757138948
1476009252288303106
1476009179089281027
1476005064212766726
1476004183861981185
1476003899140042753
1476003796601868291
1476002777931214850
1476001719838380033
1476001239842230273
1475999575265538048
1475997495297810436
1475996031342940161
1475994968787492867
1475990640328470531
1475990392491311105
1475990046121476097
1475986313157353476
1475985765339320320
1475983705306910721
1475978069970067456
1475972740246953985
1475970628159107075
1475967404404404226
1475952311423799298
1475951953314123781
1475926897158594564
1475926126207717378
1475923080220495881
1475913173609951237
1475907422979985410
1475903256274505728
1475894529609781248
1475870145172033541
1475869381271769088
1475869363001511939
1475867321591754754
1475864247682752512
1475863896330100738
1475863314471161871
1475860941182959620
1475860534595514373
1475855650613649412
1475854986911256579
1475854663047999493
1475851275388424193
1475847743692177410
1475844229913931778
1475843225327837185
1475842663060426760
1475842596173795329
1475840183127797761
1475838144972918786
1475834044097052676
1475833141764014087
1475832281306595333
1475827561250705413
1475826718195679233
1475822171314262022
1475820831741595648
1475820216344973312
1475819513551593478
1475819344626008064
1475818401595473921
1475818079741382657
1475816953344188416
1475816693364453376
1475816151233949697
1475814614344495106
1475814562293174274
1475811057142665217
1475807645567127554
1475806225484816387
1475805756398219272
1475805233271898113
1475805060965666822
1475804318628401158
1475804185119518729
1475804081801236481
1475804078542241797
1475802722150408192
1475802720829579266
1475801077253492738
1475800802300104706
1475800505523736576
1475799813056700416
1475799195952893952
1475798498813505537
1475797675618365442
1475797087325466628
1475796382044737538
1475795134671249408
1475792744836517889
1475792218472345601
1475790342293053440
1475789735721246720
1475789565021409282
1475789396632739843
1475788384895332354
1475788130582073344
1475785292179066881
1475784917313220609
1475784741735460868
1475783944222167043
1475783514419126272
1475780179360301058
1475777285269573634
1475777181355679744
1475777143489503233
1475777066897338370
1475776754199326721
1475776666123194368
1475776482152632322
1475772708566691843
1475772641004847105
1475768257386672130
1475767207892185088
1476049334000971776
1476048466975412225
1476046409312837633
1476044348605140995
1476040463568162819
1476037908813344768
1476036634407698435
1476028647962120195
1476023167801913345
1476021378969006083
1476021346177978372
1476018567275429893
1476018369170063360
1476016169983356932
1476015536290992128
1476015527378055169
1476011931265736708
1476011611290628099
1476011430436429826
1476006401013174284
1476006340896120836
1476001104408109056
1476000225256820738
1475999518411804677
1475987920334979076
1475980048431603713
1475978064026869766
1475976188485160961
1475975469434646533
1475974380769492994
1475967075092885507
1475964793001418754
1475963654856065027
1475876674042433540
1475840023203225602
1475820234414051329
1475818584064417794
1475817572402544642
1475808463519248387
1475808199039012864
1475799971811131392
1475799951460352002
1475792039425941517
1475790474845720579
1475788678848925696
1475788643222515713
1475787624337920003
1475780235249557509
1475778220821606402
1475777438223200256
1475772825298296832
1475764864333193223
1475759354968039425
1475757136311296000
1475757130586099715
1475757127687761923
1475757124760530945
1475757009769091076
1475752354955730944
1475751400684412929
1475748174132224000
1475745233967009792
1475743517238435841
1475742879326748672
1475741302985674754
1475735982125117442
1475735160133804032
1475729338930647040
1475712255626932229
1475708294593273862
1475702427428868097
1475697058354892804
1475696052061675520
1475694366983290884
1475685808459837445
1475682616913252354
1476048132408430593
1476042595977490433
1476036607199232007
1475998236443701248
1475971111997239299
1475967305746038788
1475829077764313093
1475815412407291904
1475814464758767619
1475801559288143877
1475799736510676994
1475797606081052674
1475793999440928768
1475785588246597632
1475779442173644801
1475768706177265664
1475767114103328773
1475765408347000833
1475765138376458243
1475764305991815168
1475760040954908673
1475756952236052482
1475754399318220802
1475753593143988226
1475753451514515456
1475753133145919488
1475747400941662210
1475746910174531584
1475746733623676929
1475746061075431426
1475744052897329154
1475743464084017152
1475743316922621955
1475743100899250176
1475741797494128644
1475741599975968768
1475739615692660741
1475704672912482304
1476049996474568707
1476045701985423360
1476040680992489472
1476037094308859908
1476032538904727556
1476030667775307778
1476029170018701313
1476027915254984705
1476027311451373568
1476025940375265280
1476015632458027010
1476008540535885824
1476007865894641664
1476007575929778178
1476007457742671872
1476007426470019072
1475999334281801731
1475986645010636805
1475981208739663873
1475963344792158208
1475946611691769857
1475874162849681408
1475864276950663173
1475860043887091714
1475859906657873922
1475855657706213379
1475852731592036359
1475851247097765890
1475847539765039104
1475847054614142977
1475842455819800578
1475838468022407171
1475834983784747009
1475834644809465856
1475829104972685313
1475826812168982529
1475811535981137920
1475810636982415364
1475808688094924801
1475807811565088774
1475807423176740868
1475806846300536832
1475806747910565890
1475804573818228739
1475802630462992390
1475798373991010308
1475796188225945600
1475796040691294208
1475791385328381958
1475790483351695361
1475789045607272449
1475787682898800642
1475786948119695360
1475785347829170183
1475784451611258883
1475783937439911939
1475783576872308737
1475782856228044802
1475782484877279236
1475782253468815360
1475775359740047360
1475768789643894784
1475768370364489730
1475767470480715785
1475767079823237120
1475766641648549892
1475765517747056640
1475760666464055299
1475759345090498561
1475758734232014851
1475758515218116609
1475756740402581505
1475756659653824512
1475755460795928579
1475753369478201348
1475750389207089152
1475749073105813504
1475747503249129472
1475746327493365760
1475746161004670977
1475743656527089665
1475741475581218818
1475741043559600128
1475740535172206594
1475740386647678979
1475739716704038912
1475730450156974080
1475710904788418562
1475692193595551747
1475681228707622915
1475680193717026820
1476035761161990145
1476034978534150146
1476028978506858496
1476020287758118917
1475810371952799751
1475807821807505408
1475804063841144835
1475793928343351296
1475789605542580225
1475760639758909446
1475760060571607042
1475754193184907264
1475712430302851072
1475692443295105024
1475098132174172160
1476035912995786753
1476021160768774146
1476017851555217413
1475982822867308546
1475891597212479488
1475798693752328194
1475786423810736129
1475777627726123013
1475757261356105729
1475746901819473920
1475746823989981184
1475739888465039365
1475739773775998980
1475728491295358977
1475682902855671808
1476053163111157765
1476046920283918336
1476043019979689989
1476037837648654338
1476035082020278274
1476030803331092482
1476028487790051332
1476025443291516929
1476025188906983426
1476021599350693895
1476021159233658882
1476021156478013443
1476020333475819521
1476018187628023810
1476017643505086464
1476015594843426816
1476014449299361792
1476013318204637190
1476013032975192067
1476008664360054789
1476003537389637636
1476002903802351618
1476002774051524608
1476001785219145731
1475998771624366082
1475992729842696194
1475990341782233092
1475984696068636673
1475977622932770818
1475972841422032898
1475960101026418691
1475950595244625923
1475950593705275394
1475950592086347776
1475948957310218245
1475908180165074946
1475904872394354688
1475887200705265666
1475868406188371969
1475858249408659457
1475851901803667457
1475844501155373057
1475835046976122883
1475834794298642434
1475827434180124672
1475827146480254978
1475824970898890753
1475820290424774662
1475820105166585859
1475816299875864577
1475814362635902977
1475809742769508352
1475809714009034753
1475807592345604098
1475805147712217092
1475803469088886786
1475802023375237124
1475798744675274753
1475796045825118209
1475795014361907202
1475794069359972355
1475791054074904577
1475787906111266817
1475779704653185026
1475778460391919617
1475777856932220931
1475777724270919682
1475768247391637504
1475768120472391680
1475763812670181377
1475757184864559108
1475756747000217604
1475754252773441538
1475754207982485510
1475752258239287296
1475748248543318017
1475745892900618240
1475744995797835778
1475744278546685952
1475743206218166272
1475740934176272385
1475740882104057858
1475734565964562433
1475726584858374144
1475718659507064832
1476030448002347011
1476028131290980355
1475990634334875652
1475990257757655040
1475972870043963394
1475881934324584448
1475881448577986563
1476054265915338753
1476053818307612674
1476053116361457665
1476052893220237314
1476052881534902272
1476051208695529473
1476049482965925894
1476049387767754754
1476049135530758144
1476048369780887553
1476047999000141825
1476047712294301696
1476046099123040259
1476045385831366658
1476045362032889860
1476045147385204738
1476044268816896000
1476044083722272768
1476043424696467456
1476042173749477377
1476041915485212673
1476041208900190214
1476041032676495364
1476038960186998790
1476037336798429185
1476036416182255616
1476034495677566980
1476031959931363329
1476029691718897666
1476028952451768322
1476028838307979267
1476028147434864640
1476026768851099649
1476025678449364995
1476024411341873154
1476024339417866241
1476022550043844608
1476021987256373249
1476021109329854467
1476020907655122944
1476018983404929024
1476017723389853697
1476015922879995907
1476014295846580229
1476013583569866755
1476013400782114816
1476012793883086848
1476010221684224002
1476006652717383684
1476005308069658625
1476004959791448064
1476003436789264385
1476003386298290176
1476000540731404297
1475999317529817092
1475998453201178624
1475995293891977217
1475993604787032065
1475991734479847424
1475990817076436997
1475985518617784321
1475984810761854976
1475983428654800897
1475967070537805826
1475965297320361985
1475954745789403139
1475948959315095554
1475947508048154624
1475907779600650240
1475886575854653443
1475884581693714438
1475882969461972996
1475874844193423364
1475870380443066379
1475869059405148160
1475867538722418689
1475864790169833475
1475862268629839873
1475857265861095424
1475855148161253378
1475853323919978500
1475848135586897922
1475843184223608835
1475842499629371396
1475840586854719492
1475840417186734080
1475839166462107651
1475834856693133316
1475834429180297218
1475832846090600450
1475832272867631106
1475831807505354758
1475831679478493185
1475828799971336192
1475827437804003333
1475826809748922372
1475826521549926400
1475826100789858307
1475824772357320714
1475822075407265794
1475819611857641473
1475817662655569926
1476053395773399041
1476053211861553153
1476050832290418691
1476049341756313604
1476049329408262145
1476048039869513732
1476047572342960128
1476046753098915841
1476046647255703554
1476046406141943810
1476044599097323520
1476042520417083394
1476042211636563969
1476041861210853383
1476040326657679363
1476040322660536320
1476039557845950467
1476039291964833796
1476038949755703299
1476038215341539331
1476038005500514306
1476037443115577344
1476035910860898305
1476034062418542596
1476032694496600066
1476030806388711424
1476030503471833088
1476027424508813315
1476024860207767556
1476024664379957252
1476024359038828544
1476024170903478273
1476023725858254848
1476023308512464898
1476021917928747008
1476021286916739075
1476019252259819527
1476018927427735557
1476018528985575425
1476015268832808960
1476015259928305672
1476013852982611970
1476013568449417218
1476012701201485826
1476012549753565184
1476012445176975361
1476012146299342848
1476010866218725377
1476010163274399745
1476009807022739458
1476008937409290242
1476007208194170882
1476006776428384260
1476006050343964678
1476004952476504065
1476002113880612873
1476002088031293442
1476001208632430594
1475998753483935749
1475995752602095616
1475995744989372417
1475994906329976834
1475994845340581888
1475994688070901760
1475993730297384962
1475993693177794565
1475992569427365888
1475992461554044929
1475991719325810690
1475990208969543684
1475988380504625152
1475985892460294149
1475985787573334017
1475981789143310343
1475981293984702466
1475979645434892290
1475978776496406529
1475971190946557954
1475965549003743232
1475965051706085376
1475955743853465600
1475953444020269058
1475952988476772354
1475937547859619840
1475903910351020032
1475902944843239424
1475887119360880644
1475885609906425857
1475880573289725955
1475877013810515973
1475873794711429126
1475864989768380418
1475858581933096964
1475857630786641921
1475853887189831682
1475853772123357184
1475852256310226955
1475851493114671112
1475851221328031745
1475850156113219586
1475849589638844418
1475849054512766978
1475848674995421186
1475846334116626438
1475845513752633349
1475844885127127046
1475842082182893578
1475835024326885377
1475833679695863808
1475832158530854914
1475831090036154368
1475830592977604610
1475829988205101056
1475829623002787841
1475829024706359300
1475828406050643968
1476054821614456835
1476053754566692865
1476052559034937349
1476045009753309185
1476041191460245507
1476038368945393667
1476038137038077956
1476036072010223618
1476035932788645888
1476035930746015745
1476016355207831552
1476016106565292033
1476015371404468226
1476011532840419329
1476009819911778304
1475999928216211457
1475998773557878785
1475993989392175105
1475988147930419205
1475982850931392512
1475855094117638148
1475854706370965504
1475846272649072642
1475831331061862402
1475830491089539072
1475823199711477763
1475818953242931200
1475812577015861248
1475800870113595393
1475800227818864642
1475799352996098048
1475796171977158657
1475795617750282241
1475795616621944832
1475793497772814339
1475792804185985024
1475790985888079876
1475789976176447488
1475786845380218880
1475779605613084680
1475770789433511936
1475768976118407169
1475761124402352128
1475751253833515008
1475751196413480960
1475750060000309248
1475746293834080256
1475744953644900353
1475744815937556481
1475742838000259075
1475738957816152070
1475725492288249857
1475716793113067520
1475707466851577856
1475706376374525953
1475702646312943617
1475697712167211013
1475678680131112960
1476047861288628224
1476039542507409409
1476035927864606724
1476035922298748930
1476035920016990208
1476014772315299840
1476014704686366725
1476007291375665152
1475997825918025728
1475997020468887554
1475991041027166210
1475936629588213765
1475911245609852933
1475892518432632832
1475887264290906113
1475883743793475584
1475878262706294785
1475855620997672960
1475853263425531907
1475846936259272704
1475843956944506880
1475843584918110211
1475833992322502660
1475831045932994564
1475814281560014848
1475810706901835780
1475809916401057796
1475807047853633538
1475806842496319490
1475805784344727558
1475803194617851904
1475798061125226496
1475796762241617921
1475793831526223873
1475789440308027393
1475775037193916419
1475774618187165696
1475772261244157952
1475769999088238593
1475767037137801218
1475763918534426628
1475761509586255872
1475760692116348930
1475757922068037632
1475753983960489984
1475749281097150464
1475748150279163904
1475743503019757571
1475743365895393280
1475726937821630466
1475723544067670019
1475719799594381317
1475718054508040193
1475713326269091840
1475712370924163073
1475700668031590402
1475698858621501440
1475689812623441920
1475687481219584004
1475686796088393735
1475686625300533249
1475685999279677440
1475685039149142021
1475684133607297024
1475683113120374786
1475681160906690560
1475510380365377536
1475971530152685568
1475801934741180417
1475782966672384000
1475777034454401027
1475739990294339584
1476003500718919682
1475998706654597120
1475882037915516929
1475875944053161986
1475866404175765518
1475865812552404996
1475842496563273729
1475836938938503172
1475808463880024064
1475780091749699587
1475751082911408129
1475740207752224770
1476055266139410434
1476040625074044929
1476032408231505922
1476031948724129792
1476031030578466816
1476028608179105792
1476019868323356672
1475997612805287938
1475996251418021891
1475966193324355585
1475964301508636674
1475906575696949250
1475893931028062208
1475882206895624193
1475873843184951302
1475869600021553152
1475863941616005121
1475859682233241603
1475858485623418884
1475851153053130753
1475842923283447819
1475825423300718596
1475807963323383808
1475807729222500353
1475804010850308096
1475801863660335111
1475798249642491904
1475786920948998145
1475775622144090114
1475772390143528961
1475763223131426817
1475749924478222337
1475749560387444738
1475749560328802305
1475741747934154753
1475731275352838147
1475729113646174211
1475726830942318592
1475726524615573506
1475726441585131520
1475721829062877186
1475713943599403008
1475706234086965248
1475703298074181633
1475699884770541572
1475694520968777730
1475693021706346499
1475499030239055877
1476049101741379585
1476048073553891329
1476040892268134402
1476040288741335042
1476039096577314817
1476038633354268675
1476035915201974276
1476034121218637825
1476033523517575171
1476029762514550786
1476024658579189762
1476024359403675650
1476022740427558913
1476018389923479552
1476017640439123969
1476013575730696196
1476009590282096641
1475997962278899716
1475991306111361027
1475978473395027973
1475977121117839364
1475968909006180354
1475963811181912068
1475960448365195265
1475959936433594368
1475936362645753858
1475935795156451330
1475866000318816258
1475856710942162944
1475856566641438726
1475852718740701186
1475850646096015363
1475850597584670725
1475840277084393472
1475837324273459203
1475833161594535937
1475827510289965056
1475825558814859269
1475821569872072704
1475821337067274249
1475818647276834817
1475817910618578946
1475816932410413056
1475816799740432389
1475815966613270530
1475812158445277185
1475812119329140736
1475811511364771844
1475810709711638532
1475804987422744577
1475803674072940544
1475803082114039808
1475803077420589058
1475801871960854528
1475801467717963780
1475799408541257728
1475797469158014979
1475794964185444366
1475792772087095300
1475788894750740483
1475785939544731648
1475785131332091911
1475783429291601921
1475778992971993091
1475778933127712774
1475764055898230785
1475762585483939840
1475761604415275014
1475761468289257472
1475760688962232326
1475759564750348288
1475758419818815489
1475754961535324160
1475754771675897857
1475754247211737088
1475754170862895104
1475753483290566663
1475752079402569729
1475751549767139329
1475749367386492928
1475748927982895106
1475748583697641472
1475747861052616707
1475747817708605447
1475746522910191617
1475744732227588097
1475744364085219333
1475744092613058560
1475743918264250369
1475742464388440064
1475742454535966721
1475741128645169152
1475738563186618369
1475738364393361409
1475737293965041668
1475729136471592961
1475726084339486721
1475725981117665284
1475712581876682753
1475712578940665856
1475712566848483328
1475704240752320512
1475698267459440641
1475696461870690308
1476053686090485760
1476046977641058305
1475860112434552832
1476015202277928960
1475822784156602369
1475689291221110786
1476003753950007296
1475910592032509952
1475794532906070024
1475771362060820481
1475750312589758464
1475826021869912067
1476048118638514178
1475747118975356928
1476053834610855940
1476038627985539073
1476036106973974530
1475849673072013314
1475835266472370180
1475835001245618182
1475830990765363203
1475826255131922432
1475823710607233026
1475821654643146754
1475805745312677888
1475783870796623872
1475751982203695104
1475737411522940928
1475714381346340864
1476028297905860612
1475980550313705474
1475725344246165507
1475688540990107648
1476053372402733057
1476017648978718721
1475789901270433796
1475753460993724416
1475752737929261057
1475743633940705284
1475742104546512900
1475738347188338689
1475725491483344901
1476022920044367872
1475990246957277184
1475974165857378305
1475861364790882313
1475825557396877316
1475765701080088576
1476039054739140611
1476021688114450434
1476021686495449091
1475992428377108482
1475872858509234179
1475844606436597765
1475784695359041541
1475765187374305281
1475753255430803461
1475720806839635969
1476053590334599170
1476027488530694148
1475882382079127553
1475838333393637379
1475831282659573760
1475702900919726080
1475691194218795008
1475761647851474945
1475748190280294403
1475720637909909506
1475954404901621760
1475850414335533059
1475849537478488067
1475791909306044418
1475879661854814210
1476043353825288194
1475842094497370117
1475749647855456256
1475977013945118721
1475997788114759687
1475977181331435525
1475976219640410118
1476012987446005765
1476003135256625152
1475749579006316547
1476039673499684869
1475862659115274242
1476050743928844288
1475849658089951237
1475777018910314496
1475766882506403844
1476003682349051906
1476019126015459328
1476015500622643203
1475810598176755713
1475801663290032132
1475775110837518342
1475751930395652096
1475722297155547136
1475693719277817857
1475686955870396417
1476033832495161350
1475879262938796032
1475765998615552003
1475748781194842116
1475828637010063362
1475712083035451392
1475806303360458752
1475812030477004801
1475970800435941377
1475854548669329408
1475853287689625600
1475836273541607429
1475769378087923713
1475768595279794183
1475739732973813760
1475730274700849152
1475777824950611968
1475957980264689665
1476044396126633984
1475811685562667008
1475737635914063872
1475730152118054916
1476026941572456450
1475810174736551939
1475701732898312193
1475964283754192898
1475863162859573248
1475822619010035713
1475808097566298113
1475794336813961217
1475703961608880130
1475697759143739393
1475904235002744836
1475819052064935938
1475777835943936001
1475777819099598853
1475769205882458113
1475732749944188928
1475711902533644294
1475837663542349825
1475769357854666752
1476059735832993797
1476029159969148928
1475778015959257089
1475813581748727810
1475778371141267456
1476013345106841602
1476016704748617732
1475829864779317253
1475816711542566913
1476055830906638337
1476032978253844484
1476021451618615297
1476014840892116993
1475969490840031233
1475903292249042945
1475802390771089412
1475728216018980867
1475698301395689477
1476020341554089988
1475833694858268676
1475831875381850115
1476016945174433793
1475715639096446980
1475874431066992642
1475788233195749376
1475752608589516801
1476019732696293376
1476015789970903041
1475869160903102465
1475827164121427973
1475780781326753797
1475708142117810182
1475703215593177088
1475968793394368512
1475952695458418691
1475870804663406595
1475870598987337732
1475844262075908096
1475834961127112704
1475833701292396545
1475810415888068610
1475807004400574466
1475776038965850114
1475773681045409792
1475771425050955780
1475756099231903746
1475746742515625984
1475695854480605184
1476010596868902912
1475807261599551492
1475772263844642818
1475788445280714757
1475745783139868672
1475727914788274177
1475778404121120770
1476053651089018887
1476000771598536706
1475825837983236103
1475791548939862022
1475713934552227840
1476049649999892480
1476048082764664832
1475958416422043651
1475745339537702913
1475844102025453571
1475826370668158977
1475810924837490688
1475810036530102273
1475803916101046274
1475801684966199297
1475799308729348101
1475794976306958338
1475724045777727488
1475723008509575171
1475697739371462665
1475441447667060737
1476022579177484293
1475742463193137156
1475866483267829767
1475799584689426433
1475799295794167810
1475791266994556928
1475747603618824198
1475747515957796864
1475769790811676676
1475750743134990336
1475746151634771971
1475742452795547648
1475720447262007298
1475980309409587205
1476054572279889923
1475860892772278285
1475773064625344515
1475747007461408772
1475742459162513413
1475711693065908224
1475837872666148865
1475802896633450499
1475784689151397888
1475742418444165124
1475739744218890240
1475975669347540995
1476052956612988930
1476051829595144198
1475982747147456512
1475693902736740353
1476040484439031809
1475742465495900166
1475724685069352960
1475958858149335040
1475958719183613955
1475800034427879426
1475799303721422849
1476042385066840065
1476033907363495937
1475866636175347712
1475847500145717249
1475833496153194499
1475829269381091335
1475829269209108482
1475829149822783488
1475698728053141510
1475799489210302464
1476038939194507265
1476038020830679044
1476037936156004353
1476037735466946561
1476034874549047296
1476032038792691712
1476025333384052740
1475995079512707075
1475966825632452608
1475821580169089027
1475813868706304000
1475783741205213185
1475769374388600839
1475753506568998915
1475727953455579136
1475723858678194177
1475703550772592643
1475703190829993987
1475702740030418946
1475693478172508164
1475841004368379907
1475731739771166722
1476049543649128453
1476045829450317824
1476025727833104386
1476025723693400067
1475900532367704064
1475815606188331010
1475748322484830215
1475731247250898947
1475798275152252929
1475745008246562818
1476036497903996931
1475978644937797632
1475883292788346880
1475768527734943748
1475741444476260352
1476029459966820352
1475801723658665986
1475767913290166272
1475763315607367682
1475743318298431488
1475737228303208450
1476018392742043653
1476003949656219653
1476003786871115776
1475999599579910144
1475939764582981637
1475875012397748233
1475848610063343617
1475844234624262147
1475821915507933187
1475820882056466437
1475783627443040257
1475753653747142658
1475723399901057025
1475721340447457282
1475721288408711169
1475708696206270466
1475697249342529538
1475884934405378052
1475861000888872961
1475860278428323841
1475859094380560388
1475735025177874432
1475730828130877441
1475807294000562179
1475695144779206664
1476019475539324930
1475886974091161601
1475879415011708929
1475851776339300353
1476044584065007616
1476004172029779970
1475995112702283777
1475941825701720065
1475878262966566926
1475875460936613897
1475867509807095809
1475756217590902792
1476058665157234690
1476052969414021120
1476035378322706437
1475987045411557377
1475831909980975106
1475812507864293377
1475799252433457156
1475699322784137217
1475701944014368768
1476010335551123458
1475860687071051778
1476035883723800588
1475741516362657792
1475799536849207299
1475730712527400961
1475989458239455233
1475864627724443655
1475771134058455042
1476063374043537408
1476063027581521921
1476056000859815944
1476044667749687298
1475989590209007617
1475878709001289732
1475872026090881025
1475848341254639618
1475819942175916034
1475791060408274946
1475777883293450240
1475736083111428096
1475735374580248579
1475711596584333312
1475708332941799426
1475705565489758209
1475693472921231365
1475689668033142784
1475991971408003072
1475989009243332609
1475987628453335040
1475870220937957379
1475775147843854336
1475774374267408385
1475709360269447169
1475839936322584581
1475823107604561924
1475986589327134720
1475818820325371905
1475788733618147328
1476039295173488641
1476001006085611520
1475920835147968514
1476061202455445509
1476033847619776513
1475971250178514944
1475827812082720771
1475785167512154112
1475741469071724546
1475740196901568512
1476065334536851456
1476064548457046016
1476041904869429251
1476039370973011973
1476037519560953861
1476036150477217796
1476018226890883076
1475999761941807107
1475964173418827777
1475963595288551425
1475825207415750658
1475765296635863041
1475751746248970240
1475739867711623168
1475706149395582976
1475694646479097858
1475884700392558597
1475814662914535427
1475771378070552576
1475767001976954880
1475715482082689025
1475704424953630720
1476018883702059009
1476002091525050370
1475885550556966913
1475746093220519938
1475877747448713218
1475830740654850051
1475768036816609282
1475729263521263619
1475997534762201088
1475864487915708417
1475812993560571909
1475998616577662976
1475735119818158081
1475720355075407874
1475996645007695874
1475872695778615299
1475791918760034305
1476059132419477505
1476035249003843587
1476023311939211264
1476014077528862720
1476011060507201536
1475990902736703489
1475964027545088006
1475862766795649026
1475846995071754245
1475845929534038016
1475826742463909889
1475805451316989954
1475805263550574597
1475805023502311424
1475800695345270788
1475799861261783041
1475798105844903937
1475779489674108928
1475775619304624129
1475775084753154050
1475773723697242114
1475764538100183043
1475756928307326978
1475754568629719042
1475752462585843713
1475746630833819653
1475731619709276168
1475730936775929858
1475727299836141569
1475726279844372483
1475714657151164416
1475981499765719043
1475906505643749378
1475877125789941760
1475877120064704512
1475870238335979529
1475851302093479937
1475837477097197571
1475799364249341955
1475767018699694083
1475758062400991232
1475748572519821314
1475741627788443652
1475740503521955841
1475740469896224768
1475732302185512962
1475722552215433216
1475720879233376260
1475702907332743172
1475702614104760325
1475701597992796165
1475697377398837253
1476061695550181378
1476053514178621443
1475898596897992704
1475894931407265797
1475867592459841537
1475859048398417923
1475836634977374208
1475790206129246209
1475788097157681152
1475773162037993472
1475741382803595268
1475726337637699585
1475713974792450051
1476062079551377410
1475784415980646401
1475775263900200960
1475749953116913674
1475992839477555204
1476054376686882820
1476036088745496578
1476020290006126592
1476000791370493956
1475973705633198080
1475966279441735680
1475961326996316165
1475894708601720836
1475883636347924482
1475876876476248067
1475876647450542084
1475863993445060609
1475849865582231557
1475846236557115401
1475845597424865287
1475845419615735811
1475844914176933890
1475841468585562114
1475840870033203200
1475801459702730761
1475799717447491584
1475748677910204417
1475746222757466113
1475740057243844609
1475721612372504577
1476068319497101312
1476062269024833536
1476060329960427525
1476055129526652929
1476050433806241793
1476045570829545472
1476039988248649730
1476038530748993538
1476037546459078658
1476023179998994435
1476017740771053572
1476014250858450945
1476006825656942595
1476006664146808840
1475993387148795915
1475971627292581892
1475970403780608003
1475969618548121600
1475968826466467840
1475940723719507970
1475904059299098625
1475865877031501827
1475859857081192450
1475858923248701441
1475856811852845059
1475854157630230530
1475852852392120324
1475851818932465667
1475849797290520576
1475847549592694785
1475846144156585984
1475845082376855553
1475825014771355648
1475823038314676224
1475811021067542539
1475808822719438850
1475805078896328707
1475801230173560835
1475798267245961218
1475796378425049092
1475795405229072385
1475788869677158400
1475787611847282694
1475785979847843844
1475770487577841666
1475768549821988866
1475768261413273602
1475767961918926848
1475766075123855363
1475759106115850240
1475746503801008130
1475744375548243968
1475740376619122688
1475725890742939648
1475719916221349891
1475717541288763394
1475697673223086082
1475695888441884674
1476067391587201025
1476065139908493312
1476037484005900290
1476036954642792448
1476035566785290240
1476025856506032132
1476016057424900101
1476012783795720192
1476001504309886983
1475950839541993476
1475936459072802818
1475909310530076675
1475902332751724547
1475890178250182656
1475875237203886086
1475866613530304521
1475866019230982145
1475860265161957386
1475848861981704192
1475812765117784065
1475811835873955840
1475810078729007106
1475806436009512960
1475806325242163200
1475789910766284801
1475787344548712449
1475786005374451718
1475770233897979905
1475767721052676096
1475755590936760323
1475754234893066240
1475753669232529412
1475730962675683328
1475706660660391940
1476031534893314051
1476013434030284800
1475981877391486978
1475977392250261505
1475852775493758976
1475780926386802690
1475716421715824644
1475713247906988036
1476068143093235713
1476067645233451011
1475844523297177602
1475794597305458689
1475768217729601537
1475746705899331584
1475848838720081921
1475790450149658630
1475779292722204675
1475774269644701696
1475744769678577664
1476058484957278208
1476011625152794624
1475998821364772877
1475985542982500357
1475962718091833346
1475936457248239616
1475928307560431616
1475907389408911363
1475870465675640844
1475859093558595597
1475855252389720070
1475848450797305858
1475835429748359170
1475813053887393799
1475810483735121920
1475806865317449731
1475768987296231425
1475767816263331842
1475761033021067264
1475739796916027396
1475865660270215174
1475848767660118024
1475701096723410945
1475819541582151683
1475757684343246852
1475757608715763712
1475869328205508609
1475800233174986752
1475836763255959558
