1469150518802935811
1469150112324542468
1469148967866757122
1469148081559990273
1469147717624471553
1469144912826290180
1469143695551131649
1469143349349142530
1469141658587385861
1469140435423485955
1469140101166993409
1469139694562672641
1469136854469341184
1469136850610573313
1469134160916725760
1469130296268230658
1469130175006658563
1469129262036779012
1469126755407392771
1469126184008962050
1469125769888612356
1469124698764046338
1469123962990850048
1469119229395816451
1469115597296324609
1469113601587761155
1469109611139588101
1469105478156255232
1469105199490867202
1469101771003891715
1469100999369367553
1469098286438961152
1469096063394934784
1469093442395389956
1469086179286867968
1469086176573202433
1469084084865355779
1469080840764157953
1469078506705338368
1469057094917640194
1469052626281009153
1469035033251827719
1469008905090961410
1469003912950603778
1469002307249467395
1469000900018536448
1468999531245162497
1468994954961698816
1468993869010198530
1468992159726460931
1468990691329990660
1468987844400087044
1468975245868486658
1468972757308231680
1468971509540536329
1468970983855771648
1468970356866125827
1468969913796624388
1468963255926157320
1468961474324275202
1468954497548316672
1468953345498836999
1468952782468108294
1468951152465117192
1468940809206579200
1468940145558573059
1468939977656451072
1468939237416267780
1468937314093223938
1468934058423963655
1468928495560527876
1468926008908652544
1468925561799991303
1468922885922193410
1468914355857080321
1468910394999668738
1468907831348789250
1468900600725209089
1468900166660857860
1468900047676841984
1468898671995412485
1468897354732298240
1468894956169220098
1468892309383045120
1468887681333559299
1468887065727143937
1468886619897819140
1468886454189555713
1468885520109342723
1468877291123974148
1468876845747564548
1468876656844546048
1468876575663792128
1468876299963809793
1468874909409439745
1468868449619243011
1468856464403951619
1468850734250672128
1468848962530525184
1468848768384528384
1468848490490908673
1468848062952984577
1468847134757769216
1468842435816005632
1468841557482610690
1468841475928559618
1468838788579221505
1468836902442704896
1468836253076320258
1468834673157545989
1468832826803978243
1468832195640913921
1468830381923205122
1468830312616501254
1468827958647275520
1468827683203076097
1468827620255023105
1468823967632875524
1468822799418478592
1468822414834364424
1468820081715003394
1468810511248551936
1469151989502152708
1469151502979657728
1469146311026876417
1469144786707886080
1469141840322387971
1469141445294522373
1469141101386690561
1469133536221298691
1469130291121770499
1469128483523624961
1469125772694589441
1469125538350436352
1469121963649953792
1469120573263417345
1469119887444361216
1469119878288138241
1469117743001600004
1469117115479191552
1469112392135032834
1469107177981759488
1469104438660894720
1469093607596388352
1469093509936394244
1469091407977750534
1469090722976612353
1469089506330566663
1469088958508421124
1469087992455303170
1469080110523248643
1469074879626448898
1469073271865823233
1469059526976442368
1469058564186533890
1469052149229187075
1469048122122797059
1468988331551707137
1468984148568121346
1468968857662410760
1468966941796683776
1468953619831554049
1468947167838556167
1468947165829468163
1468945753531838466
1468942066285625345
1468939139223457792
1468937475393409032
1468937080453562369
1468936237033558018
1468930592569888769
1468929511664222210
1468927172475686912
1468924060285300737
1468915258458734597
1468915200040456192
1468910216754253824
1468899481466937346
1468895957001465856
1468893856473116674
1468893599706148864
1468893415886651392
1468892652607197184
1468889646708912130
1468888823031484416
1468879659081220097
1468876999938564096
1468875624928456711
1468875597208174592
1468875595119403009
1468875592908955658
1468875475007131651
1468873259412119557
1468872357490032640
1468865950413824000
1468864235270778880
1468864205134745603
1468863425639972866
1468859553420746754
1468857136209805312
1468856427620061184
1468853279996194819
1468846563740958721
1468842314026176513
1468841683269734400
1468840647985545225
1468840422193569795
1468840298071527426
1468837609593966593
1468835288466137089
1468832411119067140
1468829086436921351
1468828653504983043
1468827552101769222
1468825086140436480
1468824148906438657
1468823143846268940
1468820733342019588
1469150334589100033
1469149572257619970
1468853050072649730
1468852345618382848
1469147367827853313
1469121410144505856
1469119675623776259
1469116571163389952
1469115319092342789
1469110683451097089
1469105854326591488
1469103699746197507
1469100879382908928
1469098133183512578
1469097604701057024
1469094773696839680
1469092632282365955
1469090638217945089
1469089991095504901
1469082207138435075
1468975345546059779
1468962334429253649
1468949428220268551
1468946818612350977
1468937163123224576
1468928417370292233
1468919854367326208
1468869188991143936
1468868517147512833
1468860396895453186
1468858530799124481
1468856445877714946
1468850459490217987
1468846378650460161
1469146392497061893
1469091950011699201
1468907942606893057
1468865307724836864
1468849386604023808
1468849075269226501
1469134598219046917
1469124848811405312
1469105055651418114
1469095653238194177
1469039671648813056
1468964808397447171
1468963732550127633
1468952477798043652
1468941779902902272
1468934582858764289
1468933670790520833
1468906887613616134
1468903473265664003
1468876092895203328
1468875968970321921
1468870922165633029
1468870555906428929
1468870549560446976
1468867874966040577
1468867872101339139
1468866144312250368
1468862183131869185
1468861485958918144
1468860086051172356
1468859867091779584
1468859671419228161
1468858032968798208
1468855348249325568
1468849811755397120
1468848258990546944
1468841994688471041
1469140463743430657
1469139819263664128
1469139809813909504
1469136962179121154
1469136904511651841
1469134594955886602
1469126039301279746
1469126036885766147
1469124779433082881
1469124057194917889
1469123638234435585
1469122085733605380
1469119374137036800
1469115773440303105
1469113384268349441
1469112347167916032
1469112171200008197
1469112062395629569
1469108913324773376
1469103612156526594
1469097972172349440
1469096100401274883
1469093042866909185
1469090013157625857
1469089863517409280
1469082023700545540
1469081729038094340
1469075868391600129
1469064507448123392
1469057383137628160
1469009259648077826
1469008108781391876
1468972190339006480
1468963917359575045
1468959007884775441
1468943627124555777
1468938021512699904
1468935681766424578
1468927828821352450
1468926860385927171
1468926781088428035
1468926689707106307
1468922604832522241
1468920225533882374
1468896375978881024
1468883208737476608
1468883146439639045
1468882169917415426
1468880963891458052
1468874870133907457
1468873251744993282
1468872599300034561
1468872424955334657
1468868063596408834
1468864607494103043
1468864409535541251
1468860477325389827
1468859145205915650
1468853579721199616
1468851546796429320
1468848219052339200
1468847618046390276
1468847551772180480
1468844399576567815
1468844122236616705
1468843780107165696
1468843639988113409
1468841262094508034
1468840829133357060
1468839096533467141
1468837400071716866
1468836250555609092
1468831850021801984
1468830282707054597
1468825335709925377
1468824832162689024
1468824117914652674
1468822840229044227
1468822736642453504
1469073510920192003
1468979828661514242
1468979455783682050
1469152983153668096
1469148046982201347
1469146455008956422
1469146350746959872
1469142333434130433
1469141701713268738
1469137451524390913
1469127452324614147
1469125639982632962
1469122483999576065
1469118447162322946
1469112936614416389
1469110758558502918
1469107183098875913
1469096752103903233
1469095720858755075
1469092250911137797
1469090640356986880
1468993295514673152
1468961371312119808
1468960003574751239
1468959713270255622
1468950877163556864
1468944185051029514
1468943588960575489
1468915470187188228
1468914966535176192
1468909951741431809
1468907057176666116
1468906540090281986
1468905517288341505
1468900386794663939
1468898174362271746
1468890074834030595
1468888766836142080
1468887091329208322
1468874851918118912
1468872336405188611
1468864412005978112
1468863700299702277
1468862416695926784
1468857769734250505
1468855721139884034
1468855494529978372
1468855268356276225
1468854210930356226
1468852677261938688
1468850803997913088
1468848526444564480
1468848515321188352
1468845096821002243
1468843242082816000
1468842851559563265
1468841441149423620
1468841427626958850
1468839702472105993
1468839162870517767
1468830182765051907
1468829446706634752
1468829396937052162
1468825610684350464
1469154918820945924
1469154093687992327
1469154006073184256
1469153408141590528
1469152961649471490
1469152938425675780
1469151314667970565
1469150703574675456
1469150654828453893
1469150646032953345
1469150576776663041
1469150093597048832
1469148747279986695
1469147188479475716
1469145767772254209
1469143783438651392
1469142367299014659
1469140690827239433
1469139951832866833
1469139906320486404
1469137540275793921
1469136241895510017
1469135691158155266
1469131758805262339
1469131253370671105
1469130886603948036
1469130254673317892
1469130114764005382
1469127254391226370
1469125017304813569
1469124620255072259
1469123307765055488
1469121580219260928
1469121408148119553
1469121203369512960
1469119691197014017
1469119681009094656
1469118869600038913
1469116296528744451
1469116165855186947
1469116042173550597
1469115210422054915
1469114952380137472
1469113862821580802
1469113528560721925
1469113457526009859
1469112202770595842
1469111892526333956
1469111075400421377
1469109816647766017
1469107313269100545
1469105921657749504
1469105746323259393
1469105727775989763
1469105053403213825
1469104765569167362
1469102344868544512
1469098447290572803
1469098031899234307
1469095244310335488
1469090178769711109
1469084082625601538
1469084063587713027
1469071203583152128
1469054188264910851
1469037401716658179
1469016813597978624
1469013036765642754
1469012673790558210
1468994056487383044
1468987538433970179
1468986201138864128
1468981400661463043
1468979970949013510
1468978341550039045
1468978190148259844
1468977943984541696
1468977661091336194
1468976664453525515
1468974357263179777
1468971981470986246
1468970509119332355
1468970492904165382
1468968006776541199
1468967815734386695
1468966232095219724
1468963455403114501
1468960629281419265
1468960054053203974
1468958152636854274
1468957791893471232
1468955734498893842
1468954907352842243
1468954222150389774
1468953556694683659
1468953007001726979
1468952500954796035
1468951753588543489
1468951746626027528
1468951672470736901
1468951067803021313
1468950684645031943
1468950061061009410
1468949930941181959
1468949829015404550
1468949501876396035
1468949490295984141
1468948653385478147
1468948010621194241
1468947032396025856
1468945561675976709
1468945294863716354
1468944782932205577
1468944570511724546
1468943834281168898
1468943779742633984
1468943249544925186
1468942353545244673
1468942006642634755
1468939685707673608
1468939362175840256
1469154886105194496
1469142727979769862
1469140209417682949
1469140207614119938
1469140204720066569
1469140176425218049
1469136600843972611
1469136535865888771
1469136203739922437
1469124822634401792
1469098311369908224
1469004275137191937
1468996864913539074
1468983633868300293
1468981504394944512
1468955387684483077
1468950932759007235
1468947780806713344
1468945459565645825
1468938475667738625
1468935760573177857
1468932976482263042
1468931825737166851
1468925376281780232
1468920962116567042
1468913985026244612
1468910900723601413
1468902093025329158
1468897543631212544
1468895699546763266
1468894964637528065
1468892171218472961
1468890574719574016
1468883452837523460
1468880012778475521
1468879459310706691
1468872105781391360
1468862520924389377
1468853524834361346
1468835680293773314
1468833342011240450
1468829638151467012
1468826234767372288
1469147623168692224
1469143721904009216
1469141037255823362
1469141000597606400
1469140687547367426
1469137305411604481
1469136298497609732
1469134070403649536
1469130420398657539
1469127666116694018
1469127498306781184
1469126019294515204
1469123992195780608
1469123705779412993
1469119788383309826
1469119641473597443
1469118626452033537
1469116636531548164
1469114806913277954
1469113913979510787
1469112128384552961
1469106787118837762
1469101083784286209
1469099502644924422
1469097047651348481
1469095909191348225
1469079982320218112
1469030398055235584
1468986166586138629
1468984889663901698
1468975189132070912
1468973104609185794
1468969519972376590
1468967651514880000
1468963530854461454
1468953971041599510
1468949443093229570
1468942136347291651
1468938815670681600
1468936935443816449
1468932200338841600
1468927410674429954
1468925247990554631
1468916810070192130
1468907274726887426
1468864404426932227
1468857517648531457
1468856067689828352
1468843666873536514
1468842817036292096
1468841817248468994
1468839685204025344
1468836808653881345
1468827752065208329
1468961533690454026
1468918582926995456
1468841409390153731
1468838074410934272
1468823638828720128
1469079831786639362
1468860312271130625
1469149444666904579
1469149005460361216
1469147474904457219
1469147471398023168
1469120854508244994
1469112821145235458
1469105028359081987
1469095497637904385
1469084374003904513
1469023818345713667
1468997596081360896
1468977048798605317
1468968754344124424
1468960471575265292
1468957407694835713
1468940216752771074
1468936898794037253
1468924381317382146
1468920455809548290
1468916101731864577
1468907659915005953
1468906163441782784
1468905074638278656
1468891261151055873
1468890223442423808
1468882272518832130
1468877090485198848
1468876833433153536
1468876398769152002
1468868324503154691
1468852951800160257
1468844128616148993
1468835437309538304
1468824675308343296
1469150301173141504
1469141982362550277
1469141189152567296
1469139926155345921
1469139650396635137
1469137843465297925
1469136033358893058
1469133393505894401
1469133094028513290
1469123260675624964
1469117064824582145
1469111851254304769
1469108657418039296
1469107490281299969
1469105958622097410
1469105049238310912
1469098938028355584
1469098046533214211
1469084932072820736
1469082260636717059
1469079751914508289
1469043060466020353
1469035640956207105
1468971525453664268
1468966762125295620
1468963323567742994
1468952100692320261
1468949376588337153
1468945089489629184
1468939364726030339
1468928198364655617
1468918591261057027
1468913326012911617
1468912818665652225
1468902654130606083
1468901264159232001
1468898433511559168
1468893092942327811
1468892602254561280
1468890718034804740
1468886724948332548
1468883943923412994
1468883434034515968
1468883295727325186
1468877228809154564
1468871792286740483
1468867032858836992
1468864503773159424
1468863963865571329
1468863414726451202
1468862935753576449
1468861908371447811
1468857020656668672
1468848287285317634
1468846987302735872
1468842640971997189
1468841493339193344
1468839042275954690
1468838317139501058
1468836911724695555
1468835577730461696
1468835025873358848
1469135950458490891
1468980070379229189
1469062020045496326
1469123315142774786
1468922343921618945
1468909393991241728
1468942837467148289
1468824834222133248
1469139810145112066
1469132177841348610
1469127993205215233
1469005017822601218
1468928621016281094
1468906961030705153
1468891079495671810
1468838803733303296
1468835136321974273
1469158135667441666
1469076409431703552
1469076271405490177
1469060830566043650
1468852813056806913
1468832998204133377
1469126930821632001
1468934837570396160
1469106516363919360
1469127496981381120
1469126529225424898
1469126198735245313
1469106505676775426
1469106473611321353
1469072231028248576
1468949091451166725
1468922158969606144
1469096549279887362
1468920422116704258
1468879686058983425
1468872921955246083
1468871321887010818
1468851383818338304
1469141896861663232
1469111663009751040
1469110563942789121
1469106495040077829
1469106489683894274
1469106484327768065
1469060819883151360
1468969997967900680
1468967819907719185
1468924430176776196
1468921725425356800
1468918642498682880
1468879103717634050
1468878876386361349
1468872641675083776
1468991203207122944
1469132644206084098
1469130735915175937
1469122957679026178
1468987223986999297
1468957097396092929
1468842854587854848
1469105353270841345
1469104108778913794
1469103962561282048
1468939986921656322
1469015759279910912
1469100748642217986
1468950095135576068
1468883548031512576
1468874291097714690
1468831522484490243
1468967335692177409
1468966938617344016
1469131181614501894
1468861557408874498
1469145289386721282
1468957518692970504
1468875293733494786
1468841345590587393
1468939584553684993
1468934794138451970
1468883768207241216
1468831705750376448
1468823047557693440
1468823024614862848
1469123750368976901
1469123017376600066
1468936157027131396
1468898022742323201
1468870812857864192
1468959402833039362
1469150492571832324
1469074079231537155
1468953645932638213
1468952839871352833
1468940076449099777
1468936423671676934
1468825299819270145
1469140764458242051
1468886510195806211
1468905302963548163
1468831020245938177
1468830994216087553
1469151030830985220
1469119708263694337
1469068193243099138
1468851140833910788
1469129828829851649
1468905062059495428
1468903020159111170
1468898201788825601
1468898188966825988
1468892714187907072
1468892699159789568
1468884744997793793
1468883268850257920
1469131518056415232
1469094885118513156
1468923942131798023
1468935735189598215
1468880752498462721
1469139157087768577
1469146472432414722
1469144937753382912
1469144563445288963
1469143841265811458
1469142034384502784
1469123453819121666
1469073099614146563
1468931655867895810
1469157433742397449
1469134757065748480
1469124802602577926
1468947888273166337
1468860467539963913
1468892490455420931
1468856713059004417
1469145723866288132
1468835237983502336
1468834637275295749
1469132890587860995
1468971321656627202
1468969640936173583
1468958606485688329
1468958450239479808
1468947927062446080
1468943433259634689
1468942888885096448
1468942561960083460
1468925374939611138
1468864908078968833
1468845331060195330
1468837818415960068
1469126255207337987
1468951790242516992
1468901032751030277
1469158396536315907
1469157325046878213
1469156939363799044
1468927176577716226
1468909734719746049
1468890601915441153
1468856410117054468
1468840411670007809
1469082349509898241
1468931527488651265
1468910850375237632
1469159931701989376
1469157794381107200
1468961862351872002
1468908395558162432
1468864951200587778
1468942070547042310
1468932541209989121
1468907029464956928
1468854305885143044
1468860083190652929
1468854332254826496
1468958458120929281
1468899690909343745
1469135223191261191
1469133779771871233
1468911440819941378
1468854296934502404
1468947706382979073
1468943062759968769
1468929948110901251
1468905552226910208
1468893171354841094
1468888605514874880
1468832196446220289
1469156964559060997
1469124794104700930
1469116623369895938
1468947320397991936
1468907999947157504
1468996776648536069
1468948709031309312
1468930929276035074
1468928815996936193
1468852772921434116
1469101769389002757
1469082311236853761
1468854299421777922
1469122190427639810
1469144836120793092
1468983331760971778
1469145481787760648
1469145133274714112
1469144744924102661
1469144069909532674
1469096978898292737
1468987021922168837
1468983738734235653
1468983247480627207
1468982585560735745
1468981626805706759
1468981625669095432
1468868874531602432
1469139887496388609
1469119284605763585
1469109838298824705
1469102316456656896
1469096143824982017
1469080534097686530
1468976891025518592
1468956116583280654
1468898768548335620
1468885037051383809
1468874626516152325
1468853652542529537
1468840949828571136
1469108519010021381
1469104470726684676
1469096709451964416
1469016373497974784
1468953226967879689
1468952017469018115
1468947942836817922
1468946026148945921
1468939020394708999
1468928243482828801
1468935809332097033
1468944098526523393
1468836291567513603
1468999845830664200
1468921253272510469
1468920333151322114
1469128397351620609
1469107840564416513
1468941347704827913
1468888944771158023
1468886575320760320
1468861053274525696
1468838271669186561
1469161208628404224
1469043867114782722
1468987384310087681
1468929697731940352
1468924436967354373
1468922442131202048
1468916187857780737
1468913948523044869
1468907571624828929
1468898338778980352
1468888772439728136
1469108549800185857
1469104413205663746
1469104200944537601
1469090041938907138
1468950838924111873
1468911125827780609
1468858490986795010
1469138823837745159
1469103335844106242
1468996573694939136
1468931044208377856
1468888943017873408
1469155325668253700
1469143198807199745
1469124910052118531
1469102484811571206
1468969004152737792
1468860928749756416
1468846839705202688
1469093994592305154
1469091776547876866
1469088754753101826
1468834214250356738
1469161183198343168
1469081665943195649
1469160517339992064
1468891874635116545
1468953668216967174
1469090257735872513
1468982568347340800
1469133533528539138
1469120451691442176
1469115903136583684
1468983102294806529
1468947231344525315
1468946550025949189
1468946295729504260
1468943533881004032
1468936852358922244
1468936287499345927
1468936118670217218
1468911714729037826
1468875839999598594
1468843468512382977
1468971410286526472
1468946702442786818
1468928895227346945
1468916604545093633
1468916408352313344
1468885463293251586
1468867891550322694
1469163820216029187
1469155950929932290
1469161933911715842
1469140841956458498
1469138488050143238
1469101966286409731
1468983721541849100
1468964520034848774
1468951755639562246
1468947636552372228
1468947560651898880
1468918500416634885
1468917795232489472
1468912452842639362
1468909580168187905
1468880428597592066
1468877254021156864
1468877251252867072
1468871478858829825
1468835013156212737
1469123492389871616
1468951001709174786
1468931814739746821
1468922892918288391
1469081548745940994
1468975631123685382
1468973512249339912
1468864038926893056
1468908144449388544
1468901863382663169
1468954356221235200
1468931744933974019
1468910486766833664
1468861930404081667
1469163983932325889
1468925549380661250
1468859973690171392
1469156676062175239
1469156290358169602
1469110117496811520
1469092232690950146
1469072346484932612
1468969005150998529
1468966083159752704
1468953838224695305
1468930625730072581
1468905723505438723
1468895351121661952
1468885933063741444
1468852696539033602
1468844671090638849
1468840580344025088
1468835994593947654
1469158148795600896
1469149655275556865
1469089108798492675
1469012256646217733
1468984929694355457
1468970404010102786
1468962691817426946
1468961892479614978
1468957148306554882
1468880642372816898
1469161650087292931
1469157310043803648
1468996794575167492
1468919648951230468
1468873692264341510
1468867394424623105
1469162384610643969
1469136038639521793
1469019164006395904
1468929400984899584
1468919104669351936
1468850096301387781
1468842031770263557
1469094378102607872
1469091982588874755
1469091699519418371
1469072940834574338
1468919809962246146
1468855773912612864
1468835833050324994
1469160266159902725
1469156212226678792
1469147365562994688
1469144488626950146
1469137894207983624
1469135967160188930
1469125904416661504
1469110002262495232
1469101024027758592
1469099681431101444
1469093783732162566
1469085605002842113
1469024671920058370
1469010623447150595
1468972642044497928
1468967179810787331
1468965713901617155
1468958829152899080
1468949694839758848
1468943825712254977
1468943320495755266
1468943156754350081
1468940973942067200
1468934450301964288
1468928132887416836
1468925981444370435
1468917277319860226
1468916297597538311
1468913793312903170
1468906064351485956
1468905551018934272
1468902321459384324
1468900612846747649
1468897521078525957
1468894922228973568
1468888432541782018
1468885139916787718
1468875733544148992
1468866077119574017
1468859363393781760
1468856946086363143
1468853123644997632
1468851726375538690
1468851555461783553
1468850572941881345
1468846882864599040
1468841553586130945
1469165739605053441
1469160617751695363
1469104674984718336
1469102389558845441
1469092410156195843
1469014440850821127
1468951886208245760
1468948133069557762
1468940578670858241
1468932427582222344
1468921079330578435
1469129047862964225
1469127492082421761
1469118021113298945
1469113359429554177
1469106451138301954
1469106102763622406
1469081634997637122
1468991664366649348
1468991000580268032
1468955493964025858
1468880328693477378
1468848371431448577
1469092235065004032
1468982521706778627
1468899629668261889
1468896314473680902
1468895059466764290
1468885574790496257
1468837211776847877
1469167904616693767
1468894822006235136
1468857428926242816
1469114765444149249
1469114761740574723
1469111863674011649
1469111860481826821
1468862699408814080
1468941133896052736
1469075713873498117
1468930253196193794
1468910311923077122
1468910214778814466
1468874867768315904
1468859915473018881
1468859495694704643
1469161209786036227
1468864033306472448
1469134109146435584
