1472416333279105026
1472415817220296707
1472414911170895873
1472414756216524802
1472413127425683460
1472412982558658561
1472411560148570116
1472411482004488196
1472411260507410434
1472410621094289410
1472410491347636229
1472410222434025474
1472408524256788481
1472408269071085570
1472408244635070466
1472407342360633344
1472407314971774980
1472407248135548931
1472406543911976960
1472404609700294657
1472402515291361282
1472401417537310727
1472401388076371969
1472401245251854341
1472399485582012416
1472398194654867457
1472396961781219329
1472396506644697094
1472394621955104768
1472393877541711872
1472393600226906113
1472393196831268865
1472392624791166976
1472390854723526658
1472389970396516354
1472389129409232898
1472388780438933504
1472388062030090241
1472387292622819331
1472387172762198018
1472386700013756421
1472383802299203586
1472383224873570307
1472381151880777735
1472380844173975552
1472379782482444290
1472379721182629892
1472379209884393472
1472378512187146240
1472377501833842690
1472376949347536897
1472376794477039618
1472376747706384384
1472374502684123139
1472374254612017158
1472374027687645184
1472373274227011590
1472372251605422087
1472372014392299521
1472371087082205186
1472369827830550542
1472369796607930370
1472369456282148868
1472368658093522944
1472368199102447618
1472368059666944002
1472367790661070851
1472367778220761088
1472367125423480833
1472366732131987456
1472366485729267713
1472365141534527491
1472364869093527555
1472361012737105920
1472358639734116353
1472356941389172736
1472355453128478722
1472354323065901057
1472354207143317507
1472352401755545606
1472351523254390785
1472351132475219971
1472350270591959041
1472349936947646467
1472346822140055553
1472328933827694594
1472324917580292096
1472314564104523776
1472310047921225728
1472308406866251777
1472304874209513475
1472300521331441664
1472299206152962050
1472293499017908224
1472291256491409410
1472288151745941507
1472284453481320450
1472282970518028291
1472278649139126272
1472278316291801089
1472276205978075139
1472275496679313412
1472273462240505857
1472273106001555463
1472271583565676546
1472271160620433409
1472270458129055749
1472269768736403460
1472269561760079874
1472268041601777666
1472267365958123520
1472265038916247556
1472260717579423746
1472260176191242241
1472260101528428544
1472259509703696386
1472258166268186625
1472257015418294272
1472256370229465089
1472255983518826503
1472253683698057222
1472253574243512321
1472251836362944515
1472249095259504642
1472247294019792896
1472247204295315456
1472246897561665538
1472246319976648706
1472245795957002241
1472245444348575744
1472244126443716609
1472243997103910914
1472243564658630660
1472243196704874497
1472242570864447494
1472242373623119874
1472241849200898049
1472241806502858753
1472241501602082817
1472239904289550340
1472239510243012612
1472239113050853377
1472238067129806855
1472236236114776073
1472234717747445764
1472234272014553089
1472233552318062597
1472233396277448709
1472232949403697155
1472232073507135491
1472412986283216898
1472411109306953729
1472407042656669698
1472405675946885121
1472405641150877700
1472396879577026561
1472396872702517249
1472395794216939522
1472392350114615297
1472390114672144384
1472388044153966594
1472384295880642561
1472383488036802560
1472383412765745155
1472383402108063745
1472381691243089920
1472369055361208323
1472365946111094786
1472363493223403520
1472362338380435457
1472356488605618177
1472356487120834561
1472356485292167173
1472351602921017344
1472350547340500994
1472328470650703872
1472310659060699137
1472299113085476866
1472294020491608064
1472279699996876804
1472278882204086273
1472258149415469057
1472257811396501505
1472257178677374978
1472255921669607424
1472254101811449856
1472253549463568386
1472248928288468996
1472247400639000578
1472243807106199552
1472242747486527490
1472241190363799555
1472233798209540096
1472231790802714626
1472230107498438665
1472229264405630978
1472226826109915136
1472225533832220674
1472225100485193730
1472225051680198659
1472220249223139331
1472218945922879489
1472215207237750785
1472213602748669957
1472211903497707523
1472209756337033225
1472209015287410689
1472205892569341953
1472202244967698434
1472201580074070022
1472199698702213123
1472195848268238853
1472187268068626434
1472187266084732932
1472179592181927936
1472177877298778114
1472175593009528832
1472174591334178820
1472172468647333895
1472151841718693888
1472150753452068866
1472147020362096641
1472141337994485765
1472138928752783360
1472134168142221312
1472130050883346434
1472129248689225729
1472125645173903364
1472121596831625216
1472108667294007297
1472106020021231620
1472103313176875009
1472097344673828865
1472094799805120512
1472086347397550080
1472085199009693697
1472082357255487496
1472079839507062792
1472108444903620608
1472099206093426688
1472392251145814016
1472368349493411840
1472367073686745088
1472209192127582209
1472184921456197635
1472181689770119171
1472176973334003712
1472174900265635844
1472174805474439172
1472170673879453697
1472165361613115396
1472156433655472130
1472127251949006857
1472123730532847618
1472117694941908993
1472091813435510785
1472371451445465092
1472250459863670786
1472187656792522754
1472180545278734337
1472145629719646209
1472144960757514240
1472142031833026562
1472128896648634368
1472127304239255553
1472122473063673859
1472120613506404354
1472116783565971456
1472108447281795072
1472088530306224131
1472413710224289797
1472409180703129603
1472309055850901506
1472301411304198147
1472236012457717760
1472222658460729351
1472195752214417408
1472177941123502082
1472174926895325191
1472174888873910273
1472166451377147908
1472135964138958855
1472108439346159620
1472093030987358212
1472090630184587268
1472085383873654790
1472085312037789696
1472084211859349504
1472416206128705542
1472413885252521984
1472413477788475394
1472413283995033603
1472411365247750148
1472404404259094530
1472401172648452099
1472393760461971459
1472390123492757504
1472384451002834949
1472344213404614656
1472279369594793988
1472274492470685699
1472263785624653825
1472235418116505600
1472227278843039749
1472226334688509957
1472221572077293568
1472206053186019330
1472199813823275013
1472189840972148741
1472188441412743175
1472177748168691717
1472177602987061252
1472176500367626243
1472175982593261570
1472174919345577991
1472174902660661250
1472174072100392968
1472172344533663746
1472172002173603841
1472144630900797446
1472140309110747137
1472139922400178176
1472136919626633219
1472132471713980418
1472128740322775041
1472128727236497409
1472125642925764610
1472124152022589443
1472121181784453123
1472114295085305857
1472109723637846017
1472109384192847873
1472108664588697601
1472108662088892419
1472096265403973632
1472091091851935744
1472086226794475520
1472374904137736195
1472228513784553478
1472153566760423424
1472406586899369987
1472406551851798531
1472404374194245638
1472403797364264962
1472382703680901124
1472382302084759555
1472380094425407488
1472352805834805249
1472283947094609923
1472257693423341573
1472250464783593476
1472241142263472140
1472236119395737601
1472229757148221442
1472227233934700546
1472223443819053062
1472203358261813251
1472193060905783298
1472189906118086657
1472186146176208896
1472184406492078086
1472172513048154112
1472172201939927043
1472169752638357507
1472165607223169024
1472160520299900928
1472150098343723008
1472146534124769280
1472142984204341248
1472142085461479425
1472139609265958915
1472138806430076930
1472127617809596420
1472124565581008896
1472123816834846721
1472117465731715073
1472105115712573444
1472103159858286593
1472095734216364034
1472095677089861635
1472090773449445380
1472090731745402883
1472085923340832772
1472085906408439808
1472082574595878912
1472079280251170816
1472414956926619651
1472413682063663105
1472413472038158337
1472413024069685248
1472412903676387328
1472411592121716738
1472410819472228353
1472410421189492738
1472410150249975809
1472408624592871428
1472407699006447627
1472407053389893637
1472406031674200064
1472405908462333953
1472405735635972099
1472403852133429249
1472403446510751748
1472403400826527746
1472402206292733952
1472400728924688386
1472400228829466624
1472400193651757057
1472399448240123908
1472399110665764867
1472398517297553415
1472398325945024514
1472396576609898503
1472396278415851523
1472395474036420608
1472395217575636993
1472395132083195907
1472394112120676353
1472392122883973121
1472391639926599680
1472390468516212738
1472389986909491205
1472389051101548544
1472389014514659328
1472389002674139136
1472388267530018816
1472387019779153921
1472386841126981634
1472386594367995905
1472386190082916359
1472385231260848130
1472385052872826882
1472384950888398851
1472384772324278273
1472383224269578243
1472383203511918599
1472380725047422976
1472380418083078145
1472380191401910276
1472379350137782274
1472375705149140994
1472375667543007234
1472374679683821568
1472373364996157450
1472373125069230083
1472371958478094338
1472371941591826435
1472371103108636681
1472370372188127234
1472369148042756097
1472367715994136577
1472363312474058756
1472361750938800133
1472360362926239744
1472360221817249795
1472354977171456000
1472354633037189122
1472353963731140609
1472353234874343424
1472348939068186628
1472344735591194629
1472341324447817731
1472336646418747394
1472334140250882049
1472331899892764674
1472315296832626688
1472314367446175747
1472311957621411843
1472311035352662016
1472300771014152195
1472300631859752960
1472295913091518465
1472292936947838984
1472290505644199937
1472289915597590529
1472286970504040452
1472277404554956806
1472276547406995459
1472276351449133057
1472276351126179845
1472274097941921795
1472271660719882243
1472268350508044292
1472267051993497602
1472264797030809600
1472262500812935171
1472261780667654146
1472260429317476364
1472256734991302657
1472256249907400710
1472256175752110098
1472251941975515136
1472251473538945024
1472250470253023232
1472249646747512833
1472249201681584130
1472245855918833664
1472245826026033154
1472244657199337473
1472243331522465798
1472242038057754626
1472241988816674817
1472241050043314183
1472239681085403138
1472237644083990528
1472235999514161155
1472234713452466182
1472232974603091968
1472230482494386180
1472228925375979520
1472228432595415044
1472228351196598272
1472227448980848640
1472226846192254977
1472226819705245700
1472225898757648386
1472225874527207425
1472225426000936961
1472222681852362752
1472222636658728964
1472222330852024323
1472220858521305088
1472220358530924548
1472217868267769858
1472217190115905538
1472216513042006018
1472216496868716544
1472411821713739778
1472396870487973895
1472395114827841536
1472392476766126086
1472390353281970179
1472377516790730757
1472369383259312130
1472362566798045184
1472353672260583431
1472340540121174016
1472296267355238404
1472284051323035651
1472283147085574147
1472253654526685184
1472250662951944192
1472243938266279939
1472243518735216644
1472223870195167235
1472202401813655557
1472198748050575363
1472196526227144704
1472184421084065796
1472184296328744965
1472184104145719297
1472182682616401922
1472182631642976259
1472181832510627846
1472175477959839750
1472170999978201091
1472166983084883968
1472166934804262912
1472133433371418625
1472132475220418564
1472114195327946753
1472112680626364416
1472112003644727297
1472107982473232386
1472103135854268416
1472086023358222338
1472085834039894016
1472085679190392832
1472079643482079237
1471812544742379524
1472411710359158788
1472279566563438594
1472265755450232833
1472263460473901057
1472263447865819136
1472259276387209220
1472251706884825089
1472231991479136257
1472224551165521920
1472223901270773761
1472221611889594374
1472219871626731522
1472209410839564289
1472199620784578568
1472195843935465476
1472194486772011009
1472194247403221001
1472192319973588993
1472188462807732229
1472179323008282625
1472175436469719045
1472167220830556162
1472160265420480514
1472158898425524225
1472147058169573384
1472137884685590530
1472125913647116288
1472125315551879168
1472103881349885955
1472103655406911491
1472101353639972866
1472082071073923075
1472261289770553345
1472139234316550151
1472400988380168192
1472383967441522692
1472257699593080833
1472248634376818688
1472184345670553600
1472166743334277122
1472108329988018176
1472416867390144513
1472412520275005441
1472404809999212546
1472377007023353859
1472369296911200259
1472358958576771075
1472341172492267523
1472293491279491073
1472286280360685569
1472282770097328128
1472278933471068164
1472269978753667072
1472252920133390337
1472244355930886144
1472236743801802752
1472230818697285636
1472227492895203332
1472211362642235397
1472209982225465351
1472207877980909572
1472193028198567942
1472182946555588608
1472175845523398659
1472175225068421120
1472174377315700739
1472171290324656129
1472158933213089792
1472142275811577857
1472406028985667585
1472400939621310465
1472386255035854848
1472381590865018880
1472374043944710146
1472345687039774722
1472341179727450114
1472340074381516800
1472335634551357440
1472311245101428743
1472267983338627073
1472259726784151553
1472244886673920004
1472237208086089734
1472236014248685570
1472230687163834374
1472230662471966723
1472226092106665987
1472220833162485772
1472220800287531014
1472220428982575107
1472218011742310404
1472214901351333889
1472213580468523009
1472210269292032000
1472204379046350851
1472196995892715526
1472193899741388803
1472192394527346688
1472191627011624967
1472189483948732418
1472189308937195520
1472184409717493760
1472174573122580480
1472174183643713540
1472172047094616068
1472172044271841282
1472171252244643842
1472165983200559106
1472164740373925891
1472163119229112322
1472162454998294529
1472159902311223296
1472159846128513031
1472159175048269824
1472152520441036800
1472152161962262533
1472151181963108352
1472150307656253441
1472147058274365443
1472144245163057154
1472141628647165952
1472140735340331021
1472139539367882752
1472133288793944065
1472132024592916481
1472125497416974337
1472124387574706179
1472123694235275265
1472123271910871043
1472121812221763590
1472121109642309633
1472119467270451209
1472119091183828993
1472119001870340096
1472118838787334145
1472118835729731587
1472118225442054148
1472117411566391299
1472116439565811713
1472116390614081536
1472115462968422402
1472114457593585666
1472113812526354434
1472113209091887107
1472112034523213825
1472111960158208000
1472108853005193216
1472108850446671873
1472108283716534274
1472108016816181249
1472107396780544001
1472107362311884800
1472105124285726720
1472104344023486466
1472104331528658947
1472104272506417153
1472104058974457860
1472103666425290754
1472103660666585095
1472103649228701698
1472103282910793729
1472103135610953730
1472102596340948993
1472101912191275008
1472101582854516736
1472101536314449921
1472099935025651714
1472099767157071872
1472097923731124226
1472097504002904067
1472097322930561024
1472096651468627974
1472096551241584644
1472095043917791235
1472094672478560257
1472093371673956352
1472092766855307265
1472091809652219904
1472091605674835971
1472091264329797636
1472091251138727937
1472091114677350405
1472090921508343808
1472089052379713537
1472086845517303810
1472080037566320644
1472270117979361280
1472144779475492864
1472199781988515841
1472163977383669760
1472119572299845633
1472374897720520705
1472363000350707713
1472214360953004034
1472195707167641605
1472102723180851200
1472101585882779651
1472139000282431488
1472230236800516099
1472086014302642176
1472227868897730566
1472184494786433025
1472183698002907136
1472384474579038208
1472375506846687233
1472268431286149124
1472264256104009729
1472257618928279556
1472254720836190213
1472250722813046784
1472248784285437958
1472240936901963777
1472224869781688323
1472210363601100801
1472209226369888257
1472159871072358403
1472098663107162112
1472095549314662400
1472093219273936897
1472092594591072257
1472419971255140361
1472309137698557964
1472126183496056835
1472394062967676932
1472404077384372224
1472264806853799939
1472149244664430596
1472118220932796416
1472411728419835906
1472393976460152832
1472353539078774785
1472254173714403335
1472228658651615234
1472201736014098433
1472183699944853506
1472163986070142978
1472100447850688512
1472416564628508674
1472217382256930819
1472278786557181952
1472249592242589696
1472228974822494213
1472210537526149121
1472214108174831616
1472179572477104128
1472176212839526400
1472120820180815874
1472101281246314496
1472384027231494148
1472406328270209024
1472389753983037444
1472340285371731969
1472234661740834818
1472140245978075136
1472379486054195203
1472107841787858944
1472340350777708546
1472173334859116545
1472154149982588934
1472100075660734465
1472379847510953988
1472361769423151109
1472276541719474177
1472257672883814403
1472254270871203847
1472164283781812227
1472094555033915392
1472084736713519104
1472140009008353280
1472249582117527557
1472160110432579584
1472187317288796160
1472119566356541445
1472114215267667971
1472242781657583616
1472241083232894981
1472201315937763330
1472193637685788677
1472355771052695557
1472390819726315520
1472195522056232961
1472107478800232449
1472099541075705869
1472420872291905542
1472386283594911746
1472234730686795781
1472194591201718275
1472158703939772422
1472104917984632834
1472104085293699073
1472102502807977987
1472102472726376452
1472102464862126081
1472406437963841536
1472101899457294336
1472115437676630021
1472334665570656257
1472188610661076994
1472152586304188419
1472129321984618497
1472102533145395200
1472394067564658688
1472367065075904512
1472199049554006018
1472170225109856256
1472394168752214022
1472368932174516227
1472358328122548226
1472108079374168066
1472099313169801223
1472358336607621130
1472343445058441218
1472260797808078848
1472246700945199105
1472240051392172034
1472239523048296453
1472207738327355392
1472198175167418370
1472188965306318851
1472179213914370049
1472174809685581830
1472112029259288579
1472092694839054336
1472423342544093191
1472090964567101441
1472205175846674435
1472116661658415105
1472096870243598339
1472137587271815173
1471727714356793344
1472366856379912196
1472106196425338880
1472377252247584773
1472084968553680897
1472412172802088960
1472403392689426435
1472353120101416961
1472323772665368578
1472323373652856832
1472306545471881216
1472269190794866691
1472267894008340483
1472239449421451269
1472234862744457217
1472179951101038594
1472174555334467587
1472088180119650305
1472086145659854848
1472088231042695171
1472097492212715520
1472420025298395141
1472385373758054402
1472261201430138884
1472238858515333120
1472230673553375235
1472205921698803712
1472140690633027585
1472107819604135938
1472413449493778438
1472347736968101888
1472189949705265155
1472147167552753666
1472415014266945540
1472413073072062467
1472408177538863108
1472389153677459457
1472272548742123522
1472266109248172035
1472216537700339715
1472207259769847812
1472195916639531010
1472146404114001921
1472115907010912262
1472115903009628161
1472087431113363456
1472363847717507077
1472235869784338434
1472218756587810824
1472197167922049027
1472118469294534656
1472115914313240580
1472115913159843840
1472115905656197123
1472115900560117764
1472109106831847428
1472217628278099974
1472184455821287424
1472107603849211904
1472359446974058498
1472107095273054211
1472363228877393920
1472363228520927236
1472363227849707523
1472241217626787840
1472359374014144512
1472241440268849160
1472241439136387074
1472241438943416326
1472107271203082244
1472106753579905026
1472106322581540865
1472105402066083848
1472421388292018177
1472401554783170562
1472380747713376256
1472371956271882240
1472258520351268878
1472255122096857089
1472254694219079680
1472254634240577542
1472228462140088323
1472213064900509696
1472206739369984004
1472202418041417729
1472190030982496262
1472160367681835011
1472157173958414341
1472148796800835586
1472129858071261186
1472099825734733825
1469615995941650432
1472425503176806403
1472382359747977217
1472370403087503361
1472366428137213956
1472117454318886913
1472155983757692933
1472369412166623237
1472253898400448530
1472107972775985153
1472264013979348997
1471845655782072320
1472204327087316994
1472125030435737601
1472412386929692673
1472402617599152128
1472383742219939843
1472375022098399232
1472331793336516609
1472292776746258432
1472268253414117380
1472232968500363269
1472213362960330758
1472211583379988481
1472208766112129025
1472206736526176262
1472172868226088960
1472172726584373255
1472149888305491969
1472097624689807360
1472387476245213184
1472146020616192000
1472121262939930624
1472110578638344200
1472422924753588225
1472141205677182976
1472126374550728704
1472340847152840712
1472319750776803333
1472379468895293442
1472219594584576007
1472203194394574849
1472109179707949057
1472285620038868997
1472116544008163328
1472368325145415682
1472246089377931264
1472133788561928194
1472423570122760193
1472372228687753216
1472226154568290306
1472172643906326532
1472171242413170689
1472167499630186502
1472170637896474624
1472193855206297607
1472193157970337798
1472426239684059142
1472396440747999233
1472388644040179712
1472376007185240064
1472366086452506624
1472365655294824449
1472359554683850753
1472232257179959296
1472225841064996868
1472220555856076803
1472207028995047427
1472177047157891073
1472166597254991873
1472153658854838276
1472137466429644801
1472113374007754753
1472377623426658305
1472271187950530564
1472230133591265281
1472208261772242944
1472168371466637312
1472140424131215361
1472116950797275139
1472418632915324930
1472199967821352963
1472138430947545091
1469642407343886336
1472399407567888385
1472216891141681159
1472131776810156037
1472398256294428672
1472386529490137089
1472379853311598596
1472372314259943426
1472362057135583237
1472301208635248640
1472294207112900609
1472232858332712964
1472230069363904517
1472224447889227782
1472215282928128003
1472204161466789891
1472198980733792260
1472172379988054016
1472170282874028037
1472200579506003972
1472170694993596416
1472422001251811329
1472367734419648513
1472347331991261184
1472360822324092929
1472342896686747648
1472167395368210438
1472119971421437954
1472429909247094785
1472425540602585089
1472424162249609217
1472410709971521536
1472410078414213121
1472403850271154176
1472400423097024513
1472399660371234824
1472394092315234304
1472390222864207872
1472384430001950723
1472369321821159424
1472367997889040386
1472364324660285440
1472361993604534273
1472270473488580609
1472265741709680640
1472265694557265926
1472259137618644996
1472254488152997896
1472253475199205378
1472251922534973443
1472251681756770306
1472250692035170308
1472242624270462977
1472215964733214723
1472213569076793349
1472195647247900674
1472184274677764098
1472182488965419010
1472171392242053121
1472105001183068160
1472090421081755652
1472089868394110977
1472359358897922048
1472239990671167490
1472233818744442880
1472163607295238144
1472162127897006081
1472153157178474496
1472102374802030594
1472422609920966666
1472412955232780292
1472121849341362178
1472121707322302466
1472168841002115073
1472426063301021697
1472281412636385281
1472258977127755776
1472243626310656000
1472234166599106564
1472121704134725640
1472117482957668352
1472101487056539649
1472100620056227842
1472099038354837509
1472382687277056004
1472376354335117314
1472251104574390276
1472195995505029120
1472187887777058818
1472182973252263941
1472170407922843648
1472161041790296073
1472159443190448130
1472120110290665474
1472108312724316160
1472425453461782530
1472423699013722115
1472419500121149444
1472418267822112775
1472408901903470592
1472381672825835524
1472361225266757634
1472318185504485381
1472288064298840066
1472277612818931715
1472277313475657736
1472234523232374789
1472231424241680387
1472221979943993349
1472220214406172672
1472194177605636100
1472182785523662856
1472177592862076934
1472165868062736385
1472149580833693703
1472137978000543744
1472120612378316800
1472111184203628545
1472390892489097219
1472360920042991618
1472263968966070276
1472201145758015492
1472200103540629504
1472197836926111751
1472197026242654215
1472147466199912448
1472140711843663874
1472129548628082691
1472126616083918848
1472119406507397121
1472106918738939907
1472094692879831043
1472379119044202497
1472252926366265344
1472239324762677254
1472221804328460293
1472191863280918532
1472127713943113731
1472108148915785730
1472410739528716289
1472328204895412229
1472278446952706050
1472251578589474820
1472250497352429573
1472222032163188738
1472210358701989888
1472208518958645248
1472184109657169939
1472143113602752514
1472121705824935939
1472121685851754496
1472240979188994055
1472244748660269062
1472115685736157187
1472109225572585472
1472225639386157057
1472170745765634049
1472116501884772353
1472159789635358721
1472212215772024838
1472425723931496451
1472384309726093314
1472383244804919297
1472222766757662728
1472222556581031938
1472219694052483083
1472196572305760258
1472188049425461252
1472185663294373890
1472184687263043593
1472182303619121155
1472174661932777472
1472207294003703812
1472201052455727104
1472192475401887748
1472280369135161349
1472142925354045446
1472187959428337673
1472165946651381760
1472427429440278535
1472175582452457473
1472418655019274241
1472418010606419972
1472198884831023106
1472368489121792001
1472168631341441025
1472139030665916417
1472108874547097600
