1501833543785328641
1502191107265884164
1502860242648207361
1502657541750542338
1503171439910076418
1503559469158244354
1503641919486050305
1504008936445612033
1504661958280290310
1504986809109221378
1504980113922080781
1506070146229891074
1506240267435020290
1506141207407505409
1507096220858265607
1507259815315197952
1507257514865278978
1507253729627545600
1498222456934318082
1498561823934939136
1498152448224948226
1498144731615817729
1498172592502743040
1499314793173295106
1501011422213337089
1501044316537778182
1494839270787280896
1493529807564701697
1493052572885995520
1493795076358938625
1494881890322776065
1493193963276468224
1492914903493263361
1493951849950773248
1493951558903500803
1493950955377008641
1494284755315326977
1491091425928572936
1491997172081971200
1491718129185333249
1470187419139915780
1470187375485542403
1470180863132327940
1470168968069484544
1470163833322803201
1470164814550818817
1470420210922311682
1470601524250251264
1470601410723352578
1470579148645097484
1470567370141814787
1470899174879088642
1471104657330036737
1471145074549731328
1471105110444937221
1471649103561953281
1472209192127582209
1472193899741388803
1472606620718751750
1472566353651372033
1472827226236194816
1473139429837398016
1472813406939799552
1473457283765977088
1473654363906207746
1474586144796930050
1474603696872849410
1474368954915164160
1474917449254379523
1474893168734658560
1474690226891100160
1475653191844855809
1475646179681570818
1476037936156004353
1476034874549047296
1477591507213246464
1478035594815049730
1478359409881325568
1478350658893795333
1479271296462585859
1479270912369201152
1479154149681819648
1479296835302789122
1479653087321100291
1480320478631772160
1480546652112912385
1480546208082923522
1480548849571680257
1481049261026713600
1481443916235026432
1481277221142728706
1481767205620809728
1481766166398144514
1481796538448105472
1481573677452132353
1481904363287506948
1481913549199130625
1482481774265794560
1482896134456573952
1482737175481700352
1483055226966134789
1482955364547297287
1483642552553476097
1483816381540081665
1483835109979877376
1483805582943735809
1484371511889002498
1485045533102473219
1484821052622778373
1485549260800401412
1485889354174447616
1486135905190817793
1486491020069990403
1486670304168472576
1487214384522817539
1487587908940812289
1487434483687047170
1487880112875868162
1487682053772611585
1488064291735359488
1488105506044784644
1489058978906603520
1489364369108774912
1489172212343275522
1490183453706444800
1434364898465648641
1435708341859373058
1436158113913061381
1436702039355035659
1437612276580708354
1438237306431827969
1438324625939722240
1438920412792954880
1438702455168978947
1438710743088582664
1439243734898528264
1439792890473947145
1439984147875778566
1441074573168955393
1441465380283707396
1441420964961525774
1441417899881611273
1442024361465028612
1443117280032788482
1443172542575890438
1443141477165531138
1444482017991684097
1444655916373057543
1445272544815185920
1445191871416791040
1445786190016249879
1445918752797696007
1445950152523632647
1446336995169497090
1446630390001635329
1446989507425755146
1447918305881251844
1448315207348994050
1448997242262605827
1449410080558882821
1449384347249741829
1449887490932817920
1450060602265767938
1450705857805623296
1451126389478813697
1451123662371709129
1451377153157656583
1451739250261520386
1453502074855968770
1454198128140247046
1454598817068695553
1454441592446615558
1454439362234437636
1454409792944889860
1454824439120420868
1454911817684189186
1455307538224746500
1455256226103631872
1455380381994078209
1455530969981612034
1455450317647011842
1455572264150134789
1455495714209812481
1455436089460596737
1455781022742708228
1455919997302108167
1456919619361378309
1457099053800439808
1456871786025340930
1457165353289609226
1458193098392018953
1458570253022425088
1458799219414736909
1458937422394236931
1459122621572730882
1459055074487902211
1459366185686880256
1459337405001965571
1459524184539684867
1459809088351588354
1460064365508317188
1460438753504235524
1460431393146560513
1460542379061039108
1460772561822748676
1460783933574959110
1461143290451877889
1461526016120164353
1462213074392256519
1462323004809957381
1462383109182087170
1462911279190863875
1462723194507255810
1463522317036769280
1463522105828339712
1463456280865951746
1463903376194748421
1464285227950374912
1464313212942311424
1464650996320063493
1464654132774539264
1464590202115035139
1464553829144219648
1464787133693005826
1464853063961776136
1464867348188442628
1465275431326662662
1465201657793314817
1465611573230137350
1465842443614502912
1466253793641648129
1466911349443731456
1466825445224054786
1466936722189475841
1467002534594187264
1467328121556725766
1467482401836535808
1468605843352567815
1468811815433879552
1468952477798043652
1468934582858764289
1469514825449414656
1469721910296530945
1469661391753674753
1469723609706876930
1469622590763274241
1469794847556976640
1469870098504507397
1435234941592350733
1435912447093710853
1437037363687952384
1437300633107767302
1437579206079119364
1437675925143896065
1438053968630870016
1438409119979827203
1438440338700464129
1438843058011795457
1439049589651226631
1439787569718259717
1439829651099054081
1440092558718164993
1440090870431158283
1440090331257577472
1440082888943226886
1440081072537047055
1440075772484407296
1439913415745499140
1440186340256075777
1440179697816465409
1440133451705765888
1441230750330753029
1441211991121563651
1441771377049047044
1442054682625470465
1441970587757264908
1442266424131481602
1442427772677148678
1442320039705600007
1443803806274232320
1443727520197591057
1444169168492765187
1444128097507299331
1444250519355027458
1444249870068371465
1444344227047956480
1444508978935828484
1444975697911373827
1444969549489598464
1445763810178912260
1445780972557914124
1445785647571107850
1445785254770327554
1445986549661777925
1446330101650522113
1446732652157886464
1447692160464084994
1448628757971931148
1448461657752018949
1448875394229145602
1449229657698541568
1449222783502721026
1449218757956489221
1449208298058571801
1449207421612683266
1449196197076353026
1449751895342399493
1449745573846732800
1449863555470147585
1449711464223150092
1450036050412195843
1450377716369264642
1451060374640357382
1451185787127566339
1451715050255704066
1451991794820943875
1454736681823653889
1454721549995372546
1454668635239174145
1454996449272340481
1455343783151685633
1456332923611746304
1458284682349408261
1458618881027624966
1459199479064633344
1459467006936162306
1459544026923757568
1459765555049603076
1460769516669976577
1461242052524462083
1461135300592214016
1461669064284073989
1462024264454860804
1461978676078120962
1462733563342716929
1464917725403172864
1466008194438758401
1466700471259652100
1466683056371101698
1467037484131385344
1468972190339006480
1469197924382830592
1469807833298264065
1470039371956981765
1469982234555785219
1481051959012790272
1435130351903330305
1436387431201210369
1439501580496109571
1450736289477808131
1450992115849125888
1455394866704355328
1455490983622184964
1461260040296304640
1461608423305277446
1462072832226070530
1462689569737003014
1463524319103897602
1463886349463789569
1466810561455292418
1468761165035565058
1439789845040164864
1439789316914356229
1439788930639937539
1439787825222668292
1439786883333038082
1439786615224733697
1439785823201751047
1439784927013138435
1439784556727468038
1439783394347417602
1439781846728929285
1439779724704694277
1439778859407187970
1439778253351243784
1439777951990435853
1439777693382316036
1439776661877125130
1439776114642075650
1439774026247786496
1439771407106281475
1439788524023128066
1439788135567683592
1439785218194350080
1439784412095283203
1439784152430112768
1439782435919581189
1439781224696872962
1439779875150127106
1439779302011138051
1439777025095454726
1439776860989100033
1439776264651370500
1439775802434854918
1439775576974188546
1439774850092990466
1439772467338219520
1439775308014505985
1439777328654028801
1439909891838070784
1439909718311407620
1439906138456158210
1439904867502362624
1439903464746745858
1439840603575967754
1439839870134800385
1439832666799439873
1439832199440699397
1439830776233684993
1439820165273636868
1439819659939758082
1439818681614176256
1439813381339287553
1439809597426917377
1439808816862806019
1439991779944660992
1439990939636809728
1441144250624741387
1442160134109609984
1444846373531107328
1446119141832675347
1455332439518171150
1455332440830988291
1501346616300609537
1501171926739275776
1501406946699530246
1501200074772074499
1501174536598786053
1501169789015760898
1501165823506878464
1501192798514847747
1501341684642172928
1501207632987963393
1501220301140488192
1501569642149539843
1501710896208306178
1502071639085056006
1501940699495026692
1502131742576054274
1502131016432963587
1502066925429563392
1502458876415062016
1502205991563444224
1502246537400700932
1502240097483165699
1502422695266250755
1502242253015638022
1502228335463579650
1502170156109209603
1502445037531000834
1502280740268089344
1502559823027924992
1502511021210152966
1502529261172711426
1502931446117601280
1503358285834960900
1503272281165819905
1503376655154176006
1502676540668067848
1502675871382966277
1502672294828601345
1502706906590195715
1502676869270761472
1503706783369469954
1503709037992439810
1504646713558302724
1504611238747156496
1504339978708389890
1504689093162442754
1505044167323717634
1505052900896116738
1504791096555044866
1504817790062333959
1504993368316649478
1504749389570469888
1505339192330444803
1505314784392089600
1505435021414645761
1505730205238939648
1505536924446257153
1505581525814812672
1505581099509977090
1506071682007846913
1505903000006455301
1505902151733702660
1506203529106837509
1506141280690401280
1506125820158685184
1506351970063368197
1506894618600042501
1506965791836893184
1506887809478848518
1507012474855256071
1507118531670048772
1507231253917241349
1507369890843308034
1507238506480820225
1507353827304873991
1507260675780866048
1507249474334179328
1507270213288411142
1507261807286632452
1507255037570953216
1507250600576122884
1507515583205548035
1507289085039169539
1507503946113294337
1507501224345571334
1507272863937486854
1507919448602451971
1507858995284885507
1508139432993460225
1508277164042776580
1507996768524505088
1508459427879612418
1508655197916385281
1508654832898678784
1508654344753020935
1508654101386907656
1508654062245662727
1508654005677072386
1508653829474369541
1508653760268353546
1508653716509192192
1508653667670704130
1508653550288912395
1508653347905351680
1508653134234923011
1508652967498752005
1508652865476530177
1508652782903246859
1508652549607661571
1508652505206788102
1508652399766142979
1508652332284014594
1508652179942703108
1508652142252666881
1508330887666335749
1508655524128395269
1508655484425093127
1508952493509644290
1509322188456816642
1496432767302705153
1496430449123463168
1498150607105843200
1498465174478462982
1499682290724528128
1499675335956189185
1500543283562385408
1500789831583944705
1496398056316674053
1498257464982392835
1498256345359093762
1498377992414052353
1498255283491315712
1499332994393571333
1499681386621706240
1499680824899555335
1499302540126875651
1499415394280370177
1498990517576732672
1498233868444667904
1496484633495896066
1498848551065231360
1496391644312408064
1496431313578246148
1496431177703759872
1496431103636570113
1496430958748532739
1496394053449322500
1496393904153063425
1496393807583379462
1496393673525063680
1496393592159760384
1496393539332501509
1498122536705732610
1496390472964919296
1497416665214386178
1497416130310602755
1498171511336628224
1498165027257589761
1498164574708957184
1498164339391725568
1498163976039182337
1498163934029033472
1498163882824990722
1498163848549126145
1498163817733574659
1498163783747137539
1498163356175564802
1498163200994734080
1498163082543378435
1498163057755041792
1498163016793477123
1498162996379799553
1498162967929847809
1498162921515659276
1498162892063264768
1498162863281958913
1498162657790410752
1498602120349888513
1500059941310431235
1500059409749520385
1500058550059814912
1500057765120995331
1499992345160581125
1499983406108938243
1499983281491951618
1500820425798201348
1500742126245924864
1496453270398959618
1496452738863239170
1499057728891011072
1500263190856232965
1496695854186795008
1496860283490693126
1496859138378575872
1497392060361768964
1497758918352654339
1497757208607485956
1497614729908731904
1497940998437347334
1499324062455132165
1498308621532221446
1499498853350797317
1499816636605292545
1501012927775526912
1500349187036446722
1500583926070673408
1496686937046138881
1498308218405416960
1498917223796457473
1498527776244387847
1493865829191983104
1493862131434885120
1493842999037468672
1494331892056805387
1495259321361321984
1495256266553266176
1495261050286981121
1495364394535903235
1496108948117544963
1493607902048931842
1493495829524480005
1494290079493197825
1495717757346009092
1494913342342774786
1494927962109472768
1493067841163378690
1495656361568645120
1495288601185193988
1496101750885203972
1493427068797079552
1493455584263548928
1494851582579847169
1495313752627232771
1494362837850140677
1495622969208750080
1495621524560424963
1494174162566664192
1495680405642661889
1494286025732272128
1494285486051196930
1494284795698094088
1494284613954732032
1494284502239424512
1494277600495435777
1494276619921682435
1494276284675137540
1493901125191233537
1493040639633936385
1493040569329004546
1492869034924134403
1492754874341085186
1492756855432613890
1492711704723017730
1493413123940024320
1494112889250394116
1494111560830431235
1493904174362525701
1493853519970848771
1493838547497136131
1494218833825251331
1494284304528322564
1495456124157722629
1495356354118434819
1495267848482357249
1495479758070894592
1496070392716611585
1496145102896758784
1495373140741869569
1495370156670799874
1495621887845871620
1494308528281960453
1493418051726766084
1494302597553213444
1495649674744967168
1495031603592003585
1492881781573693441
1492886854009757696
1492884005393682433
1492882787913039873
1492882454356828162
1492879130832293888
1492883322120589313
1493352325385048065
1493363936355581952
1493356170018316291
1493353057622519810
1493212294641500161
1493211884803489794
1493776745262362627
1493791698530758659
1493728313302728705
1493952618670206978
1494093614838071296
1494091396772667392
1493966319343276040
1493965221740019714
1494090389061763072
1494283731452166149
1494874198627749888
1494873086956818432
1494867989438803968
1494867788623904769
1494864648394653706
1494664779549786115
1495546208815042560
1495539697623658496
1495429237477888002
1495378038112256006
1495362792068902915
1495219760673734660
1495055870342082562
1495046058237325316
1495042209540108289
1495041701576310789
1494979050959675395
1494964080792473600
1494944535851732992
1494921878053724160
1494921209422938123
1494915231042371584
1495376973765689344
1495364636950282243
1495057042973036546
1495917144525402112
1495899291105521665
1495891722412650497
1495832666826248192
1495721041817403392
1495694113853030402
1495690206661713925
1495686272899514368
1495685904962572291
1495649950340087808
1495787202613510147
1496264152574152707
1496263700503695361
1496209023053754368
1493824536550121473
1495299940427329538
1495727307956572161
1494768710313152512
1492795417691496449
1492820628780421123
1493779197033996300
1494298899208491010
1494287095099101185
1494524594954248193
1494613829400989696
1494685115682750473
1494676761379885059
1495044727648886784
1496034432591228928
1496031204419981314
1492741395815477248
1492748382263136256
1494620964893577216
1492818314069897220
1495288297429794816
1493601419056005121
1494506998028967940
1495286120690896897
1495584281246470147
1495088082218979328
1494655894927585282
1492806652781010946
1493566777527201798
1493445038264975360
1495356231594438657
1495386900168802309
1493406320405659649
1493402753443713024
1493404306178985984
1492887710457294850
1493575903905222658
1490347619725373442
1490352964497596419
1490661172713955328
1490646347514478600
1490575063405400069
1490691287888007168
1490690529796886528
1490617139761278976
1490616200488898563
1490649662633644033
1490684357727510530
1490657314021339144
1490655429705146368
1490647182071926787
1490694484794875908
1490643343621066753
1491050756794814475
1491047577466204161
1491051519294128133
1491049831653126144
1490971722199154691
1491755414106488836
1491959373337280516
1490849888724451328
1491753780370878468
1492660093078630400
1492066624048070659
1491740643038986242
1492332781174931457
1490886101019807751
1491863477933142025
1491944352058249218
1491604099669782535
1490177166637551618
1491703449032871938
1490964457534943234
1491348496846569472
1491214905663713281
1490639776457715712
1490465955889451009
1490682294524604416
1491100021269630979
1491311113614823424
1490951211520237568
1490220818994921472
1490663679784026116
1491190901166993408
1491633739465588737
1491670667711836160
1491989249515671553
1491645843908091915
1491618525295017984
1492334552454696961
1492695631462559745
1491422391268155392
1492683984253628417
1490458668785369089
1491176912957624320
1491028133889572865
1492636602904244225
1490348070512783364
1490347069550510080
1490346583082553345
1490346025982525440
1490349900327837696
1491254385036644352
1492291362342899716
1491671277832400896
1490848017444130817
1489822285846351872
1490219856649912322
1490878973705736192
1490700692168011777
1490699123972251650
1490701187414634497
1490676785994174464
1490697672009056256
1491055939956645889
1491569664585080839
1491567051374223360
1491435779708841993
1491433649740599296
1491345125771190278
1491895779728175104
1491745008718053378
1491744196201693186
1491735939609403396
1492280257961148416
1492109381470949378
1492640878157959168
1492360386246373379
1490481224204587008
1491057363444723713
1492665940009697280
1490663192237772801
1490714245872623617
1490488647267028992
1490884054715363330
1491412838837268483
1490264734381518853
1490309561764356110
1492291157098860547
1490264305450639362
1490527616004091911
1490522905981030401
1491216575751671809
1491319248270290946
1492127557386264581
1490522465038045184
1491907846354583552
1492424357905592322
1490719216001257473
1491024010070888450
1491397241759997953
1490588719312928770
1490588594922475521
1490265978361749504
1490502397386706947
1490516308336988161
1490508146649219075
1490864513880854528
1490884951860215811
1491042774543892480
1492312630966784002
1492073291296931841
1490529353327058946
1490627608882860034
1491276747694026754
1490705407366492163
1492025192197267456
1490349570005827585
1491771153698164736
1491768640961912837
1491768305648300037
1491394493186441219
1491980377560616960
1490659963714535427
1490634615891316736
1490902119817551878
1490843924575174656
1490633899776802816
1490579807155134464
1490635719043612672
1491619373572063232
1470036909539741697
1470035816827469825
1469995861560102913
1470375814277386245
1470347619108933635
1470783185915109392
1471024970427813894
1471085721070960645
1471229420769845254
1471283080941879296
1471465033720684551
1471683249818640386
1471517486801510407
1471850088645349378
1471754070415196161
1471751873002573824
1471979056463712257
1471979936562909186
1471891631787810816
1471854381037662209
1472100620056227842
1472099038354837509
1472583493842395141
1472672299765538816
1472828734046494720
1473134265911033857
1472973766032461826
1472844664654815232
1473146459071528960
1473076818664038401
1473150505014554625
1473300881923731456
1473226443362471936
1473210015947259905
1473208292390301697
1473204869674663936
1473439206361866242
1473849733407907840
1473528641715793920
1473643170026057728
1473634192739082242
1473633238899838985
1473798147281358849
1474240288839254016
1474240107024551938
1474240010073247746
1474239884793581573
1474420687661981697
1474020310739345411
1474316508801105920
1474601358778982402
1474301782268395520
1474735245417074688
1474941774212657154
1474996543388143616
1474993121221959681
1475133248091025410
1475253183802863616
1475500273934094336
1475651044881272835
1475656853132505090
1475652159018467330
1475571914471051264
1475524782565347328
1475468228381986818
1475805147712217092
1475846236557115401
1475865660270215174
1476348505392250880
1476379602759008258
1476218522682281984
1476182284315217926
1476749965561004035
1476749961043660802
1476445871944339461
1476551520665542657
1477104781327880194
1476818107381387265
1477063404753805312
1477060643052154880
1477305748925255681
1477457427112947713
1477215496508526592
1477799821373100033
1477605980405784580
1477814814227394560
1477611503045918720
1477564387015598090
1477845281731272705
1477549133724413952
1477537987139301376
1477884540555173888
1478220860582334466
1478350083145957381
1478380174433562627
1478376097121193994
1478351274537979904
1478350831011303426
1478307985763889155
1478572002214506497
1478552861487157251
1478255607878918147
1478709403792527361
1478865322006351872
1479272149894381568
1479263904609882113
1479094174842437633
1479295581201657856
1479249547301847042
1479224577372917764
1479280441253236742
1479278407628124162
1479277933562720256
1479277447866552320
1479121859480195076
1479286470372331521
1479321186408419331
1479415808484724738
1479312502215241728
1479646772548931584
1479627826286391296
1479609231112228866
1479603766429057024
1479596202014347266
1479595270690476035
1479590883112587264
1479460454732734470
1479947348746854401
1479673247725604865
1479681838381629446
1479936271271096320
1480270347609915394
1480376306269179907
1480362540404068352
1480390298710654978
1480390211997937668
1480371941114462209
1480368957009784832
1480367296627744770
1480357706028314629
1480356237321531393
1480394267453374465
1480391916885663749
1480386891362959365
1480377713378480130
1480375726993907713
1480375707444211714
1480375105553375236
1480366485268697092
1480343475623137282
1480063119917465606
1480397692207464448
1480352221162192897
1480370139568635906
1480369542170017792
1480357797032202241
1480365931373105155
1480381220240248833
1480371565988511745
1480540961599983617
1480421313286062080
1480734650599309312
1480690586424279041
1480593932639629313
1480551118111338496
1480538236472619010
1480533984106848259
1480531070349021184
1480530215889633290
1480523264585699330
1480520792727175171
1480517595392450561
1480515324764061701
1480507829626703873
1480499735362367488
1480492015125032961
1480484646047477762
1480484188713144323
1480479583291916289
1480461175955419136
1480445693403676672
1480437774612238338
1480428179303006210
1480423360907546624
1480419640949948416
1480419202389270528
1480415926629453824
1480681011767771136
1480550130629578753
1480441738862870530
1480746424400691201
1480416278300872706
1480681592292925443
1480550603788984322
1480569586340614146
1480549569612042240
1480548058035146757
1480451198478012417
1480751172621266946
1480542261049843712
1481075829757333505
1480870241420943360
1480918395084316682
1480876857939542016
1480829913041043456
1480798607129276416
1480771380022956035
1481003457628700672
1480784120783405056
1481075747372802048
1481059600682340352
1481054632302755841
1481426111011909632
1481241224816504842
1481338979769548800
1481260241035890693
1481402993212014593
1481440212912046080
1481208032365543424
1481189942084927488
1481830851906519041
1481639465349435394
1481590407448326147
1481676430723452933
1481766714769809410
1481947658457853952
1481870816270860294
1481979975561785345
1482523018949804034
1482527710731968519
1482921052212953088
1482901138035064834
1482726572558020616
1482859874044489728
1483246960178253824
1483217666383159296
1483100887379693573
1483475217515421699
1483457548221284352
1483564429933711361
1483563566339100672
1483559938006077443
1483368024761827328
1483448380076740610
1483586681861439488
1483585512925712385
1483583220713398272
1483580135660228608
1483612128976449536
1483652451144441856
1483818741746245632
1483758777082195971
1483898452572782592
1483834527760142336
1483713022866587649
1483664421969084418
1483661674624458754
1483659831886360576
1483662932009693184
1483804316129701891
1483821237575258121
1484180450017181696
1484179503253692416
1484161112082120710
1484359601948852226
1484496229149339660
1484612378226475009
1484605243304607744
1484483993546358792
1485046757524664320
1484784019141455874
1485423538677096450
1485214154307026949
1485123761779388417
1485227770171256834
1485823011010023428
1485485347723419648
1485472061732663297
1485552805708722176
1485571496332640256
1486473478698319873
1486471393114214400
1487241469501243394
1487057474939092992
1487230643268616193
1486983007646879744
1486981745119404037
1487244232922648576
1487574064768364546
1487632295519748096
1487483429029842944
1487460128873869314
1487635516048953344
1487755076441878529
1487710292285222920
1487668400012726275
1487660342214012928
1488349917638639618
1488337936030392321
1488398363812712449
1489058545668485120
1488933979747405824
1488928134645039105
1488867317710786569
1489407006448709632
1489412084148621312
1489171720032628739
1489171257782579200
1489169930784505856
1489800429995438081
1489566515313913861
1489510435489746948
1489822813540466693
1490117307754237954
1490111048925716480
1489969552268328963
1489879472660647937
1489834407674318848
1490126754094403584
1433231146322735105
1434303860311420933
1435255328883417090
1438307808055730179
1438895771286269954
1439043658490073090
1439177024774414342
1439572312479600641
1439762355492048899
1440274752094945288
1441951752828317698
1442382193020456966
1443165681889857540
1444898942844477442
1445522516835852294
1445347509312712704
1445673329566760964
1447023715141632005
1447410270242934797
1447772173842595840
1448498643204390913
1448498068500803592
1448900774482702336
1448857976849063941
1449220420842885129
1449550702619987975
1449701234756124677
1450087860237791235
1450055795534561290
1450333534971854851
1450703710481383432
1451416723601518594
1452111145188265984
1452266836830179345
1452463945940279296
1454259126221950984
1454437263807422474
1454471587516743687
1454946115191771136
1455316913093967874
1455346969564495876
1455646867539124225
1455896391964774407
1456163699358568450
1456772937231450113
1456810262091030529
1457374443399905280
1458283038404608002
1458224333076107267
1458476480027975683
1458338363111444484
1458629619511226376
1458746004732190725
1458964752466546702
1459167241568591874
1459359906864058376
1459333332139851779
1459479536853303296
1459467652145942528
1459770274451050497
1460072857820532738
1460069083643138049
1460438215161040899
1460476029307260930
1461248961268699139
1461275908044587008
1461325972037242884
1461530312341540865
1461563170812686341
1461737699484729348
1461639581871210500
1461849818444140547
1462033416099041288
1462338523453739012
1462611400711278592
1462788120278044677
1462746988768677895
1462789908855095299
1462739192543264772
1463015895639289857
1463290763786129409
1463535193562640385
1464353779743031297
1464406298573762566
1464448598804860932
1465504898468876293
1465743777880965126
1466098530968293386
1465947856712331266
1466004404645945344
1466493784473042944
1466966673710215169
1467030901481607168
1467017959000264706
1467287867135172608
1467370083672473601
1467622052576169984
1468009968951455746
1468063993642172418
1468070124624093184
1469108913324773376
1469522238034493441
1469516921531875328
1469615354104016896
1435232581495238657
1438236369961177088
1438098871687598085
1438057692652736516
1438056940630790146
1438042844934008832
1438103143892459521
1439193432740687882
1439429240403808256
1440276405682507779
1440132564094648320
1440462633715466244
1440461758682910727
1440456203750948874
1441211386957205507
1442111806042886156
1443203651644768259
1443123343079591937
1443646901312647168
1444730809227694088
1444928795287244806
1445958987384438786
1446504501494517763
1446446492378562568
1446445976604987394
1447447617789575170
1448130122339405830
1450004538065178625
1450961144332505089
1451061444208848898
1453670442443558916
1453944737153515524
1455290805061500928
1455135662957494280
1455328235365961731
1455740813778980868
1457597767958732808
1458302046835118081
1460246235097427968
1460401829032775688
1460986227646025732
1461255190942601216
1461242047533252610
1461326295099265028
1461142219113385991
1462245749823995904
1463049898325016582
1463188281563103233
1465492829581365253
1465539424461025284
1465592997328797701
1466615391019433985
1466910054297133057
1466622286996197379
1467040922634317825
1467985201821216770
1469492453954650114
1469654207112249345