1501538917610561538
1502625620357963776
1502928297482928129
1503631830561734658
1504045325996081154
1504039773085777920
1504035312410185741
1504035309218308100
1504035306101952513
1503975633055100928
1504031881997787136
1505069206358065154
1504915330279559169
1505069204709703680
1505069202184732678
1505069207947735045
1505068287838679045
1505054939394977792
1505038857498206214
1505747771474968576
1506101085794017282
1506080722267766789
1506067957767897092
1506067953565188101
1505911404259426306
1505937917046190080
1506083345129930754
1506928471678799879
1506913710069092352
1506979688488779780
1507556343816749060
1507908298951229440
1507569334436384770
1508319749381492739
1508943286806855685
1509101963849388039
1496625664295768066
1496622215961268226
1496618908693893121
1496618436335587329
1496489929534324742
1496469811525787665
1496441141700571136
1496358335267831815
1496358464817299457
1496702355500257286
1496674681541124099
1496674511306981379
1496671957693042690
1496626575231848450
1496626572950110208
1496622212912082944
1496605876500807681
1496470853617340428
1496467840081309699
1496465012034048000
1496460389525372931
1496458798953021441
1496440670810427393
1496425586847326208
1496410346764238855
1496406921712369664
1496406915311869952
1496625661586202630
1496702286802087937
1496369751672913920
1496706912163098624
1496475528597241865
1496679267152719878
1496459738238033920
1496417888873648129
1496463864472424451
1496463614412472321
1496455459968262144
1496392120588181505
1496482136190517248
1496741511517589504
1496708451812392962
1496707960621666304
1496405531342557184
1496405189775208449
1496405153695649796
1496372286311608321
1496649757082931200
1496649543244722176
1496440601814138883
1496436158443962373
1496436152009900034
1496414276663521280
1496406924019273731
1496406919887847425
1496406917903958023
1496406198035562499
1496367890521812992
1496705986199187456
1496759104697614336
1496679189113569284
1497011624439287810
1497010932156809216
1496928831491362822
1496927503901872152
1496842491055595526
1496834287550619650
1496808829996380160
1496810780309684225
1496797442310049794
1497155225672503296
1497136332489248768
1497078023463780354
1497776602998259714
1497567665048924162
1497487272769638400
1497764507535679489
1497758107207979011
1497927712463548420
1497914825049272320
1498117380744138758
1498111898461827077
1498488540484841475
1498458919626502144
1498535562143502339
1498840891729055747
1498833826487083008
1498530052686118914
1498973247266000901
1498964322013175810
1498955475190169606
1498950814286884868
1498883665606160387
1499201614917386240
1499328867466559489
1499300927886729216
1499300929652535296
1499512483278725126
1499296693568819200
1499912886797631488
1499932777239937024
1500101471844847617
1500064224982478850
1492358677319524352
1490640290079973376
1491963011170406402
1492056925248188420
1492264709797683207
1491314131735310337
1490960709685252096
1490216294893113347
1490960727250980865
1490225512790503424
1490960737166323718
1491922112428523520
1491711053788749826
1492460732453392386
1490246255427334144
1490255321087963138
1491919219709341696
1491575478511349764
1490684275628265474
1490233475156553729
1491230978248896515
1491230989523521536
1491235744819875840
1492070686747103233
1490918287932215297
1490913902317604865
1490550942617329665
1490907157948035073
1491235754118619137
1490918295381307392
1491273985627402246
1490911217560752133
1492070694938570754
1491021317813850112
1490856973415374850
1490864215606898689
1491022513064669187
1490671708738441217
1491326530235998217
1490665154677460995
1491071820417880069
1490886233928908800
1492442103070146562
1490856655919083520
1491354939477606403
1490479168580034563
1491203944604848134
1490494268137373700
1492668595435802627
1491943819490693120
1492457202472210436
1492416854840995842
1491399087878729728
1492037090514993156
1470177443017158656
1470050186722349059
1470049608860454916
1470018880214949888
1469886661831974914
1470230746702831631
1469996487614492676
1470207744305033216
1470050182154706947
1470048782100275203
1470008331204902919
1470206587528568833
1470501454028976132
1470356188823175169
1470313599201472515
1470570063052767233
1470500501867446275
1470579455911288841
1470564704200183812
1470564702501564417
1470395779055435776
1470586014989111300
1470578035174690816
1470570060125069313
1470781710128361477
1470757881561501703
1470757334452301825
1470727835442581512
1470713011392241667
1470651277369659394
1470607991065833475
1470694198105952258
1470931661504192513
1470783574945185811
1470940422901886981
1471323109323988995
1471108188757913600
1471337285807263747
1471326738890170371
1471324373411766276
1471287711596118017
1471043984025817089
1471114255608868869
1471114075249659904
1471325145562173440
1471324350083055618
1471322774631157764
1471316643473096704
1471075542501761027
1471679141430788101
1471650099059068935
1471439292698267650
1471679148418502659
1471665198788345858
1471499105025216519
1471411329919438849
1472012486995951620
1471747582103744517
1472049397592576001
1471823044641316864
1471699734339354628
1471853220641214468
1472243807106199552
1472225533832220674
1472244886673920004
1472159902311223296
1472147058274365443
1472105124285726720
1472102596340948993
1472101536314449921
1472099767157071872
1472097504002904067
1472422455641718784
1472495670774927363
1473120262660911104
1473134157970563074
1472842099322077184
1473299148178804736
1473220446627631107
1473218110719029251
1473249695522717699
1473263240654114817
1473169125841137669
1473856874961260546
1473656848200843264
1473656842144215045
1473584734814932995
1473529180855824386
1473542687026401283
1473976889920286720
1474222429157265409
1474138988147458065
1474595053779652609
1474629949415837699
1474573591895101441
1474566299879555074
1474564301629235203
1474463990856093698
1474345801044283395
1474647939226107907
1474632887056039939
1474566370452914179
1474905509245321217
1474902105735393281
1474771967441969156
1474708757250592772
1474749757780213760
1474695522938081282
1474973598980841474
1474963549994639365
1474925182913376257
1474771400875384832
1474926689570500610
1475250555366756354
1475274839782936578
1475498780581498880
1475481629690789889
1475430175588315137
1475446801352118273
1476034817829396481
1475847743692177410
1475818079741382657
1475753133145919488
1475746733623676929
1475743316922621955
1475741599975968768
1475739615692660741
1475760666464055299
1475768120472391680
1475743206218166272
1476028952451768322
1475998753483935749
1475772261244157952
1475739990294339584
1475840277084393472
1475817910618578946
1475762585483939840
1475746522910191617
1475742454535966721
1476376240789630977
1476121122907115520
1476361141576159240
1476123385469956098
1476110588929400832
1476402599347646467
1476727935193128968
1476513064757256192
1476471892378673154
1476488470755381250
1476882230613987330
1476874524486295554
1476829733723639808
1476829731920117761
1477113301221867521
1477125843323211779
1477115847474761729
1477115159671816197
1477101016789045259
1477100469335965700
1477090452331368448
1477125850004811779
1477109914119987202
1477111917474770948
1477483777387499521
1477480313479577600
1477478503977127937
1477170410365984772
1477246722799640578
1477601007123066882
1477495526304014339
1477651407503200257
1477810692988231680
1477623668310118401
1477592189647523840
1477592183725518852
1477569100830310400
1477916389318881282
1477872104204750853
1478198944396103687
1478331178704719872
1478308976664195074
1478535468576817156
1478354275159969792
1478267213781950466
1478267199206739969
1478329967020625925
1478329957919051776
1478329949324935169
1478912955936874503
1478878199467495426
1478868090624839680
1478648995685797891
1478635231498301441
1478897856584957954
1478994392794877953
1479010002341826562
1479005275319255041
1479256469321052163
1479169548657905664
1479058205833510917
1479046975743954945
1479040878844940288
1479396139908485121
1479402333708513282
1479380550892736512
1479324231561216001
1479801302137729027
1479758527992266753
1480161583439364100
1480153051520401411
1480719251707023360
1480510662119886851
1480550611888209920
1481072183858253825
1481419472040869892
1481200529636134912
1481475398034923526
1481434571426172929
1481262934248792067
1481449670975143938
1481552259683348480
1481542098822516738
1481651090558914567
1481692209129062400
1481781336197443586
1481812058945380362
1481851315164975106
1481851656199618560
1481783288583061514
1481486390630436865
1482196338540707847
1482172217010139141
1482521735090089986
1482580536292159493
1482268352265728001
1482264773215408128
1482586389946695681
1482313052301434880
1482292578737602565
1482269546778337280
1482269033861087234
1482582133134839811
1482589642709139456
1482574678271336451
1482315720973492226
1482292259521720324
1482255981480640516
1482270746227666949
1482666012327968768
1482666002811072513
1482884122842390528
1483214844417699840
1482995209357389824
1483013518526132225
1483213346031955969
1483639097625247746
1483450100307599362
1483729694969122816
1483787016848670725
1483763999997325312
1483758039824232450
1484333039924969472
1484267509083930625
1484097587586408458
1484363874132447235
1484156412062502913
1484097914037481472
1484097474600239110
1484141220826091523
1484426632882700301
1484696062702993408
1484424573840146432
1484389763671293953
1484804341563539456
1484877256635813893
1485047892393877506
1484890608594350082
1484889524748623880
1484884960964395009
1484883790841663491
1485179246158880774
1485645228371587072
1485541633944797188
1485624959242227719
1485564766206963718
1485564754521628674
1485518984627703809
1485580117384785920
1485844786934423552
1486175812759945219
1486082240727891968
1485925487893692416
1486145614165561344
1486266409772408833
1486292651003768843
1486523101089349639
1486284641623744515
1486504641281937414
1486277069780955136
1486296432084717568
1486891239152943106
1486870389619933185
1486649313811845124
1487006029556551682
1487066684485681156
1487483428563914752
1487288873013366785
1487610264912465922
1487595165497892865
1487383772576112644
1488123647856418819
1488134964151713794
1488240262920900610
1488008567667838979
1488008554825015297
1488380338967560192
1488772282918998021
1488853081857347587
1488760761560092672
1489201898955902981
1489196156684890112
1489116209626845194
1489421125004427265
1489382204233105408
1489781300827660288
1489545567026171904
1489543797541588993
1489539109391839235
1489543055292387329
1489985021997838341
1489869579732262912
1434896671608086537
1435141172519849986
1435128554392408067
1435624284790013959
1435469492524441605
1435777665374380033
1436352625633476613
1436678739408998406
1436636074453843971
1437340659426357249
1437723298905739264
1438506013498306562
1438875296493490177
1439049479794032644
1439039435664867328
1439016454045650947
1439587296127250441
1439542727624957962
1439587704346275847
1439551611961954305
1439522526791540741
1439791433653837826
1439786847752777735
1439766712203681800
1439897554750033924
1439780828746223616
1439779298580123648
1439758636306386947
1440113287966822406
1440107596904427522
1440975554195329028
1441369868259848197
1441358388047192064
1441353104117563398
1441349711844151296
1441342195064213504
1441355742846468098
1441342171752251393
1441272181313335303
1441732212148236292
1441699424166559749
1441696888332296193
1441680298941419524
1441701522211889154
1441631054259888137
1441784325310009350
1441649197011259394
1442109583275675656
1442069445392814080
1441995959777386498
1442011436633313283
1441990973903425540
1442265568095047686
1442031189833883649
1442461989754707969
1442338685265997828
1442499657213493257
1442804339739824133
1442711732883841026
1442821919586152448
1443055432025526277
1443186880439218190
1443151071594037248
1443463129803931653
1443516488535535616
1443506415616737281
1443488855345094656
1443775635562721281
1444111011196276737
1444603135951998985
1444950144772763649
1444898149735141382
1445532896417103873
1445403411558580228
1445710926863208463
1445607689640300557
1445756995965898753
1446053023680110592
1446119056671526916
1446067047452995586
1446059271859306499
1446042980620509184
1446313362963320834
1446312433576861703
1446430663536644096
1446443512770170880
1446657061991829504
1446782499678478337
1446999359631937536
1447021006573301760
1447019052325609476
1447542899139174402
1448296188097097733
1448595011793133575
1449045982797205510
1449000204892471301
1449181832365314050
1449246563193090052
1449244118928920583
1449218918615191565
1449201365675229188
1449186266554068992
1449173760347566083
1449396702905978885
1449390524029227008
1449261917650898949
1449772190132436994
1450109834192297984
1450096750753030147
1450257890896449536
1450459821162049546
1450446989691277321
1450737308093779968
1450723882474749956
1450728897100746756
1451035710065020929
1451158846576021504
1451504014978289669
1451360212321931269
1451760772602753028
1451836102680068101
1451792236576837633
1451929313821876225
1451780882503585798
1451866371906674690
1452502114295435269
1452493792024555526
1452475519178461189
1452474287093272580
1452545691406856195
1452863018333716488
1453011411920097287
1453011053206507536
1452888134392299521
1453260647014309896
1453275759745945602
1453255224546795520
1453383535339864069
1453587913220845571
1453718038172237824
1453989974194339857
1453937677493948423
1453937608505978881
1454006688495726594
1453952612303212547
1454101099741270019
1454007474445438984
1454009966428246018
1453945636286394381
1454109531156402176
1454101168322273280
1454401383659044867
1454335619384049671
1454795830414622722
1454829326302527491
1455102414936178688
1455075232327233552
1455032871912017924
1455158116685795330
1455175708192346112
1455321702917836800
1455309231737872384
1455178523203694593
1455201935749890049
1455516571254681605
1455937523968925702
1456142267949862913
1456396379106856963
1456161806884474883
1456772390344531969
1456566985383235588
1456613538651197450
1456971662872637444
1457010323752247298
1457009075133173760
1456997782699450370
1457181554937974787
1457165910163165192
1457362978253115397
1457324499620098051
1457363295413805060
1457959296172363777
1458077529697357836
1458062250854338562
1458059734141968386
1458235846402789379
1458394341177765893
1458366809761980417
1458458265159938049
1458633558008811526
1458616076762189824
1458789130402476036
1458807195517472768
1458652453910441993
1458726884494041089
1459023148238589956
1459008527591100422
1458955748034056195
1458962748923170817
1459185734359810058
1459172217497931778
1459081548150427652
1459186423735619587
1459350893787181057
1459363390506225674
1459441779040788480
1459489399889018886
1459959348868878337
1459844136387813382
1460410383877820419
1460440533105471489
1460476257745793024
1460609097263292420
1460548987698569218
1460539097756303360
1460916124049018883
1461107344981446657
1461107275394084865
1461180412118536195
1461174488469413888
1461303898895884297
1461248219833274368
1461338880339169282
1461525038746664963
1461522302856667136
1461722075882684429
1461688622793441287
1461990903594119171
1462433565988499456
1462391800023318533
1462373275560939522
1462433121522302981
1462592127427231744
1462770465726894084
1462853955717763073
1462964167854354436
1463095978215415811
1463322017738883072
1463319437847588865
1463478813476601860
1463503122287181828
1463441946735640576
1463438964325421056
1463500938040147976
1463490534236770311
1463886443089211400
1464212837551591427
1464370891937222660
1464373407647154181
1464253009886539779
1464250088734314496
1464248612976672777
1464057205146062852
1464437084152762372
1464621480017154053
1464619981782482944
1464597986067898368
1464578043029372930
1464774324812873730
1464980429425971207
1464973703096139782
1465128282148388867
1465123347923025924
1465324176982482947
1465194119639146498
1465321265145647116
1465513911441002506
1465498609667829766
1465483398026199042
1465825994070134786
1465708945448706057
1465649962910318597
1465622007270105089
1465828506722467841
1465848212707635202
1465962343389556736
1465987038134431747
1466211666975072256
1466271421345120258
1466215902584606725
1466306607470370818
1466410729720877057
1466623662681776133
1466617554101755909
1466749496608518146
1466681077989142533
1466740693615869953
1466740552020365313
1466647647016480770
1466762114677100550
1466969265945419777
1467026235024809986
1467051535003619330
1467315805251530754
1467300836267094017
1467376102624559105
1467484379937009666
1467375444894781447
1467843486049202177
1467856714313523208
1467786381246091268
1468049669489971203
1468067325299474434
1468057732234186755
1468386733595131904
1468459081266606082
1468537059073826819
1468750799253565442
1468802773122641921
1469090638217945089
1468941779902902272
1468870555906428929
1468860477325389827
1468951746626027528
1469130254673317892
1469601332478636038
1469845594504007681
1433046691557433348
1432997490110857217
1435023235796520963
1435018847203905536
1434817020101496837
1435111303014584320
1435111291069218818
1435045151626326017
1435082480298561539
1435742142362632193
1435586725795938307
1435580791635935237
1435784516426076161
1436114252167737361
1436049303097659409
1435990142028763137
1436149573370593312
1436136088377122818
1436275678287052803
1436441965902532608
1436674886290731010
1436674876996153349
1436629150232498177
1436618442891616257
1436618111256461321
1436940436862427139
1436850731181432833
1436849882342428676
1437015676900626434
1436864661983404033
1437395196426129416
1437318628794253313
1437318617247346690
1437701947394383876
1437701169913028611
1437693269597507587
1437634272131796996
1437575228058710016
1437632774970626062
1437723975455416321
1437768294887354368
1437963515055132673
1437984266437021696
1437951536093564929
1437991682495029251
1438066163389403140
1437992374693601280
1437982095385628674
1438137264748392448
1438133517683093506
1438482309666074624
1438471237336854533
1438420770682589191
1438339904971239425
1438442771220611078
1438488603127005186
1438473949487058949
1438431211450355721
1438425018082344962
1438504793027141640
1438311942934781952
1438485968382660610
1438430996920078338
1438364150627856384
1438816594801483786
1438793599261372417
1439015272975794176
1438808266205642754
1438864353298567172
1438864122574036997
1439050290716499969
1439050273024970756
1439049769666551814
1439035191360557060
1439056974058967045
1438488603127005186
1439040431065485322
1439087470944026624
1439568481180028932
1439549874375049216
1439565435599392776
1439738074943004674
1439576944450826248
1439401258683486212
1439792187265335303
1439772843202334720
1439771718671765511
1439789393636511750
1439772852761219075
1439767516692189184
1439796104376119296
1439755910243442688
1439773914746417153
1439963525091192838
1440274952247119875
1440273321858240515
1440253729538674688
1440283205345550344
1440246545157292042
1440230186629287948
1440150952598589441
1440146533467394050
1440279550408069123
1440331899897933826
1440827177621098502
1440476716879646724
1440560782631006210
1440589208490446855
1441171261690843138
1440977432853422098
1440958870701043715
1441044712492650510
1441354095118323719
1441352774008987658
1441349431094222849
1441345413957652483
1441343877600858117
1441343737687207936
1441337262847905793
1441336682230386694
1441335517581242369
1441308558914510853
1441306153133096975
1441290639371489284
1441238641611739145
1441287477923221506
1441272178335383555
1441354099220303872
1441305828724645910
1441340350916820992
1441293573530345481
1441337262847905793
1441533550730219527
1441442765963886596
1441400632154333186
1441354095118323719
1441707801718390790
1441685152443211776
1441681378937090056
1441679753958674434
1441721908521693188
1441692702333042690
1441272178335383555
1441708247400914946
1442099938611978244
1442099930101780480
1442099921880895500
1442095638510854155
1442079551316639744
1442107357819912196
1442070189550587907
1441948996356894723
1442442286466433024
1442417785557028870
1442448203484385281
1442417478047567872
1442407429463969796
1442326880909135872
1442298151772168197
1442445756376367115
1442430336260980739
1442364191415799809
1442779865812328455
1442711715523612676
1442848682425167880
1443216558646386689
1443052599540731907
1443185819062210561
1443142804570468354
1443119873589071874
1443528506722246659
1443520412743135232
1443489542036770823
1443410858390917120
1443531005457928194
1443476568400031745
1443537628549169154
1443522579654868993
1443519741033779200
1443398792846315521
1443512752413167619
1443433146100314113
1443427522167775232
1443800951131832323
1443780799313027072
1443763447796158464
1443885769488101376
1443851930598461440
1444077080115744769
1443866037330452484
1443783461395841025
1443797563178557443
1443861883744763906
1444108881332883457
1444108621315391491
1444108755684106240
1444123701180465158
1444182259712417793
1444114871977533443
1444622004158668806
1444658077219778567
1444979072413536260
1444866589522743297
1444940169757425665
1444940164644491264
1444940159955259393
1444954146260455430
1444951368276459525
1445534224614789129
1445532885826433024
1445532084349464582
1445529352095948802
1445306382857555972
1445215051216875520
1445198488203976706
1445189607738404866
1445257509149675523
1445321847025725441
1445315711451025411
1445360540147077124
1445775995047268355
1445701348889034759
1445625473057247237
1445694068462346240
1445629666799144968
1445642182363287557
1445650180523499525
1445641813277089798
1445580752918233095
1445751002653548547
1445775995047268355
1446042642547036163
1446263296433164292
1446033831526469632
1445966504990699520
1446073906813538309
1446371457001353216
1446303358021627907
1446300467164684289
1446403744803868674
1446340445232001024
1446266217967226882
1446450713366654976
1446394528785567748
1446282655230611461
1446868819708768267
1446818340303880193
1446718554703679490
1446788782062071808
1446784084168953860
1446654281415753729
1446796331649953794
1446771242560753666
1446767156922699782
1446805753835130886
1447007724320051201
1447036858001620993
1447007739947847683
1447033168314322950
1447113420638195714
1447135646015889409
1447098573892382720
1447509308791353346
1447563102287896578
1447563100475953157
1447913565613019137
1447714887891779586
1447831720678473731
1447880422457630728
1447826412941942789
1448428198132269058
1448600720958230528
1448565187800305664
1448664921382666250
1448444590416035841
1448467556247883779
1448578550185947141
1448587776236998661
1448770478013759495
1448542005340958721
1448576790838927360
1448972347705225218
1448859083994324992
1448802710661185536
1449039914545278981
1448948304838987776
1449221153319317504
1449179335340879874
1449178126513172483
1449207348845682691
1449359708633001990
1449634875145801738
1449634867700924416
1449560641979633665
1449529079447703559
1449969035236446209
1450112040782106631
1449985496973660165
1449925595861696513
1450049791639973894
1449960575685984257
1450105673103003648
1450277422541144064
1450276854623965187
1450275979281059843
1450284314709700615
1450604098814767105
1450444190626709507
1450402994344718336
1450563128660430848
1450436509996257282
1450967842631737349
1450967327525064706
1450789471234842626
1450774430745989123
1450713190241869827
1450716886312710144
1450754203446435848
1450763371016380417
1450696024842932228
1450641350395777024
1450749160349528071
1451066883294171137
1451032921448468480
1451009090218434560
1450984913688170502
1451088679280136192
1451085480846508034
1451061206307930117
1451127814711767040
1451327749172260864
1451426745068834819
1451410015424708608
1451345011560255505
1451497913096421380
1451484428748738563
1451484419852701700
1451342144149491724
1451481898551705606
1451627640360603650
1451627486245056520
1451795154172399620
1451834208934981637
1451812525192794112
1451795154172399620
1451772887170306056
1451914247126982657
1452413019858763777
1452238565199519750
1452201950221586436
1452091196365434887
1452418472525250561
1452217050269503492
1452207010741727235
1452494291859689474
1452495480764735493
1452645698868944897
1452564336090574854
1453144805261725699
1452951030874837012
1452821630611169284
1452965195219800071
1452822030894518273
1452877695197450242
1452886864982020096
1452790703419920386
1453104139911630848
1452819049964924928
1453267470127714306
1453163776631459843
1453345309518557188
1453511525021347841
1453511521959485444
1453383681465221120
1453357887103901698
1453493563212271621
1453524956621389824
1453584980387381251
1453527605718630400
1453734004755091458
1453873029369319432
1453633178048995332
1453884267130331139
1453874978030448641
1453935848303382534
1454080613162504202
1454012479952936960
1454067744987496449
1454002460914110468
1454095704364920832
1454052259155693568
1454005672341766148
1454003724775428096
1453945633979523078
1454060241230778370
1453968845853511693
1454050011923116043
1454276426291499010
1454270581076078594
1454266807368306692
1454258816522985484
1454456572482973700
1454429390998106121
1454306931107975168
1454650837154746370
1454625711558254596
1454625706915229697
1454604778126786563
1454780865792266263
1454664855512702986
1454732698623168513
1454969660470820864
1454969131946557443
1455017956149137412
1455007141870256130
1455006550448214023
1455151540499410944
1455309734299377665
1455119013768355851
1455066624764125190
1455109414910758912
1455155623973195776
1455153918107795457
1455338831448666113
1455337885566074880
1455337880411258881
1455333085428338688
1455336512283885573
1455335245742415876
1455336979571228672
1455335248347078657
1455332417795805184
1455331579992035333
1455331303725821953
1455414704088629249
1455412022519078912
1455396672096243715
1455555869526020098
1455470246681210880
1455523839194984453
1455706129116192772
1455705385478733830
1455704867696037889
1455720062363439106
1455797337058512901
1455884969209831426
1455765409446051841
1455896350692978693
1455827372872069120
1455826903911198726
1455815154029842433
1455805573178400768
1456104816048951305
1456082521494544385
1456102553884631040
1456107603117936640
1456077327574593541
1456394049405939714
1456451604131942402
1456460007893991425
1456458553703559169
1456631988098457605
1456565704765943811
1456547896304623618
1456530503767449603
1456613441444012035
1456552172699611136
1456757052890664966
1456756901446762502
1456773408696406021
1456833566877237256
1456808740468920325
1456799337673990148
1456799321479778310
1456782225731506176
1456935220154753027
1456941337303916544
1456933946764058625
1456934396250890241
1456888564319342596
1456887319907082244
1457191044450164737
1457489096721383425
1457275380562382850
1457262162611609601
1457375120805154819
1457266094482157570
1457262146501296129
1457299313567039488
1457258268305231878
1457502182064885762
1457501405531439104
1457547171352530949
1457522317723013120
1457516121221857280
1457544111309811719
1457858834119073794
1457857985766563841
1457884064925376512
1457924601892147205
1457881653703966721
1457881562121334789
1457973923606302721
1458212923457740804
1458283290083856385
1458256847777959942
1458271314305683459
1458574701693849600
1458573162795261963
1455536109987905536
1458449098194001932
1458301541547274246
1458392468362121216
1458393724434599941
1458598330955493383
1458604169401561091
1458634883094364162
1458632588944310272
1458607921151938561
1458938158238691352
1458937449359413248
1458936448569077761
1458981623316238337
1458974595554238465
1459029200732495873
1458988552818028550
1459039243305504769
1459113761504067585
1458978958720966660
1459302626382659586
1459040168808091649
1459058574634610688
1459299075443015681
1459344011311951873
1459357747967762437
1459400523535192069
1459398923722706944
1460024719822897154
1459913530929336327
1459749439149522947
1460069986068697089
1460065392877965317
1460078149861969923
1460396874733527041
1460217975579938820
1460207446618611718
1460195399587676163
1460144307743064065
1460144298704265219
1460160860366594051
1460069986068697089
1460194122359132160
1460401619648929792
1460431175151861761
1460440717130665986
1460591624644222981
1460587745760350208
1460569090179809282
1460485493494202370
1460565441651232769
1460565439742758917
1460495170453970949
1460547809321500679
1460581100594647048
1460518966871396358
1460499073769738245
1460491620583837699
1460547823103987715
1460551970872123392
1460579301431021568
1460781326999588867
1460778463187582983
1460767140022206471
1460800517605449733
1465847301411205124
1460934385243463682
1460924282595254273
1460924191901773825
1460921550446555137
1460917488607055876
1460917487055167495
1460916441956294661
1460916440152752133
1460895444511297537
1461155950497304577
1461140894032171011
1461138765619994630
1461137996325945344
1461260704405549058
1461285282053902348
1461138762314883074
1461125162112196610
1461160667122388992
1461320945260326918
1461288192947097607
1461165282768998401
1461481197809274886
1461479645639888896
1461476805806747648
1461330492297408512
1461347879209951240
1461516567980621825
1461503238868455428
1461529678913622018
1461489107054436357
1461596156530593792
1461596147345022977
1461596165175070723
1461846376174669829
1461884103964315653
1461850670210838529
1461888784987930625
1462068637670334479
1462270032671494147
1462269984399192064
1462303512105295874
1462567753164984324
1462420766096461826
1462395353223729155
1462605501867470850
1462601639114645504
1462726298535546884
1462788255145807876
1462757384720322565
1462950267859603459
1462949183501979650
1462982989273460738
1463156655332413461
1463148546715045888
1463004891350114308
1463129950551097346
1463142918676307971
1463337810601996288
1463316554947301378
1463300424149000197
1463333424303722500
1463315178242646017
1463324776156389378
1463470002896453633
1463434790401499136
1463436129244303360
1463434741047185410
1463411849693569024
1463654916820545543
1463514259527135237
1463490363146981386
1463490096296906754
1463470618632802309
1463470458762784770
1463470004708339714
1463451073973211143
1463467081060417538
1463641260397187077
1463434764342349824
1463684138511200256
1463728304247033859
1464006760037904397
1463778241076891654
1463798362218524674
1463874005090254849
1463871181912608772
1464025557515976705
1464036383262003202
1464032404474114050
1464040243439439906
1464055209106178050
1464442665076854787
1464422742019624964
1464437076204523526
1464467540311089154
1464594656524574729
1464467525886898176
1464545836826718208
1464764738248667140
1464762729261002752
1464784621741039617
1464760952939630592
1464760948250447875
1464788696801046534
1464782676380971009
1465101118120235011
1464897992956137472
1465156363978371075
1465119458947579906
1465117175673462788
1465146621973331970
1465847226274512898
1465427933296676868
1465285923705217032
1465280041223221251
1465247913546768385
1465313436959604738
1465203265327362054
1465209497740357635
1465279386299502600
1465202097561866240
1465498957790863362
1465506233692016640
1465504604913684484
1465479383993487362
1465512154514300937
1465510178699177990
1465507187422236674
1465498336794796033
1465485737034350596
1465828264803385346
1465646649351364612
1465610325407854599
1465610460183605250
1465625400885661699
1465851946351222784
1465854683528925190
1466131000535117824
1466041680314859532
1465972689437294601
1465963659117490182
1466027775676993536
1466246751442984964
1466229683524026374
1466266230050811908
1466285331376861187
1466266388520005633
1466244480336637952
1466239243995389983
1466340490454786053
1466381699852300290
1466620448536367105
1466618366970368002
1466608831832608778
1466609472462209027
1466620756683415555
1466617606442414084
1466747072481161217
1466907991630704646
1466768773353025547
1466715272304152578
1466945685274574848
1466954156439187459
1466982017824813057
1466981008260034561
1467095477711560704
1467003568922136578
1467082502502338565
1467313117256323072
1467308110389735426
1467636808196317186
1467473175042674690
1467367042068086785
1467457251153629185
1467525683178242048
1467488944396718081
1467422240648007684
1467497902201192451
1467665507096485891
1467656282739929094
1467789171079188480
1467754236851015680
1467831614021713926
1467831982683918341
1467784628618543104
1467896793824251909
1468018416103477248
1468066277818179584
1468066034376581124
1468063091107643392
1468026220717789191
1468013960381157377
1468340004799664128
1468066034376581124
1468416485781430275
1468386631455416321
1468724189834059777
1468628778247098369
1468726091757940739
1468620288556367880
1468587464990285831
1468469430652784642
1468581937111461889
1468570550855294976
1468802544004698116
1468758520363302915
1468781195227906053
1468386631455416321
1469086176573202433
1468915470187188228
1469084082625601538
1468987538433970179
1468939685707673608
1468830994216087553
1468892699159789568
1468943433259634689
1469242436362768386
1469167822282522625
1469254322617602048
1469158131850567683
1469256505715302401
1469483188913274881
1469482263708463106
1469509248614690819
1468870549560446976
1469666547345997828
1469630549404925955
1469804274100015108
1469851543260176386
1489949923017732097