1486182051992961024
1486180638604824576
1486173342868869121
1486172251703623681
1486166350997635072
1486157742348062720
1486155902814420997
1486154116498075648
1486141825362579457
1486133498435948544
1486131793636245504
1486115453198282754
1486114928284950530
1486109315136385025
1486103371283312640
1486082526548729856
1486081883998146561
1486069933003968518
1486009374057582592
1485972453520252935
1485944373842169856
1485940538683834368
1485940516818923520
1485939718345093126
1485939365021102082
1485939332464910340
1485926082201387008
1485921580916297734
1485914284941246465
1485899733466234884
1485896866009325572
1485895098751758339
1485888969133162499
1485888697765703694
1485882356460367874
1485876418617962498
1485876227013771268
1485873882083262468
1485873718715117569
1485871110969524227
1485850733182615552
1485840482932760578
1485830745654697984
1485828862613520384
1485828730593636353
1485825709721665540
1485825449808830465
1486187110805946373
1486187043315417088
1486185970357907456
1486185750257598467
1486184006966460417
1486182759257489411
1486179635079823360
1486177813254537216
1486171203857686530
1486171042054029312
1486156516898254849
1486156509197533186
1486155577902383106
1486150655949815813
1486139583670931456
1486139425969307654
1486138104625135621
1486130494194728963
1486127886830813184
1486119717874315270
1486115618076114945
1486115598312644612
1486102285268951041
1486096670580375553
1486011667033227272
1485989788809560065
1485988504052301827
1485985679385726977
1485984564199976966
1485981459983003656
1485978630333566977
1485975691363561474
1485967083993460737
1485964791122624523
1485963657112866819
1485962947721850881
1485944179016585219
1485941072971075591
1485937608341729281
1485932063916425220
1485931366986698756
1485918049580756994
1485915561368633346
1485911206787694592
1485901984477900801
1485898278080495618
1485896618482495490
1485896492078735362
1485888472963497987
1485884838133796864
1485879521769574402
1485879233285345281
1485876738777567237
1485875016365654017
1485870876080107522
1485867825927692290
1485866286454554624
1485857777369194497
1485855753642598401
1485845653670752260
1485844786934423552
1485834910338269185
1485833218108817408
1485831532476518403
1485830858384855042
1485830095294115840
1485824899352510466
1486187173997125638
1486185835976597504
1486183496075083778
1486178519424323587
1486175812759945219
1486158933245186052
1486155064213647362
1486151957324906497
1486150330580881410
1486137893366435842
1486137573752045568
1486136877145014273
1486122911031525378
1485999368079831043
1485970116181643264
1485961023626842113
1485951328946094082
1485925199359127554
1485919744389971972
1485911215235014665
1485903001730838533
1485900425585131520
1485896405134852100
1485889354174447616
1485889130479616009
1485879432804192256
1485876068255170567
1485871409968840705
1485870523200733185
1485870453361373187
1485864943216107525
1485863816290500615
1485858784979611652
1485856992883515392
1485840283866890240
1485840251646259204
1486064788581261313
1486061463366410240
1485926772369948672
1485874966646370304
1486166491930443780
1486159676941430785
1486135905190817793
1486128257317883904
1486018295728082947
1485995508909080577
1485983216712708102
1485976377669177347
1485971297570271236
1485955292139778051
1485950634281308164
1485924615251988480
1485907446959054854
1485907005089157122
1485896472029663232
1485891906647244802
1485888289508933635
1485885247678214147
1485882353268707336
1485863534898544640
1485858375917522944
1485847761631444994
1485841404438147075
1485840175309668355
1485837255017177089
1485836939517657090
1485829712010448899
1485827005916782595
1486186998486675459
1486186701324439561
1486182099870797826
1486180482178252801
1486177924848185344
1486175268465418240
1486174457312210946
1486172721180332034
1486172273744973827
1486171224309133312
1486170607813537792
1486170559813910537
1486169362742779906
1486165196515459073
1486164175798030336
1486163586070511616
1486161940858785792
1486159699502411778
1486156229315801095
1486152103160877058
1486145676509839360
1486143213295775744
1486139532848562181
1486133607668531201
1486131789114769408
1486130202975813635
1486128388058513411
1486122952722886656
1486118722893156352
1486111774000701448
1486107037281193984
1486107029492346880
1486105365540663298
1486102940649943041
1486097278503100418
1486082240727891968
1486041974931345408
1486017139794649089
1486015694118727680
1486015692055138311
1486015573796745218
1486009987902349313
1486009161595101189
1485999143286091777
1485991750309412865
1485982664499023873
1485982244586270723
1485982242027745284
1485981674370658309
1485975750574362629
1485974864121204740
1485970890542424066
1485963801287864330
1485962430815809544
1485962354626293760
1485961839507050501
1485961814764843010
1485959651258560512
1485959074777006083
1485958451486691330
1485955011133644800
1485954529585950721
1485952074185854978
1485945782159409154
1485944722887946247
1485943991694946311
1485943460712660993
1485941771225878533
1485940020691480576
1485936718511747072
1485933105026600962
1485932228828090369
1485930568894533634
1485930236210720768
1485929044688670733
1485925487893692416
1485920203624292352
1485919871842267136
1485915403943559174
1485909929613742082
1485909709593133056
1485906496840155138
1485904450405670919
1485895917987569666
1485892145563451393
1485892142426095618
1485892138605092867
1485891846391967746
1485889476090273792
1485887223652556800
1485886579839496199
1485885188563681280
1485884876482318337
1485882107486695427
1485877770786062338
1485876705277640708
1485876216595107840
1485876080808701956
1485875627865829377
1485872844236275713
1485872175542583299
1485862811976667144
1485854168611196929
1485847541526953985
1485843361428869120
1485842577912139778
1485836931376517120
1485836419193253890
1485833050319900673
1485832532847652864
1485832326735351810
1485831876313231362
1485827638715629570
1485826735459684353
1485965729497513984
1486187051603357696
1486186263481040896
1486185606552354817
1486184606860980229
1486184300085407744
1486180818209079298
1486180488582942726
1486179726066520064
1486179318229499904
1486179265557438464
1486178185272520714
1486177943806427138
1486177838822612995
1486176083128958978
1486175695772749824
1486174277351374848
1486172194875244552
1486170983958724609
1486170516805529601
1486169991774883842
1486169683728678912
1486168362325786624
1486168264279728133
1486168048692506627
1486167786691137536
1486167433522323461
1486166510733529089
1486166232193990665
1486165465106104321
1486165130442203139
1486165115850600452
1486164382111645696
1486163320675893249
1486162822489075713
1486162513192701952
1486161249004318721
1486157143674093568
1486156521809801216
1486156368638013441
1486155827736367105
1486155825559502848
1486155621384978435
1486155047486763008
1486154079265247233
1486152293246734337
1486151726709481477
1486148412227846145
1486148047587655682
1486147753537581056
1486147334174306305
1486146801409601537
1486146291415793664
1486145462390632448
1486145257029144584
1486145120059932675
1486140328948420608
1486140182395236354
1486135594334167041
1486135162367012866
1486134753170685953
1486133751981965314
1486132030685708288
1486126782147612672
1486122050288820225
1486120844934152192
1486120203759284224
1486114304244195329
1486112186040983553
1486111292155117571
1486098768517025795
1486094681343954946
1486089509335101442
1486046744744173571
1486045730360160256
1486039555036049408
1486038241249992704
1486026677813919744
1486025149514403840
1486022642427908096
1486021125436211200
1486020131222601728
1486009631176806400
1486001449196990468
1486001061190303748
1485999680173768704
1485998858924871680
1485998742243540994
1485998050741219328
1485997885439508481
1485994103427198978
1485993585367732225
1485992764315955201
1485991332938383363
1485991140856066052
1485989108946436106
1485985512511119365
1485984587646119940
1485984389595303945
1485984352635080706
1485983603129741312
1485978476218040329
1485974260891865091
1485973626243661841
1485971977433415685
1485971423286169601
1485970356565336074
1485969199822680076
1485968546056540162
1485965571808464900
1485964190430887938
1485963723013758978
1485962774195089408
1485961087128260615
1485959292637577221
1485959268839100418
1485959242377220098
1485957769597714432
1485957715168219138
1485957289446354958
1485955500437282817
1485954793688682498
1485954614352814083
1485954036054790146
1485951505635373057
1485949896507084800
1486181169171660800
1486181131011895296
1486180609173061634
1486176259587854345
1486176082596282368
1486175213511659522
1486173982512775169
1486173679151386630
1486173659165491204
1486173547844177920
1486173100060581890
1486172711726743552
1486172312810360834
1486172150755360770
1486169285101690886
1486169003437752321
1486169001269301255
1486167008475762688
1486166557915238402
1486166450142609409
1486165451529158656
1486165399276486660
1486164131644600320
1486160646035374082
1486160185630814209
1486159558565568516
1486159313689522178
1486158281509056514
1486157381998645252
1486157294522224641
1486157216831143938
1486156396551106560
1486156388300894208
1486156237158948870
1486155907935666177
1486154286824587264
1486154231132585984
1486154140619522051
1486154054489493504
1486153163598139399
1486153013681168385
1486152946044010496
1486152421826990085
1486151304858976256
1486147035103645699
1486145614165561344
1486144132871766020
1486143667652153347
1486142119534235649
1486138107401732096
1486135904762793994
1486135371830288390
1486134291679649795
1486133639150968834
1486133054745677826
1486132119349100547
1486131791606194179
1486130562100531201
1486130430428729344
1486130053335629824
1486129840587960320
1486129573695987712
1486127332511580163
1486112666019975168
1486105687600279552
1486104311163928578
1486033279279337474
1486021309104816128
1486009988250501124
1486005811667423239
1486003579756609538
1485999928954753026
1485999323280457736
1485998579152191497
1485997273385512967
1485987255361884162
1485986758479478786
1485986153493073922
1485984666545176577
1485984661566558215
1485983580094226432
1485983576160358403
1485982650162565120
1485979553730220032
1485976862971293700
1485976523350097923
1485972987262103553
1485971395331129344
1485967256056373249
1485965571300917255
1485963370570592261
1485962789122621443
1485960660852744196
1485960648173314056
1485959322282893313
1485958333131784193
1485958247614119936
1485955398087868420
1485953275178455041
1485949613584809985
1485948719967387656
1485946417776836614
1485946289389203460
1485945551493513217
1485942603015405568
1485941140482592772
1485940534787321857
1485940512246829060
1485940354532921348
1485939417886105608
1485937410403811333
1485936081195667457
1485935346026266624
1485935266762137604
1486173192100388868
1486172327033585664
1486165449767550976
1486162098539601920
1486161505532116992
1486158447104389121
1486153700867715072
1486153302291390464
1486143339460448258
1486121395889532930
1486101407594086400
1486038927618486275
1486034526489157632
1486015581082259456
1486002204930879488
1485996724544245760
1485993774434385921
1485990744188133377
1485984684010250246
1485978199158710274
1485976124534321152
1485971987860430848
1485971886916116480
1485968162403545088
1485961305505026048
1485956572270702592
1485950183049670665
1485949898470338567
1485949525701570565
1485945882839240711
1485941395244617732
1485936029475688453
1485933101314633739
1485931532745584644
1485931200116330501
1485927380598558720
1485927178630234112
1485920404057518081
1485903370577915908
1485896689668210692
1485892909253955585
1485892665556480003
1485873932435886080
1485870707292925952
1485869490412093441
1485864037896552448
1485858062435241987
1485847125531537411
1485846344321609736
1485843950628122625
1485841206651551745
1485840689615482887
1485837389520306178
1485837375192600577
1485836279111884800
1485833175020765184
1485831657114718208
1485830974755995649
1486159980244140032
1486155544448880641
1486153727950323714
1486007684130570247
1486001309623160835
1485995716208390144
1485951286000652288
1485949591841554438
1485941554825285637
1485919121296564226
1485916733940862979
1485913755632672770
1485906636246233093
1485886281099866112
1485882525239353346
1485880908670730243
1485873823442673669
1485873248026132480
1485863052113489920
1485855035020148737
1485852392596058114
1485851604444143616
1485850244797841414
1485849295953993729
1485846954332798978
1485843524751077376
1485941915355062272
1485924694411051008
1485887225669816322
1486138954907004934
1486014773271867393
1485839492997337088
1486137112479301639
1486165181332082688
1486160723017633792
1486150116004474880
1486146154295607297
1486135104628228102
1486121545953075208
1486021016774414336
1486013174616711172
1485972549926535172
1485964618166321153
1485961591770447873
1485891607056777221
1485890899511242753
1485875993068064769
1486166026459172864
1486179703291809792
1486175839092109314
1486172052436529155
1486157333809926145
1486143465973219333
1486138117325492224
1486135898064535556
1486134907827265536
1486130199943323648
1486120163498143746
1486119267317993472
1486005149730742274
1485999357300449281
1485989037836234753
1485981548910239748
1485971487429324801
1485970741480673280
1485957994873749510
1485954778312187911
1485951050934743045
1485950090153893893
1485939866458533888
1485934771545198599
1485933522619879430
1485931191970975748
1485915411564670976
1485914130058190850
1485884289900486659
1485883248366747655
1485880136675512324
1486019594385264642
1485996663001214976
1485962109406134275
1485978918494806024
1485978189512196099
1485977142571974656
1485975621046272003
1485945154083377162
1485977994699374592
1485958769875951617
1485914338628366337
1485895489078063104
1485855362213646343
1486000210635632654
1485999681796993027
1485878814211461121
1486154466315608064
1485872398092374020
1486022836510953472
1485971693680361475
1485853383886249985
1485916153415598083
1485874812233068544
1486175793902682113
1486144694514241537
1486177237011693569
1486172459137400835
1486168486644973571
1486144465022914560
1486131704150769665
1486128474419232769
1486123786567286785
1486123139881123840
1486031499837476864
1485988455310323715
1485972253968039937
1485971315945521156
1485954198638567425
1485900410670190593
1485880978774102017
1486178791294894084
1486016989479018496
1485995974774636554
1485967942005059584
1486135020326735873
1486063846305705985
1485858783633248258
1486130344432599042
1486084421597990915
1486084254584950794
1486117464874577920
1486029855389286400
1485833127390244864
1486064841505009664
1485990786638487562
1485981720478650374
1485966477899747328
1485963324483588100
1485938776375709697
1485904253395046400
1486008778923610117
1485950588970049545
1485949437310795778
1485916900475686918
1485878797224517637
1485874709338419204
1485864825393934337
1485909253139615747
1485860736496959495
1486167469975011329
1486172036729032706
1485964033522024456
1485911054110818309
1485887246326964224
1485886021929938948
1485885540235104258
1486185964368109574
1486134830966673414
1485974896073068547
1485951020366962688
1485890228913340416
1485930128651612162
1485916773883199492
1485916766249570306
1485916752425136132
1485916749333934082
1485911977100996616
1485911133974560772
1485909710348111874
1485886391972409346
1486193830689112067
1485926652433829937
1485899182607335425
1485999953575288841
1485908711088730116
1486185383688032258
1485971638172909571
1485870050183581697
1486099489576263684
1486091772711567360
1486090945171177472
1485861584274857986
1486151452385226752
1486118320424493057
1486061096989765635
1485997315471331329
1485971005051146242
1485970149199200256
1485967408489963523
1485872695841816576
1485870984817410054
1486157245755043842
1486156939608215554
1486103975900626944
1486102624042885121
1486015481962459137
1485997414838595588
1485997302448013315
1485972783045963777
1485971400217489416
1485968211149737987
1485960650916573187
1485913111198863362
1485875627588988928
1485861428875886596
1485849978023346177
1485842467471884289
1486193783968776192
1486152198883266560
1486146659554041856
1486006850361630722
1485963554226581505
1485866325956493312
1485832944501596162
1486106142241849345
1486020535478022144
1485972134807896064
1485962045266661377
1485958627337056259
1485942625492299776
1485968645067272192
1486096763266256904
1485975971924570114
1485966218935017473
1486177991017517066
1486140095128535044
1486131202604277760
1485886573287809025
1485859847157747713
1485837182422364161
1486171047573753856
1486167457966718978
1486152192231079938
1486144522908467200
1486005353620058112
1486004634267557891
1486001486090113028
1486001418112999424
1485984259286642688
1485984085726367746
1485981673955405827
1485978506542874624
1485970471116238856
1485959248790306832
1485929031665356804
1485928454868865025
1485914180209475585
1485884483299864576
1485881860052103168
1485848386998005760
1485845255589367809
1485836144961290240
1485968820653408256
1485890850966372361
1485876043093520387
1485975108355518470
1485834667924541442
1486192452994486277
1486166526872866816
1486123440134553600
1485889951938265088
1485889851027505152
1486167210825760770
1486166614114709507
1486166385495789569
1486166306215055360
1486123885305409537
1486123354478489600
1486122063811452929
1486121287437398017
1486120948910923776
1486033152355495936
1485890044942761984
1485843699078602754
1486047855194169346
1485910064372203522
1486185554299731969
1486172623445041157
1486142261994094592
1485960772228620288
1485931035439562754
1485900385814745088
1485840309397647368
1486159325014147074
1485970168182624256
1485916244146630658
1485860971445121025
1485852894985592833
1485853554464411649
1486024979821244416
1486024007258230787
1486186560194494465
1486183834949660672
1486165762335121409
1486141172431339525
1486068150886182921
1486024981637402624
1485977784900268033
1485931252528332806
1485913010627825671
1485886853249396740
1485880881336455170
1485854478930956289
1485837931902562306
1486194643675271168
1486177606991237121
1486164373303607298
1486130307434954752
1486128115009355776
1486128091059847170
1486099486862868480
1486075071433170944
1485986223189803011
1485941168575815685
1485907366642319363
1485883918503276545
1485883033450598407
1485866189654196224
1485593420085219334
1486158132837752832
1486038770625683456
1485900340797272065
1485858801115078657
1485838718275846152
1485955094474784768
1486151734003396613
1485986821809278983
1485882733666914306
1485985887821643776
1485954919987560449
1485893849272942596
1486187294902321163
1485994348148031493
1485871779243773957
1486183856562929664
1486151327621480448
1485948532897234944
1485887996247547904
1486027700116811776
1485939028965072896
1485932133013397504
1485948089706115076
1486154831178137602
1486147798022373378
1485976533978468353
1485975374182088704
1485898381562105857
1486196620316524544
1486189004894904321
1486164866520215553
1486119725956542467
1485985872268992513
1486132102114705410
1485933492047585282
1485880357090373634
1486152995314487297
1486133929291956224
1486010821126025218
1485985249121419265
1485982854924627971
1486201626021236736
1486191574019362816
1486183144672104451
1486161025003311104
1486158814391201795
1486150086099111936
1486144436669403137
1486131778301870081
1486097238250385409
1486033375551172612
1485964764291694594
1485946972481912834
1485946381252841473
1485945204452773890
1485914492529954823
1485864291924574208
1485859764349566981
1485850305611055105
1486032961933766657
1486004292524077064
1485962823746592769
1485961148600287235
1485953197063946249
1485951879284924418
1485928856553127937
1485928235443830785
1485887701811621890
1486184327088320517
1486169181880209408
1486169179795640321
1485875888164343814
1486035223666388993
1485870480980852738
1486193578183643142
1486188773776171011
1486180432295378950
1486179585729626118
1486169622327947264
1486152227970744322
1486106732548214784
1485970802835001344
1485959399344853002
1485945519705051137
1485933973775974408
1485868580420075521
1486199806939004929
1486193461393240081
1486157245021040640
1486039730110312451
1485921802916302850
1485904362686021635
1485890906012413952
1485884310217687043
1485870450442108928
1485851766663303174
1485849198297759745
1486167079221096449
1485967143489667080
1485906062578688001
1485889352861646848
1485874954382245888
1485850189814730752
1486178698089099270
1486125221652631552
1485945076937539588
1485878710305710087
1486098100066603008
1486060958145724416
1486029191908708352
1486001040290103297
1485979737373941761
1485938468307890177
1486201156045258756
1486199730854309889
1486198231994613762
1486197524042248194
1486192017277620225
1486191464631906310
1486191461196779520
1486191019029045253
1486190484406288387
1486185683396210688
1486185148651507712
1486185118095974402
1486178979535278086
1486172016487329793
1486169168760414211
1486163755801415687
1486163731411501058
1486163388342620163
1486163259791409152
1486162321601089536
1486158631557275649
1486152368211521536
1486141608353738752
1486136534566768646
1486133058692546560
1486132537663508480
1486130203298779137
1486051029196369920
1486017557517967360
1486002258525700096
1486000913324331010
1485994962378715140
1485992148097208325
1485983449232318466
1485982379613487110
1485974780717465603
1485950260791119876
1485933519419617280
1485914917505212417
1485873929726365699
1485863855993810947
1486182745051377665
1486182574037016576
1486157057032331270
1486138668989693952
1486136794223878153
1486132094862434312
1486128171963797504
1486120607146442753
1486023975100895233
1485993486671572992
1485989586207936515
1485986696420544513
1485959678794567683
1485947416860049409
1485926822978396160
1485908797227171840
1485908318006611969
1485869296165470208
1485866861665619969
1485853896111460357
1486193520432279556
1486137757387096064
1486117739617914881
1486014912262709249
1486004616450166784
1485980756178776067
1485952412699721730
1485944860574359555
1485906977599651843
1485868395627421698
1485867247826792448
1485932121470685193
1485925342510723082
1485920468586872837
1485900463308701701
1485848154444820487
1486146138537623552
1486133366454104064
1485981376172425216
1485866387549880320
1485863686711681026
1485876970793705473
1485902796482564102
1485902794645467136
1485902792326017028
1485954051980562433
1486194569733619715
1486135771321233409
1486076391808704512
1485984237400788994
1485894441194123266
1485893589138042880
1485892840396050432
1485854157752127488
1485851429172486145
1485927471703019523
1485926457495138304
1485925940131938304
1486143817728339976
