1487636503157424129
1487621800288833542
1487621255075627008
1487620512276955137
1487591400136921088
1487580600051642369
1487580389631799302
1487527022922711041
1487483463309881344
1487483428563914752
1487464542645137410
1487464086908583946
1487459437983899650
1487453583599874048
1487450534319919110
1487429903226408960
1487404706423255041
1487397869242167296
1487395786422091777
1487392438800973826
1487362717375934464
1487352511694778369
1487351749253877761
1487342346270228481
1487342110013460482
1487338335580401668
1487333432946429956
1487320535306731520
1487317762003566594
1487311870470266883
1487309172320321537
1487302247499251712
1487295592887767041
1487294246746935296
1487288873013366785
1487275330599596034
1487274634877681664
1487635230844661760
1487631998927527939
1487631991193288708
1487627751796396037
1487622149833732097
1487618901399969796
1487613806591512577
1487595449448284161
1487587887667425286
1487587720046481409
1487565511349047300
1487474758904020992
1487460707704926209
1487458337717653505
1487449504081141762
1487435586927755267
1487431148321980420
1487420915357224960
1487419370339188740
1487419145490952195
1487417257324331009
1487407693975351296
1487397883502817281
1487391021202034689
1487387177218576389
1487386602129489920
1487379517194870784
1487379180937523200
1487375387697029125
1487370513865326594
1487368779428364290
1487367414547464196
1487364312385482753
1487358850994872320
1487345649742118914
1487337185192071171
1487336469585068035
1487316649967767554
1487314558549397508
1487312161999241216
1487298715341582336
1487293379675570176
1487282766286704641
1487281051324264448
1487626585746587648
1487607308985450496
1487601778137116674
1487595526719946753
1487585669367345152
1487576722862395392
1487481375150473216
1487467776789073921
1487450690759065600
1487433805602631682
1487422196645384203
1487420113456271360
1487417165360037890
1487409207523483652
1487400845256069120
1487394120285175808
1487390969901481989
1487379671742554117
1487370552570351619
1487364612890656773
1487356696708419585
1487355726414577664
1487353743108902916
1487341947786530816
1487337224589185027
1487336751706550277
1487335169627664387
1487324784627445760
1487317113161531397
1487305614321598469
1487300290109788161
1487296790496165888
1487296663760687104
1487295550005276672
1487293694898503680
1487290767966371841
1487286599008555008
1487276033200259081
1487619513646415876
1487611250670333953
1487553413499875329
1487406864736595969
1487394038613381121
1487367994003320834
1487364055853842436
1487337199008120835
1487330658875691008
1487324927309287428
1487319407189987328
1487274755426160647
1487630228868382723
1487627108688007168
1487625391422713856
1487611522964725760
1487610264912465922
1487608877495447552
1487603328284786689
1487595165497892865
1487589853206233088
1487582596045602817
1487578154097348608
1487526322809163777
1487475746960379906
1487460154463326208
1487440728766631939
1487429099727781895
1487412666503024640
1487408912697417729
1487395097532502017
1487383772576112644
1487381063563284481
1487379589546471429
1487371154557845504
1487344765439909889
1487341472223531013
1487341399464943619
1487339795890438146
1487333103261544450
1487316902707961862
1487312697595101185
1487635914688176130
1487634069735510016
1487625043911884806
1487624878022791171
1487621327096016897
1487620797468332036
1487620088656138244
1487619537633943558
1487618457906548743
1487616955079004162
1487613183837675522
1487613178276028416
1487612252614062085
1487611667290914816
1487608656736980993
1487608603184103425
1487605628889546752
1487605233098592256
1487600515345432578
1487598250891055105
1487596846646439936
1487593152802267143
1487591016018235392
1487590653408477184
1487588193926934531
1487585800997175296
1487585755967160321
1487581324009369602
1487580639993888771
1487580307901812738
1487579984260591618
1487576292971233284
1487573617689133057
1487572233874976771
1487571915183374336
1487566924200304640
1487554171641364480
1487554105136410625
1487553669503586308
1487547499053142016
1487528161629782016
1487509450760105990
1487478344145076226
1487470962010320901
1487467769721282567
1487456423596675074
1487449718204502019
1487444452973154317
1487443336340197377
1487442983377305608
1487441493686390785
1487440303238037511
1487439897635917830
1487439000579506176
1487437653184495616
1487435710017982466
1487432215223214083
1487432140145164291
1487429908796100611
1487428752015462401
1487428565494685697
1487423310954598403
1487423090594222080
1487421746038796291
1487418598352048132
1487415875166638083
1487411789189251074
1487410223966941184
1487409199755972614
1487408376820625408
1487406729310576643
1487403171655815168
1487398278564282370
1487386203033071617
1487378709514702854
1487378285969375237
1487372467513577475
1487369931075297287
1487364684533563394
1487364526462812162
1487364233926901762
1487364187940855808
1487364135897931777
1487363843932430336
1487363786142982146
1487363480554332160
1487363381996965888
1487362872623517696
1487362793024389120
1487359957896859651
1487358259669659648
1487355734354718720
1487355240068235265
1487352477296910336
1487350852818190338
1487350125655588868
1487344170436300800
1487341377679597571
1487337496543662080
1487337192930222082
1487333249122967557
1487320919366598656
1487319440072982528
1487316766397440000
1487314986775244800
1487314102120697856
1487313362140729346
1487311837985083392
1487308555359485953
1487308137095102464
1487307016548794371
1487306789679165442
1487306723995967488
1487302781895651329
1487301373473751041
1487301131843747844
1487300054927159296
1487299117017886721
1487297845119967238
1487297465929777154
1487292347406635008
1487284711286206465
1487283942021472257
1487355601818583040
1487636261460639744
1487636247430713345
1487633916278489091
1487633385224695808
1487633057322782720
1487632287043026946
1487631846053531652
1487626872150274052
1487626455802601478
1487625466559483906
1487621819582484480
1487621756357869570
1487619617388261379
1487617731885101058
1487617512410087424
1487616641353539584
1487616203350708227
1487615654798639107
1487612890689708032
1487612715829178369
1487612101921316865
1487611965182980096
1487610902622851072
1487610628709974019
1487609592515534849
1487609530640855045
1487609097331838976
1487607350085095426
1487607234091974656
1487600983995973632
1487600933718863873
1487600454691213313
1487600442452234242
1487599850611154945
1487599121988931586
1487598223069888514
1487597763017719811
1487597575675215873
1487595848871546884
1487594947767586819
1487593250345127945
1487591777439662080
1487591550792384512
1487589485718433792
1487588896145698821
1487588844463865860
1487587710319542272
1487583792244355074
1487583702657892352
1487581267914735616
1487579150273888257
1487577512935043072
1487574916270493697
1487573949793767427
1487572387876859905
1487564652578209792
1487564101484093440
1487538529815056388
1487524782908538880
1487524099421519873
1487503879785037824
1487499130721034242
1487495214059376640
1487487431033368579
1487483956953948160
1487483747482349570
1487479547352137731
1487479329424814081
1487478087277154307
1487474612665720832
1487473595605401600
1487468101981462528
1487467787849449473
1487463230641299457
1487462086674612228
1487461625644793860
1487458049648328705
1487457115484540930
1487454786673061888
1487454552815443971
1487453627778486273
1487451805579882501
1487450225493295108
1487450076834594818
1487449112853110785
1487446872726061056
1487445932048527365
1487445761746878466
1487445755422179328
1487445525787992070
1487444858851962882
1487442711607009285
1487441163917225988
1487440570347757572
1487440435391856641
1487438807511486464
1487438365826101250
1487434109496750080
1487432608682180609
1487432524917665792
1487431500413161475
1487430232441495553
1487430217039683584
1487428964000104453
1487428534880866306
1487428376398733316
1487427827762749442
1487427658837561344
1487425394999717889
1487424921315979264
1487423889445507075
1487423806608404480
1487423636025708545
1487421918043328520
1487421099604262915
1487420705964654592
1487419862444277761
1487418592198938627
1487418347331457025
1487417749986951176
1487417662237904898
1487414581186084864
1487631873874358274
1487631864609517570
1487630916650422273
1487630758772867079
1487630570188259333
1487628264281878528
1487626615022518274
1487621624819900418
1487621252470636546
1487621145239388160
1487619673352916998
1487619585549291521
1487618726895620096
1487617827238400002
1487616980131721216
1487616324205350913
1487616107750084608
1487614031439413248
1487609415394279424
1487606590014656517
1487606373919563779
1487606314884816897
1487603368994680832
1487602779191328768
1487601561690054660
1487601171833393153
1487600865863438336
1487599144160346112
1487597918551166976
1487597161709993984
1487596208679895042
1487595224373235713
1487592983771824131
1487587780003651584
1487587609274507264
1487581461574160386
1487579485226426375
1487577720053972992
1487574429261778945
1487563801708879875
1487556276175663105
1487550209085227009
1487537053894074374
1487510658245701632
1487508088043233287
1487505017443860480
1487497964482621440
1487483460474535936
1487481898943139840
1487473909049876483
1487473162845843456
1487472646438932481
1487471904328138756
1487471209176793088
1487469558688788482
1487466431340253188
1487462448194277377
1487454756071096323
1487453815074746369
1487451904468606977
1487450057532391425
1487449212174286850
1487446434182012940
1487445549859188740
1487445477301882881
1487445249165508611
1487443334994219009
1487443069935190021
1487442586000248834
1487440274276384774
1487440112187109381
1487437597295054850
1487437099880292355
1487436328103194624
1487435655181647874
1487435244588646403
1487434353562980355
1487433601021091840
1487431292644126728
1487430542157303808
1487429151787470850
1487429147068891141
1487426468162719745
1487424513608282114
1487424224298168321
1487421473233174529
1487415077745545217
1487410999586324480
1487410588833632257
1487410424773767171
1487409992366174208
1487407907670949890
1487407232400584706
1487406569939947524
1487406475912056835
1487405423863169028
1487405163337830400
1487404393200816131
1487402647409741826
1487401836302995456
1487400437649190912
1487398754936188929
1487397841928855554
1487395110635585540
1487391838726094849
1487391622958817285
1487390170722848771
1487390063927377920
1487386852113805313
1487385621903523841
1487384552792223747
1487382214942031876
1487635212452663298
1487633822342852609
1487633053279129601
1487630061067186176
1487616501968355328
1487603742719737857
1487597847931330564
1487565648792150017
1487556147054018562
1487483914021388288
1487458829277163524
1487456709937614848
1487433989548052489
1487423863881609217
1487413833136173058
1487382566495993866
1487377905458237440
1487375392109658113
1487372221874323457
1487364950028861442
1487362715085459459
1487351217315790851
1487336878189649921
1487322710623809537
1487314844940259330
1487311390935162882
1487308731427684353
1487307629118750721
1487307132940984320
1487305782538674177
1487305413582200833
1487298800960282626
1487296827292807169
1487293131095609348
1487289154426007552
1487475494622674944
1487474639349555200
1487454127458172930
1487434060406624259
1487377279487733763
1487372568558706691
1487368674121977859
1487360402375966723
1487310071830777858
1487277779745841154
1487636814315675651
1487621600258269186
1487619024871571461
1487602097722105856
1487540979779645440
1487474823903473665
1487439274421407744
1487419517571862532
1487400841313394690
1487398354652782595
1487397391859068929
1487385937159995392
1487382988015149056
1487378707690192901
1487372197190533120
1487371736576573441
1487341457988009985
1487339732233187328
1487320468172328960
1487318471520100353
1487305649906020354
1487276671057100804
1487275136860712960
1487575052988338176
1487616647187689472
1487615077926969345
1487278319372365827
1487474240719028225
1487303345253453827
1487615935028789248
1487588686938054656
1487588013299634176
1487583637662953472
1487582127763775490
1487580274754199552
1487578405142863872
1487575765713502208
1487574064768364546
1487424230514118658
1487614243616993280
1487608800555450368
1487592413061287938
1487577519218106375
1487403928631218178
1487395207318769673
1487281447442726913
1487399141617455106
1487301611454369795
1487335214175367171
1487333770751778817
1487613544095154178
1487296021688303621
1487475904972738562
1487466399992004611
1487335840808587264
1487311418684702728
1487402658491416579
1487291667635838976
1487614345366630402
1487490247877222401
1487423263177203712
1487624130958860289
1487412333664432128
1487371771242491904
1487388479793545217
1487336015069343747
1487423315366989824
1487412074951364612
1487593596152729604
1487387810235822083
1484930355883016196
1487626952035139591
1487598317370445825
1487443140936364034
1487403409590218752
1487395372003905539
1487389709709889536
1487385764925415426
1487377936944545794
1487332084360560642
1487322738201350146
1487314164024365056
1487311783191019520
1487279668545740801
1487578780277227520
1487411662630318080
1487372484991016964
1487327142421884929
1487449682167365632
1487602481760587784
1487375820460941315
1487340154432159744
1487370468797878273
1487359155140644865
1487593536832749569
1487304035866923008
1487608613913100290
1487401647038894081
1487628311471685637
1487339726864809984
1487636604101427200
1487621310117462017
1487455243839295493
1487373407486296065
1487373400729288705
1487373390969143304
1487367312026251267
1487366242063110144
1487303852647133185
1487444332861091855
1487349798374096896
1487597721842118660
1487313583289827328
1487551949327433729
1487549575489486848
1487396002248081410
1487394453929095170
1487576238487076864
1487395281243361280
1487461990717358081
1487448344343760899
1487444340771209216
1487422768110993409
1487417451361206272
1487416720910270464
1487414033548394498
1487414028905619460
1487412872346935296
1487370923749494785
1487314706734153729
1487310096665235456
1487310051941314560
1487289400346042368
1487481781930819584
1487327724838424577
1487326048542883842
1487640663642763269
1487436623386079232
1487408723345965057
1487390499921031170
1487385028338225166
1487358875716448260
1487326383944908805
1487336185160732673
1487632295519748096
1487607924222734337
1487600725169373192
1487407095150682116
1487338905972224001
1487297628320649216
1487640036006719489
1487631032845500419
1487624367840579586
1487611830872641538
1487601716547977218
1487485152586387459
1487483429029842944
1487449945300819968
1487446302573350913
1487441678504181760
1487407891498024964
1487393369840300032
1487383720591908865
1487381185324281857
1487379268720279552
1487338284103892994
1487299625082306560
1487298500639752192
1487627649019088896
1487621982942228484
1487425686503505920
1487336177753632768
1487336169931214852
1487336168551292932
1487441673000931331
1487319473275416579
1487409111218405377
1487478408884154368
1487477873497706499
1487417293588119553
1487308881776693249
1487429785315786752
1487616860883648515
1487480543184777219
1487477773241257987
1487339946969268224
1487323606946172928
1487323437907464198
1487351262312296449
1487617262853173248
1487617168485527558
1487616955238719488
1487477194175938565
1487477052819517441
1487474955541704706
1487474914831761411
1487474412303511556
1487474255109394438
1487350928613441538
1487323816670167040
1487307918483472385
1487307790351622146
1487621675638476803
1487591527644004352
1487561306664144898
1487411945917796357
1487380134478761989
1487379781268107267
1487367421849587712
1487349907791151112
1487347081845293057
1487293251568558080
1487608848110080002
1487307210040352773
1487307208345866240
1487368309322379267
1487320249015750659
1487287991702028290
1487627229324627969
1487611901026906115
1487611814481645569
1487557643799433218
1487456817487646728
1487453013237465091
1487422152383279104
1487421050325401600
1487409392840753154
1487303135538593792
1487286049022029824
1487532151323172865
1487440494011596810
1487408557884841989
1487368632719929344
1487337948131508224
1487299219438587904
1487287159186812930
1487640550715305985
1487460128873869314
1487301884558061568
1487622109014953984
1487375674977689601
1487587009275121667
1487481671343816707
1487439870553636865
1487410968175198213
1487406844595535874
1487404179970662405
1487359908760674305
1487602836615487488
1487410761798676482
1487400884946739205
1487394161909440515
1487372551303012352
1487637163164729345
1487599487753527296
1487596212065038336
1487445995914817540
1487390090074914816
1487376798979543043
1487638268225019904
1487379264052031495
1487589054019665920
1487640085999022082
1487618903463260162
1487614070606151683
1487608472925401091
1487605035702063104
1487598221526458372
1487465043314675715
1487447813206454276
1487425183480619008
1487410000767029254
1487310307038883843
1487630044248027141
1487614146011041793
1487597212750147584
1487596697039425536
1487495901489041409
1487447132441223169
1487445891984556032
1487430969262891013
1487411886249299971
1487402369994268674
1487398821420474371
1487388070802456579
1487381199136096258
1487356455754006533
1487354100601655297
1487319220732198917
1487312540874919937
1487309422070157312
1487308478179774467
1487289233341485057
1487289030014210051
1487643632047837185
1487610338690633728
1487528182550990848
1487448519849877506
1487430196449853443
1487399354553946119
1487397846571978752
1487373443209531392
1487342804837670912
1487321102280163328
1487309791500193792
1487351478117289985
1487367911488438274
1487620810252886018
1487485533970255872
1487577773967560706
1487642674513416197
1487588306091413506
1487419001047511044
1487643673135583234
1487643231068520452
1487627589233438721
1487573242764472324
1487376078289387522
1487319264243875841
1487623828163657729
1487420580576231424
1487383675486412800
1487358341068177409
1487349183225151490
1487302747921989632
1487301217315622912
1487297741957263366
1487592572449333248
1487412873102258182
1487341947475963910
1487641026059968512
1487635516048953344
1487633761236062210
1487619015682195458
1487607234896928769
1487606554509864960
1487603411122278400
1487593624107769858
1487593072460713988
1487587908940812289
1487587632724922376
1487586853687816192
1487460324349726721
1487459763713556483
1487436245617627143
1487435312057884674
1487434483687047170
1487431476220030978
1487421400340377601
1487416812392353795
1487398897907802114
1487379966396284934
1487364939660414977
1487319844836233221
1487305659695521792
1487284300915429377
1487641911414321152
1487635519441813513
1487629758628511750
1487624167759675392
1487619051212124163
1487617103129677834
1487616503583166467
1487594878737731586
1487588525809668096
1487587131912441857
1487584467237883906
1487574637769031683
1487487617411457028
1487478006319058944
1487455616763195395
1487454444199759877
1487444275793362946
1487442482556125184
1487434350195253253
1487433902574960643
1487429109282373636
1487414825588178944
1487414806902542336
1487410218548232195
1487410094820126720
1487408151603265536
1487396289750843396
1487393192198942721
1487393113437978630
1487386476656885760
1487379862511710208
1487379759273512962
1487367443056152578
1487357397936996352
1487356587631345671
1487343936847114241
1487342760042852353
1487337207803576321
1487336915846438912
1487333796076740608
1487329961732096001
1487318424187408384
1487314238633025536
1487314054767329280
1487312084501434368
1487307323546943491
1487300065140310018
1487631813082181636
1487621989367836673
1487621987295895554
1487579962857377794
1487575060424835072
1487562756651827201
1487496840719306762
1487467980732522499
1487413324190945281
1487406773048733697
1487393656210268163
1487393353318604800
1487380910861213700
1487370722162843657
1487315627048153090
1487287583453315075
1487477881764659200
1487449220869390340
1487430084034285572
1487414820328833025
1487399072483131392
1487307798430220288
1487291649785229313
1487628827077406724
1487493212671741953
1487413462041239558
1487343796937695236
1487310838663122944
1487308683340316672
1487304185317974022
1487307354781601792
1487326652514267136
1487401718275252225
1487629013195452416
1487633561024827392
1487302792218017796
