1480746951482097670
1480746681570238466
1480745661632954368
1480743331223117825
1480742520279601153
1480741676335661062
1480739787623440387
1480737511001374725
1480736520692768769
1480728236363431937
1480725598137819137
1480724895386402821
1480724296091668491
1480723907179003909
1480723449060347906
1480723402386116611
1480720057961304064
1480719373765529601
1480719251707023360
1480710717955207168
1480707074988253185
1480706024680177664
1480699884948766720
1480696469841580033
1480693518402146304
1480692917106733056
1480688955674664962
1480650175328620545
1480597428696879105
1480576867996344322
1480573429447233539
1480570369270431744
1480564022990696455
1480562842067603460
1480562195410743297
1480560426978975753
1480559925222772737
1480559492588720128
1480556662427566082
1480554317199253510
1480550687800905732
1480547410036232192
1480546058417500164
1480545146038939649
1480544037224345603
1480541230278725635
1480540961599983617
1480540826321125377
1480540587635855364
1480538774090047489
1480537571352477698
1480534909928173568
1480534150398439426
1480533871015829505
1480532346499743753
1480526379921797124
1480524385039441920
1480523554458202113
1480522985031143424
1480517576245800961
1480517379402592257
1480516331006926850
1480511491572785153
1480511251306274816
1480511005981507585
1480509412355756032
1480508142177775617
1480507763499626500
1480505532074971137
1480505184950181890
1480504806578204672
1480504012210425856
1480502816925839360
1480502479015985153
1480502421335932928
1480499245983490049
1480498650740506626
1480496735365447683
1480495505641652225
1480491883054854145
1480489420776108034
1480489207453806596
1480484539218608129
1480484012758286336
1480479169267916801
1480479054520143873
1480471993619300354
1480471022180569090
1480471020259528704
1480471014538575872
1480469579868508160
1480468203843117056
1480466436376064001
1480459416486903809
1480448689378267142
1480445692422225923
1480444423175430146
1480439285316665344
1480438655114039302
1480435748880850944
1480435722406428676
1480433545877221379
1480432611939942402
1480431844617162753
1480431420824641536
1480430310164623360
1480429871645945863
1480429652065734656
1480429334523301892
1480429111310909442
1480428404637769728
1480426833979985920
1480423853511745538
1480420539667599361
1480419517150814214
1480419130431836161
1480417747410448388
1480415782316109826
1480415525716914180
1480415213320957960
1480414813264048131
1480412134492151810
1480408112527908864
1480406633217810432
1480399162357084160
1480397775552466946
1480396838628773892
1480395732414713861
1480395182130401280
1480751343061147650
1480751331425996801
1480747674617982977
1480745990181187587
1480745731870789632
1480737190921453569
1480736777081999363
1480733302692585472
1480731551214276615
1480731547225317377
1480731539398963200
1480731197340729346
1480730369620312064
1480729583980666882
1480728828985024512
1480728786769354756
1480728784588337157
1480726755073617926
1480722527085215744
1480722175866802178
1480722167813734401
1480719200100356099
1480713671126839296
1480697386347294723
1480696371405418496
1480695723532316673
1480695673599057926
1480693392849911810
1480692126467837956
1480690069157466113
1480688309558857728
1480684878421061634
1480684766122762242
1480684763715301381
1480684340765880322
1480681124561145860
1480672409959247874
1480672383266848773
1480656674218205189
1480655832127791111
1480596204916408324
1480596198880776196
1480579851387953152
1480561135451443201
1480558611906523138
1480551680664125445
1480550798291443713
1480534231407230977
1480525001883205635
1480524834140344321
1480517051085049858
1480515439822184448
1480506986676383747
1480503914315223040
1480503911798562817
1480503898150367233
1480503783029235712
1480501040621363202
1480500966839357440
1480497413538258945
1480482100528566273
1480476755446034433
1480474645136494594
1480470522655764480
1480470256065781763
1480464886329053184
1480464779252678661
1480461588343574528
1480458413293203457
1480457736479395844
1480451292837257217
1480450343230083078
1480449896238829573
1480449056103145474
1480442783798235136
1480434678251520005
1480425123718971392
1480417206030594049
1480416236446044161
1480403699654553602
1480401650980319235
1480398232135950337
1480395052014735365
1480736471761833990
1480711997037559808
1480480096800677888
1480475584480174080
1480470803783176194
1480458412538294274
1480450612194017281
1480748626712301570
1480744909229285378
1480742608947204097
1480740766485925889
1480737307506327553
1480737215269326853
1480736542553378816
1480736232808267780
1480736232376311810
1480731181326864390
1480727462484996101
1480721239832363011
1480717515789455361
1480714524281884675
1480713062327861248
1480704403942219776
1480699043680768001
1480691439218708486
1480677565966667777
1480569813994852355
1480565081653989378
1480554258055323651
1480546751320760324
1480546346108997632
1480538679529459713
1480538201504698368
1480532560354557954
1480509805944979457
1480482500539420674
1480480696304947200
1480477537121693700
1480477353633787911
1480476443012308992
1480475345077735425
1480471790128406528
1480469638420910081
1480469058004815872
1480468526393528323
1480460304186183682
1480460008722612226
1480458859055489026
1480457822173237251
1480456738981646337
1480455087461781504
1480445067634491393
1480438915022540806
1480437771844358146
1480427252638642179
1480424933733793793
1480422241410052098
1480419140011585537
1480409235322114049
1480406447640891395
1480394670366609415
1480704773464621059
1480464472141488130
1480444266568577025
1480747742741680131
1480745781971673088
1480742943669452802
1480739493497892866
1480738671510757380
1480732445259571201
1480730329123987459
1480728596700274696
1480725034574368772
1480724340505464833
1480724331462156288
1480722445489164289
1480722157281767428
1480721851265400832
1480718616173498375
1480711406970449924
1480709795766276096
1480684176357478401
1480683967204315139
1480681633216794625
1480677815058337792
1480676094399287297
1480571167710715907
1480566976678449156
1480549979731021826
1480543915111432192
1480543904994783233
1480542870645866496
1480540003176370177
1480539939129360386
1480532500917022721
1480525842346250240
1480517458192601089
1480510662119886851
1480492696615591939
1480489545455964161
1480489186557935621
1480486847432179713
1480486841212018691
1480486741685334020
1480482608848850946
1480481179333660679
1480481114611503104
1480479600123822086
1480479531341266945
1480478467338682378
1480466877025452034
1480466485499760642
1480465843469185025
1480465589772509191
1480465022312595461
1480462842461523970
1480462284791054339
1480457482963087360
1480455008113938433
1480452154888388608
1480448654800343040
1480447999461322755
1480443441003696128
1480443439485390848
1480442417417314305
1480442316951154688
1480439543903834114
1480438905828642818
1480438900954832897
1480438120856244227
1480437380410531840
1480436510906220547
1480423879419916289
1480421475710472193
1480421313286062080
1480419744662507524
1480406412777824257
1480405592954966021
1480402860152016898
1480401488732045313
1480398545580478464
1480751360488337408
1480744499869413379
1480744251684114435
1480742315694034946
1480740236019728387
1480739886491525121
1480738093112053762
1480737983040876546
1480735976376967171
1480734115125022724
1480732093105643521
1480731615005327362
1480730037233979393
1480729939242467332
1480727445254795268
1480725676994883584
1480723601019920385
1480723403149479938
1480722573478424577
1480722157525037058
1480720287888928769
1480719605395963904
1480719574408466434
1480718203139461124
1480716319469285381
1480715924172804097
1480715651010338818
1480712021226098688
1480710770694389761
1480702420124504068
1480702407491272705
1480702318953648129
1480699953404022788
1480699559441354752
1480697880734142465
1480697738899574785
1480696678353031172
1480696311036841986
1480696220754399232
1480696125296316419
1480684897907793920
1480682494999498752
1480679960712863746
1480677600238264320
1480676416261804032
1480673714945417217
1480669568586903552
1480661048130637824
1480658667225550848
1480638267418570753
1480614997138964484
1480614492509589504
1480614073171525632
1480601009999122433
1480596030924091398
1480595251597230080
1480585463685529601
1480583946400198656
1480583505377579009
1480578854854938625
1480577341835255808
1480571010206375942
1480570234318688256
1480568661530202115
1480564837868400641
1480563721910980608
1480562927333568514
1480561151092035584
1480559601602813957
1480557697242054657
1480556034343071750
1480553876965126146
1480553354686173184
1480550503637401601
1480549723689742336
1480549394189795328
1480548896807874560
1480548179992985601
1480548051240456192
1480547428734418946
1480545910450913280
1480545827076521985
1480544845185703940
1480543930726764549
1480543928122155008
1480543910116020227
1480543907666530306
1480543599884267521
1480542250027216898
1480541992790548480
1480540051217928192
1480538942432636928
1480537666592526339
1480537532202774529
1480536382397300736
1480536209797484546
1480534860003364870
1480534441239801856
1480533872223797250
1480532376878862337
1480529499062034434
1480528893949800450
1480526823603597318
1480524556695527425
1480524310343081985
1480522354853769220
1480522179384987649
1480522028478304258
1480521567381516290
1480518877079498752
1480518528486690816
1480517407667982336
1480517353481768967
1480516725120462851
1480515791199997954
1480515479072436226
1480514824748494848
1480512992303144962
1480512699578478594
1480512145070563329
1480511597311266819
1480511356059021318
1480511037371654144
1480510010958307336
1480509838115237892
1480509695492190208
1480508855436017665
1480508803653066753
1480741335590219779
1480716803407945729
1480706479095107584
1480541927577579521
1480432942547537920
1480424529977511939
1480751395552874496
1480751247120482304
1480750985005858818
1480749529712394240
1480748494268903431
1480747533227806723
1480747306471153669
1480747146164903940
1480746840647634947
1480746826521210882
1480746783617605635
1480746756065284098
1480745544452427779
1480745399396626433
1480745362855915520
1480744704379473923
1480744254607482884
1480743657724596225
1480743263438970881
1480742353207922689
1480741988689342468
1480741280409812994
1480741100159602690
1480741070623285250
1480740725230694401
1480740199294406657
1480740008445157387
1480739789351505923
1480739743117635587
1480739540218544133
1480739373603704833
1480739213725167617
1480735626970669058
1480735063645978625
1480735025091911681
1480734347829264385
1480734062092292098
1480729367131017219
1480729043263582208
1480728480962650115
1480727489484058625
1480726601985712128
1480726586311643137
1480725277143547909
1480724239812476930
1480723666031628288
1480723578223951875
1480723443406426115
1480723070352384000
1480722323233591296
1480719609590259712
1480718725921730563
1480718040325001218
1480716907208605696
1480716803898679298
1480716044633133056
1480712706202079233
1480708082191659008
1480706805214838784
1480705448361619459
1480705065442680836
1480704886073225216
1480704758545457156
1480703650578120708
1480700200578547713
1480698071759536128
1480695360276209665
1480693723314855938
1480685904683364352
1480685123246821377
1480682258264576002
1480681220614754304
1480679969617428480
1480667254358298626
1480660047768162306
1480646008950251520
1480633641906499585
1480594784246853632
1480593089475473408
1480583276825772033
1480574519546814467
1480571606057426945
1480570507573428225
1480566283355652096
1480563007071555584
1480558942182776835
1480556020946505729
1480554617666560003
1480552975735017472
1480552926724558848
1480546060980277249
1480545629537333256
1480544828324659201
1480544679556911105
1480544553543237633
1480541604888731652
1480541472533352451
1480540696914247681
1480537975725314050
1480537634996776965
1480534839623225345
1480533397164343302
1480532429160869890
1480530558631374848
1480530505648918530
1480529613969244161
1480527765367492609
1480523900828061697
1480520645913944069
1480520201967783937
1480518509759131648
1480517372200947717
1480515312260829184
1480513717741637632
1480512979653181442
1480512531617628161
1480510332401451008
1480506515433791489
1480751616420573186
1480751399566671874
1480751321519169536
1480751000919019525
1480747848144543744
1480746213934698496
1480745054398410752
1480744902161883136
1480744249511403526
1480742530006196228
1480740022022295555
1480739994742378496
1480739459972751362
1480738056483184642
1480735838904356865
1480735572503117824
1480733662739980288
1480733339854131202
1480733329922002946
1480733145838211073
1480732723400433664
1480732718019362820
1480731922670055427
1480730785275514881
1480730664982892549
1480728690615062529
1480728481332097027
1480727474413572096
1480727119009390600
1480726976365162496
1480725917747933190
1480725061384359936
1480724472319463426
1480722989632999428
1480722506139029505
1480722035735089155
1480722024041377795
1480721195666399237
1480720710402129920
1480719467587928067
1480719465725640704
1480719463892746244
1480719451460759556
1480719195704725507
1480717901053116416
1480717744399998977
1480717600615112710
1480717536823955466
1480716414398840834
1480715470374199298
1480714301606285313
1480714135885156353
1480713898344923136
1480713460832899072
1480713061098999811
1480710043066535937
1480709852842233856
1480709610726039556
1480709257288896519
1480707577944043527
1480707460293816321
1480707042344013825
1480706336010682368
1480702321537413122
1480702131355230209
1480700120366989313
1480699341278900226
1480698108770021376
1480697579935387648
1480696909153120260
1480695972711702529
1480692579293229056
1480689558761054209
1480685172198543360
1480684117863780352
1480675204120473600
1480673544455348225
1480665229910417408
1480646959753011208
1480645814582054912
1480641303289339904
1480628425001865217
1480620441861599232
1480600929258774533
1480598819721015296
1480598495367024641
1480595809666166784
1480589310839586816
1480582387163566081
1480577643099484160
1480577042538283008
1480576773184126986
1480571674797821958
1480567896954716160
1480566109669523458
1480563502863433733
1480558971903561729
1480558561881063424
1480558366715908104
1480556521763213316
1480553687294496768
1480553609414668291
1480549048599781379
1480749950669504513
1480749583470714882
1480748859357728770
1480746061899653122
1480740510184579074
1480724985559732224
1480718354088222721
1480714266894241793
1480710371035922434
1480709837185069058
1480702593168916480
1480698471590117378
1480696667498172417
1480683486373502977
1480670619209400320
1480586164843204608
1480580369569091584
1480579325439053827
1480569337329061888
1480556918934437891
1480556310743580673
1480554507469615105
1480540176967294981
1480529384637304835
1480527120765906945
1480524725184909312
1480520705313685509
1480520520135151618
1480518721655296002
1480516303819476992
1480510393319661577
1480510299186683904
1480509633387130880
1480504157068955649
1480499546182479873
1480498076963856388
1480493831988543488
1480493137529225216
1480492067461615619
1480491103061090306
1480479513813258241
1480477349984362496
1480476188501938177
1480471123800125440
1480463125652459524
1480462055484235776
1480460027798253568
1480457552999501826
1480456788277223434
1480452246370353159
1480451349720428544
1480449996424101890
1480444519732498432
1480442270012694530
1480442154153504768
1480440768686788608
1480438363526033409
1480432378858258433
1480424016594685953
1480418680697602057
1480415600899870722
1480411574900719621
1480411487126515716
1480411415982706688
1480411050973401090
1480401418699751425
1480399680475332610
1480398098467672066
1480394921622208514
1480394775786254336
1480394638510886913
1480394374353543169
1480749630388256769
1480747788602249217
1480741342271598593
1480727339445063681
1480717407903633409
1480712253124931584
1480709429305614338
1480706557704695814
1480555373257838593
1480543001483280384
1480541576132657153
1480527445388251140
1480519608398319618
1480490611417382912
1480488746353004544
1480479358447800320
1480461787895980033
1480458718361780224
1480457120109633536
1480451101023481857
1480445554580725760
1480412149176586243
1480408577521041408
1480405707014823938
1480733458724839424
1480718806234263552
1480501037530169344
1480721467776012290
1480679173756653568
1480573338678611969
1480558900545921025
1480557605885919237
1480543186246266882
1480522468804546564
1480502112580562946
1480494239708372992
1480492847832829952
1480473719952838657
1480457489321582592
1480454012700745728
1480452133052768259
1480442728454316033
1480414213382180864
1480737416520421378
1480734637265600515
1480731392992428032
1480730039800918017
1480719018914844674
1480716760068157441
1480716322950418433
1480716179710881796
1480713738302877702
1480711937788764162
1480707520230408194
1480697455259705344
1480692672402980866
1480686595757858817
1480684611684343808
1480600540371243008
1480600371936432129
1480575609306685443
1480572012594483204
1480570457145311239
1480536389993172996
1480534281512497164
1480529943960322051
1480525701010759681
1480524082139611141
1480521171044945920
1480513761970589698
1480500506116067329
1480497349809954817
1480495265173827587
1480485390876229633
1480484422927339526
1480478281870626817
1480469413816303616
1480468697974140928
1480467897042366464
1480467607568355333
1480465646794145794
1480464530345906177
1480456305533865990
1480441780331974657
1480439680487153666
1480437602440265728
1480425238596784128
1480406609385832451
1480399288131670017
1480114770665623554
1480745787831185410
1480737593524310018
1480734650599309312
1480733618980884480
1480730070272516096
1480720132418818049
1480719461833265152
1480715511927242752
1480715181479006212
1480712485569110016
1480692459113877507
1480690586424279041
1480690335487442945
1480688808928718851
1480593932639629313
1480579633481334785
1480563198709297155
1480552131421605889
1480551118111338496
1480542147807891458
1480540715188768770
1480538236472619010
1480538184589082624
1480533984106848259
1480531070349021184
1480530215889633290
1480528953412489216
1480523264585699330
1480520792727175171
1480520190714593282
1480517632759459841
1480517595392450561
1480515324764061701
1480510688615411716
1480509728363094023
1480508426358644736
1480507829626703873
1480507756901658625
1480499735362367488
1480498415104495617
1480498412042608641
1480498408385179651
1480497109535113218
1480494959480483840
1480494950907187201
1480492809111031811
1480492015125032961
1480488162233176064
1480484646047477762
1480484188713144323
1480483303337730053
1480482090537742336
1480481445604958213
1480479583291916289
1480479572139335685
1480468474006675457
1480466155995209730
1480465315922210817
1480462633811595265
1480461175955419136
1480456138738974722
1480455556418588674
1480452879508918274
1480450438461751297
1480449664952385536
1480449331140313088
1480445696838823937
1480445693403676672
1480445007819542529
1480437774612238338
1480432822087077889
1480430705557475329
1480430553891442689
1480428179303006210
1480426162799005698
1480424879115489281
1480424566727970817
1480423360907546624
1480419640949948416
1480419202389270528
1480415926629453824
1480410079983669248
1480409758922248196
1480405476349251586
1480400941148893188
1480398680125444097
1480396588518281219
1480529706952716289
1480445078988419073
1480445038358196224
1480727279600758786
1480537235699032066
1480533379854393345
1480492469535993857
1480409353228218371
1480727283727933440
1480450925026512900
1480436084580315139
1480754327861956609
1480484327280365572
1480565531174264835
1480519835129843712
1480681011767771136
1480523318163697664
1480450476520849408
1480416319904251908
1480752347097698305
1480621341875359754
1480558994645078017
1480484350642700288
1480399085777522691
1480726422528446478
1480688800384765953
1480552049649455105
1480528041495326723
1480500994689540097
1480420808543465475
1480405464730914818
1480437127649239040
1480710543740604418
1480692843689644034
1480675189713416198
1480587476804648963
1480551353495687169
1480547676269604864
1480480833718800386
1480475924881543169
1480475507623792640
1480473340200374273
1480470700972380160
1480446443693297664
1480443548403073026
1480424523233062914
1480586066276982784
1480559191454470146
1480527011227389955
1480524377196154880
1480524334485495808
1480504428641669125
1480494871458639874
1480482481094594561
1480456662888509446
1480702314939752451
1480659549405458432
1480545483743371271
1480499868292444163
1480467775575392258
1480440898626277378
1480550130629578753
1480481713423728640
1480741549218533380
1480550258308382723
1480482707880615936
1480454637614370816
1480584693242228741
1480508359132344321
1480469455251525632
1480425525399023616
1480441901622775809
1480421248576352263
1480723171883945986
1480719764892753922
1480552147599060993
1480513478016131072
1480438561149124611
1480530903432515584
1480523734922366976
1480492553908613123
1480451199023210498
1480701832875810816
1480549278183424000
1480542417744846851
1480507157523025921
1480506227218022400
1480502116045115393
1480467800183345152
1480462242143297540
1480413053099274242
1480710660405092353
1480750755225030658
1480725026290626563
1480493076992778245
1480415611939217409
1480672218686181380
1480556403899056128
1480548091224756224
1480545117291225090
1480539945156575232
1480493219783667714
1480435491006672899
1480411562040979459
1480699590806360065
1480533630925504513
1480449878027227136
1480758492986150913
1480556683474526208
1480481170403909633
1480462898002468864
1480458431991533568
1480429369000546304
1480425770379997184
1480724921990873088
1480723826782597125
1480621019157041155
1480515498928336896
1480441780386480132
1480430382721875973
1480422848879415297
1480411922449133573
1480739145626492928
1480723821984321537
1480683221993938946
1480678361491914756
1480541448386740232
1480496036632096769
1480492741914021890
1480492731570917376
1480492720976121859
1480469046239715328
1480449889100128258
1480419613296893954
1480411512816631809
1480404595318738946
1480404571054764034
1480404559642042368
1480654657601085449
1480433455137579011
1480405479687819264
1480537682518310915
1480484395018436614
1480456990119759872
1480723811595030529
1480702620968763398
1480522303444176898
1480734945316249602
1480704577968037893
1480697347055128576
1480695675847254017
1480561932570554369
1480530969257861122
1480494791569805315
1480402172110000129
1480531470892486656
1480678761959813120
1480411908263976960
1480742261113507843
1480499823673425922
1480727555485224961
1480682915562356737
1480665831956643841
1480661445008248832
1480546854395801600
1480497189625290755
1480468338245464066
1480467610902810626
1480457229941690371
1480455380882788352
1480453746614177794
1480452669839790080
1480448634080489472
1480751193265631233
1480540027109085193
1480485004857647104
1480480820473171972
1480434477591457799
1480748639328747523
1480737477329518592
1480698488962772992
1480570312873758726
1480570266161872900
1480541323140599815
1480540986895859715
1480540245443563521
1480532437528580102
1480531902066880519
1480531528677400576
1480513970595241984
1480513758124408835
1480499248210726915
1480486410998083587
1480455569089515520
1480441738862870530
1480441685490294784
1480438852900716547
1480432995936833537
1480533264523665409
1480532633058611201
1480532461394092034
1480532378648932357
1480532247002304512
1480515325216976898
1480416482815135753
1480559978645577730
1480501332477759493
1480717784380153858
1480697632552992768
1480518540419645444
1480464122017812481
1480410981784113152
1480455102947217408
1480441788003323904
1480744743118147584
1480715225489821697
1480732545855619073
1480718596741296132
1480711853844013062
1480700784967053313
1480694127012446208
1480681532301840385
1480536955196637189
1480535519578648578
1480519387459117058
1480484762078748675
1480451993797685248
1480747951982972928
1480615660703125515
1480553739790417921
1480435673387585536
1480749274337927171
1480741610128175107
1480713952623427586
1480533661497712645
1480516849389367299
1480514792154492930
1480514164640542723
1480482312567492609
1480471951034384384
1480471147846115328
1480467378953621504
1480461333438951424
1480451634719125509
1480450774517919745
1480450764854206464
1480450360737079296
1480442146368864256
1480421472833138688
1480743039903485952
1480741076868628481
1480722006651719681
1480634992791207938
1480560466048913408
1480548192726884353
1480523081806336001
1480501016202149888
1480443346719961089
1480428439224008706
1480418917340250115
1480551170137473024
1480550611888209920
1480528205089890307
1480518156498046978
1480450779899125764
1480450726774071299
1480426388519669763
1480542764584505345
1480520197735813124
1480508859085066243
1480496762322255873
1480595241082097666
1480442394596110338
1480491776527912962
1480502203341152258
1480466935540113409
1480729941645819908
1480539162822385664
1480455452383059975
1480444094727868416
1480443970354249731
1480539488040677376
1480539056995909632
1480538713008443394
1480537916761948169
1480537916652675074
1480443857351282692
1480736330267054080
1480706114299699203
1480675967118966785
1480560049361600520
1480528451912171523
1480524946103103497
1480509951416025088
1480494784112250881
1480442366267854849
1480436380027146241
1480428075116421120
1480728241983811585
1480714497551527936
1480639509096112130
1480505080100970504
1480197398597038081
1480629030537904130
1480482732169859072
1480714829014863873
1480547575748972545
1480424593097560064
1480423231072792577
1480756542718709760
1480752627373600769
1480751528684052484
1480746774490869760
1480746446127128577
1480740863613419521
1480593904688795653
1480591719301148675
1480584400765353984
1480562497241300992
1480536070374649860
1480532702642069507
1480517384133697541
1480507357645795329
1480505540295856130
1480504960911507460
1480494181839560706
1480480910227107840
1480469800233046016
1480462775549788165
1480442237620129799
1480432137312501761
1480430368410927108
1480428234017697792
1480419150904188928
1480418975343284224
1480405853001830400
1480746424400691201
1480757676099325959
1480713244255797249
1480699657370017792
1480548359643406342
1480531802573791233
1480503713449975810
1480483807912505345
1480480136319287301
1480479765853208576
1480478102371254273
1480417269628825601
1480736087546871809
1480671964817678339
1480644576541089798
1480620796464844804
1480583719475888131
1480583572226396160
1480471218826321920
1480455222719762433
1480441698358419458
1480427321077026816
1480544740919558144
1480508635339845632
1480508479164936192
1480434015437873153
1479805535973097475
1480499924760358914
1480750790994128899
1480495652383571968
1480493367616151553
1480750522936135685
1480748614464901122
1480534044957810689
1480488761695752193
1480435257241321472
1480416278300872706
1480560827006525440
1480555657250050052
1480538862183018497
1480532217050714112
1480453850595094528
1480539729816813568
1480491682898460680
1480429882681163779
1480747307687559169
1480705344598790145
1480690262594576388
1480513965167833095
1480489843113164801
1480471629889040385
1480458816743346177
1480455464861110274
1480411087749083138
1480715505597964289
1480511064382918658
1480458485284233218
1480466088844414976
1480433977299111937
1480409379014852609
1480446540812488707
1480547068376543232
1480468940119707648
1480450119090651137
1480763931245223939
1480760299636490240
1480737522699309062
1480718372358672389
1480712408754577408
1480563981446049794
1480563617783173120
1480553218832691201
1480535881563852804
1480529180118818818
1480526129379217409
1480509073753731076
1480701650708799494
1480694832007823361
1480474515847409668
1480761433876955136
1480743234036854791
1480723538403233799
1480722231403552769
1480708295920738304
1480676755752951810
1480592742145167362
1480577475776110593
1480561191214718980
1480546112603713541
1480543868667891716
1480543504736538624
1480543030289436675
1480541522973978624
1480534323795148801
1480512638891089920
1480507722533466117
1480504866871021568
1480464079206584320
1480453697700175872
1480447322060324864
1480437030521749505
1480425620416851969
1480418699680960514
1480415790985728000
1480415059809484801
1480740914125422592
1480698117267681280
1480569437430292480
1480537634136936448
1480454929659543552
1480454544928784388
1480419113142943745
1480416011958427651
1480740828272214017
1480727086922801158
1480535290653528068
1480523189759315974
1480522074389024770
1480505230588407811
1480466143647191041
1480449304829456384
1480423519913537539
1480421281962991617
1480543269364793349
1480763602860593154
1480553267616571399
1480497462162825217
1480425606349135878
1480521524352147461
1480750408800763905
1480729205310570497
1480724632684482564
1480718701275992067
1480717152910860292
1480691674942562304
1480590714643775491
1480578628345679874
1480576658415390722
1480574935902740480
1480572852843675648
1480572737647104003
1480564741760176129
1480556588230348802
1480543875324264448
1480540873335005185
1480523272634601474
1480522406896619521
1480513342330392578
1480509353182461953
1480504483104759809
1480503732898992132
1480490585446174722
1480485952229314565
1480484979066892289
1480481594104188928
1480476278452985859
1480476151957000195
1480469126753648641
1480462972531068928
1480457120067702784
1480443950347390978
1480441172241698816
1480437716885991425
1480437444478529536
1480432985065197569
1480429386025222144
1480426727583076356
1480423848356958210
1480420560429469697
1480410662924795905
1480761064681717760
1480759404785926144
1480759046630088709
1480696595486162944
1480693643627220995
1480617757326651393
1480500779555250183
1480459889444995073
1480436777173151744
1480425809990938625
1480425793654165505
1480425781767507970
1480425779808796675
1480523976514301956
1480522651055505410
1480521981904654336
1480458924792836096
1480427493173518339
1480551236780761089
1480739345942269953
1480724107545038848
1480681592292925443
1480653498056429572
1480550603788984322
1480519373911519233
1480487365588123648
1480444579291676672
1480442207777660928
1480746213410365440
1480742413056372740
1480740595291201539
1480739988643803139
1480738572424519686
1480735543965065217
1480734650540593163
1480732097941688322
1480724769787953153
1480708099820322816
1480704573874466816
1480704407985541121
1480700595660988417
1480699294852300805
1480694558975356928
1480692114254024704
1480684811060584448
1480680815780503554
1480680493662162945
1480675656203706374
1480673503770656769
1480666405057884160
1480639491530391555
1480604395192532992
1480587297976320001
1480570600984760321
1480569586340614146
1480567744131047427
1480561245937815553
1480559331061878785
1480558964731383808
1480555829208125444
1480552650013757440
1480552200338165761
1480551943739035650
1480549569612042240
1480548550836514822
1480548058035146757
1480547912379613186
1480547309440036867
1480546652112912385
1480546208082923522
1480541988004921352
1480539711550607362
1480532488447422464
1480517480984449026
1480515026628726787
1480513825438715905
1480513780438077440
1480513168132558848
1480513130002190337
1480510912725274624
1480503389351931904
1480496479504527361
1480494619016134656
1480493155564736515
1480486101961764865
1480483547123044352
1480477555140415489
1480474680368635906
1480468094661251072
1480464424364228612
1480462055987576833
1480459752626819073
1480454587827965956
1480453084618780673
1480451659662868483
1480439614422732800
1480438035191713792
1480436044939993089
1480435718098874368
1480429243972554755
1480423399872557061
1480418445980102662
1480417547992252417
1480415193247010817
1480415185382690816
1480415120631078912
1480414272463126530
1480409575664889859
1480741056631111683
1480734873346142213
1480727786343985152
1480723180066992130
1480719171004428288
1480690558704123904
1480550862988611585
1480548849571680257
1480547031273730050
1480534317252046848
1480514361609183234
1480505396095713281
1480491138591068164
1480474431013203969
1480463861044047872
1480458487897288704
1480428637203546113
1480410387606507520
1480761053713625089
1480755608429150213
1480738863144341507
1480737421981409280
1480717780693688321
1480700253540020224
1480682092501499905
1480662054717460485
1480552531256229888
1480550567361478659
1480542136034467841
1480533774504890369
1480520210385825792
1480517181934686208
1480514150002425860
1480512501997391872
1480501682383384577
1480496350814818305
1480495069278846977
1480486279162712066
1480459313378258944
1480452194579083268
1480451198478012417
1480437583045808128
1480432195164463106
1480425786632855554
1480758431883558912
1480726980521693187
1480705579681075200
1480696163904864258
1480680508547760130
1480612132823654415
1480560647884529669
1480554251080372229
1480549025963143168
1480546181193158657
1480472365414838272
1480466562440040449
1480448060597571588
1480434281197490179
1480730895447322625
1480682578520641537
1480566326481473542
1480456868724051972
1480455409697636353
1480757383508873219
1480508359702769664
1480659277052362752
1480613694723833870
1480583363824128007
1480544177997844484
1480482714172198912
1480464830792306691
1480417601830354945
1480751172621266946
1480542261049843712
1480495419947847681
1480474027592347649
1480699089247367170
1480699087552872449
1480699084235177986
1480706596900524032
1480522938600153088
1480467380258017281
1480498696458440705
1480511387940106240
1480518543670083584
1480497415954198529
1480750115006529536
1480741369572302854
1480427809445392389
1480696536115806215
1480704252456554496
1480487287393644545
1480461970612514817
1480712927405510656
