1485823009130971137
1485820641911898114
1485820219688112131
1485813877443301386
1485809792073486337
1485809588108935169
1485807871921377281
1485802830703493120
1485802254561349634
1485794582046871552
1485788010105143298
1485779275609481217
1485746460352475137
1485746122346098688
1485682565583634432
1485652044623278081
1485630960322641923
1485627374054289414
1485611823240192000
1485610084747333633
1485602005515399172
1485588050445213703
1485585883474833411
1485585583884103686
1485583308126056449
1485580408519798789
1485579809078259713
1485569206200696837
1485568910007353345
1485566716386365442
1485566286281478144
1485558507361701888
1485558130872549379
1485546776698712066
1485542612111364098
1485524879013445633
1485522715260121094
1485518035733872646
1485516555438137345
1485516369932460032
1485516261845270528
1485511951858176004
1485506925366497283
1485505299977207808
1485496562554138630
1485496442626392064
1485494160216162306
1485493355966787586
1485486787850272769
1485470437715116041
1485822682637926406
1485810692435644418
1485808617035296772
1485801941292957699
1485797789326274560
1485797540994105344
1485795752697815041
1485793295876104194
1485793287281811459
1485792787186401281
1485788015209623553
1485774655340576768
1485762938099372033
1485762832511959043
1485760255787216896
1485747518961065985
1485747495825285125
1485742503525777409
1485736204649873415
1485729093643829248
1485660643915149317
1485649207013027840
1485646303107624960
1485645228371587072
1485642630650335234
1485634438117867528
1485625017077764096
1485611325300609028
1485610373193641987
1485608974288232448
1485590010380566529
1485588924466855937
1485583938165035012
1485578276206964740
1485576690634211329
1485575285445914628
1485573023508078596
1485571534530162690
1485569881391378434
1485569434706407429
1485562356914868225
1485560713620103172
1485560171527274496
1485560027629121536
1485550682149371904
1485550672099831808
1485550397641334784
1485543329723203592
1485542509057290241
1485534932831444993
1485534922408599558
1485530747276767232
1485528176998907905
1485528095557705728
1485526140353761282
1485522285159075841
1485519508358168580
1485519154170175489
1485518614547812353
1485518229221294082
1485517245866737666
1485515804267655171
1485515226087043075
1485515207183335424
1485515180062953475
1485506845188169731
1485506503348219906
1485505626231164929
1485505240711704577
1485499456972034051
1485497090587635716
1485490623130238979
1485489734965403649
1485483851862654985
1485483392896749568
1485483130111008768
1485482808210771972
1485482770084548608
1485481064449863687
1485479226468073473
1485469261103792129
1485469055666765824
1485468546201432072
1485465257527377921
1485464799827959811
1485464582907133952
1485462957975027712
1485433709327261699
1485808044173033474
1485806306653274114
1485806215363969024
1485802154464268289
1485801079816486912
1485775830383206400
1485769716941869057
1485752293073260544
1485564997606715399
1485818926554816512
1485817297369731075
1485813044437749761
1485808903229427712
1485800764291547136
1485796484675420162
1485784220794777602
1485770660584763395
1485770251325554688
1485770079447166976
1485754346499633153
1485751440736137217
1485628850323472384
1485622170277789701
1485610884072632320
1485599777249464326
1485588184075730945
1485577492207665156
1485576779054354439
1485572791403692034
1485557973112209411
1485545527064555522
1485507652054822914
1485502200755658753
1485493838726967298
1485492140583297026
1485485996791992325
1485477277513433091
1485823714726117378
1485817928150761475
1485812013502967812
1485811802114256898
1485497659880357899
1485485703983407104
1485819981187416067
1485792390476865541
1485788242742222851
1485783226094219266
1485780726247469057
1485776117143576579
1485648114484912129
1485625818403700736
1485624451316486145
1485606430204121090
1485562239440789508
1485562144481751040
1485541633944797188
1485530818907086848
1485519694652375040
1485518842906521603
1485503060210520064
1485493286962081792
1485485106600968195
1485482422473203712
1485472437454135297
1485466166894411776
1485823999175426049
1485823011010023428
1485822546843160580
1485821847015149569
1485819788228280322
1485816959191351300
1485813739916263428
1485809691217506308
1485805508825354241
1485804272222871555
1485801923676884992
1485800781949579267
1485799818635378691
1485798660369960960
1485796946954829824
1485796380417626113
1485795918901551104
1485794551927300097
1485793297562234881
1485792885773586433
1485791162393071616
1485791081912766471
1485790877247504384
1485790525316005889
1485790459230314498
1485788235729367043
1485788181371158529
1485783558430019585
1485782102834814980
1485780541484179458
1485777956429795330
1485772035800600576
1485771289608417283
1485758653932371970
1485734196094111749
1485678116261744641
1485659425843343361
1485655800911908864
1485654103032479744
1485651826158731264
1485645082632257538
1485641111343616002
1485630539059331076
1485627220307890177
1485626405325262854
1485624959242227719
1485624578445811718
1485623701102272513
1485621250366251011
1485617930222317571
1485615934379556865
1485608505294069764
1485608040951091200
1485605443204685825
1485599870971183104
1485598512465461250
1485597025991561217
1485594818818748417
1485587190143123457
1485585654243524609
1485581252891922434
1485578819109265411
1485578639504658434
1485574675485061120
1485566161706450953
1485565607684751360
1485562254787547137
1485561011847327745
1485560756339113990
1485554511402119169
1485553970773114880
1485549260800401412
1485549216521158656
1485549185030311938
1485549182006231044
1485549145817759745
1485548998870310912
1485548964472844292
1485548910794133504
1485548870797258755
1485548842351489024
1485548802610446336
1485548760210219010
1485548708465094656
1485548677204967425
1485548121212219393
1485541792498204680
1485537738204270597
1485531359628394497
1485528056924348422
1485525423652241411
1485523692600033280
1485515943594065924
1485511469391552513
1485510685039955968
1485510010679734272
1485498361696628741
1485495721872683008
1485494749805297667
1485488623604891649
1485488589689733121
1485485347723419648
1485485080663724040
1485484212132380674
1485482916671258625
1485481832204599296
1485480918886522884
1485479994227040256
1485478545619320834
1485478057586868225
1485477316109438979
1485477050651918336
1485476888332349440
1485476775170035712
1485476494768230402
1485476330439380995
1485476208653770753
1485475974242516996
1485475894592684032
1485475628736708608
1485475087151419392
1485473881301614595
1485472061732663297
1485466128323420161
1485465391019458561
1485464389293834241
1485463174430457856
1485811511025344512
1485637530750189568
1485585323304570882
1485549695519043584
1485491746100621314
1485491406722502658
1485824992659271685
1485823670849531906
1485823029771116551
1485822925530083335
1485820786695110659
1485819478256816131
1485818862167805953
1485817490496454658
1485817467578454018
1485817088459837442
1485816466515841029
1485816364321308674
1485812026543063040
1485811995882704900
1485811647994544130
1485810318064644097
1485809995656855554
1485809783156637700
1485809146960412672
1485807183736750082
1485806951984680964
1485806688204890113
1485806646727098370
1485802917269741569
1485801795045965827
1485801002855206912
1485799439273185281
1485798953228840961
1485798481197694978
1485798338901397506
1485797502851125250
1485797123912527872
1485796861026127876
1485796655807238145
1485796618968662016
1485795929131487233
1485795547449815042
1485795541909131264
1485795322819674113
1485794318652633089
1485793955451379712
1485793847070572544
1485793465044959232
1485793089688334339
1485792919823204354
1485792844971454466
1485792841138057216
1485792098054205445
1485791030209572864
1485790970335875078
1485790913096216579
1485789966265643008
1485788031013781505
1485786962837782533
1485786548314734593
1485786122311839745
1485785238160932866
1485784925702074370
1485784240206016512
1485784180864995328
1485784070567370759
1485783803537031168
1485783066652311553
1485783047165587458
1485782895658934272
1485781156889239552
1485780265461256194
1485778589501259779
1485777091891449856
1485776444567531527
1485775615018270721
1485775367353016322
1485774092317773825
1485772393998336007
1485772262074908672
1485771985343123457
1485768621922000896
1485767369641586688
1485766288291295232
1485765694558212097
1485763587776086016
1485760580388798466
1485758009007828992
1485757622058110979
1485746687574679552
1485732697477910528
1485715704867594240
1485705916293185536
1485703922530791424
1485682980127645696
1485681189583462400
1485678244909432834
1485677577029419010
1485676487273771008
1485664495498592261
1485661103409754112
1485659262865276928
1485658833393688576
1485658390261297153
1485655067613339648
1485647289448529920
1485646510373371904
1485641930818351107
1485638928959180800
1485637804843728896
1485636465887674374
1485633257098313730
1485630922812968962
1485630140717563904
1485629033165783042
1485628632328736768
1485626800914976768
1485626660825473026
1485626026005004288
1485625063907164168
1485822990277550080
1485821817168318465
1485819767617638401
1485819254985621514
1485818299040813062
1485818181206044672
1485817476701044737
1485816450363592708
1485814933694861314
1485814613182922753
1485811579367342080
1485811504868106241
1485809550800592896
1485807086122450944
1485806892048076800
1485804252224180227
1485803375023165442
1485801631761694721
1485801548198604801
1485800958739501058
1485800615939035136
1485800050249072640
1485799900390785026
1485799351582527489
1485798775495208962
1485798098253524994
1485797857424982017
1485797065586520066
1485795873741492226
1485795567817342976
1485795267433889793
1485795162349793281
1485794578058080258
1485794474395860993
1485794026494521345
1485793197854842880
1485793183959236612
1485793175830929408
1485791922455478273
1485790807407960066
1485790543531905024
1485790542340706305
1485789418946707457
1485788809292054531
1485788289898528768
1485788176619012097
1485788006388989953
1485788002748370946
1485788001041264640
1485786265211777024
1485785761223905281
1485784718356656135
1485783599190528001
1485781986182504449
1485780348998877185
1485779821007634433
1485777848942342144
1485777750749495296
1485777055946276866
1485776926232956929
1485774991979589633
1485771795227877376
1485770495559868416
1485770387971801088
1485770372608061440
1485770262285266947
1485769647504781314
1485766631355654146
1485765997516955649
1485764112483516417
1485758768910843905
1485758400440913920
1485753084298944523
1485751256908197888
1485743960777949184
1485740234830757890
1485699125832482816
1485695791373381635
1485671500862885889
1485661527411605506
1485661440665001984
1485658601683566593
1485652555833438211
1485650896898125824
1485645890014822406
1485644118533771266
1485641714631340037
1485640154664833026
1485639774983827458
1485638114958020615
1485634387320315907
1485631079671541761
1485627983398604807
1485626592609341440
1485626417115447297
1485626061648183296
1485625751085129732
1485625672567750658
1485623210385481730
1485623183781040134
1485621982964367363
1485621077401550851
1485621073215619072
1485620639633670145
1485620443969355780
1485619869177769992
1485619866732498946
1485616180861747205
1485615928490721287
1485615704623788033
1485615061721034752
1485612726819110915
1485612516617375748
1485610172118867969
1485604565600784384
1485600624104570881
1485599495757135876
1485597997866307591
1485597469220433924
1485809534711246852
1485808852927119362
1485808092000718849
1485804767486287877
1485776614676123648
1485766602025218048
1485736920571576320
1485638025338298369
1485633307069284359
1485616992900231170
1485616748594614273
1485613215082254336
1485612888576622592
1485612671231983619
1485612510086832128
1485612061568954370
1485607102957895682
1485606383466598400
1485601090079199233
1485600592257220608
1485599824485699584
1485588389147873280
1485580050380750848
1485580037542014980
1485579721710931971
1485574861963800576
1485572637036531713
1485572383318884365
1485571220808806407
1485566906677731330
1485561978030419968
1485555608678191104
1485554625764032513
1485552300550914049
1485551894999465989
1485544314130542593
1485542569094545415
1485533999498162176
1485533615174074369
1485523466137010179
1485519772557410306
1485519398131892226
1485515546733182980
1485511613415571458
1485509474903560193
1485499184598110210
1485492617966424064
1485481845588635652
1485481156288331780
1485473623821647873
1485472713460576259
1485470058130608129
1485464891213639682
1485804334126628866
1485800375785766912
1485799910817792003
1485798325634965504
1485795513601564680
1485790391366733825
1485752360169541632
1485746292299284480
1485683084167348224
1485642957089050626
1485605807504838656
1485593946764222466
1485592178667974656
1485586769014042624
1485577607077044226
1485575269909999623
1485568536508772353
1485564766206963718
1485564754521628674
1485545583201124352
1485544015265431552
1485541068888485891
1485531381275201541
1485529429786996736
1485522529447919616
1485519001958895621
1485518998985129985
1485515211847221249
1485504806915813378
1485504715614199811
1485502069901791238
1485501226892787712
1485500935527088130
1485500913787994116
1485499425527308291
1485499374931267587
1485499349610397699
1485498947661664270
1485494996237451264
1485492100045357058
1485489629264748546
1485484297809444869
1485469722313650177
1485462949498359808
1485821276346515458
1485552022015590405
1485811429743947779
1485629786848661504
1485587381436952582
1485582657862127621
1485572544858324993
1485565142272475136
1485552805708722176
1485531681205649409
1485531321309208577
1485523809343967234
1485813482075594753
1485811812713254913
1485791397580263426
1485778918913511431
1485758482536353792
1485753625318412288
1485628015334010884
1485563163202711553
1485561535674347522
1485551264243281920
1485521049311924227
1485509662401503234
1485177663967084546
1485525427871698945
1485518984627703809
1485815338071896065
1485813186339258373
1485809673638928387
1485806031313960963
1485805396606746625
1485804651249541120
1485789672009875459
1485782782286925825
1485780856488992768
1485755842935025668
1485661607963230208
1485642259899240449
1485623968765984769
1485616647641927682
1485600908495192077
1485596903182336006
1485593509063282694
1485580117384785920
1485576574313594884
1485574748839235585
1485562865700728841
1485553652182171651
1485535206400729093
1485526686561370112
1485526677874950145
1485507717779316737
1485500290673836033
1485490958716510210
1485482443054665728
1485473610227908608
1485474691922169857
1485799221949509632
1485645177910083586
1485568762921517065
1485556296149770240
1485790042471960580
1485789852658733056
1485677671811981315
1485674262447128577
1485633226312122372
1485627013205737472
1485626526465167367
1485562680761270276
1485499210246258689
1485480857666088969
1485667707173294081
1485535231155531776
1485499212074975234
1485609009768189964
1485535135588298755
1485586860529561601
1485592073307058177
1485586274664984576
1485585534445842439
1485554106874081281
1485794119318667264
1485623845667352577
1485615084412207106
1485601217229504512
1485597625714089995
1485474043671478272
1484056752933031936
1485816855059378178
1485778518978236416
1485757329165647872
1485652794103443456
1485602907441733636
1485538211745382402
1485489371893710849
1485777923185725441
1485556958459756545
1485550690949042178
1485468510117822466
1485604057163223040
1485619644727951360
1485805276519608322
1485671923954876418
1485615438264676354
1485615068083781633
1485826984068665344
1485621691896459269
1485488222935617537
1485485317763506177
1485639456984301568
1485601475909009418
1485572119937556481
1485512918540390400
1485512540830711809
1485504213270806530
1485819228423090177
1485556872203894785
1485521720195039235
1485521476610834433
1485469532924047361
1485468822501228544
1485548912111140871
1485820905792368640
1485812893904154625
1485583516620685312
1485532864578220032
1485794823689093122
1485578419102715905
1485549192856875008
1485549174766858241
1485549164671172614
1485542869830373377
1485542847583784960
1485540748997312515
1485805643751899137
1485763801698160640
1485572016338251776
1485518316777390082
1485808921860534273
1485656364227915777
1485656325157957633
1485572021581152257
1485687092235894784
1485491342293700611
1485643094146318339
1485784330064773120
1485500409766891521
1485745648037433344
1485740302053044224
1485556399686172673
1485767976066428932
1485780917373530115
1485476411901046787
1485758877652385793
1485640338085941254
1485599091849830401
1485595148616888321
1485594982212050947
1485590254447108101
1485587071142367237
1485581825493897216
1485555602537730049
1485492564761272323
1485492564300079105
1485488808116162562
1485747292707880961
1485746182874099712
1485473786002829313
1485758965464330240
1485697247912280065
1485531250526138368
1485533937703485440
1485496666107314177
1485766843730399232
1485783684871782402
1485570606854975489
1485818781184233475
1485813307768717315
1485632790653804556
1485615643244515334
1485568913731887105
1485769365467582467
1485746537305358336
1485602061236736000
1485589660500115456
1485585644076564486
1485514309052801026
1485479687211995136
1483313347567452170
1485671607171379204
1485608520598712320
1485471432461414400
1485829890599702531
1485823623462285314
1485811565060583425
1485802682539384841
1485731340935131136
1485629521886072832
1485626531573800960
1485605533055074307
1485599242958049285
1485589087344283650
1485583607217668098
1485516430858932226
1485503579784122373
1485494053013954560
1485477748038836231
1483300333329993730
1485601306752745473
1485587254181785601
1485587156022472706
1485524200873943043
1485524182012153859
1485524161762140160
1485524070649278467
1485483017133244423
1485636209145958401
1485636207120121858
1485532749863976961
1485772152796479490
1485584134777245696
1485818816961548289
1485729908089581568
1485826930092175363
1485729803961769985
1485515178322325504
1485514275351580675
1485515036621959170
1485818718626009089
1485730208187826176
1485729492731854848
1485728669498998792
1485728669368975360
1485474858431488002
1485809888618246145
1485809552851615744
1485780431677300737
1485749551420289026
1485599066696581123
1485573580209688576
1485570373530058757
1485538024536821766
1485507807281823745
1485496235515858945
1485477589431242752
1485588333174849542
1485764466726027266
1485732351779164163
1485586065817993220
1485546087926857730
1485506997466562563
1485829565335613440
1485751541378457600
1485663281897684992
1485635198184484867
1485596524877082628
1485589598667685889
1485536628584386561
1485493778719059968
1485492822635859969
1485480990625923073
1485833634481577985
1485833573131517962
1485830209400369152
1485829810689814529
1485814010679541764
1485812750425423873
1485745506542579713
1485726495972945920
1485713055845654531
1485661603731316746
1485567096956547074
1485535065442758659
1485509390031798272
1485507458118615042
1485502106706804738
1485830444344295427
1485810389770473476
1485606894782017536
1485602867411308551
1485526878647914500
1485826464453111809
1485583055737978889
1485528155192700930
1485542398721949700
1485495200772673536
1485815461606563844
1485496909309804545
1485545489231925255
1485497528720457731
1485486005826486274
1485478252286464002
1485590056878604289
1485815969528582146
1485591897704124418
1485595199539916804
1485593026278084608
1485825590389182465
1485820474982420480
1485760684214276096
1485636583378554882
1485604815564869634
1485794800867717121
1485830587231645696
1485805757123936256
1485666829863645184
1485615264960233472
1485593347574333442
1485518829669478402
1485836594544189441
1485810358812291074
1485807124928413696
1485791632272543744
1485753965895888896
1485628723520958466
1485592981600337924
1485584685749071878
1485566072795271168
1485552521452343297
1485544300402606080
1485537033162719232
1485525585401376768
1485512328699596801
1485799843553591296
1485779474834915328
1485740226022866944
1485616174339862529
1485601893489704962
1485587638018994176
1485586157279019008
1485578718982868993
1485547410751635457
1485542537805037576
1485514639119380480
1485505568576253956
1485502644164517889
1485616675324329986
1485837681288708097
1485832984288763904
1485801673519890434
1485643793538088960
1485563499497816065
1485532844650758144
1485536582199570433
1485557851640991748
1485839511892287496
1485815216235773952
1485797597935980546
1485788430319579136
1485776537815490563
1485622504630943748
1485610142716821506
1485604395954077697
1485488305819230211
1485823229839429632
1485823101854449666
1485782353544826882
1485776032376717313
1485646582393765888
1485601726359273472
1485589098492760066
1485555834809896966
1485545663320715266
1485516171784957953
1485511524667908096
1485488398114897921
1485514899107508224
1485798950259277828
1485745956888920083
1485564006199087104
1485508908609196032
1485607136688488455
1485606995516604417
1485600226270679040
1485579053054951425
1485812322354577409
1485789571032162305
1485782083171946496
1485780880681750529
1485742024074887168
1485571496332640256
1485535382611636229
1485529929588609028
1485494573887594498
1485492283692699649
1485837519933829120
1485823974236106752
1485813573981204482
1485812222815531012
1485804370533175302
1485800540307324929
1485799828982755332
1485793446627786752
1485793225525047296
1485791177370894336
1485789430145499139
1485774321885003777
1485758325224800258
1485742581338509319
1485677897046425602
1485650437403713537
1485621647847858178
1485616601680723970
1485612768447594502
1485610564445679628
1485605946110148610
1485602125980004354
1485600466025082883
1485598831995928578
1485598630488965120
1485598438981255175
1485595087866589186
1485570911038472192
1485556191405424642
1485555827868061699
1485547960188682241
1485500180753707011
1485488198872858626
1485485825463033857
1485485620051193856
1485450655762624513
1485834180819034119
1485818652142481408
1485785185287544835
1485784810555842564
1485771983023648769
1485703315203760128
1485666311615430656
1485651841547632640
1485637432548945923
1485600784876437512
1485589982324858881
1485567423097237511
1485567244147236864
1485566365335715846
1485560461173342212
1485542847835435015
1485529948295241728
1485529933065887748
1485529927957233665
1485517990221475841
1485517829453807617
1485509967042199554
1485506697498349568
1485502759835439106
1485501358195486722
1485839876612317189
1485812809409581057
1485802710297640960
1485797495364255744
1485793526537678848
1485737698099097604
1485653447223693312
1485610158843895809
1485592347664855041
1485580045058179076
1485574190883536897
1485563287354101760
1485511913035341825
1485497198645489669
1485494277899972609
1485833921069993984
1485814631855980548
1485623667128418309
1485601332358938635
1485599966911660032
1485594230236286976
1485576622203830272
1485536453392482305
1485478483401019392
1485822865010487296
1485746861009149952
1485834349006434306
1485559668185636870
1485514668743757826
1485641458069929986
1485627461409046528
1485793629281329153
1485492948959916034
1485543190879178753
1485590310172635140
