1481124012143316997
1481123217062641664
1481121998302752769
1481120650689654784
1481117213973434372
1481109742529683460
1481107177725382660
1481106844387254272
1481105798634029060
1481104238075944962
1481103366021615617
1481102134003531777
1481101879526719489
1481100960361750528
1481098843836067841
1481097957546283009
1481096726350266368
1481096410175275011
1481095744899919872
1481094094378385408
1481093731935993857
1481093406734819329
1481092301246308352
1481092088137916420
1481090602976821248
1481088650855464960
1481087032948838400
1481086627959250949
1481086307275534336
1481086110185168898
1481086061170540545
1481082123696041984
1481076704835956737
1481076143549972480
1481075375560335360
1481073949748633600
1481073552803909633
1481073121038073856
1481071333987713026
1481068446741942275
1481065516546822146
1481063191849414657
1481060938166202369
1481058291476475908
1481055268738076676
1481053763641446400
1481053482660642820
1481050564738052096
1481049012321284099
1481048320542146561
1481045990656573443
1481043325763620868
1481038014524493825
1481032568803758080
1481022456123256833
1481004082781425668
1480965844574556160
1480962324781363200
1480956115676372992
1480950840072425472
1480947335098109952
1480946440268500992
1480938005514756103
1480937371746983939
1480929453979144206
1480928925974999057
1480928803539107844
1480925167157231624
1480918676580835337
1480916895163465744
1480913209796313090
1480908024600571904
1480907935739953152
1480906813318914050
1480904394132496386
1480903069617377283
1480900734170193925
1480898857219158019
1480898827422879744
1480898599122657284
1480897650387939331
1480896703448313859
1480895591601225731
1480893997514067968
1480892815848599552
1480892257641263104
1480891817209958401
1480890624580591619
1480886526091292672
1480885617622130689
1480879213343215617
1480879035672498176
1480877795689390087
1480877191281852418
1480876737814687749
1480876384708796417
1480873826833424384
1480873450667315203
1480871980203081728
1480871945218387968
1480870711707140096
1480869826822238209
1480869506016636928
1480869339465093121
1480868340616806404
1480863886349766657
1480863496631820288
1480862702989766656
1480861986967547906
1480861824555782146
1480860790789976068
1480859046106173440
1480858155655385089
1480858151830257669
1480857059646050307
1480856302343520256
1480853857177522177
1480853005557645312
1480851987625172994
1480849756897218563
1480848849652514818
1480848188634394624
1480843500560158720
1480842922153033729
1480842773783740420
1480842673338519552
1480837511844806656
1480836726562066432
1480836386953756674
1480835545290838017
1480834433594712064
1480832215894224896
1480831604461215744
1480830636709482498
1480826821201387521
1480826343436607488
1480824188424253441
1480822329642926082
1480820012453482496
1480818597735768065
1480815421569839106
1480815221916639233
1480811147062235136
1480804065101582340
1480801425093316612
1480799411525468160
1480799019907444742
1480798498706518019
1480797079479861254
1480792517880647680
1480978460273164294
1480803372089298945
1481120334619324417
1481119156947030018
1481117564512399360
1481116882619224070
1481114963016286212
1481104408742031360
1481101743786426368
1481088794212564993
1481086627640659970
1481085680394465280
1481083881818574850
1481083311602933765
1481083301104271361
1481082401778728968
1481076165914034178
1481067080741167109
1481063608222371841
1481055291672522752
1481034110923685893
1481034079399301127
1481031359837917186
1481030610210942976
1480970728899956741
1480966313946370050
1480955145605181442
1480952855829757953
1480950481870487552
1480918850967379972
1480917694144729092
1480914779325845504
1480914043837820932
1480906756939202567
1480906128108056579
1480906101788852230
1480905303218704384
1480905255894224898
1480904659812302857
1480903895585071105
1480900156643954694
1480892811968876547
1480890005115453440
1480889916766654468
1480886335552376834
1480884664244088832
1480874507719954436
1480872058934366210
1480872049627205632
1480866342412513282
1480862136993677314
1480857874284703745
1480855675798315008
1480850528397447168
1480845685280755713
1480845453889454082
1480840125756096519
1480836417861210115
1480827917202432000
1480824003224686593
1480823376834797568
1480822037526450177
1480812058518048768
1480808097530609664
1480799891907436544
1480799209754349569
1480795030881140739
1480794234349363201
1480794222571655168
1480793003262242816
1480788952793575424
1480785946542895105
1480770345707585540
1480766330957537280
1480758125602897933
1480757728075157507
1480757546742730756
1480754189462499328
1480752365607079936
1480751647517143040
1481123700095258627
1481118028431769606
1481090598761373698
1480877131513036805
1480826128172347392
1480817033574977539
1480799396673380352
1480787108079947778
1480767088323035136
1480755457690013697
1480754691705212928
1481122048642797568
1481121053355421699
1481119156213026825
1481118710156902407
1481118092390694912
1481114202500919298
1481113734919901186
1481100352087031820
1481095165469429760
1481088060494614529
1481087994404966401
1481084654736506881
1481083756865671168
1481082558826029056
1481080097012695042
1481077781098545152
1481075829757333505
1481074766258016257
1481074490528641025
1481073793200431104
1481072975835238400
1481071992044650499
1481071753577533440
1481066856429793280
1481055096469606404
1481054901354758145
1481051533815193602
1481049640187592705
1481029375563034627
1480978890986119168
1480944288598925320
1480919591220097029
1480915043160100874
1480913307473260551
1480909552761647109
1480909418065764359
1480905603346321409
1480905547100540933
1480903817742807044
1480902569694142464
1480901418160508929
1480897368534896640
1480888869180645381
1480887326767140867
1480884251163652097
1480882172953182211
1480878621032017920
1480870423180890117
1480870241420943360
1480869924637532162
1480869480905383942
1480863275491336192
1480862958833913856
1480862033260204045
1480862027161554946
1480858837905149952
1480858620409434113
1480857164033847296
1480855923321147394
1480854292294631424
1480853286022307842
1480851419800293376
1480851405913018368
1480849646104633347
1480849222442229761
1480847925597007874
1480846304846639104
1480843410986573831
1480840787210293249
1480837680644558850
1480837059786858497
1480836971715076098
1480833497539379201
1480831805863251971
1480831698866630657
1480831464195325953
1480829850201903104
1480829735085084673
1480829551156498433
1480828165018636288
1480828073884983299
1480824599600377856
1480818708410880000
1480817644651569161
1480815646568894466
1480804881996808195
1480804125222707201
1480802523082493953
1480802152683429888
1480796892099342337
1480787315932819456
1480787285947740163
1480778891727831040
1480775281195450374
1480772789216837633
1480772155914653698
1480770252896018435
1480765304623939586
1480759063432478725
1480754996027146240
1481110987726295047
1481080928382644228
1480920252393349127
1480869420209565697
1480861589473349636
1480860761530404864
1480859207226118145
1480824471330033664
1481122891995709443
1481122223180378114
1481121231705620481
1481121159412600832
1481121080157011971
1481120833188003840
1481115505507598337
1481113717882376193
1481106302789365761
1481098630224220165
1481096498293395456
1481093275654459393
1481090916404568068
1481090759093026817
1481089737033416705
1481089697325928448
1481089646964908032
1481089452487614464
1481087800728449025
1481087393029828609
1481086423596158977
1481084709254082560
1481083280481202178
1481073211261747200
1481073084455333888
1481066799668297732
1481045987829645315
1480952443517104129
1480927970541907971
1480923700895653892
1480918395084316682
1480911103857156104
1480901468450222081
1480901059291713537
1480901057693683712
1480900585339514885
1480891647374233601
1480891381342105603
1480887066728677383
1480883440186576898
1480879688431980546
1480878545836523522
1480875223595556865
1480874648434790400
1480873263257448450
1480871533803360256
1480871319092797441
1480871297982763009
1480871123562553356
1480861861222436865
1480861312846479360
1480857257873190913
1480857016558133250
1480847470921879552
1480845703622529024
1480845440610443264
1480844373369573376
1480844313554665474
1480844297318461441
1480843849643671552
1480842694536564736
1480838558222934017
1480837602311692292
1480832413823430657
1480831850172067840
1480828508439920640
1480825398048952322
1480822715380424706
1480821727307264002
1480818156214140930
1480808378800562177
1480798497523703808
1480797960606650371
1480797434527637505
1480796802714587137
1480793867645456384
1480791892182851593
1480787828757860353
1480787370765025284
1480786823341228033
1480782065192751105
1480781344791621632
1480779633054281728
1480773405788061696
1480771230449876992
1480761830293184513
1480760970452504578
1480760118790836224
1480758684942835712
1481124481792098304
1481123931142733825
1481123925744824322
1481123773579350017
1481123767523102722
1481122060873379845
1481121947207745536
1481121587009302529
1481120385697742852
1481120002959101955
1481119561475047424
1481118832848936960
1481118301220904963
1481117327790063616
1481117185817071616
1481117092019859457
1481116612254388228
1481116518104842240
1481116197156720641
1481115399689490434
1481114754907533313
1481110724504350720
1481110207665082371
1481107590717538305
1481104869033656320
1481102030035111936
1481100501676859393
1481100168716255232
1481100038755733504
1481098973125693447
1481098618937360384
1481097185983082499
1481094114922082310
1481092783343828992
1481092041606320128
1481091795044175880
1481091605423882241
1481091458057015296
1481089812669276162
1481089108877647874
1481089100816031746
1481088356511784963
1481087195176140808
1481085511448281088
1481085486727036928
1481084286724087808
1481082465993519104
1481081705029332992
1481080939921154050
1481080316127506435
1481080250024882177
1481079179349495808
1481078325313679361
1481076967156109313
1481074767608545285
1481071002566393857
1481067483016867841
1481067123414036486
1481065084407656449
1481064380637020160
1481063031341973506
1481056929002946561
1481054837164941317
1481054278613708800
1481051959012790272
1481051439497900036
1481050358516690949
1481049602195615744
1481046455440011266
1481044432942411781
1481043148881416202
1481040587042463744
1481037800707293184
1481010291265572864
1480999785016352769
1480984902635978753
1480975726845247492
1480970883036368896
1480969210297655296
1480955911908716547
1480954081195692040
1480950506272870405
1480941863343296516
1480940448487120897
1480938369651646465
1480937292499861504
1480933933600620550
1480932244122394639
1480918069065232401
1480915291492212740
1480915266699681796
1480913262350905349
1480911489850617858
1480911138544140291
1480910652411498498
1480909664846061574
1480907788746428423
1480907471908753411
1480903552516059138
1480902852931317762
1480891936063954944
1480891020464115713
1480887357477769217
1480885510151180294
1480885238783823874
1480884831105912833
1480884446752428035
1480883324482506752
1480882624373612545
1480881959718973441
1480881938105733120
1480881935958233091
1480881934259527681
1480881929322844160
1480879677900087299
1480879376543608835
1480878748303986689
1480876944719679489
1480876345869488130
1481087239874834435
1481044889513361408
1481039303174397957
1480882807417102338
1480870168142090241
1480862577160638465
1480861334518390784
1480859965321408512
1480838460491513856
1480838167141904385
1480837714475769856
1480836930589712384
1480836542566318083
1480835533903257600
1480757390773407748
1480756892133584901
1481124038152196098
1481122827571195904
1481122647329189889
1481122631751696387
1481122473811021828
1481122443377152002
1481121581661396994
1481121290350395393
1481120052527394825
1481119807793934337
1481119197556277250
1481119072939298818
1481118477373308935
1481118468519108608
1481118422822166528
1481117940259127299
1481117725044871172
1481117052098482176
1481116940001492992
1481116741640105986
1481116296435871744
1481116084778704898
1481115192822239235
1481115187432534017
1481114434630463488
1481114151594639363
1481113172526665728
1481112911422832640
1481112680799047682
1481111234795634691
1481108912334340102
1481108238024474630
1481107984092889088
1481105657218887682
1481105618442547201
1481105521558327299
1481105279299497985
1481105253210927106
1481105125410471937
1481105004123799553
1481104734216163328
1481103792422932485
1481103302691811331
1481102349901103105
1481102267298508800
1481101755404492802
1481101470116487168
1481101368605945860
1481100826991292423
1481100594849157123
1481100372412596226
1481100253114007554
1481099633182998528
1481098361034149888
1481097510802571264
1481097385078321152
1481096324737269764
1481096168830808064
1481095808674336769
1481094794189611008
1481094732587880448
1481093871429996545
1481092847424409606
1481092393986588674
1481092342195310592
1481091890351316992
1481090220259160064
1481088877549219844
1481088363746652160
1481088172394434561
1481085653618429956
1481084760554610697
1481084303077699585
1481084203160977412
1481082996149329921
1481079494790512640
1481079165327921154
1481079036638281728
1481078072086769666
1481076744279162880
1481075778456535041
1481074490339917825
1481073537951895555
1481072680531021827
1481072570099470336
1481071771009056768
1481068836971749376
1481068592255107074
1481068070810828800
1481067474850582529
1481066505102307330
1481065130150744064
1481061583518580738
1481061070056083458
1481060706158256131
1481055218523840515
1481053477392752642
1481051605038661636
1481050167621332993
1481048429883461637
1481038881722363904
1481031273133260801
1481020047258652672
1481017096234749953
1481005865037537282
1480991970059177984
1480979035077238784
1481121962831544321
1481121306473295874
1481121216509640705
1481121116987211780
1481120062044049409
1481120042981163008
1481117094427381767
1481115995712651265
1481115654162120704
1481115085951344641
1481113896505479173
1481112255148457986
1481110189902540804
1481108776682164230
1481107769059328000
1481107602771951619
1481107283480543233
1481106577738379272
1481106171742195715
1481105523143749632
1481105421695963136
1481104419089686529
1481104200524533760
1481103403962961920
1481102433917222913
1481101257226211328
1481100128824197120
1481099510797398017
1481098859795386375
1481098776496713729
1481097928391692288
1481096414482800641
1481095439902392320
1481095350593024001
1481093709441941504
1481093458966515714
1481091914468585472
1481090038197010437
1481089320589336577
1481088896461344773
1481088666525368322
1481087690494066688
1481087237706371081
1481086623098052612
1481086021806989315
1481085539134894085
1481085187152916480
1481084731643281408
1481083596546920450
1481083065439260674
1481083039774310408
1481080796392083458
1481080673251520516
1481079601439055873
1481079556228673541
1481079450267975686
1481078937002586112
1481078483623292931
1481078049013927946
1481078008949932032
1481077997184884736
1481076011731148806
1481075569932795905
1481075425761980418
1481074336828366854
1481074301948526595
1481073973454839810
1481073398482894848
1481073170618937344
1481072183858253825
1481072104749645826
1481071288701833216
1481069392536514560
1481067895207903233
1481063165832351748
1481062431120330752
1481060047010799616
1481059486718701569
1481059359111397381
1481059156937555975
1481057938274160641
1481056539779956739
1481053574818045953
1481053498175528962
1481052482101190657
1481052279184982017
1481047657401679872
1481046499048189952
1481046199801380865
1481044046399565826
1481039231375982592
1481031535813877761
1481023164524212225
1480975536105025536
1481119883522093056
1481117073460072449
1481110141009563650
1481103910404526082
1481099261098213376
1481075163181756417
1481074834176360449
1481061283734892546
1480995677979090944
1480949521391575043
1480944076367089666
1480941382365679622
1480939890510417922
1480931805452812290
1480926302119018510
1480912521422909440
1480906147385143300
1480901459667394564
1480889365333110784
1480886847010074626
1480885011821707269
1480882275126374402
1480876254714687488
1480871581605789699
1480869895822733313
1480866963106586625
1480857806873890816
1480857326772899841
1480852579760295943
1480851369120571392
1480851034578644992
1480844901570936833
1480840515654283265
1480832613002604544
1480831883994755075
1480831826025279488
1480830927269875712
1480817301976797185
1480807822732390401
1480803869219192836
1480801927977848835
1480801762202165249
1480801483482288129
1480798020740337665
1480797441368596482
1480795195272695808
1480785787868180480
1480775556786311169
1480774894052806657
1480772432470315008
1480760182841831424
1480755810292559872
1481104662262878210
1481101426697060352
1481099582419660805
1481099355532959744
1481090635776270341
1481087283164065792
1481087030985916417
1481071160158998529
1481042382288490496
1480953152195026948
1480946686524493826
1480941158725476354
1480931011454246922
1480929600511348736
1480920463291424772
1480913212358942729
1480905227947577347
1480879531166556162
1480878048786321415
1480845835608854530
1480839263692361729
1480839247774949376
1480837908235841538
1480837601137336321
1480835935956787200
1480830569357320199
1480830327073378306
1480830214397562881
1480799939500261376
1480797143967223808
1480790875542274048
1480790436981661703
1480789214375538689
1480761390205857796
1480757236364300288
1480755626884026370
1480752846882541569
1481069076097433600
1480947394229325826
1480882443582259203
1480758210155847681
1480762568322863105
1481099573368352770
1480980708092903424
1480896198009446403
1480885386830233602
1480885090343219200
1480883993776050176
1480864360092225536
1480851847908773888
1480816562151985154
1480785264121303041
1480778986946850819
1481120032507990016
1481118000803909637
1481116473741705221
1481106047796678656
1481099198015877120
1481086908432543746
1481080085285568512
1481077507785125891
1481059359526625281
1481046865189965824
1480959367436402688
1480931406666772482
1480928938188754947
1480928398901981189
1480922503765762054
1480915970172792835
1480912957542436874
1480907476396650500
1480906274040594439
1480897276658667520
1480874426941915137
1480863945476898819
1480852716507172865
1480835870781370370
1480830368638898177
1480811074584674306
1480809938301509632
1480804840083058689
1480803022053593094
1480787599618838529
1480786210486296577
1480783167661305856
1480773820034158593
1480772650049818628
1480167752748843009
1481115586159869956
1481112365748072448
1481103726559784960
1481103518417453057
1481102439730528256
1481091447117869058
1481075568112467972
1481063167849824265
1481061562328952834
1481061046333079554
1481056596151177220
1481055044745461760
1481051966608674818
1481050028303355906
1481045125380067330
1481039863168192512
1481039855450607618
1481039238988660737
1481036221623463936
1481035318942113792
1481033703849869312
1480970110877659138
1480924376346333189
1480923223810363397
1480912656894771203
1480912649093267458
1480908899544829953
1480901564319494146
1480899799121489920
1480896668539109378
1480895330539343874
1480887871510777859
1480885003890294786
1480883835596271616
1480876857939542016
1480875926434947072
1480872437688332295
1480869559418511362
1480863831022714882
1480863193157324803
1480862571754233856
1480862330741133316
1480859785947873280
1480859454501363712
1480858188333256704
1480857188767657984
1480855272818024450
1480847475900514310
1480846956725473280
1480842293355507713
1480841985481056257
1480841501932285954
1480829913041043456
1480821666884112384
1480819286390149127
1480815996084506627
1480815000599945217
1480812145822502913
1480808216971788289
1480798607129276416
1480795937576341506
1480793296553197571
1480790113655214081
1480788623213617157
1480787558250397696
1480784638880583683
1480784298668138497
1480782705658716167
1480782703213486082
1480782700763959304
1480777525408133122
1480776485073940482
1480772887015411714
1480771380022956035
1480767814612832259
1480760748200529921
1481093190052564995
1480926144144842765
1480752011901472776
1480945777723600896
1481087445080973312
1481069565308448768
1480866687154995200
1480837223536742401
1480804153442304000
1480803396718592002
1480802694118146056
1480800286658547712
1481085888905969665
1480915018275303429
1480863448363765760
1480812705900421126
1480809929581551617
1480752404249206784
1480862439776284672
1480770590940172288
1480846525546647553
1481125698777776129
1481113575989342209
1481094398159237123
1481070939526021121
1480890307805794304
1480841796481531904
1480775121270833154
1481123912285327367
1481110089696411648
1481107416460951554
1481077892532813827
1480943033487015936
1480934553644679176
1480829291831037952
1480755725139726336
1481123902122524674
1481098665184104448
1480929245694210053
1480898408046993412
1480909719581696006
1480839757336694784
1481110010709307397
1481094099847778304
1480906548322971655
1480884806879617030
1480883003072999427
1480805092982984707
1480795544209408001
1481109141993451521
1481082724412977154
1480929380994060302
1480889789721186304
1480887113679720452
1480883276856262657
1480848653908529153
1480839644975538177
1480832848445644800
1480810738826375171
1480791939377033217
1480775371822100485
1480773111691694083
1480758853096538113
1480758063330050048
1481124519427600384
1481102173010534402
1481100267441770496
1480905554511814656
1480903749157621760
1480807004356497408
1480803738130411521
1480763727892729859
1480756839306326024
1480980269662236674
1480971520138645507
1480858026286354433
1480788262520115202
1480844102052691970
1480755559691259904
1480943026176356355
1480902755329798146
1481045124524220425
1481102890949578756
1481098087888461826
1480888615978758145
1480883583229181954
1480881380225470466
1480865156200468480
1480861597975281667
1480839863146409986
1481119446765031424
1481104156643688449
1481056337568346117
1480903719252205569
1480848119264731136
1480776872317251585
1480775880976728071
1481113624152514560
1481064642151858178
1480854444271030273
1480837169199550466
1480814059591143425
1480782016459149312
1480774901892005889
1480882050517258241
1480853413977935872
1480851251176771585
1480773630585753600
1481110388196646912
1481089076543758336
1480918036064481286
1480906974317342722
1480888161215475715
1481118091916775424
1480937045971255298
1480921514258149383
1480843954945806343
1480899616098848768
1480860275310010369
1481107961049411584
1481096174325354501
1481056402190012421
1480945504762613763
1480820015322394624
1480758711576457216
1480096084160483329
1481065321377468417
1480860188190015490
1480815859794862083
1480795601713328128
1481128146795909121
1481107723353980928
1480806359402627076
1480778086396403715
1481117541338841095
1480872212403945472
1480835951987359744
1481035386864676865
1480919999552315400
1480787519721467906
1480786583112413184
1480759890393980929
1481117722323087361
1481113669161611271
1481110983196442625
1480899058394812416
1480871775890071553
1480856957388869633
1480783405247725569
1481111790587359233
1481095737161453570
1481038983442616326
1480835946094358530
1480835939345649670
1480829679795728388
1480818017688645635
1480814429658824704
1480814419038769153
1480814408456568833
1480805635109183490
1480768955090227201
1478267875882270722
1478267501725118465
1481127798815494144
1481113814678794243
1480898084137668613
1481085002066833409
1480792599770411010
1480841206355562497
1481127350230482944
1481067407045283840
1481062709575962624
1481051622973542400
1481051441393709057
1480907662262824960
1480895526031659008
1480862884498313218
1480823765890056192
1480787218604064768
1480830446162223104
1480937876183748610
1480793921462571009
1481123222200664066
1480892173184864264
1480885802871623681
1480840295038140420
1480796621424283650
1481039370249736192
1481012761517715456
1481011571035762689
1480874173413027846
1480870053805387776
1480865277340368898
1480856216074997762
1480855007448555521
1480848356368793602
1480828889446301698
1480797831807995904
1481057250269888512
1481055460287721473
1481048921204215810
1481040946406264833
1480907290240684032
1480906559836151809
1480906389287411713
1480903017767444482
1480886474857803776
1480879654420434944
1480874642784931845
1480869932057313281
1480838203221241861
1480816381385871362
1480802601776005122
1480799853454127106
1480797560298041360
1480789068283723777
1480762140227039234
1481096766108082183
1480911666229354496
1480867041397534723
1480843742756016130
1480843693124849664
1481130461519020035
1481032875671945219
1480916383995412480
1480813790622990339
1480810988827860992
1481089285130694656
1481075754301812736
1481075201320587264
1481117059513991170
1480948328317669377
1481086234147827712
1480915940531478529
1480902324314775552
1480872884562120706
1480857017338281988
1480834367572230144
1480802665927888896
1480785472569819137
1481061856626495490
1481060927634292736
1480965738089250822
1480965276703223810
1480925006771236872
1480899364880982016
1480854971516002311
1480860571704561665
1480898822750367748
1481124525559664641
1481095524258566144
1481066918912327680
1481047489520488450
1480871963891363840
1480857714787958792
1480829368142163970
1480813152480768001
1480813139067297794
1480802432460353539
1480775046226268161
1480762181389991936
1481133362974986242
1481118311178186752
1481107333933846530
1481090747713884160
1481075964167794691
1481057753070448641
1481048056116432899
1480902507723321349
1480885697280049154
1480874754563182594
1480823669836288000
1480798668030570496
1480768245250416641
1480766528261804036
1481104972230307841
1480989392659353602
1480912258028871680
1480878331180437507
1480813143672643592
1480813135615385606
1480813121832902658
1480813117621813249
1481130739530100739
1481122657848655872
1481047706537971712
1481027780246577152
1480924189871718411
1480881933965877248
1480866431398932480
1480863138807353345
1480863010511986693
1480832739431514113
1480828349236715520
1480827059366625280
1480826221252341762
1480818822202290176
1480907795876618241
1480897500424781825
1480885575439716353
1480902106668158976
1480872995623084032
1480851004115415040
1481021306946523137
1480775011510022144
1480927995351437312
1480775401060245507
1480930294970687494
1480848530159767553
1480807948242735104
1481090453378564096
1481060187650015234
1480835389904474114
1480929762441068547
1480928402396049410
1480928402261839873
1480927903592611840
1480926546756247554
1480848824922902532
1480775505833971717
1480774910976815107
1480774551466172417
1480768591868084225
1481100803289264136
1481071993999208449
1481071677006315522
1481045184800784384
1481043763258859520
1480931938374410244
1480917878790569985
1480916889207549960
1480910660624080896
1480903417115545601
1480902637830639618
1480887095312859137
1480859534050553858
1480857898787868672
1480827596648505344
1480796826810785795
1480774119075749889
1480766599850127361
1481126073475923968
1481076551068565509
1481054203384856576
1480944537384022018
1480915101230247943
1480773871682797569
1480771566140936195
1480855666357010432
1480776217594712065
1481134839932010496
1480813131483865091
1480789068757803008
1480768862572269573
1479387344209731586
1479313346851586049
1479297166694780929
1479205303929303040
1481107124524826624
1481088443057078279
1481085617878736903
1481065365602172929
1481045862138912768
1481035668079841280
1480940380447150080
1480936447108534274
1480919599776518155
1480845598853009408
1480845382242299904
1480844989638725633
1480844601669799936
1480831417663705088
1480827932255789058
1480798117226172420
1480770772314451970
1480785028644704259
1481118829971668995
1481116876017401861
1481080055564759043
1481070100996591616
1480875796176596995
1480864756630126596
1480864744684720128
1480856022184960001
1480780161561731072
1480779412266119173
1480764610286276610
1481123464493035522
1481104253037191170
1481082477124808706
1481078763857317888
1481073210712293376
1481069448174120960
1481066684450770945
1481036776483729408
1481036037535186949
1481035588887539712
1481003803134644230
1480932072063705111
1480865832959762433
1480860229923323906
1480803878987714561
1480801482286919680
1480926754487382028
1480869823793926146
1480767200365404162
1480763138270064640
1481129748273438720
1481069766987386882
1480992496549122049
1480807809537089540
1480778494682361858
1481071296675213312
1480806045890977792
1481102565110870018
1481061167959523332
1480976948994084865
1480958123166744577
1480919737508978695
1480840271302578178
1481114268921520131
1481069295925080066
1481041588382240768
1481039013742247936
1481037834203336704
1481037291913355268
1480831039505268737
1480769296359837696
1480870503887695873
1480837905283108869
1480824512153153537
1481045190513393664
1480814031615102978
1480886753699401730
1480838913073713153
1480781295579848704
1481113338105176064
1480955734619668481
1480873755727388673
1480807724380160002
1480790668729487360
1481130015740010497
1481111344313413632
1481111102738280450
1481072382270140422
1480878456728473604
1480841648468742146
1480788506288934912
1481003457628700672
1480824870904598528
1481116549067186176
1481111590753943554
1481087700140978177
1480876253951369218
1481080962230648833
1481069233312305154
1480909961513385998
1480908556488650755
1480897484524163072
1480867914269945858
1480867450744975367
1480859048236838912
1480849784827043841
1480826587452882945
1480808256855445506
1480808105428410368
1480782911989112832
1480782278561185792
1480782256180371456
1480774313330491397
1480944249268883461
1480929743113437187
1480908186685259783
1480830802283745282
1480812433308631043
1480808242179543040
1480898557410381824
1480893523066949636
1480891756413554689
1481131427081388032
1481116241125572609
1481103921594920960
1480900739090243587
1480891046930362368
1480881324512608256
1480857052792561668
1480831520868765696
1480807707120529409
1480803872180367360
1480801668660752384
1480781968665022464
1480866676216262658
1481137653789913088
1481133988517650439
1481118377544355843
1481093271472717824
1481078429189812224
1481042868957769728
1480943750754947074
1480934890308657156
1480886485133889537
1480851425433251843
1480833254882091011
1480823897830219777
1481096029449916417
1481095329156321281
1481092212742328320
1481088485696360450
1481067669545959426
1480920955790794753
1480899059564957700
1480895239942553603
1480876636119568385
1480865077402112000
1480861139646910467
1480856712554840066
1480855058203885568
1480851988296261632
1480814876490539009
1480778051596087296
1480775098097303556
1480773486142365698
1481131621516718082
1481094957507411969
1481079871581605893
1481079654778028034
1481079480345309188
1480784856728555520
1481097827380252679
1480837889323765762
1480784120783405056
1481134309457432578
1481125971457896453
1481102429332852740
1481098634272047104
1481096895225540608
1481087513397981185
1481085399477153793
1481069143692820484
1481068002535960576
1481030891346731010
1480984393506193410
1480936349230198789
1480921665781514241
1480915195627196416
1480906761892630532
1480896774940151817
1480895093506646019
1480853783374487554
1480852721628368898
1480849830343634944
1480846829898002432
1480844788773507074
1480841754064474117
1480834838898774018
1480823962007265282
1480823171603320833
1480821602660995073
1480807792718102530
1480807064431517696
1480805460005384192
1480792217182564353
1480790648223457281
1480779805050413057
1480768727209570304
1481070405310107648
1481060764261941251
1480897788741181442
1480884181068509187
1480857111856771072
1480841012972949504
1480823651368796161
1480818493196935168
1480817290518183936
1480814602749243392
1480801953928024066
1480796006144831489
1480795638577000448
1480795023130071040
1480794652328398849
1480790253396901889
1480789761581150208
1480778034433069058
1481117242884562947
1481116587478630401
1481106836871061504
1481075747372802048
1480882875339710465
1480868966155186177
1480861081341874176
1480820286966706176
1480798736913551360
1480790156445581312
1480827596849905665
1481130119272202240
1481116414283255814
1481102995148656644
1481101714573107200
1481093937549176832
1481059600682340352
1481054632302755841
1481053621764898816
1481049261026713600
1481046730187866112
1480973291212849152
1480966139362435073
1480916866482774018
1480899853584453640
1480890785201491968
1480880677817962498
1480879889519558656
1480877767914704897
1480874699366158337
1480872878211883013
1480860997539676160
1480859050065625090
1480858124307161090
1480855384248107009
1480849104217403395
1480846251708981248
1480834240480641024
1480834000797249541
1480829032086179842
1480805773315698690
1480804694574309376
1480804126430666752
1480803791951724546
1480803208972800000
1480785173360758784
1481115317179138050
1481104109814317056
1481103502961442817
1481078732136026112
1481075445198385154
1481071855180345344
1481060767332204549
1481057004483641346
1480938856258048001
1480897736639541253
1480891227079798785
1480888250436706308
1480887756028989443
1480882419272400898
1480881765220712449
1480874777757687812
1480873462231044096
1480871702393356288
1480870745081188355
1480869343349002241
1480869250801700864
1480862318191808512
1480855998503915521
1480848260075974656
1480814219188596736
1480809154897874944
1480804713658724352
1480803957425381380
1480787295322066945
1480785521978707969
1480782081550471168
1480770008913301507
1481125182622531586
1481117555905667074
1481114277113384961
1481111300206112770
1481098288539762689
1481098279975030784
1481095073932922880
1481072630115749892
1481013410305560576
1480974389114023937
1480959559040593920
1480938138763726861
1480935003504533504
1480908478965174273
1480903275557785602
1480881636594130944
1480863355619266561
1480862878991220739
1480860701178482688
1480849048642932737
1480837661401104387
1480835009963507713
1480833990223405057
1480831985685729281
1480818821019619328
1480818796608860163
1480818791365939204
1480808217273716737
1480804236413788160
1480794519092150273
1480786661227257857
1480785517645991940
1480777854463864836
1480777488053592070
1480414645341020161
1481126696753709059
1481100085727731712
1481096659681841152
1480990392153780228
1480886072489877505
1480883409824063493
1480880342386941954
1480879647520792579
1480845966194343936
1480842705450115072
1480778803450298368
1481111495195119616
1480863766896013312
1480810180874887180
1481141902082973698
1481086172273475584
1481000595515494403
1480989622557724677
1480842308551651329
1480824796770275328
1480787970735042560
1481059144119762944
1480926400186134534
1480846888538501121
1481142222456123394
1481143077171785729
1480902491738808322
1481108783183298561
1480879764416053251
1480876713064034304
1480874176994942990
1480775276292235268
1480788347765157892
1480847233599868930
1481052781327024132
1481048949922603009
1480833825668173825
