1485101963847303168
1485100810669281281
1485094216976179202
1485085135959916546
1485085068158771200
1485080035757551616
1485079933680766979
1485079932187582466
1485079927787769858
1485075890291998720
1485075366301810693
1485066994839818241
1485066172202913797
1485056858654412801
1485054749821239296
1485054514919092229
1484938625850748928
1484884798623879168
1484881419180847105
1484868873581383681
1484867518007508992
1484867165585297409
1484865082068996096
1484859561299562496
1484850638249144325
1484849838743506947
1484847331522785280
1484845556107456512
1484837199917256705
1484826664479895554
1484823745449852929
1484818122360115202
1484811341206810626
1484804341563539456
1484801598530408452
1484795097334292481
1484786022924038146
1484765311991951361
1484761134767144962
1484759208180727809
1484758072421756934
1484756632605458432
1484756315759017987
1484752489794895872
1485090186711408643
1485081615252406274
1485081155565408258
1485081147222945794
1485070188869742593
1485062890004815872
1485061471851917315
1485058268435456001
1485052262380896257
1484954101989675010
1484943348691791874
1484942655088115713
1484917181813256192
1484909939537891331
1484907388180496388
1484887906976428033
1484884388836159492
1484883228234498052
1484878962648301573
1484878384173760516
1484860562324733954
1484850404726878212
1484840442214883328
1484838106310508551
1484836874086936576
1484835510518677504
1484835434677301252
1484835140203593728
1484833960899526656
1484832181361209346
1484831907485712385
1484825665530916867
1484821934600646659
1484821098399412224
1484820640511242241
1484819076975566849
1484818117088116741
1484811324698009607
1484800306944921601
1484800078439391232
1484793458451976193
1484793098651979777
1484783058901663748
1484780608295682048
1484780258415214600
1484779759423082501
1484776504261505024
1484938429238501380
1484854144775389186
1484744396847390721
1485093018676129792
1485087349965230080
1485060065422082053
1485046757524664320
1485016946848448514
1484935373482786816
1484893646537506820
1484869293238263811
1484867081611137025
1484851036280221697
1484835843747741697
1484832365021384708
1484823892388880387
1484800205702983680
1484793111322959873
1484788420665016324
1484767260615282691
1484761138084859905
1484752264875343874
1485093646164987911
1485069670881591296
1485069668427907073
1485062840356839427
1484791960410128385
1484791831120715778
1484782016314830850
1484778909573214210
1484774475950264322
1484773863460577282
1484770690003701761
1484757718569259012
1484744134636470275
1485096941180575745
1485096760943214595
1485095999513456640
1485084215054336006
1485079942400704513
1485079935094235136
1485016541259497472
1484939081146589186
1484938296975364100
1484934831767420931
1484904083270287362
1484880408869486596
1484877256635813893
1484874150829490179
1484859856649859073
1484858412974419974
1484855142403178496
1484853246028312577
1484842163678683138
1484828413282390020
1484816026005118976
1484814609085509636
1484811341877899265
1484795700492013572
1484781590404341761
1484772485279420417
1484767084538380289
1485101152836669443
1485094341681229824
1485094221355053056
1485094219278864387
1485090793832738816
1485078138455752710
1485078002312814596
1485077840764620803
1485075155684855808
1485073921388863499
1485069831489654784
1485069627738955777
1485066093140254723
1485058775535190016
1485050656847437824
1485049429958983680
1485047268671569922
1485047089663217666
1485046708870737923
1485045138963705860
1485043133629202435
1485034646111162368
1485032685341143040
1485026958966951936
1484995944936783872
1484970265050517506
1484951860071243776
1484936776397750283
1484933488453484546
1484928873351770112
1484925146054131714
1484917381378240516
1484916078530555904
1484908073009684481
1484907590236909573
1484896586786570243
1484886470322434048
1484876328432435204
1484869520934457346
1484868363474325510
1484861571965005824
1484859642249629696
1484858899258048513
1484851268246192129
1484850319914074116
1484848638128177154
1484848287467569154
1484845309360750596
1484843290235006978
1484836687767556099
1484829692922249222
1484828409297797121
1484826940246827014
1484819374821326848
1484816426842353669
1484815825333006336
1484815345236193281
1484814631646289927
1484814342017228805
1484813195361808384
1484812872316239874
1484811330762973185
1484806976953806848
1484806837694525440
1484806371032039425
1484804034729021440
1484799082074079234
1484798990654664707
1484796929624408066
1484787917516124164
1484784794064269314
1484783396140503044
1484781279745048583
1484780666487451648
1484780552448536576
1484780133492092929
1484775414690369537
1484774397089292291
1484773351428341761
1484773316535930881
1484773207651483651
1484771397885120512
1484768464888004609
1484763523200983042
1484756465193996288
1484756064281436160
1484750639054069762
1484749434521276419
1484748123734175748
1484747076491972618
1484744263414185984
1484743484565504003
1484901090051358720
1484778054841139208
1484769306642894853
1485103274173014016
1485102376474546176
1485102347902943236
1485101495653601283
1485100692469878788
1485097577129582592
1485096518843772928
1485096169605074946
1485092667034079236
1485092551321583620
1485091278488764416
1485090713897672705
1485089547914727427
1485089212064235520
1485088085277028354
1485087366570450945
1485087271120699392
1485085242574929920
1485085192398450690
1485084899283730434
1485084095583760385
1485083026766036995
1485082872587653120
1485082867088883712
1485081669824843777
1485080949255999496
1485079925061472257
1485079832421875714
1485079238353231872
1485078150237556740
1485076931960012800
1485075036705034240
1485074695930187777
1485073853718331393
1485073254192914435
1485073139868790784
1485073123271921664
1485072804290904064
1485070418079719426
1485068743575486464
1485067374646624258
1485066451316711425
1485063410329206784
1485063380520284162
1485062445639282688
1485061588252241921
1485058450287693831
1485057848505937923
1485053623562551298
1485051505309003782
1485050893519441921
1485048885676765187
1485047892393877506
1485047278536564737
1485046034552463361
1485045533102473219
1485044620840951808
1485044116857962496
1485030704392314881
1485027617791418368
1484977800365113344
1484953805347504128
1484952792355962880
1484949524452114432
1484947096671506432
1484944651794907139
1484944437776367616
1484941666851368961
1484932631741739014
1484928947288932353
1484920752755593221
1484920490653515776
1484915768609636355
1484915427554004995
1484913440158208004
1484912466757033985
1484911757445713922
1484907133653368832
1484906126441615363
1484904075401764866
1484904067948511235
1484903149014228993
1484900070218960900
1484899061836972032
1484897146164101120
1484895025691762692
1484890608594350082
1484889524748623880
1484889174310551553
1484888864213057538
1484887719310344194
1484886531278254082
1484885200639500288
1484884960964395009
1484884824209117185
1484883790841663491
1484882256774955015
1484877320523743232
1484874017962340352
1484873725497712643
1484873392977494022
1484871986426052614
1484871200610590720
1484868200328495108
1484867014472912897
1484863560291610625
1484863466486009858
1484863195240370179
1484862218755731459
1484860799860756482
1484858263598673920
1484856421162557444
1484854478172213248
1484854048230875137
1484851051572654080
1484845199117668360
1484844270339371009
1484843413690515459
1484842883404673024
1484842603015446529
1484842433867583490
1484841765236776960
1484840618040119297
1484839619602829312
1485102134840504321
1485100934938394630
1485100417877168128
1485098366023647234
1485097959306174464
1485097154343538688
1485096432772460549
1485095705333354499
1485095700858032129
1485092256046792704
1485089915163615233
1485087410606469121
1485085572813459463
1485084883043168261
1485084401897996292
1485084344737746949
1485080999805722624
1485080992100806658
1485080074739396612
1485079877678436353
1485078156549799940
1485077440133472257
1485077438615138305
1485077435310026752
1485075823719632897
1485074275849900036
1485073549651939331
1485070040256765953
1485069516917059584
1485062888159350784
1485062883734339586
1485058918057668612
1485057792755253249
1485057282006466560
1485056922135199744
1485056829000347649
1485052643751911426
1485048287569018880
1485041908389154818
1485037088873787393
1485032253701128194
1485030238208008192
1485027392641208321
1485026628279451650
1485024753316671489
1485013620564312066
1484978965324435461
1484963252656570368
1484946161366876163
1484938917099020290
1484938800111493121
1484932544714133504
1484931353711894534
1484930808028803074
1484927951523442689
1484920592071823364
1484917785163493377
1484917548164718597
1484913465643122689
1484912824971558918
1484911174873681920
1484911104006692867
1484910688577671168
1484908980597968897
1484908445417766913
1484906076411928577
1484904594065223683
1484903191091490820
1484903042927710211
1484902607886123014
1484898956433838081
1484897829118423040
1484894494130847747
1484891118659846147
1484890735187197953
1484886848812228615
1484886589495218179
1484884339855065093
1484884294862786560
1484882210511810560
1484878123451940866
1484876368286732292
1484874630410403842
1484867515008585735
1484867211538071555
1484865933520814082
1484865825991725065
1484864884831834113
1484864879035318276
1484864324544139269
1484861477169336320
1484860370758029315
1484859828753539078
1484858755443752960
1484858606642409472
1484858522798260229
1484857355594772483
1484854529237860353
1484853781368291339
1484852920512393216
1484852178292740096
1484851598207893507
1484851484403580929
1484850008671555584
1484849591623483395
1484849574980513794
1484849515383635968
1484849368536875010
1484847669399158784
1484846438068944899
1484846357898985472
1484845222416855048
1484845170160185350
1484845059002744835
1484843559740383237
1484842903851909123
1485093916882128898
1485083966885744643
1485083103916093445
1485080547479425025
1485080223461044224
1485077059739488264
1485074710472032261
1485073151172440066
1485058879138705409
1485058105600000000
1485047901642694656
1485040243950686214
1484968701472481280
1484950757606830080
1484934852554403842
1484930314627874818
1484929718160101378
1484921342302785536
1484908315272712195
1484907543428476931
1484906975356162052
1484906642210963457
1484903682395484162
1484900945515335681
1484898745678712832
1484883020284891144
1484882419736248320
1484882374374871042
1484882283664646148
1484881900166840324
1484881820999372808
1484881817648115713
1484881758483267586
1484880187770937344
1484879244547457028
1484873411843493889
1484871896814735361
1484866413466877963
1484861950391914500
1484855573783146497
1484852320257339392
1484848494032846852
1484846617799032834
1484839610694127616
1484839025999749122
1484838708335747073
1484838593948692480
1484827259391594502
1484826996081565703
1484826837759176710
1484825968347090946
1484822166692859909
1484819345758830593
1484818199132909573
1484815481903419393
1484810702192017414
1484806142501208067
1484805750039801860
1484803922560950272
1484803519056322562
1484785899200475139
1484783138127904773
1484780457875361792
1484778028438003712
1484777253972365313
1484777238520557573
1484774077063921664
1484770284179582981
1484769020385832960
1484767287307829253
1484765957558272001
1484753259462291457
1484753257050558467
1484751398994853897
1484751030223241216
1484750562948435969
1484743241602060290
1484739964525248513
1485095066150764546
1485091256804188161
1485070589656449025
1485057850842161153
1484923869542891520
1484923381963460614
1484918872113565696
1484917802247274500
1484907824438476804
1484902415795384324
1484879955544915973
1484877790550048768
1484857985411461122
1484850976066781189
1484848738749513728
1484848717140467716
1484826911931269122
1484823172516290561
1484816228208508931
1484782086888509441
1484767448318500865
1484766401638580224
1484765400655331331
1484762325974659073
1484744995492229125
1485081639458045955
1485076607585091588
1485070599580188672
1484953844715257857
1484912757711728641
1484887170884444171
1484881908677095440
1484753185395081216
1485055739765092354
1484933137528664065
1484927074985033737
1484924960875646977
1484915116642811907
1484907001344061451
1484890070536495106
1484877988818989057
1484865761550417922
1484850752766214147
1484832845516652545
1484828946248376321
1484809780187504644
1484777953552891905
1484743640715259908
1485100856853012482
1485098981843935233
1485092024873365507
1485084882686685190
1485079379449638912
1485079124805058562
1485067529953644544
1485056000243937288
1485051163007324160
1485043708018163718
1485043614380036097
1485020609273036802
1484947215919755264
1484942262559993856
1484931524902678530
1484910015354122244
1484904528546009090
1484885850907639812
1484846120316846081
1484843436864045059
1484842217454075906
1484835639996841992
1484832529786241025
1484828285108637696
1484828206612033539
1484823310143680513
1484821052622778373
1484805551263739904
1484804752164765697
1484798640233541634
1484792835903733762
1484790592471470080
1484790460757409792
1484787464019787779
1484783536477732865
1484779747414478849
1484770124880134145
1484749111178182657
1484740321271762947
1485033532166918147
1484847931773833218
1485097433088798721
1485103397326196744
1484784019141455874
1484746556771545088
1485096938555187204
1484923126438035456
1485097180067028993
1484901470332133379
1485088414370127873
1485062734039650305
1485052417914052608
1485052415917588482
1484794253855567873
1484756640285212673
1484884127065452546
1484817142898126848
1484775577504849938
1484784656826642432
1485091109185662976
1485076459811393537
1485070638868238336
1485064486075908100
1484897071865860097
1484803718558392324
1484768226454425603
1485097524356841472
1484906905390977024
1484901468142735360
1484821074135384065
1484803376450007042
1484791933180706817
1484772534214344706
1484754954477010947
1484745789067108354
1484743953174138880
1485094529812537347
1484981756193394688
1484911437739077634
1484861124567003138
1484769597052305408
1484870698405621761
1485100911718727682
1484808132367118337
1484801519753269250
1485042100203044865
1484987546958708736
1484838972987965440
1484823990908887041
1485083341686984708
1484842176928698370
1485103715124080641
1485091705003319299
1485082844657766401
1485080568891318278
1485080158642253827
1485064279519002627
1484988697083019264
1484823541094961153
1484755062748741632
1485100818949095426
1485066982190100481
1484931927887220737
1484843484708503554
1484759173590302721
1485056855999381510
1485035408497180672
1484827989976436736
1484812747745669122
1484794645888794626
1485066980277497859
1485077159387746306
1484853396649967616
1484809045152505859
1484762670125715457
1484771794712432640
1484832844597784579
1484773708258775040
1485098590716706820
1485048864038354946
1484906613500743683
1484841227631853568
1484841221747261442
1484823727464681475
1485087944742678534
1485108467870613505
1484908502640623618
1484795353182633984
1484878516516962306
1484895636655083521
1484793884190605313
1485025690240286724
1484851645557383168
1484777675608985600
1484829301707264000
1484759159212220421
1485095312373202949
1485094358647189504
1485088158983528448
1485057375581380608
1485052254646583298
1485012685783957506
1484919075130441731
1484886995466092551
1484878551010914307
1484875445187538945
1484875283853606912
1484873590558584839
1484851306510839810
1484846184217083906
1484837934742540288
1484835732564975617
1484802734578888705
1484788885800783875
1484782884304998402
1484766249691533318
1484748086870441987
1485046733956857856
1484831882374434818
1484837222625218561
1484845587183054852
1484819130171944965
1485082939373539330
1485082059832176642
1484934131276566536
1484756246972764160
1484791492967563267
1484767742662426624
1485100976264839169
1484921773045219336
1484881361010069509
1484857080095727617
1484848281599750144
1484812103857090562
1484799356989489157
1484778218880385025
1484747507796426755
1484747375008960512
1484929479361568773
1484845417263427587
1484780931731038211
1485085796734746624
1484915441491648515
1484768162860380161
1484922854202552320
1484768997015171076
1485105107016437765
1484903878684733449
1484789689584341002
1484905994270707716
1484903799823421443
1484796747566452741
1484787328287920131
1485077471808884737
1485025998836215809
1484904225499136002
1484903473154240519
1484902997469839360
1484902196357791749
1484902195632173057
1484789570256646145
1484874224838012933
1485077246230822914
1485104968420200448
1485041383094497280
1485085064350564352
1485054784898240515
1485024596940431360
1484916573022433281
1484813548752879619
1484788509596880896
1484783133333798916
1484752790895628289
1484844224164282369
1484814544430313474
1484785097392136195
1484782951523307520
1485089194418786305
1485038203015151619
1484892456110149634
1484872716469813252
1484776462507192320
1485051796003655682
1484843615528849413
1484828986052329474
1484821156922540032
1485113404964896771
1485092586499227650
1485031665710043136
1484957108613545990
1484914327048323076
1484876795791167489
1484825982356066306
1484756428485443584
1485087253114531845
1485068350837628930
1485050500525756416
1485049735526612994
1485049182969040896
1485048571657621504
1484999581637226502
1484915150859956227
1484895773863350274
1484878536456675328
1484848915111616515
1484841907172016129
1484829616799993860
1484825452107624448
1484810938096435203
1484774628740706304
1485060032631013377
1484977371828867072
1484888877274112002
1484847919010394118
1484830060154884096
1484792472094273539
1484768350278660097
1484956409527947265
1484871114195365895
1484839237350727683
1484814396467871744
1484868118942208000
1485108212961771521
1485084160025042950
1484946771239653378
1484932990807703558
1484813174516097024
1484771628433264640
1484930634108014597
1484779485300162560
1484833375525675008
1484894973975998477
1485056208390467584
1484875040613343241
1484874029987414018
1485098236033789952
1485055932438495232
1484946553337188353
1484893406006747136
1485065517685948418
1484883909959905289
1484783940745699328
1485088714175168513
1485086166764630018
1485075369221066754
1485027243739205634
1484898030340153347
1484891385027530754
1484890572678901762
1484832723252686850
1484802722981367812
1484798817648398341
1484783909489750018
1484780825065684992
1484775182732791808
1484762772655456256
1485118258584100865
1485031341083488256
1484921675930304514
1484916618262360066
1484909079869140994
1484895283335286784
1484890439664685063
1484882927838429188
1484868780300042246
1484851459686801408
1484849896243232768
1484838300745859073
1484835077217722370
1484829294589526024
1484817678405898240
1484817629642895360
1484802903013732355
1484801589605208067
1484776117504720897
1484772792298278914
1484771233850073092
1484867191619338241
1484859167324184577
1484804212358021125
1484936931817693185
1485058085131780096
1485013507783655424
1484928800668655616
1484803328106438659
1485085692464365568
1485078986153938945
1485064789055635456
1484849324442132481
1484805304630276098
1484786159868051459
1485109640920985600
1485108049895641089
1485107503004553217
1485105780642754561
1485084738461536258
1485024026175340545
1484957902704373761
1484855825302978564
1484815481555292165
1484813810859143169
1484808306703179778
1485109467331309570
1484807899285450756
1484797599932882945
1485113739708080129
1485039143113850880
1484904649245478916
1484848950889054208
1485101063162449921
1485089285124800513
1485081718873018370
1485071129559515141
1485070524418244609
1485068773833211907
1485061182080045056
1485021892042170368
1485020446349496323
1484937183513710592
1484936886162714624
1484927807512018944
1484927524971098112
1484888301509419009
1484881547069394946
1484838653767860224
1484806126659342339
1484799832892252162
1484793078435426307
1484785074575142919
1484771215479050241
1484769686579716098
1484980849217261570
1485112913753182210
1485094485084499968
1485079847374561282
1485078241564315650
1485077878685376512
1485075887335047171
1485069402517438466
1485052453867618307
1485043963744899075
1485039650788241410
1484902234291060737
1484867122774024193
1484838057446879233
1484830095689011201
1484828727704158215
1484827996242722816
1484818895903277061
1484815667740426243
1484815044261330945
1484805787696648192
1484791796563853315
1484791066838839297
1484784897143488513
1484775116349521920
1484763967772053505
1484756656609464320
1485117147286507528
1485113085530886144
1485105169839038464
1485104731085484036
1485086426714701825
1485068114857717760
1485061617104859137
1485059481700802560
1485055993918922752
1485037512003579907
1484929015568019464
1484925190614450179
1484918438128943104
1484915401729646592
1484909319435202560
1484908117641297921
1484907490097745924
1484897818607484928
1484886585225392133
1484886160463872007
1484880586989006849
1484869272442908674
1484867190289416192
1484866126584889352
1484845611963019267
1484844137275101187
1484843691886133250
1484835893257338883
1484832843792621570
1484830445925957633
1484826432140414983
1484826383734177793
1484821334836547584
1484820160968294407
1484818418180452354
1484815584387039241
1484814464289746953
1484813156371566592
1484812310179106818
1484807624524955649
1484806079234347009
1484804230380941314
1484785304095854594
1485099979416997891
1485083809595146241
1485079300327952386
1484973777767309314
1484896281260879872
1484886655840702469
1484835687635746818
1484829416903815168
1484808262013063172
1484804023538839553
1484782031964094466
1484754985737134080
1485101301755420674
1485018534086586368
1484959732716929026
1484871905928953860
1484855043505680386
1484814395800944647
1484785631180226560
1484784681887608836
1484779286943141891
1485066765487190017
1485059906269216770
1484873542718357504
1485086437225598980
1485086405579526149
1485069623313989639
1484939534614016001
1484835897128660997
1484962355578806273
1484962265690705921
1484802863142699010
1484934893423710215
1484794124599709696
1485095561460355073
1485033179732127744
1484864971448397824
1484863600980537345
1484862687146569729
1484852077130301440
1484807086668394497
1485067693963509760
