1483282845959614467
1483281691288682497
1483281265835253760
1483279181161328641
1483278645586448385
1483273148112031747
1483271984503226370
1483270399299588099
1483264107319283712
1483262190442676232
1483261731267031042
1483260270449692673
1483258047908970496
1483256396993142785
1483253997628977153
1483252570932256769
1483251366550454275
1483250302023356418
1483250173732335616
1483249285433290753
1483247655321223170
1483244216222633984
1483242688233480193
1483242660420849665
1483238263167283201
1483236867692961795
1483234286849474560
1483228565496016897
1483227888400756739
1483227785502019589
1483227496724447236
1483226721285713921
1483214844417699840
1483201398259220483
1483170872995241984
1483169460362301446
1483164637483139072
1483162330116792320
1483155311154573312
1483149525946859520
1483148154791165952
1483144428932198402
1483141275939655680
1483140380912926720
1483128439754625024
1483125978981605376
1483122782112477189
1483117135631372289
1483110903742889984
1483090091082121220
1483088836972675072
1483087503012016128
1483085357931507715
1483084930381131781
1483078980882558980
1483078105921388551
1483076149039484928
1483073271180320769
1483070823871422467
1483070307129004036
1483069570097487884
1483068957368385538
1483067489563348993
1483067328489488385
1483064931566374914
1483064168895115265
1483060475374206977
1483053972990885891
1483053370651066382
1483053304922120192
1483053149233750025
1483051909909204995
1483050107998457857
1483050076943847425
1483049971519979521
1483047336800833543
1483046312996372483
1483046052689514496
1483045575918747648
1483045481735688193
1483041586816876548
1483035255624077314
1483031861547139076
1483030826137047041
1483029745348788226
1483028688648425475
1483027882767417349
1483026639466471428
1483024483296624646
1483022902752845834
1483020310316470278
1483019487247233029
1483017286466535426
1483016502010060800
1483016494137380866
1483016488676372482
1483015313960878081
1483011280013492231
1483010242346885121
1483010021919444994
1483009500344995840
1483008708728733696
1483006889810366469
1483005436454662146
1483005324869382153
1483001451651936257
1482993587478740992
1482993107310624770
1482993043553030144
1482989941932322817
1482989627711660036
1482984729330995206
1482984439202254848
1482979584446701568
1482973776577196032
1482970050047143936
1482965173862531078
1482961374779437057
1482960939964338176
1482960522714955778
1482958627652931585
1482958210516787208
1482958203193524227
1482957977061851136
1482957767279509510
1482957041316798470
1482953483494227969
1482953049387970563
1482952593676845060
1482951370034782212
1482950925975437314
1482950424949059585
1482949001163186176
1482948635910623236
1482948280153939971
1482946932645703683
1482945788817068033
1482945643081777153
1482945562668580864
1482943494641823746
1482942617285722113
1482942207451856901
1482941822846791680
1482941343773368321
1482941278946205697
1482937974031798274
1482937744313978881
1482936593707335680
1482933974557413377
1483077269513986059
1483287511535603723
1483287472897675264
1483282277774016515
1483274125271773185
1483271545594458113
1483271349275889668
1483269197165916165
1483258687938777088
1483258679814402048
1483258165332705281
1483256140972834816
1483255323888852992
1483255084310011916
1483243839540580352
1483232596180213760
1483232529591451648
1483219506420137988
1483207302174097408
1483204823462060033
1483201310216552452
1483149940885188610
1483133627575975937
1483133325120512003
1483128496109064203
1483124108648923140
1483119036129230855
1483113458036264962
1483086642445688832
1483085603185258506
1483082731399618560
1483074460223774722
1483072566743150597
1483068939601022977
1483054754121281536
1483045159973847044
1483033371609804807
1483031844379455493
1483027249838567426
1483022909518258176
1483022047026749441
1483021510826954753
1483017277134221318
1483016237852786688
1483015502171901953
1483012601307365378
1483010630705881098
1483010579602472960
1483003792488550400
1483003533016596480
1483001191223406595
1483000222171033602
1482996430705139714
1482986949577261066
1482986942648180736
1482985767530295297
1482983659087233026
1482977606215802880
1482966565037527041
1482964744843952128
1482961318873542657
1482955687051542528
1482951334492254212
1482942341875134467
1482941247639949313
1482939671831547908
1482938931541065732
1482938031774760962
1482935040669777920
1483261529055440897
1483010758619582467
1483000943948230658
1482994265726722052
1482992939110637569
1482992070340255745
1482986156287356928
1482967463360966659
1482943170464092162
1483283548790747137
1483281287293321221
1483273345550680065
1483271353566662658
1483262492965224448
1483258910387875844
1483251432552017926
1483246960178253824
1483216695645057024
1483112945542635522
1483112024444121090
1483104306639536131
1483067918435090440
1483056149855608833
1483052762254704640
1483045872363794434
1483039926224850946
1483038927749787649
1483036233953652737
1483018958496501768
1483015586821337091
1483010007692378120
1483000207562674193
1482991266103455745
1482990944618446848
1482990185902411781
1482987027864109059
1482971435492855812
1482966720788992008
1482960622912667650
1482956454206517248
1483212148742721539
1483077866544066564
1483031534403985416
1483030385999360002
1482994416289992706
1482993392439394309
1483285739375042564
1483273145339748356
1483264156786900994
1483260863834648578
1483249640229474304
1483246510934532098
1483245771470217226
1483238045172527106
1483236495050043392
1483226624305025026
1483216971277963265
1483152811944996864
1483084194792177667
1483066766880550918
1483062504955817985
1483060273988915202
1483050555757182978
1483050372805836801
1483050228802781184
1483049866305896454
1483042177848856576
1483041613114970117
1483028903908167682
1483023795573215240
1483022587190198275
1483019167787851776
1483016372578037761
1483011847389577216
1483003079314534404
1482996836147560448
1482995209357389824
1482994184181227521
1482990602132557824
1482989552000278532
1482984929437052928
1482984732225064962
1482984300631183365
1482983315179446275
1482983060568440832
1482982863943643136
1482982853285920771
1482965017062703104
1482962825186525184
1482945176394166272
1482944252741296128
1482943155075174401
1482938093544288257
1483288062247550979
1483286853801627648
1483285964529098758
1483285894916624384
1483285890579709953
1483285479479214081
1483281798214090756
1483280466258333708
1483278703635615747
1483276222285053952
1483275529252130823
1483271957139574785
1483271514007179264
1483268098069528576
1483266678486351874
1483262245757140992
1483258044385755137
1483256619333218306
1483256248682561538
1483255853541380097
1483248688671911937
1483248374686322690
1483245702742687746
1483232211860324354
1483230846874427392
1483222052593348608
1483220437039742977
1483216969596026880
1483214842563809280
1483202835420676096
1483202628100456448
1483192650002018307
1483152795377496065
1483152793854943233
1483147674954375168
1483144063230803968
1483141016706510848
1483140104235667456
1483124524019511296
1483121176369307651
1483118126388891650
1483111201773342721
1483107130899333121
1483098619855400962
1483098572786909184
1483098285531602944
1483096539102736391
1483088074376892418
1483085071196516352
1483080157112209414
1483077868498604035
1483076823538110470
1483074768677269506
1483074376774094851
1483072304586571779
1483071182538969092
1483064819356147712
1483063583001186309
1483061523354460162
1483061386880372737
1483055544944717826
1483048789523169282
1483046422128001025
1483034380486459394
1483034190681866242
1483032730925682692
1483029763883417600
1483023574797799427
1483023354626179075
1483021357130862595
1483021342111039492
1483019480859308036
1483016969041616896
1483016492019228673
1483015512678617088
1483015385394073601
1483015192825188354
1483013651628171265
1483013518526132225
1483012990324539392
1483012011655327745
1483008706841174016
1483008430202040323
1483005917042200583
1483003533268221953
1483002032093282310
1483001095857541124
1482999882596364288
1482999278218149888
1482997533303803907
1482995042608648196
1482993457954443264
1482991069969399809
1482990091492421634
1482985937445425155
1482983449464291330
1482980077633638400
1482977109211762689
1482975217651798016
1482974368963895296
1482974258821480451
1482972841842999297
1482972200479371267
1482969186209247234
1482964719103516674
1482961984346025993
1482961646037639172
1482961316826710019
1482957519643619328
1482957221999050754
1482956666530582529
1482954668774879238
1482946700096716803
1482944478218698755
1482944446883074048
1482943601680482305
1482941002587734016
1483283286084698113
1483273019758092288
1483261439209242626
1483254943272296448
1483213301471674368
1483197563272843265
1483104771888533505
1483099786970804226
1483087127613427712
1483076944044630020
1483073359059783686
1483009014757990402
1483008839356198916
1482992881208016896
1482992780817358850
1482982619235360769
1482978480497504258
1482977748230766593
1482973731580379140
1482971055476072449
1482965638922784768
1482960385674137601
1482956094804996100
1482949170004742144
1482943957189685254
1483288307014725633
1483288270780125191
1483287755950276613
1483285108690153472
1483284703805591553
1483284701624565765
1483284612969545728
1483283934939070465
1483282261252653060
1483281820867510272
1483281459553406979
1483278948968861701
1483278333760933891
1483278000733171712
1483277608632844292
1483276110473404420
1483274816136544258
1483274195375378436
1483270127680626698
1483269506164469761
1483269249275940865
1483265902925983745
1483265280021528576
1483261610391220226
1483260775947190272
1483260191223447553
1483259779305066496
1483258908479492102
1483248342553731072
1483246413777891333
1483244069401030656
1483243757692588034
1483242459086098432
1483241477837029376
1483238136587374593
1483233167523807233
1483233058212167684
1483228478170615813
1483224368922906626
1483222530618163201
1483214426509803520
1483213346031955969
1483166061826830336
1483165150375182340
1483147759641591808
1483146880809058308
1483130834433748994
1483127618174337025
1483117472446545921
1483114904106442756
1483114605174231043
1483108941714309125
1483107081293299713
1483106238846345216
1483104090607726593
1483100416959463426
1483099475115900928
1483098611609227267
1483097591684677633
1483096904733196290
1483094768041492480
1483091155411935234
1483087021564641280
1483082917840846852
1483080155442876423
1483079836164042753
1483079805654700033
1483079121442082816
1483076908946321412
1483076061730832384
1483075501241802755
1483073657417400323
1483070625560547334
1483069291729932292
1483068881896095747
1483064486907252739
1483064121776291848
1483061341984559107
1483061309897723910
1483057904898887682
1483057897911492613
1483057832966901760
1483057442858881027
1483053904376246275
1483053753993678848
1483053629573853187
1483049882638516225
1483049703755649031
1483047010010034185
1483046448040140801
1483044447416123393
1483044094951960576
1483042010902962184
1483041056900149252
1483038902177136640
1483036464229515266
1483035956227702790
1483034993505054722
1483034874462507008
1483034741293326337
1483034497310670853
1483034069156118536
1483033000615022593
1483032966842687493
1483031884435435522
1483031580625207296
1483030982743977991
1483029882208948225
1483029522044026888
1483027673060614148
1483024982712397828
1483024234343723009
1483023731408904195
1483023027734413312
1483288106996760576
1483287169955291138
1483285481404366849
1483285043091218433
1483284626798166019
1483283432184901635
1483283335086493697
1483272961918476292
1483272226845917184
1483269463709720578
1483269412732174340
1483266901631713281
1483266523355828224
1483266140344549376
1483264755305676802
1483264700716847104
1483264295547060225
1483263666535690242
1483262048884916232
1483261582100807680
1483260147221016576
1483259575461908480
1483259530444439553
1483258565267984385
1483258557445578752
1483258224635572226
1483257574325878785
1483256213752090624
1483256136333955072
1483252442167148547
1483248195874717696
1483247912838926338
1483247131654000640
1483245891117281281
1483245268464066567
1483243370336354304
1483243194733445120
1483242951577071616
1483240988512747523
1483240250554347521
1483235077785980933
1483233662049357824
1483230718989770754
1483227153957212160
1483224162034683905
1483218340256845825
1483215379925446656
1483197487867469825
1483184120557621251
1483166729841016832
1483146207388377089
1483144586528985088
1483138384738807809
1483132633635000321
1483124652113559552
1483119816684703747
1483117833844367365
1483116623213080579
1483115631516041219
1483115337747148805
1483114540011192322
1483113496212836353
1483110268234514433
1483107615513088002
1483104162456170497
1483103405304389636
1483100695255392257
1483091512183312388
1483087130897584135
1483084423847415810
1483081948084191232
1483078660232192001
1483078317477888007
1483077026559164420
1483076668864753673
1483072751346741251
1483071183642054658
1483070673639845895
1483070186307854337
1483067912806350848
1483067878375305221
1483063066992410629
1483060725845471232
1483060563257491463
1483060198520541186
1483058140489076736
1483055317114044417
1483055024033103878
1483053805873033216
1483051040337723392
1483048399922667524
1483047405037965312
1483046707734904835
1483045826742022144
1483043786267959297
1483040786241527809
1483040345583919106
1483037146437271553
1483037123490254849
1483036167113220100
1483035836908466176
1483035750123900929
1483035042129805319
1483034918393618436
1483034582224351232
1483033880911556611
1483032678064664579
1483026492133371912
1483023868218740736
1483022646220849153
1483278087253274624
1483277598486835200
1483276428947095552
1483258134936580099
1483257075623133185
1483248756464451589
1483247072497500160
1483245227196678146
1483241058578411526
1483226416355627008
1483222357464739841
1483220841668431877
1483163341535444992
1483160492273442816
1483142014724354048
1483116765328850944
1483103994289717249
1483099300494450691
1483098775132721162
1483087429360054272
1483078526899462149
1483078123898150913
1483076554926477312
1483076487284916225
1483073510977445889
1483068639884746753
1483061853668659202
1483052633938350083
1483050803586039812
1483048653703217153
1483048492201553921
1483043115770720260
1483039094695673860
1483038872653430787
1483032308307591181
1483021680809476096
1483019009083977733
1483016573103525889
1483014845943676928
1482998246486450180
1482997292269514755
1482996942376673285
1482995570608578560
1482988324877123584
1482982135636332545
1482981201803870213
1482976167334678535
1482975994554331137
1482973154092134400
1482953946264371200
1482952234824769537
1482951941584207873
1482948939011993602
1482946081596272640
1482943459170582535
1482940489389129728
1482935671719600130
1483286713963520003
1483284219841630211
1483283500686258183
1483281644186632193
1483281568370401283
1483272998035812358
1483268083628507136
1483267786646618117
1483261505265041411
1483144498381455360
1483124922298028032
1483109176440410117
1483096921396760578
1483069092697448449
1483057040612532230
1483021246170341378
1483008884919123971
1483008661547286530
1483005406574448641
1482993313305317378
1482973330882052097
1482962365549543427
1482955703241555968
1482951814974947328
1482951530672435200
1482946952019214336
1482632860616249350
1483123120144003072
1483269374748524545
1482657112211996677
1483245587441283074
1483063481339629572
1483039915676151811
1483037432761450497
1483007749059334152
1483005451063402501
1482972694249611264
1482970481435484161
1482957917532073988
1482947528337534980
1482944214652813313
1482944056485609473
1483270309272711168
1483267271120551939
1483255723043995650
1483239728086679552
1483225583291342849
1483223619681808385
1483165913776267264
1483164904500695041
1483164890911150083
1483160203147489284
1483152304992063488
1483142985709912064
1483136401189531649
1483115498099593217
1483104783552905220
1483099792884793347
1483080281540395018
1483072505774751744
1483071011503620097
1483067138172723204
1483063851214336002
1483059261592588288
1483058824013807616
1483049746407505922
1483048859828092929
1483018052619104258
1483010240098729984
1483002948624203777
1482960861988028418
1482956326917804036
1482944451987537922
1482942996832481280
1482935935138676738
1483288246054699011
1483258126736723971
1483246273629388805
1483234887771783171
1483232538303012868
1483226268166651904
1483218576312258560
1483217666383159296
1483213323755978755
1483098548225056775
1483088804777177091
1483088350257233926
1483087132734660609
1483081452879495169
1483081432985927681
1483074590092185608
1483063988334505986
1483052329255714818
1483051935767089156
1483046669310701570
1483044268621312003
1483038719506776069
1483029591606575104
1483019278290804736
1483002465142571011
1483001872046768128
1482999388352172034
1482989222739197952
1482987444836651008
1482982370668322817
1482978981448421378
1482971782726717440
1482962298327158794
1482961741311275011
1482956097510318083
1483266298050416641
1483020301672026118
1483218565751013377
1483066101865283586
1483012986134724610
1482975258974240770
1482992624264826881
1483229084893454339
1483065832637108226
1483143198914781184
1482955833839599616
1483093029439574021
1483015928418025473
1482994113691930627
1483276587831558144
1483253916892827648
1483238767565885441
1483090620352974850
1482998680596938755
1482952801215197190
1483245797357625346
1483072851964207107
1483007457886674945
1482987269242101761
1482975177344716802
1482989520958410753
1482988269289996288
1482986604956626950
1482963884881313792
1483233458034188288
1482963080099557376
1482949789583298560
1482938450483777538
1482970068464332802
1483104091580493825
1483080749985452039
1483068991862370308
1483013160907198464
1483011056725532684
1482973203572031488
1482972477735292929
1483262380486578177
1483018135448203267
1483001203839868929
1482948155486646275
1483224244008140800
1483050650133233669
1483048831650775043
1483005772112220169
1483251498826231808
1483055135031177223
1482956152581550080
1482940853157244928
1482966911260688385
1483276276832288769
1483119648178851840
1483217379182235648
1483113097451929607
1482979819298357251
1482969948331061249
1483266777329061888
1483256086320889856
1483250409351581696
1483109237131997184
1483019474320359434
1482959076623794179
1482947127546630145
1483251390902579204
1483044471621447684
1483283118752923651
1483262654764711936
1482970434027294721
1483272344978489344
1483265300716204033
1483257317940666374
1483255815473885184
1483146409868394496
1483099899579486211
1483035839576014861
1483028263635386373
1482993197307547649
1482937715524247557
1482994924102762499
1483043173760835584
1483273490438713347
1483236426409910277
1483290599255986176
1483281164207296514
1483034673978626053
1482980402453422080
1482948562787123204
1483290615223783427
1483286034238808068
1483078927698792453
1483063729570738185
1483018218663211010
1483013462502809602
1483013448326070273
1483006746134474753
1483004898795229185
1483281181533941763
1483262114546728964
1483055151938424835
1483053117059248129
1483034116769861639
1482966174635749388
1483098197241532424
1483043488795365380
1482948682039590912
1483266104957206530
1483091986131599360
1483247572496306178
1483205164249268227
1483090737696997380
1483081449016545281
1482943227112333313
1483083181741854721
1483257993282322435
1482977370567213057
1483022510920650752
1483290046824587265
1483230841195360256
1483213227345723395
1483190634010001409
1483107683662446597
1483090173697359878
1483022667926372353
1483291774835904514
1483275489636925440
1483251958660349953
1483182668691165184
1483059679983210498
1483000845608566788
1483261562312097792
1483107397795454977
1483088756580118528
1483083189941768192
1483078270375821315
1483075251051560961
1483073360255139842
1483066775898320896
1483063280335994881
1483052458197012487
1483031344552812545
1482986046564433922
1482984574754107395
1482970273809059840
1483261983571197958
1483242398008614912
1483291665012248577
1483289236740911104
1483094835674648585
1483047274691567618
1483251563858898959
1483247318376017920
1483097283373805570
1482960141352062976
1483094479083302912
1483092518183260164
1483047079165726720
1482984580441571328
1483137254084255745
1483086331421270016
1483055866484236293
1482980987739025408
1482957655207739393
1483079785652039687
1482989585772998657
1483280595002474502
1483280270145261571
1483246539149836289
1482970715892887560
1482987476566355972
1483273813039390722
1483268110572732419
1483261665332588544
1483234292033798144
1483212600053989378
1483063609291083784
1483035168852287490
1483027558409326596
1483025532317212673
1483023647124365315
1482968702072999938
1482943484298416133
1482943313359654912
1483253979668938752
1483028740385144835
1483016164154679296
1483012980006854666
1482987470690131968
1482970248781664257
1482968197397901312
1482962574291640320
1482950706663661569
1483100080962158595
1483032166020055047
1483240607112118276
1483234566307741696
1483088585343799296
1482948536224587781
1483016485249622016
1482997467562258433
1483090731442978818
1483102398021537793
1482997938448396288
1483106773188120576
1483032864442978304
1482976780604833792
1483090307788931076
1483088466464632833
1483088287170723846
1483087389870653440
1483087389010833417
1482998245970554882
1483152954685333506
1483273384444436488
1483247964554694661
1483242869305778180
1483230823973527553
1483213279162138624
1483061842948026369
1483032321347715073
1483027022528249857
1483001710880911361
1483288044614856704
1483149544875606020
1483115215688704002
1483071851819835393
1483052144773185537
1483027561831870467
1482391624995213315
1483281193328332804
1483258879102570499
1483258154326831104
1483249740754329600
1483083060736569344
1483042677579206659
1483015319438622722
1482989109975326724
1482981653085843458
1483251185155022856
1483104500303134720
1483067568063942659
1482975551254306826
1482959696458039296
1482948669007863808
1483275241921314819
1483269737358700546
1483269304082923523
1483178489213853700
1483076139081863170
1483061725599772672
1483035994857537537
1483022258897833984
1482964753693945857
1483282400751022082
1483095059151339526
1483094772059615235
1483082620204625923
1483057592561958917
1483261667660398594
1483146048285589517
1483106560054562822
1483021255867789313
1483008289474748422
1482973032889319433
1483039453354786816
1483280040892968963
1483075139264786440
1483062086314119168
1483299182408781825
1483289012894797824
1483014790884724736
1482968584607657989
1483292279246712836
1483262749216219136
1483077496333807621
1482989870461366272
1483049877739569158
1483303143970865157
1483293772272529412
1483273023918845955
1483265121984348161
1483174341101887488
1483100670085722115
1483098716890607617
1483040724715446273
1482952318694096898
1483293904225312769
1483275479339913216
1483261276071636993
1483260471109369858
1483087658343489539
1483077634888466432
1483037021681897475
1483025778795499520
1482987460934397952
1483233125438484480
1483220693408186368
1483090702229975048
1483057589101686784
1483038659574075394
1482969195029544962
1483297707628593159
1483283637164740609
1483266042684067842
1483255928275476481
1483234267648110592
1483169570911580160
1482989142179201024
1482985475543814144
1482950598475804672
1483303137415172096
1483303135716454402
1483050663751737348
1483031726511505410
1483022407669792769
1482999158936006656
1482984595251679232
1483293561240317952
1483014385643958276
1483082908730814470
1483073731992100866
1482968854544658434
1483255297049493505
1483090347689652224
1483015318096453637
1483301903237001217
1483289512721924097
1483282824891629569
1483255182456913920
1483185861718339584
1483128476811292672
1483103893018247175
1483098357686222854
1483098014785093632
1483094876023844865
1483069662388965380
1483044623723692032
1483039551937736706
1483037612202168322
1483023623581761536
1483014723235119105
1483008579007401990
1483004933532418049
1483293988559884288
1483267721769152517
1483133986406866944
1483071931809091589
1483066642678845441
1483046979827806208
1483025469628895233
1482984695113863168
1483017827993153537
1482998884117118977
1482992891928924160
1483279477648273410
1483049055052009476
1483006273159573507
1483294828079517699
1483294764535795713
1483292526530670593
1483290030244532225
1483289720319012869
1483284666530791424
1483250981777604608
1483249537359958017
1483248071291322368
1483246779647000576
1483246683245125634
1483221076977262594
1483149015768530946
1483118489582055424
1483112159513288707
1483110985657614342
1483094563321483268
1483091599722696711
1483055226966134789
1483049824237015041
1483043392280219648
1482999688727261184
1482998302220042241
1482996245061054467
1482965197006712834
1482963018522759171
1483113769979236353
1483113198282997760
1483298364318171141
1483295524715638794
1483295324139827201
1483286808821891074
1483285858165927937
1483280411136774150
1483279090799251462
1483264766965841922
1483262393342136320
1483257694786297861
1483242722463203328
1483236007567069185
1483213716170895362
1483195688599310336
1483194814334369792
1483110162638737409
1483102841061638150
1483100887379693573
1483100605564350468
1483097275370917890
1483092721627975682
1483084350568923146
1483081885765218305
1483043204509634560
1483042782449385473
1483023076703215617
1483017315864449024
1482990235881713664
1482982401945260032
1482980705563181056
1482971910640381952
1482971186904842240
1482971060496928768
1482950328790429697
1483288643842322436
1483284598037827589
1483251507491262465
1483246168649998339
1483243718065147905
1483123942143496197
1483090967435657220
1483066841212030977
1483051201671593986
1483038346222137346
1483008237607788546
1482996855156113410
1482991860952231941
1482974703803572224
1482955364547297287
1483247372771926016
1483240145201823744
1483163850413383680
1483139923339264003
1483115512775462913
1483092149751402499
1483080628409352199
1483076036036542466
1483054341733101568
1483051790988115977
1483048701056946183
1483046717453119488
1483021692419321857
1483015374560194560
1483014281872703494
1483011285277356032
1482990086987956229
1482950703031386112
1483256610307080198
1483116345864912897
1482951171652595714
1483254463033135109
1483294142583422979
1483290309530624000
1483268644679344134
1483263817081835520
1483166741375107075
1483102828684283905
1483041866182721544
1482999559949524994
1483293197766127619
1483096565019725825
1483050978052296705
1483305855621935104
1483304607980060673
1483304606302339074
1483218776271507456
1483285779749425152
1483284512994127876
1483268019208220677
1483267412070125570
1483028797662576640
1483227404185538562
1483152250549989377
1482992830369140745
1483053614788902914
1482994884256894977
1483242443256795136
1482955152172920833
1483263945624670209
1483117815347703809
1483027059127783428
1482960823681445893
1483200473763315713
1483278054252507137
1483017831793197057
