1478576587306004480
1478574630377902080
1478572862520713216
1478571751067963392
1478571181003337732
1478568156910145536
1478566523115479042
1478564511132962816
1478564122593660930
1478562165107924997
1478561211876737031
1478558474678145027
1478549732347695107
1478549131991793668
1478546993978896386
1478545846379573248
1478541988668473344
1478538849026379781
1478538602124480513
1478538149672329217
1478536129544527874
1478532822671376386
1478531577940488196
1478528160522141696
1478506902698946561
1478506563295870979
1478502315166351360
1478499857648082945
1478497427082543104
1478478590303821828
1478423701217427457
1478416346069094400
1478405374201925635
1478403555027341316
1478403108023595009
1478398101161402372
1478398004361150475
1478396324517134351
1478394956918239239
1478392587543322630
1478391298763726862
1478388574907154434
1478387937557553156
1478384142127714306
1478383652950229004
1478383421214887936
1478383289836740613
1478377947220393996
1478377813006856199
1478372289896931334
1478370420373868547
1478368770246672394
1478367080009256961
1478366550306406408
1478362792092528641
1478360226789146627
1478358502972465152
1478357632486305793
1478348646261293060
1478347940385079296
1478346229331349505
1478344158590881793
1478340940385243136
1478340545776922624
1478340345696038913
1478340216142413830
1478338497987579905
1478335910076829699
1478333286543884288
1478333187528945665
1478331178704719872
1478330453220200448
1478329817489494020
1478325920683364352
1478322768118571010
1478321888195538947
1478319525489643527
1478319270513709056
1478309456366632961
1478308976664195074
1478308292988309506
1478306679313764355
1478305041454809088
1478304617465147392
1478300648995110915
1478297143563591680
1478296593929437186
1478296437838397442
1478296164852142081
1478287616453709825
1478286083188133888
1478286080256274433
1478286078708629506
1478285732749844481
1478284189837320193
1478283077554098176
1478281871561613314
1478274612009996288
1478272117510742018
1478271047992430593
1478270826428338177
1478269667600859136
1478266785652568064
1478264365602148356
1478264304159760390
1478264254071394304
1478264212468080645
1478264175637909506
1478264053508177920
1478263567711309831
1478259962090385408
1478256091951599616
1478253239581626369
1478252920072118273
1478251711487635457
1478251259928875011
1478250980512731136
1478250551510855681
1478242948265365504
1478236290579451907
1478235254422851584
1478576277422415878
1478574753136795648
1478569740163436546
1478567155742302211
1478565429417156611
1478564530133389313
1478564175957823494
1478563108729671682
1478559197096648705
1478558275289321472
1478556060659040256
1478554935125893122
1478553356217962496
1478551848885710848
1478551707957317637
1478550412688908288
1478550404359090184
1478545936519335937
1478543247756697600
1478543245911146500
1478540999978848257
1478539344713424897
1478538439905611776
1478532461600690176
1478527850349154308
1478522810024747009
1478518499903373314
1478511269292376064
1478510304380084225
1478496592575578113
1478496570412871687
1478481889878966278
1478455527709437953
1478428827411906560
1478401463797772289
1478384788222496769
1478384493287325700
1478383954331844611
1478382973238091783
1478382367689658368
1478380544446636038
1478378440310939650
1478378351496777728
1478378198949896196
1478377164026392581
1478374305578708994
1478371795480694785
1478368536544247808
1478364387882635269
1478364159897047040
1478363633088299008
1478361705402945538
1478361277088993280
1478361013602848770
1478359494023208960
1478357110953963525
1478349585152045057
1478345024689430528
1478343006612705280
1478338783426711554
1478337536237862913
1478330817415766018
1478322261404708866
1478320535125704705
1478312303439216640
1478301209081516033
1478297495415316483
1478292592898965505
1478291999010672641
1478290790187081729
1478287637094236166
1478270931143479299
1478268178019110913
1478267375812497409
1478258093142118401
1478244910297804808
1478244109026729984
1478238713880580097
1478237444663169025
1478203939543732224
1478552958287507457
1478331126854733828
1478576582809817089
1478575547634491393
1478574717619490818
1478568378180669443
1478567305579618304
1478564014422564865
1478563773577191427
1478563424204247040
1478563152778481668
1478561547521695746
1478561431280701449
1478558477916147715
1478558233333620736
1478555913023754246
1478555469828411394
1478553786964606980
1478549987210399744
1478549204951724032
1478547055950049283
1478546157273960449
1478546146402652165
1478541230778716161
1478539108653756420
1478538085293985793
1478535321423736833
1478533110438326273
1478528508955557888
1478522595867709441
1478521961114341379
1478518900094423040
1478509176938590208
1478507022769262592
1478503026922962944
1478482829432344577
1478469481999462400
1478465351318835200
1478403184334934019
1478402129609953280
1478365571418710016
1478357789420376064
1478336604456452096
1478320395455320064
1478316186353868804
1478315367592198146
1478313380733546502
1478312515650023426
1478303374768365570
1478303199261970432
1478297365043765248
1478281355960012801
1478276775092187138
1478275484458704897
1478274061255860224
1478267929992970240
1478267448688144384
1478266543586766848
1478263099777949699
1478253447434571776
1478253337225007104
1478247544681418752
1478240187448655874
1478568838027354114
1478568214862860289
1478550204114628608
1478549502562738177
1478549356764536835
1478543991507341317
1478543934791974912
1478543782551326721
1478534425428197377
1478533577604153344
1478525135413866502
1478501969559912449
1478499080863027203
1478379669800075272
1478356502935064578
1478355956467523584
1478350083145957381
1478341644717998083
1478326146471055360
1478314620318195714
1478302115139252224
1478291981344280576
1478290104145924099
1478286724182675459
1478284417286107137
1478284255125852160
1478269745585553408
1478237253390389250
1478237074356535296
1478577004530343936
1478576767199637505
1478576326789328896
1478576002016055296
1478573460372680704
1478570445754433543
1478563239642292224
1478562752113221632
1478561589083066368
1478561553574088705
1478560134267695104
1478557746437890048
1478555098267615232
1478554655890178052
1478553662376988674
1478553150948667397
1478551465308262400
1478548901879713795
1478548101140942848
1478547170223538177
1478546365332410369
1478545784735891457
1478544373436485634
1478544284735479809
1478539507330732032
1478535259817791488
1478534529597931522
1478530283171319809
1478526379943624706
1478510470759809025
1478503724788039681
1478460678075826178
1478457300704763919
1478452903677472770
1478429351108653060
1478419816281108481
1478417887958220802
1478405986725421056
1478402670729826306
1478402264033214466
1478400749793013760
1478398662300553216
1478396576586518528
1478392908097196039
1478382291290365954
1478381486525005829
1478381452459134977
1478380174433562627
1478376291812450306
1478376097121193994
1478370987431403524
1478368770561232903
1478366394894802944
1478362049155452929
1478360911467270144
1478359409881325568
1478355113769009153
1478351274537979904
1478350831011303426
1478341114457325569
1478332025379569666
1478328307573690369
1478326415460233217
1478325066483990530
1478320398592708608
1478309923461079040
1478308417353641987
1478307339128111110
1478303559586222080
1478303545673732098
1478300818977669127
1478296991524294656
1478295652849176578
1478294210830745600
1478291596235792385
1478291070496612353
1478290834982268931
1478288786748416002
1478288283767508993
1478285671286648832
1478282328422039552
1478276678904578057
1478274151303372802
1478272286314561537
1478272220979871747
1478272207188992002
1478272000959270913
1478270181285658624
1478268202295701506
1478267299073335297
1478267224724885505
1478266594010697731
1478255883003981824
1478253880563552257
1478251844883267585
1478250845128978432
1478250679323922432
1478246293038264323
1478238234131910657
1478235051653353472
1478234806869659648
1478522963540332544
1478366153806258178
1478577103251513348
1478576309458464776
1478575045232365572
1478573518153338883
1478573258098495491
1478571896639680512
1478570465903857665
1478568559156416513
1478566907976372225
1478566540379246602
1478565585554272256
1478565239696158720
1478562501226684417
1478562310339719171
1478562308087447552
1478561877735075841
1478561160198647809
1478559788145397761
1478558609130733568
1478555532747173889
1478554380282433537
1478553870301159425
1478553254896144388
1478552566862471169
1478551825758310401
1478550548576038913
1478548862931406853
1478548515445829633
1478547064468299776
1478546356998344704
1478544225465626628
1478539196323164160
1478538142323855363
1478535468576817156
1478535097162756097
1478533766855331840
1478528794939953152
1478525797509959682
1478523440692793344
1478522007016796160
1478521830252048385
1478518217840619525
1478515941986082817
1478511881253842946
1478509900284055555
1478508625190535173
1478505541643112451
1478487065230671873
1478487035019022336
1478485618086723584
1478482711769583620
1478473461391523844
1478435420375437312
1478431473879293952
1478429568268525578
1478416417129066497
1478414422146121729
1478405806684925960
1478404177478832131
1478402124354494464
1478400458192527369
1478398852612960257
1478397194428420101
1478396695956361227
1478395319339687942
1478395115395768342
1478392838836662281
1478392229291040776
1478390542941790214
1478389115238461440
1478386719573561352
1478386275711336451
1478385692107579392
1478385319330394118
1478384024217440257
1478380767394910219
1478374429268795393
1478373410564722689
1478372636656762881
1478367585271836680
1478364602647728130
1478361816665255937
1478361188400459776
1478360086053457921
1478359875755282433
1478359458317176835
1478358940752617472
1478358125841457158
1478358049383493632
1478357736853159936
1478356590910529539
1478351634165993472
1478351341873295360
1478351212160323586
1478350671933960194
1478350658893795333
1478344521486266368
1478342604995579907
1478342359926521857
1478340833573105664
1478340495281573890
1478340112664563714
1478338941153542146
1478337594349932544
1478337525340983296
1478336560768733193
1478336494641291268
1478335584678518786
1478576677894574082
1478573945792040960
1478572746019803137
1478572703108014084
1478572189204893696
1478570361004433417
1478568815101288448
1478565974529830912
1478563162983178241
1478561975953018883
1478560043322597376
1478559834202988544
1478558118552518657
1478557962478129152
1478557634307321857
1478556624964886528
1478552722253119490
1478552121909809153
1478552058940694529
1478551847375806464
1478550259923972096
1478550251216662532
1478549995246669826
1478548816651452417
1478548681104134145
1478548315209756674
1478547306416799749
1478547185201553413
1478546398685515776
1478546369677824002
1478546048712941574
1478545874607226880
1478543283739500544
1478540951496773632
1478539435834699777
1478537012873293826
1478536833046773762
1478536798666067976
1478534728823099394
1478534009508429826
1478532958587801602
1478532775175098370
1478532586632740864
1478530311134715904
1478529782035804166
1478529002469920768
1478527362451091465
1478527133697789952
1478526486382473216
1478523602450337792
1478523203261587456
1478523151860396032
1478522814533492736
1478521808198451202
1478518696083529729
1478518262425997315
1478518080678469632
1478517995479568385
1478516600932159491
1478515976215752706
1478515828509200385
1478515739199873024
1478514353691238402
1478514049574834177
1478513245585436672
1478510617031888897
1478506900308123648
1478506099493912576
1478504546624180224
1478503906032291841
1478501148071923712
1478496035550937093
1478495562617933824
1478494758787969026
1478492688026591232
1478480940200566786
1478478237793767428
1478460277700059145
1478451804408987648
1478422534118858753
1478409106264231940
1478401225741590529
1478398995454218242
1478397754426597377
1478394029079465990
1478393900066877443
1478393541273563145
1478391033373339656
1478388469223378958
1478387821094309893
1478386869779980293
1478382356956389377
1478380578005205010
1478380436296540166
1478380192116658180
1478378223247446020
1478377661558841373
1478377354904977420
1478375601912389637
1478375077766909966
1478372465961222148
1478371539057840129
1478371215072915458
1478371139978211330
1478370867650334721
1478370660279742466
1478370649995243522
1478370025316700165
1478368954393399297
1478575859833335808
1478560537105498115
1478544993161650176
1478541092278599683
1478532580802658304
1478529500677771264
1478519740775550980
1478517263200407554
1478430315576107009
1478405329196961792
1478400720269312001
1478399098210369539
1478387167554686977
1478381534088466434
1478379673507831816
1478374099311280134
1478373927508393987
1478371918046810120
1478366955199365122
1478360757121085440
1478357617269526533
1478357282605834245
1478343793741283330
1478342342675341316
1478329767711547393
1478326265723506688
1478326133061865475
1478323204867321856
1478317226922938368
1478299529237581825
1478297885586255874
1478291382166900737
1478288353845862400
1478284376320327685
1478278148319956994
1478271132704784391
1478259899431677952
1478258863224672256
1478247190879293440
1478245891655884801
1478242413105741826
1478242104014901248
1478574802356998145
1478573763453075458
1478572795529338880
1478572169990864897
1478566451774574594
1478565667582488577
1478564446284910592
1478556731865063426
1478550568058580995
1478542114665365504
1478540036664533000
1478537837775523842
1478536939082899460
1478536223530491907
1478535344450641923
1478534364325560324
1478529726142562307
1478527172591509504
1478521082478882820
1478521080465616900
1478520193039351808
1478486999136800768
1478485567541153794
1478475615338516480
1478409408711254016
1478390097917747210
1478385566701998088
1478382684141506560
1478380014827896836
1478374030382186502
1478373638676131850
1478367885747650562
1478365608383287301
1478365566469488641
1478365540322217986
1478361603120656388
1478361338049036289
1478361011954409473
1478359986375778307
1478358289008132097
1478358051182702595
1478356483448336387
1478356251301924866
1478355551306219520
1478354275159969792
1478346018248802306
1478345501732790273
1478345254507929603
1478344693972758528
1478337929831354369
1478337095286472711
1478336384972644353
1478335892070621184
1478333870445453312
1478332871831998464
1478331893808394241
1478331643257520129
1478331626052468737
1478327519149391873
1478326232798294016
1478321745547300864
1478317134006472705
1478315886100434945
1478312618897018880
1478311933904228353
1478311471549333506
1478309609978793986
1478308108539613190
1478306710116659202
1478301414174564352
1478300680238473222
1478299287121379328
1478298279062347777
1478297910207033348
1478296866978627587
1478296643904544772
1478296030722478081
1478294562036588545
1478288377686343680
1478287505703448577
1478287183601549317
1478286967901016071
1478285711350530048
1478284466107736066
1478281668402290688
1478274277015052289
1478272349858271232
1478270584446279681
1478268063371825154
1478267213781950466
1478267199206739969
1478262996145086464
1478261309783248896
1478258532122193920
1478256845881888770
1478256343454736384
1478255466144624641
1478251720429821952
1478250602933080068
1478248085587333123
1478248015152308225
1478246574773784577
1478243452395479042
1478241374008872962
1478518835284037635
1478323745672495104
1478277356460466177
1478248567194017795
1478547463313117184
1478386101354209283
1478378174165647360
1478374323584962561
1478577253206216704
1478565026390679554
1478563923112579076
1478562588761878531
1478401827431276544
1478367754684039170
1478291891581902848
1478564011511746565
1478563425382912000
1478552895184261123
1478552808441876483
1478551535374061568
1478546796297302018
1478546168376283136
1478534309359153160
1478531513834561538
1478515593242284032
1478514273324126208
1478501788567277568
1478447977991532546
1478416195783069696
1478405083771539457
1478405048103223316
1478395903895650307
1478394184277110784
1478390874631512072
1478390808445440015
1478366071316832256
1478365934851006470
1478362618741985281
1478362450021871618
1478359886828236807
1478353530641534976
1478350932907679746
1478350217976041475
1478344272755658752
1478307619005550595
1478283691717652480
1478281192881344513
1478270857835253760
1478270480641511424
1478269707241230341
1478258201455857665
1478255065907757057
1478253064238690305
1478251471019954176
1478576262444576773
1478570149351333890
1478569915086901250
1478563335406637057
1478562316803133440
1478562144606044168
1478556724478943233
1478555677509496837
1478550097810001922
1478549347658698755
1478546263859609600
1478545467042451456
1478538626510123015
1478536844262313985
1478535301291143168
1478534050487111682
1478528958807175173
1478528794876993536
1478505036535590914
1478504694116872192
1478502322917363713
1478485857501790215
1478484783999029248
1478407227954253827
1478395952184672261
1478395648928059394
1478382889389731848
1478380720339001347
1478378171837947912
1478378168767627270
1478377062381490177
1478370122012102656
1478370036750315523
1478365339046006789
1478364996413308933
1478364317921656835
1478364053042913283
1478362680360517633
1478359230579036160
1478359202326192131
1478357818537177097
1478357060190232579
1478356308772286464
1478354824546586628
1478351310869045253
1478348066226802690
1478345725956161537
1478343217061924864
1478342733320187909
1478341213644148744
1478340486532190208
1478339024456597504
1478338550357655552
1478338511912595456
1478336603202498565
1478335643096739840
1478333959545126912
1478333447705825284
1478333293041176578
1478333127139282947
1478332845865123849
1478332664742486017
1478332413029748736
1478332192451227648
1478330304968359936
1478329967020625925
1478329957919051776
1478329949324935169
1478328962996604935
1478328907136966661
1478328211662462979
1478328073594368006
1478326920999673857
1478325531183501313
1478323085795278849
1478322822933934082
1478320496563286017
1478319933989670912
1478315465499947014
1478312248510582787
1478307985763889155
1478306869403795457
1478295457080410114
1478291660110921728
1478281731836887041
1478281726753492992
1478277205624983552
1478274920291336195
1478274485958574083
1478272203410100229
1478260410604134403
1478260113248948224
1478259903634423808
1478259152661069825
1478258809223090176
1478247411160006656
1478245412330819584
1478239522869501953
1478567186172026880
1478551558438543366
1478341371597447169
1478246167863459840
1478500515243724804
1478360880697856002
1478533198652993536
1478531754575429632
1478398784367300608
1478262713411198980
1478531910074716161
1478454466965696513
1478409551565115396
1478378330059595785
1478462856785891328
1478382674364747778
1478397930474201091
1478321850002202629
1478285444437528577
1478253147176853504
1478237559105138692
1478528284333785088
1478521363044265985
1478400949936816128
1478382775078199303
1478382003397537795
1478329476769456131
1478324719250141185
1478569809939816449
1478562940336758784
1478539847329402882
1478354436334313473
1478352125230862344
1478244264127598592
1478274318291193859
1478562310226468865
1478559862594232325
1478558817889624068
1478532818552512513
1478396281747906574
1478347937142870017
1478335915638472704
1478554545412210688
1478553809458581506
1478538679744221191
1478537730095083522
1478412242446172163
1478386893335273482
1478333373718224899
1478291384062808065
1478335045228277760
1478555632756162561
1478554896009859073
1478318926018711553
1478244115959599104
1478369046689370112
1478321564709838849
1478569120727588864
1478556108591484931
1478533760110915585
1478572097622347784
1478535489938460673
1478445595635294208
1478532114232406017
1478401859513724929
1478534571310260225
1478535994458603520
1478528686240382976
1478333646289477634
1478579516054257664
1478579052235554818
1478507138720747521
1478320684078014466
1478282642545991681
1478326254835101699
1478279298884587521
1478274841358716931
1478245764270755840
1478308849480187904
1478544855223525376
1478291441684140033
1478376502399885313
1478566147620413442
1478346185135984640
1478339990262222854
1478334222595067904
1478582612411125764
1478327687613538304
1478241797403217922
1478569654306045952
1478561141118828547
1478544847522787331
1478365537314885633
1478563200303919104
1478545951996350464
1478540368408842241
1478535207149924352
1478520206435573760
1478519033838247936
1478459992617275393
1478450994023260161
1478376461161709576
1478372399573712900
1478340138707021824
1478339490531864578
1478274522344144897
1478260948561383430
1478257140661817348
1478248307566678017
1478553488632135683
1478547135855398912
1478543106769244165
1478535802174914561
1478531433903788033
1478336250410983428
1478317355746750464
1478317348767502336
1478317341100240896
1478309813809418240
1478566462822305795
1478360897894580226
1478243521639247874
1478554154234572801
1478382993890754561
1478382531384954893
1478431688027901953
1478564495718957058
1478524955293716480
1478363898113769472
1478582236207149057
1478527376069775360
1478492025557118978
1478394173388640259
1478385877877411844
1478360247848869894
1478344321833205762
1478337310152220674
1478335061292314624
1478283899000143873
1478279940273369089
1478584617527504897
1478561649384562688
1478517836389629952
1478383265803341830
1478274925077032962
1478270944187609090
1478337657591631872
1478536766046957569
1478419052762570754
1478372716600512515
1478372554641666054
1478357599191924737
1478357184404619266
1478336243792441344
1478331099520503809
1478329658726764544
1478326953232924672
1478529024305496067
1478337872314785792
1478337870519697409
1478539691964055554
1478341389553324032
1478339384776663041
1478290163260276738
1478378526869004300
1478511262497579012
1478378552617750537
1478369807946817538
1478342266129305600
1478252564311261186
1478406884142903298
1478580019945299970
1478579472743886852
1478570597768597505
1478546011589013507
1478351874487054336
1478532246516629504
1478570507024826372
1478562992945913858
1478283402788753408
1478533390160826372
1478411936765079552
1478411485751627776
1478411024889835522
1478410417655324674
1478403361711943681
1478244281752170497
1478558784926613506
1478405385392246787
1478251091288412161
1478550449485537283
1478356891663142913
1478354382659809280
1478333582481317888
1478295233406201859
1478288102691000322
1478530336162455556
1478471403750019083
1478355855963660291
1478354774059675649
1478570536250736640
1478517220703551489
1478405413993283585
1478585671027625989
1478580228393897986
1478535665436348416
1478399646796025862
1478292550347681794
1478570919161331712
1478554469528973315
1478545498151608323
1478354916456349703
1478346329092812801
1478333158475001856
1478276407054815240
1478558158083612673
1478531413838233603
1478399115319029768
1478393617291128849
1478352942918877186
1478340180121579521
1478259044020207617
1478296587130392576
1478412305335418884
1478285698373283840
1478543637868810240
1478479964034850816
1478347432236781571
1478301378573336576
1478379405730844676
1478375137980612608
1478363764458082304
1478507885860634628
1478292705675399170
1478380793999368198
1478375861103775747
1478375186559008773
1478375056724336640
1478365241255751682
1478365240572014592
1478347272286978050
1478347592828293123
1478563089255579649
1478541949040676864
1478447479569879040
1478368976610598913
1478363101040807939
1478350572038201348
1478349158276681729
1478320369865949185
1478290704853987328
1478271636725899264
1478256076218789889
1478250998816595968
1478514488957497344
1478419778993676291
1478418672762818560
1478328915445923847
1478322507442647042
1478314487887237120
1478327831184633857
1478325003804315652
1478283326414745602
1478270014163611651
1478264258425090051
1478564424508010496
1478560300446076932
1478490157690933257
1478532335079284736
1478506979257507841
1478499823783268354
1478301775081791489
1478259882730012672
1478577780522582016
1478565426846048256
1478423611153154051
1478404385470251009
1478355377733263361
1478352797489766404
1478333832038285312
1478329864629280768
1478326872383492099
1478313487306682369
1478312768805560322
1478302021467840514
1478270362982912001
1478264341866508288
1478263522270142465
1478571341670400006
1478533605554937861
1478533496465362949
1478533445538095104
1478533249026519049
1478522027233333251
1478519189593735169
1478466140485656578
1478455384947838976
1478408456164061190
1478395641084747784
1478355418594246657
1478351542017085440
1478350227379658752
1478346113610502144
1478337776055513088
1478305379423506432
1478276378013274112
1478344105738391553
1478454441351254023
1478388072400228363
1478386425762615305
1478381555655798787
1478354156616237059
1478332104295387138
1478278913809735683
1478549456739987462
1478401113543954434
1478329166428708868
1478327619112235008
1478249932192555008
1478249904946352129
1478583358242246656
1478578411400351745
1478576031841677313
1478423904385261569
1478576894630981634
1478385610121437190
1478372817007570947
1478589315558957062
1478587969787236352
1478425228589948929
1478587882881224705
1478551115364929536
1478401607125528576
1478377437037838344
1478354855672664066
1478333071191515136
1478313587802136577
1478409680137306119
1478354851918614532
1478350333428391938
1478333120369754113
1478585970945523715
1478556314976411650
1478529341302603776
1478355478811791361
1478577710267920385
1478565432734801922
1478562115925336064
1478561625498025987
1478540798161391618
1478537690878382080
1478536233240326148
1478527739787284483
1478517837207535618
1478516175784927235
1478511591146819584
1478346037047660544
1478339091443765252
1478318143697080322
1478304597735206913
1478578566954512384
1478339551001153537
1478293100363583488
1478289804408213505
1478277929561845762
1478274033745465347
1478257558418718720
1478577076428963841
1478575619227074562
1478501821404434433
1478262825021698049
1478567487851532290
1478559831128567812
1478537425517309955
1478509965937496064
1478353661499613188
1478335293862277123
1478302562512080896
1478254856158674945
1478577520807055364
1478576049248030722
1478573583915884550
1478559210870767617
1478553432692703232
1478550141770473476
1478510542331408386
1478328198475632643
1478315261639888897
1478313510589243392
1478279765907759105
1478330084725428224
1478318511717969920
1478313030987710464
1478292897866792960
1478348005774270466
1478344358776565760
1478338456275148800
1478258086045315074
1478257607169044480
1478401175024193538
1478392790686044162
1478377358067482631
1478368384060252163
1478560717859172355
1478546630919917571
1478539468663496704
1478520011287261187
1478515348391354369
1478402297088540672
1478379198037344256
1478363556684845057
1478352907883872258
1478348600606216194
1478343963547291650
1478323865545699329
1478309355346821123
1478302551401328645
1478299055033765888
1478296875560095744
1478293141421625344
1478287179596005377
1478272866042843137
1478271210278436864
1478270429852622851
1478267175139897345
1478578200007491587
1478532795702169606
1478524330728312834
1478445871624642563
1478428622218166272
1478427514313662465
1478386081993211906
1478327517698265091
1478323619516149760
1478323064064516096
1478360370477604868
1478300431059066883
1478370332318650368
1478356784456732677
1478356666487771137
1478356163016155158
1478290341170089985
1478270262428639233
1478579244330479623
1478572002214506497
1478569197252710401
1478553588213313541
1478552861487157251
1478550117699682305
1478513394806243329
1478414086152986624
1478402981397557251
1478362569110810625
1478356019440852995
1478350011767279616
1478321611333767168
1478280220582940673
1478583834874560512
1478580531419762691
1478580420534964224
1478558900458864641
1478549281342562305
1478544199175659521
1478542465137184770
1478530020402352129
1478516451493376001
1478494349281284097
1478460485955567619
1478459979946504192
1478421763834875905
1478384945601069057
1478380411101270024
1478368776127090688
1478361593884725250
1478344699362439168
1478343015169101826
1478341624304308225
1478323975931719680
1478308179079352324
1478300526336884736
1478288153685356544
1478259799359848449
1478563441992290305
1478562644210556930
1478513936798523401
1478391718328385536
1478388748605968391
1478388157682962434
1478382650108874757
1478379852545855500
1478377351226474499
1478373400225714185
1478359631214702594
1478349666643152897
1478347722209959936
1478339540238536707
1478329409077534723
1478328755630182404
1478327476417875969
1478327157067698176
1478315797265088518
1478289323992702976
1478288502064238593
1478287409951305728
1478279989770407936
1478272391054647296
1478589016421273602
1478438211940716548
1478413214694064129
1478384587571093508
1478369010920005633
1478358466666262531
1478354023673520128
1478299719826767872
1478296911329308675
1478289057167855621
1478272791438770179
1478271830821507081
1478557700405411844
1478554908513107969
1478407928264626180
1478382279768563716
1478382275507204101
1478381922854256640
1478368833203097601
1478341835227480068
1478287949993111554
1478277650913267714
1478277354145284096
1478266495113195520
1478340384027676674
1478581332930220038
1478570139717029889
1478564003240497155
1478479862130253824
1478435985843048449
1478423540592381952
1478396294993428494
1478365057297772545
1478307291409489920
1478287145588736001
1478252640140070913
1478588172103651329
1478379310973173769
1478358298579517444
1478358213355401216
1478255607878918147
1478595108417146881
1478563167538069506
1478258188956753922
1478300696671764480
1478291356049043459
1478529769914478592
1478368465459159040
1478315075609894912
1478573950468640770
1478395800191393800
1478392596737183756
1478359303740280832
