1477126795379949568
1477124246874718210
1477124015189737474
1477123092518371328
1477121653251325952
1477121044934631425
1477116759408721921
1477116494144180227
1477114155828006917
1477112620234719233
1477111670312890372
1477110228046864392
1477109654404538370
1477109462007640064
1477109223565578247
1477109098483118083
1477108385497567233
1477104781327880194
1477103225748660224
1477102999554048002
1477100373693239297
1477100178255466498
1477100039008763904
1477099757315100676
1477097844360179714
1477091480929898499
1477090979823816706
1477090652751990789
1477089860020506624
1477087970431692800
1477086060920205313
1477084755216666626
1477084682311192578
1477083456702009347
1477082609637154823
1477082163023687680
1477082142094016514
1477081098114924544
1477080738369466371
1477080502653767681
1477075922888970241
1477073143910993922
1477057542501003266
1476974798752595971
1476972580414234626
1476963893217947650
1476960427749695488
1476960012215861251
1476956984867885058
1476952285045424130
1476944148842254346
1476944013324214273
1476941301614403587
1476940438749663232
1476940241420226570
1476940096565776385
1476934759649402889
1476934653168680964
1476933583730196489
1476932151845134349
1476931884596695040
1476930088780271619
1476924817525788674
1476924329946333185
1476922978113785859
1476917721040187394
1476915837957148675
1476910766263468034
1476910462532919296
1476910097406193664
1476903868747317250
1476902226576613380
1476901887387398151
1476899772766162946
1476899493647765506
1476899081666523139
1476895966145875968
1476894835957063680
1476893820176326656
1476892355387170824
1476892206287839233
1476891374049918978
1476890572606435331
1476890196691992576
1476889146077560834
1476887583908974592
1476884671363309569
1476884113730670594
1476882388005232642
1476882230613987330
1476881468177608709
1476878697957236740
1476874524486295554
1476873263405887488
1476867993116155905
1476866347392851970
1476864126307553281
1476861897911652352
1476860637405847552
1476859422244806677
1476858869418586116
1476857853952462853
1476856893620453380
1476856203024093187
1476856178680360960
1476855306063736834
1476855219594141707
1476850485088833536
1476850167126974464
1476847895643107328
1476847845474852865
1476844346083188736
1476843836840181760
1476843591536308224
1476843517049638915
1476841685329973249
1476841577330868225
1476841165873827842
1476840707088261122
1476840191004332035
1476836243790970883
1476834487799787527
1476832842705301505
1476832302248255488
1476831228414226433
1476830376945278978
1476829975701381121
1476829733723639808
1476829731920117761
1476827590044237825
1476827034688970752
1476825129325772802
1476825121323040768
1476824876270997516
1476822801277276162
1476821422496305152
1476818057074864131
1476818036552519681
1476811255310479368
1476809394205564929
1476806602774618113
1476806408607879169
1476806236787990529
1476802609721663488
1476802067486298113
1476801613058637829
1476801187542298624
1476800509071671298
1476799838595723267
1476797987745460227
1477125935065284611
1477122998331011075
1477122991502753792
1477121954112884737
1477107158957244416
1477106010439385090
1477103296351391751
1477100548297924608
1477097258315182082
1477096748707315714
1477094518088290304
1477083341895569409
1477047410790748161
1477016817793077249
1476967070642229250
1476954320373309444
1476948613565607939
1476948395994406916
1476946264193323010
1476946086262558724
1476940321191727110
1476938883669454854
1476932027601489932
1476916198830792706
1476900615640870913
1476896971700916225
1476893769421099010
1476888647974666254
1476879692388995073
1476876755818348546
1476860435743739907
1476854757348106241
1476853728917561348
1476850567074881537
1476840626280755200
1476836347142832128
1476836256906633217
1476835896024440832
1476833706945835008
1476833664449146882
1476819677456175104
1476819542147932163
1476818112041271301
1476814585478848512
1476814569968312321
1476814530499940352
1476812593360621568
1476811525025251330
1476810971117092865
1476794766650011648
1476794222019710977
1476789015059730433
1476781276329881600
1476778317852209154
1476777544640655360
1476775480657264644
1476773677018476547
1477068603765755905
1476953796601335816
1476795170183991302
1476774174622289924
1476774143286669313
1477126386426859523
1477125054886395905
1477119289878466562
1477117069401329666
1477116726177198084
1477116288971333635
1477115898267725825
1477115630369210368
1477112923109543939
1477111370147450882
1477108310490812416
1477108214550315010
1477107100396384256
1477105120907182082
1477104876366675968
1477101371698528257
1477096761520898049
1477093808122863626
1477090811590234113
1477081477871386626
1477081079521562627
1477077006873333761
1477064734511824899
1477064085581688833
1477060306488610818
1477055679240159232
1477026836748005376
1477008271852466177
1476964107295199237
1476962524843032579
1476930853108260873
1476911988580048899
1476910809645080576
1476894215615365125
1476892398567317506
1476890985632124935
1476888910982631424
1476883701686419456
1476878383019479040
1476874427178491905
1476857847883333635
1476856015660355585
1476853200145633283
1476851519479697408
1476850034888962049
1476849667841224705
1476849664808800256
1476848490068131840
1476847236222832642
1476845444588179457
1476839411966906372
1476836081651761158
1476834280412090368
1476833546316632068
1476828113396908032
1476825848548409344
1476825089589284866
1476824540890030082
1476824232541655040
1476820906164948999
1476819692966739969
1476816221328740354
1476815685728702467
1476814415546572802
1476813310393610246
1476813046215442432
1476812291186196481
1476810562050822144
1476810032461189121
1476808179090550784
1476807794024091652
1476806272292843521
1476802342963998724
1476792370565844994
1476786678144462850
1476786415639826434
1476786105546510338
1476784349966069760
1476783512216690689
1476781666915917826
1476780215598682115
1476777160429817857
1476776301855866880
1476774472967282691
1477122925119500291
1477092669109129216
1477064821803606016
1476964769185685505
1476891503351910402
1476874134239907841
1476783285762068485
1477127256694657033
1477127126176256003
1477121555641421824
1477090819446169601
1477084069213065217
1477079214608330755
1477075597566251009
1477067560512208896
1477065029081915394
1476938453463887875
1476935497297502214
1476931755948982278
1476907733425131520
1476896936200323073
1476893809560670209
1476892197194645509
1476882137999499266
1476866399540629510
1476830589164535811
1476809969500520449
1476790214731329538
1476787317985603585
1476774708842405889
1476774067306860545
1476560071085608966
1476455642621612034
1476450437100310528
1475780314639208448
1475742186234781696
1475704768475451393
1475665172488282114
1475443423263948803
1475407755246989319
1475052195670200322
1474946734241370112
1474639132395597825
1474564423297626114
1477127227569414146
1477118862445342721
1477118678533480449
1477118649798324224
1477117975920459777
1477116947766546437
1477115773265092609
1477115061558657024
1477114549576749057
1477113301221867521
1477104830657167365
1477101956153761793
1477097297167060992
1477094740113821697
1477093732658782209
1477085162001235969
1477078684435554305
1477067292827537410
1477065027534217220
1477048009242279938
1477033487731290112
1477003449082343424
1476982319101612035
1476958464609972225
1476939609737089026
1476937804332470284
1476925640423084036
1476919377895178244
1476917585878810625
1476912984702296065
1476910995578580995
1476909170683105281
1476902474107686916
1476901997727010818
1476896147973177346
1476879566928953346
1476874806188396545
1476856670139518976
1476856619082256391
1476851866285723651
1476843972395888641
1476839691001364483
1476839227530698753
1476835987930025986
1476831757848637443
1476827275484008449
1476822849973149703
1476819555079000064
1476818776821620738
1476818649193533441
1476817710331797505
1476810326452551684
1476809744450949123
1476804728591818755
1476801128041893889
1476801125281980420
1476800690555011072
1476800361402826755
1476782625171783686
1476780604142198789
1476777745233244163
1476775295608922113
1476774228263247875
1476706084681256978
1476699895998287888
1477080011928604672
1477000181073645569
1476878096624062464
1476839743887265793
1477118206837858305
1477116145555501060
1477115808048291843
1477115597016076290
1477114486095970309
1477114314234368004
1477114148265754627
1477113298948542464
1477111889893101570
1477109291630817281
1477109208663224321
1477108759704997888
1477108447246118914
1477106426262605827
1477106410861125632
1477103328907587584
1477102445029257216
1477102342633758720
1477101734816202752
1477101733377499138
1477101595447889922
1477100252532379655
1477098049549725698
1477096012472729604
1477089812398034945
1477088846705684480
1477087757298286595
1477081764619505670
1477074411664535552
1477067941321478144
1477066739116478465
1477064771362975744
1477051582252388353
1477049238785650688
1477048999500677121
1477048384892456960
1477036317108150274
1476976428470050821
1476963012908969985
1476959819626016770
1476955166985183232
1476953080964923397
1476950702584778761
1476949934628696064
1476949807658721280
1476945636125593601
1476945618702532611
1476935162868891654
1476930085412241408
1476929579553996811
1476925547372433411
1476920976344379392
1476920228286136327
1476918566209294341
1476918251326095363
1476914068992643072
1476911482046611458
1476907682695024645
1476906148053749766
1476900145656565761
1476896081514737672
1476895232062988288
1476886560532406273
1476885429748072449
1476884931728994306
1476884748400164864
1476882494414725121
1476882052016271362
1476878906531606529
1476878011165147141
1476875528942407681
1476874920177319936
1476870992999817216
1476868807603802113
1476868456985214976
1476865672789389312
1476864317140070403
1476862743911165957
1476862323063078913
1476861273824378888
1476860662961741829
1476859826005168131
1476859159010476036
1476858426550460418
1476856540761972736
1476854697365360640
1476854283232432132
1476854261564669954
1476847021826797569
1476846309512413184
1476845817726078977
1476845209870737408
1476844427561746433
1476843255698386948
1476843060789080065
1476841864783302656
1476840656668889088
1476839854554025984
1476839606498648064
1477126292122193922
1477125843323211779
1477125645511495681
1477122679308054532
1477122673020833794
1477121838513680385
1477121642228641793
1477121101029249024
1477120706349453319
1477120635918700545
1477120178013892609
1477119145393016833
1477118116043784193
1477117977069715459
1477116891252490248
1477116748792958977
1477115847474761729
1477115775517270017
1477115643350511618
1477115159671816197
1477115097247977473
1477114291769675778
1477113968238166017
1477113882770501633
1477113866513358849
1477113679795535873
1477113479664267265
1477112702229114880
1477112381935218689
1477112354932502531
1477112322631950337
1477112038316908546
1477111290422173697
1477111212076797955
1477111021558927361
1477110697368580098
1477110129631789057
1477106762746454016
1477105953153576962
1477105891325317121
1477105619798659073
1477105254160224256
1477105082567036929
1477104002269515777
1477103587817766914
1477102900509773825
1477102153751691264
1477101917255831554
1477101771457769476
1477101713089728512
1477101277620301826
1477101016789045259
1477100951810887680
1477100901546401792
1477100777743081476
1477100747007279104
1477100469335965700
1477100372271448064
1477099268259209218
1477098511103512581
1477098258576994307
1477097931039596545
1477097105080532996
1477096731837820928
1477096672731750403
1477095079554609158
1477094778885984258
1477093730624499713
1477092944544813058
1477092863334748160
1477092223384653827
1477091644935573505
1477090553045024769
1477090452331368448
1477090445075177472
1477089858497966080
1477089658077003777
1477089407580598276
1477088741298618368
1477088697824673797
1477088693445824513
1477088526608920576
1477088245418577923
1477087617514500097
1477087391244382208
1477087345702670336
1477086684239962113
1477086629474963458
1477086067027107841
1477085549336825856
1477085363755569152
1477085161904771073
1477084731363627012
1477084672945315840
1477080438422208513
1477077441457754115
1477075120086683648
1477074734030352384
1477071240724627460
1477071039653769216
1477063764797059073
1477063574186971136
1477062051436503041
1477059330973204482
1477055220983029760
1477053306920837124
1477052858751086593
1477050772730695681
1477049835081453569
1477049365151707139
1477048678787469313
1477047553636003840
1477047377659936769
1477046156609966084
1477040206322679808
1477038704656977924
1477017244785774594
1477009718514053120
1477007043001208835
1476999597947949057
1476997069227413513
1476996301376012289
1476992159030988800
1476986357872414725
1476986107933847560
1476981938107797505
1476978231018356737
1476975909173227520
1476975413083590663
1476973200999284738
1476970233902419971
1476969443464912900
1476966112294105089
1477123478100733953
1477121933435027456
1477120549578940416
1477109766761500673
1477105552719187968
1477098273873616896
1477090409121652736
1477078178971598848
1477077830966013955
1477075067141906434
1477067712262197252
1477065179351629826
1476981746654580740
1476957459541479425
1476948748328521729
1476948527997612034
1476943767374483458
1476940949821411341
1476935809383088129
1476925964202303491
1476923554776039429
1476921017964449793
1476916669452673024
1476916584090271744
1476910482896293891
1476906959324385283
1476901954861236226
1476892683209609216
1476888608741068800
1476885588640886787
1476875991309905923
1476874266020696068
1476868310171934721
1476865786815729666
1476863179317600256
1476860809313587200
1476853749209448452
1476848677050146819
1476848000836112385
1476841048357826563
1476838461638422528
1476828739967217664
1476828297635926019
1476825882366935042
1476824528969879553
1476810368479416321
1476805788052049920
1476804589781352448
1476804352345923588
1476804227657658369
1476803885951979522
1476803687649480704
1476803455687618560
1476803329753706498
1476803231871164421
1476802698238300161
1476802264207544322
1476801553390473216
1476794312079798274
1476792035646455808
1476776881479245830
1476776855084552193
1477127160238264326
1477125850004811779
1477122742650499075
1477122260523634689
1477118273393070082
1477117898124451842
1477114007802630149
1477113837673324545
1477112707564273664
1477112138682429440
1477109914119987202
1477105136245911552
1477104381929881605
1477103851912060931
1477102586478006272
1477102040018874371
1477097056028135424
1477095581038219264
1477093838166507522
1477091264227016705
1477087929642094593
1476971295996792847
1476966578436468740
1476965960183468038
1476956288865112065
1476951558382182402
1476951300281495557
1476933989671727112
1476928189708394504
1476920883377704961
1476920322293067778
1476912886576398338
1476912333725134848
1476910835263893505
1476887031594717187
1476883222722068481
1476877595778027520
1476876065125515269
1476867812400402433
1476867354218754049
1476861330174791680
1476861245856751620
1476854836725383169
1476852420567199744
1476847836931104769
1476840032161832962
1476830129540112384
1476808518728503300
1476800456877690880
1476793934806335488
1476788299536560129
1476750790861545475
1476381379080310784
1477120114336034820
1477097855957422082
1477085887225757698
1476890677514424323
1476855338829680642
1476808018616406020
1476757027770691585
1476744638476140547
1476723623301824514
1476712325931364353
1476616397144817665
1476521362646650885
1476408315479347202
1476371844370505731
1476205604700000258
1476198228563353610
1476143506267672577
1476073322882289666
1475864218024906752
1475711434432544770
1475560943752933378
1475434091046572032
1475192049565507586
1475122505178255362
1474868736532172801
1474429532643860481
1474284824625967110
1474211247482544131
1477077587197267971
1476965762459856898
1476847779758559233
1476787723247620096
1476775282870657024
1476943073183551488
1476911142517690372
1476889308145405956
1476824905542877185
1476824734197182467
1476785946313981957
1476779184575844352
1477120963443511301
1477114071359000580
1477105160157499392
1477050467481886722
1477004974965940225
1476994792282214401
1476946194223882247
1476938364292984840
1476938056032665602
1476917013515681795
1476890651786498049
1476881614047088641
1476881174723133444
1476870124304957440
1476869038999433218
1476863031678144518
1476856712338411521
1476843569881092097
1476836744179838977
1476835573616709634
1476827507919785985
1476827230848180226
1476824227600687105
1476821128987353088
1476818619019366403
1476814013812015105
1476810376239013903
1476797432910397440
1476786100328751107
1476782488630403074
1476776237364236288
1477127452170371075
1477127290626609152
1477126814719873024
1477125735814815746
1477125295216144390
1477123278594449409
1477119428579913728
1477116945560260608
1477114197079060482
1477112026258280453
1477111917474770948
1477110350159962120
1477109358706237444
1477109039360212996
1477108394007826432
1477106622543527938
1477106093847285762
1477104968314208261
1477104709940908033
1477104377554821122
1477104192275640321
1477104080149307394
1477103298549215239
1477102765977464833
1477099542273163264
1477091992488144897
1477088042485575684
1477083052136275969
1477077706051252224
1477072592854941700
1477054732157874176
1477031138593935362
1476973474723762177
1476970357537972224
1476970222905028615
1476967863344717825
1476961835534282752
1476957349382402049
1476950662659252230
1476942166622568452
1476939121310453763
1476912022264508417
1476900156498853889
1476894190483083267
1476876426624126977
1476876203424243721
1476857143491907584
1476833416641273857
1476832458792321025
1476831948693663745
1476831741075619840
1476831735736266752
1476830619946471426
1476830591748243459
1476825362000592897
1476824903596740610
1476818107381387265
1476813274691747843
1476810781274492930
1476802071370166274
1476801555512762368
1476801123075780609
1476800677452017669
1476796456669368322
1476780934745964545
1476903602769645569
1476860794188943361
1476838996902776832
1476922859880468488
1476793854590263296
1477116041004150788
1476972678741299205
1476918089778298884
1476949181449183233
1476815909347946499
1476799202361446400
1476865501842137090
1477086768952320001
1477077521610862594
1477126378633895937
1477122994916900864
1477116621688766473
1477109405992697856
1477040672620253184
1476916410647396353
1476834145510645762
1476826407225344002
1476819777171570688
1477111968964112386
1476926494890815490
1476926107735658500
1476898014597836800
1476856020815077377
1477089103564853248
1477060321831530505
1476814273808457729
1476970077459128320
1476921239297880066
1476892191758774273
1476844653865435139
1476827633685913601
1477123652285919234
1477108905238941696
1477071015708483586
1476962152879587330
1476961924025753604
1476925967775924227
1476921582257770498
1476901590258778115
1476891536981835776
1476859157332455425
1476843713745723392
1476832102951784452
1476813178159853569
1477123446186602496
1477113788927123458
1477108701051846657
1477092214224273410
1477059596640350208
1477002364565565441
1476997468415946753
1476935577324904448
1476935301910044677
1476913175496773632
1476897544596713476
1476889399698726912
1476887474701881345
1476883259845791746
1476883258168147973
1476849757414821889
1477077162184220673
1476869295653068800
1476823920829362177
1476784788820226053
1477110266890313728
1477109277122723840
1477094789921140740
1477069525556215810
1476997679712403456
1476911563063758848
1476801316127080453
1477103212725293056
1477091825689055237
1477053778016669698
1476893262921154564
1476887793250942980
1476860775570440195
1477089817481531392
1476884572948217860
1476884571257860099
1476884569454362624
1476807377366118400
1477095385755652098
1476834386590924803
1476825586798514176
1477087921291161601
1476960030146498564
1476939635884314635
1476937391340355587
1476931158344536072
1476926598439784451
1476921372991393798
1476898691772420097
1476896668830240770
1476890196541009923
1476877184841121795
1476787535934226432
1476787440710942721
1476775925320536068
1476920386742718465
1476833036566102019
1477091470360285184
1477085527979429888
1477124012899635202
1477123674293477377
1477122893863477248
1477122480217067521
1477110320669683713
1477109156234493954
1477092205319704581
1476971079214141441
1476939997106348037
1476908347504803845
1476820562647281664
1476805069446082562
1476832266089156609
1476816787308433408
1476898021266780164
1477133237625393155
1477111629959421953
1477100116687220736
1476836011615264769
1477131619341201415
1477119355431186433
1477101141515071488
1477097428151336965
1477093777089044481
1477074930101469187
1476950742862757890
1476936875227054081
1476924210807148547
1476842197265776640
1476817816531603460
1476792105968148480
1476782694021226496
1477121382483853312
1477118676633468929
1477093941564510208
1477067497727672321
1476970889153499138
1476947504839024641
1476897820044972035
1476896751445430272
1476889961664159744
1476851088435253250
1476811803615121409
1476941541897691136
1476891861612589058
1476874810248482816
1476825824917479426
1476964862265737220
1476813037516439559
1476978157571874819
1476898099326980107
1476808683610804224
1477074866645848066
1477132321396387843
1477127535871758345
1477097339147882496
1477096185189920772
1477091829908598786
1477083139394523137
1477077691606056961
1476967355729072130
1476875071750742016
1476861302681137152
1476852614960594947
1476847949129072645
1477025384315047937
1476874244541665281
1476800595042320387
1476797720522285067
1476876139473694720
1476936155958431749
1476886447579828226
1476885172666580995
1476811934120906754
1476785947484123136
1477101427776389120
1477056120980000769
1476962122596708357
1476949095134621698
1476945625140772867
1476938288304832512
1476930365864308747
1476929763298078721
1476907348719374343
1476905301747982336
1476890582257520641
1476890441396080641
1476890327331999753
1476882584747474944
1476854020488585216
1476830049365946368
1476793774810402824
1477134256870604802
1477133644670013443
1477126738727428102
1477008078469881862
1477087230568976386
1476902113762447360
1476879188850216962
1476869317979357184
1476852268712398851
1477121222785703943
1476789382388465664
1476834491624615944
1477117245176176646
1476954951230185479
1476893778338193413
1476828934008233986
1476821551018233856
1477120866752221184
1476998153618575360
1476968615375081477
1476924849666678789
1476874527569108997
1476820424382025728
1477087337054015488
1477082605644177409
1477047301193363457
1476954019880845312
1476953037197352960
1476924936086196226
1476837907935621120
1476837428933513220
1476836814711230464
1477100338456850432
1476981399584346113
1476900318356987904
1476863814012321792
1476822407692226560
1477126025398030339
1477095915773054982
1476942813522644997
1476939959093252106
1476921665883815938
1476910645123555348
1476904203578535943
1476885632307773440
1476883118749487105
1476829570586365983
1476826863611875328
1476826855860850689
1476916869252599815
1477101077803589632
1476894889329655808
1476849925207957508
1477080549046980609
1476967069354655745
1476800037111824384
1477105364780785666
1477066392004268033
1476826852886994946
1476944260888817666
1476945782485897218
1476946125747675136
1476945946034409472
1476946510415683586
1477118401587781634
1477118053309509632
1477070442179424256
1476945618778030082
1476944103099174913
1476942917029666823
1476942867805327363
1476941904059060227
1476941531038699526
1476862411093073920
1477124851089346562
1476904586816356353
1477121197833740295
1477112541918613505
1477098108211265539
1477082247635222528
1477053279456534528
1476929691533512708
1476904014818078728
1476890700461400064
1476877225098051586
1476841092783886337
1476825038456516608
1476810402390425604
1476804086334844929
1476785335820451842
1477117859536928768
1477100342273662976
1477077436441366528
1476924170684354565
1476878511046418433
1476853018523889666
1476836694569590788
1476796274800152578
1477060326872928257
1477133520057212929
1476836835980574726
1476836739125702661
1476836254947831808
1476831550515777536
1477131557039050752
1477095309167656963
1476983442046783489
1476971991206744064
1476961335095136256
1476929936145281029
1476894959810744322
1476886953056346112
1476865583790452737
1476823700758413318
1477086285323931649
1477069023263145985
1476945991676817411
1476939111151771656
1476927063302959105
1476925186385477635
1476918676343255041
1476909609252098048
1476907580496625665
1476890499172556802
1476875118798245891
1476875007527555072
1476844095821660161
1476836614726770688
1476828114105737216
1476824476071301121
1476806604364288003
1477120640348000257
1477116720120680449
1476845750596227074
1476844539134369796
1477121807228432384
1476913058308001793
1477120329180856323
1477103362558418947
1477133277857075200
1477117724900081666
1476850466982006784
1476465657168691201
1477123948827451393
1476946512311578624
1476945564264665088
1476944350802513922
1476836928976687107
1477074755488346115
1476915940449083392
1476881063322345473
1476880429026213888
1477113599185199111
1477083260828078080
1476931008658239495
1476944537310302220
1476811583057584128
1476811467433275394
1477127244371746817
1477107334665359360
1476902554596298759
1476893501719650304
1476868483166007297
1476859200051429377
1476837908673810435
1476837669770432512
1476837535686877185
1476820756570857473
1476893372996411394
1476840403059949569
1477106788717662210
1476897320868319234
1476878172134117377
1476852000981618688
1476805066552070144
1477063640465371140
1476914712797323267
1476895177688195082
1477130507771019264
1477129404761268224
1477113566075392004
1477112998158213120
1477108352790503426
1476891110748291075
1476872833149988867
1476859355777536000
1477127275858456577
1477122694655070210
1477119499295813632
1477118086654279680
1477114420744491009
1477075212977926145
1477075210092244992
1477075207940497408
1477075205382033408
1477075203242881025
1476949417085202432
1476940272646852614
1476939402861432833
1476913012090949637
1476880223211700225
1476864112986505216
1476852702294339585
1476836869946023938
1476827691286294530
1476821852894859265
1477130478654136321
1477129571749154817
1477128339890454529
1477124851466858496
1477116270562578435
1477112788493664263
1477103257080057858
1476973929512071172
1476942999309357056
1476942280883769348
1476914817084448769
1476905735745257472
1476874435470630912
1476874400011980803
1476874250992566274
1476857598129295360
1476847613756383235
1476829266666921985
1476908650266382336
1476891204696481794
1476826742396317698
1476794530204581889
1477133344840159232
1477091386025410560
1476915713122062340
1476814142459703296
1477127297450737664
1477039555689652224
1476894150632960000
1476815584453017601
1477138245851009036
1477128235552894977
1477118660577619968
1477105129807486977
1476954380352081927
1476927779975299082
1477129747561779202
1477129630423289856
1477114182919016448
1477108387015913473
1477093566522425347
1477085391454801920
1477049247321128961
1477032287430606848
1476974603012427779
1476938131890851846
1476936534771179520
1476897903440322560
1476890562984775682
1476889995440902144
1476889029203226625
1476887118223863811
1476875545019224066
1476870757674151941
1476861071340146696
1476860378097205252
1476851121385717766
1476830537700368385
1476827653642457094
1476820885566722051
1476816159664066563
1476811234456444930
1476789136233172994
1476583522156441604
1477139918514057216
1477107562377973762
1477092244851081217
1477077412521209857
1476895256368975872
1476880754080727044
1476861240467066882
1476823863145099268
1477110633535397889
1477062080943439873
1476884772630646785
1476881651288272902
1476870396901150720
1476857490721566720
1476851162485719040
1477140623618576385
1477140618950311939
1477138237499998208
1477133624570904576
1477132292384440323
1477130276245438465
1477124115215519748
1477122253531672577
1477111548455710720
1477097179755864064
1477071185011933187
1477070532579557377
1477063404753805312
1477061483200610304
1477059717272772614
1477036541067542529
1477020157721518081
1476925679753170944
1476918780601135106
1476906202860720129
1476857771140079617
1476833882842361858
1476818455374434304
1477133387127087106
1477121242423390209
1477120770174115841
1477120132816125960
1477108150255849475
1477101769683390467
1477101126965084160
1477098988243279873
1477096837311959041
1477088038396125184
1476958166646616066
1476943834886012930
1476920678293016578
1476909439101784065
1476905132864380928
1476888550209556482
1476882391742357506
1476880415600168960
1476861303754870785
1476857369569026050
1476857151528194051
1476855959607779334
1476842604465508352
1476836591725256705
1476820308489236484
1476818715140259844
1476811357664079877
1476793098122317824
1476791374250868737
1477134615915610113
1477131434116583426
1477121237067304964
1477108092001484800
1477098569790230528
1477094930778521600
1477063212071718913
1477060643052154880
1477049015833223168
1477031052568793091
1477010931972403201
1476981018506645506
1476966782522912769
1476963678834548739
1476962034369671171
1476957436334379009
1476954677665173504
1476949747965431813
1476948769346179083
1476940757072113666
1476930488082173960
1476930387309776907
1476929670377447439
1476927705434050562
1476925231193214981
1476922203757322245
1476920773717610499
1476913177233432610
1476910418106851329
1476907087712055303
1476895986911887361
1476892545267298311
1476892384336220162
1476889655698067457
1476888146352562178
1476887586996371460
1476886912690438165
1476882195755122690
1476881742652862464
1476859221207490560
1476859201439748097
1476859118350528513
1476826178711347201
1476818774078677029
1476815651054444559
1476813256412958721
1476809282259726337
1476804027769712640
1476803040489316354
1476794381747175425
1476790809823490134
1477090614256623617
1477087588708085761
1477064482656747522
1476958360939347971
1476924399022342157
1476895946088665088
1476857114307940352
1476830247383453698
1476791773808640001
1477134008299360258
1477064105538191360
1477035127045644288
1476980087186608128
1476957698004377600
1476898959058628608
1476848838631587844
1476833725383991296
1477132740818464770
1476896934946246663
1477130100965457922
1477086153366855680
1477082157340184580
1477079890952261633
1476963838931005449
1476951289242140672
1476949689454923776
1476913872082661380
1476908379574456321
1476818594088378370
1476818310004105247
1477106975028629504
1476969795656376320
1476849788876324869
1476832632419897351
1476832314424545292
1476805257145438208
1476796119774420999
1477103336021127169
1477103333420666880
1477103329494765572
1476964682141343748
1476838122935652354
1476838119538249732
1476838115205468160
1476828083298525184
1476828081570521089
1476828079179788288
1476868421677555713
1476804279776133121
1476794657795239937
1476831808247328768
1476794660060237824
1476855232768331778
1476910004514873346
1476947220251525133
1476885495237922822
1476847938315821056
1476847827330371586
1476847720635588611
1476847528750424064
