1479298986418728963
1479298746135371779
1479298543470858240
1479297813611565057
1479295748151803907
1479295394320302088
1479295070931066880
1479294985660874759
1479293809636741123
1479293477540098049
1479293128721190915
1479291519622258689
1479291452500811779
1479289062565421059
1479287921853169665
1479287014822498306
1479286915224403968
1479286024630988800
1479285016362295296
1479283240985051138
1479281781622722560
1479281598373654528
1479281156616982528
1479281023040950272
1479279820827607048
1479278780455653376
1479277943754878976
1479276015494987776
1479275987644731393
1479274872807182338
1479273864471347207
1479272149894381568
1479271647597064194
1479268213229703168
1479265852989992962
1479265529051303938
1479264847678164992
1479264673195171841
1479264019634659331
1479263904609882113
1479262685145427969
1479262512168067074
1479261084255023106
1479258785038233602
1479256535595368448
1479256024292859906
1479253592695468035
1479247604567314432
1479246838850936834
1479246310708371456
1479245796432171008
1479244675659665408
1479243610075844610
1479243570749972482
1479242979499921411
1479242345535004673
1479225811123445760
1479223893462327302
1479221721475723267
1479220408826339328
1479217215576571905
1479217121565437952
1479214687065571329
1479211325511258114
1479204420042723330
1479200363878109184
1479192289620549632
1479174960400650246
1479163463725301764
1479160020881137668
1479146272925708292
1479135799123660802
1479135662984994817
1479134993850847237
1479133310970441728
1479119537790324745
1479113303880208391
1479113090100711427
1479112241379102720
1479111838650437634
1479106059771920390
1479102950110679042
1479102616684564488
1479102564058628099
1479101032571432965
1479100958181183493
1479099823286407179
1479099415994376192
1479097153238691842
1479096051176914948
1479095345627865098
1479094174842437633
1479093971338944513
1479092725169356802
1479091956542173191
1479091909763092480
1479089536525209601
1479086213659185153
1479086122726739972
1479085809839927296
1479085111119282176
1479084900447780866
1479084844361547776
1479083203713323009
1479079383277072386
1479077774098931712
1479077040217157632
1479076865578967040
1479074832968929286
1479073874507538436
1479072695123779589
1479071669742280704
1479070545752723458
1479069982755414023
1479069798579392512
1479065241380003844
1479064566210252802
1479061987011153922
1479061492171362307
1479060156189003778
1479059299842228225
1479057477056417796
1479055701926285315
1479055432211591174
1479053642304946180
1479052294746370051
1479051991074619393
1479051557593239554
1479049023902289921
1479048858281791488
1479048431645593600
1479046920127406080
1479046918521368584
1479042280220618752
1479040697982279680
1479040614222077954
1479038013061890052
1479037551113486336
1479036077667090433
1479035216769421314
1479033752265412610
1479032659519016961
1479032405453271042
1479021588540387329
1479020505311027201
1479020371496308739
1479019906104315906
1479015840666173440
1479015835213598723
1479014917415919618
1479299880564658177
1479298897570713603
1479285281261981696
1479282109088894976
1479281045249814531
1479270448592408577
1479266347133530114
1479265980102549505
1479265968731815938
1479261039464091649
1479248938834141186
1479244190437425156
1479243269422735364
1479242572383985673
1479222133033213953
1479222106248425476
1479147068778115076
1479131451530481665
1479123640784281605
1479120445349654533
1479103271599951878
1479095005394264068
1479093960794685442
1479079420929318924
1479077607425470464
1479073085588672520
1479070239727906818
1479069817529192451
1479065669748420608
1479063975316783107
1479062997670768642
1479062985884585985
1479060589028642816
1479055614068154375
1479048032368746497
1479046026937790466
1479043034255802369
1479042139371757569
1479042137035395074
1479041236468072449
1479030492598968321
1479027912955162627
1479021790944915458
1479021325389905929
1479015016246353923
1479010255811985411
1479010039725764611
1479009931399290881
1478995692509020161
1478992864151588866
1478989293393641473
1478986930284945409
1478985335950299137
1478984314750521347
1478978303654432770
1478977290457337856
1478973066638098434
1478971446835625987
1478962924068638721
1478960035812184064
1478957790206988289
1478953389677420549
1478952884372865028
1478950902241185796
1478945956536020992
1478943802509254657
1478943533591527426
1478942472193691651
1478940462454956032
1478665688839442432
1479296176654487552
1479285052068405249
1479254273191907328
1479213794156957697
1479063998461247496
1479059247073689602
1479301330623627265
1479300997549735938
1479295976829423617
1479294063186567168
1479291727118667777
1479291525779447808
1479287706668568576
1479280928883019776
1479280632370909185
1479279115161071617
1479278029381595136
1479276979006308355
1479275635742674948
1479275430192431104
1479273802773118976
1479271645583843329
1479270568373284864
1479265357332312066
1479263043498299399
1479262642023788544
1479261136377679873
1479260624710352896
1479260426986610692
1479257920655089665
1479257917278752770
1479257351873957888
1479257147334561792
1479248619433693191
1479247144372432896
1479246318463688705
1479246065387728896
1479240527228723201
1479240083265912837
1479231744494690306
1479147990082211840
1479116963984986121
1479115573002846212
1479115433210888192
1479114908054605837
1479104164030341130
1479100996001275912
1479100601388601352
1479093586499026944
1479090535566508032
1479076726520967168
1479076610175221760
1479073326836301826
1479072718557306880
1479066470164221953
1479066307395944448
1479061023655034881
1479061008727478273
1479059244217298949
1479057666760531978
1479055778732339201
1479053816129409027
1479045686867996673
1479038254854782976
1479037301539762178
1479036941697892352
1479036545784954881
1479036025972224003
1479035246704152576
1479032882253287424
1479031913008402432
1479030784648376320
1479026415819390977
1479026297183432706
1479025632067555331
1479025062074216450
1479024836575850502
1479022101940031491
1479016776532779010
1479010056074977285
1479007745424564225
1479006930785890306
1479006683703611393
1479003971452694528
1479001731551805442
1479001277761654784
1479000663413559296
1478998705814454280
1478998565313679361
1478994392794877953
1478988472819937288
1478983377738878976
1478970065680699394
1478967993669324800
1478963318123491330
1478962475206791170
1478961436697190400
1478961062217015296
1478961060052799490
1478951970018770944
1478947316765581316
1478946408233193472
1478944648131342337
1479297162248802304
1479287872888848385
1479287433334190082
1479284574681112579
1479265073117863937
1479176264619479041
1479137457543155714
1479119095601586183
1479106529068347404
1479087235811057665
1479065330135683072
1479064773488640000
1479051240050884608
1479049061315452929
1479028753502064642
1479007423012564992
1478995801963569152
1478990123324694529
1478975425346883584
1478967564831457281
1478960371260035073
1478943846507573251
1478067720281210880
1479296026372546563
1479291271516614658
1479290197044957190
1479282273266532352
1479279729538703369
1479277832274468870
1479277346100322304
1479275343861018628
1479275343768813575
1479272774497566720
1479271395976617988
1479268464569163777
1479267537376268288
1479267524634034177
1479266697399967744
1479265964449406978
1479265753970839552
1479260427171160064
1479259582618746881
1479258259949121536
1479253366639251456
1479253156898902021
1479249507732754432
1479240208553951233
1479237529358397440
1479209532727304194
1479193272882847744
1479154991046610945
1479150568039849984
1479139628200255492
1479128884977156096
1479122935579176964
1479121307774058503
1479115160975392772
1479100608380424197
1479099002779942912
1479097925145923598
1479097881596289026
1479095635072614409
1479089331851587586
1479088422149001219
1479086606573137922
1479082127991861252
1479081146826690562
1479078295639519235
1479074406546558976
1479072836581044224
1479072019140337664
1479064554235641859
1479063365154603015
1479062876371357696
1479062112043364352
1479060154096054274
1479059250177445888
1479059028072452099
1479057063208624133
1479056937656348675
1479055290850951169
1479051617970245632
1479050906582716417
1479050848072306698
1479049172732968960
1479047925669920770
1479046339732201472
1479046299370471425
1479041479959990277
1479038957232934914
1479036709081956355
1479033688260182016
1479033384642879488
1479030420897288196
1479028505446731777
1479028303050723333
1479028288773185538
1479026476225761282
1479026284143394821
1479022429930508288
1479020999429345282
1479020638144647168
1479019470542700544
1479019302015565826
1479017376280576000
1479015347768332288
1479014115519569923
1479013618138386436
1479012477836804098
1479012475693535233
1479012030312976384
1479011894090354691
1479010002341826562
1479009747042856962
1479009694035316737
1479009075136323585
1479008892147302400
1479007778018447360
1479007420823138304
1479005940313518082
1479005275319255041
1479003847846625281
1479000098160148480
1478999983554764803
1478999369730854913
1478999205448282114
1478997771986223104
1478989721200177153
1478989686181810180
1478981642446274562
1478979172580007936
1478971831386349568
1478970352650752000
1478970283016867840
1478970009175031812
1478967770163204098
1478960404441145344
1478952706077167617
1479301882501730304
1479301101358706689
1479299035198492676
1479298506531610626
1479298482863505410
1479298431482925057
1479297946902417411
1479297688126386176
1479296121071570946
1479296027614011395
1479295821581488128
1479294984759037953
1479294794601881602
1479294753363668993
1479292857022558208
1479292131969695747
1479291740607578114
1479291657174405120
1479291500655611904
1479291163836178435
1479290474913431555
1479290409968750596
1479290157450678276
1479289649998667776
1479289202852261889
1479288447823015936
1479287737572155393
1479286431138803714
1479285632849510401
1479285329924292609
1479284786283704320
1479284548840001536
1479283603250958338
1479283078212165633
1479283076245049344
1479282593363218433
1479282082446647299
1479281930361212929
1479281032700391425
1479279609136889859
1479279387241451529
1479278380377800704
1479277812770951168
1479277026775224321
1479275322117787650
1479274756557852673
1479273906129170432
1479272809423646722
1479272589524570112
1479272309726744577
1479271994059214848
1479271427429658624
1479271296462585859
1479271175268171777
1479271137884491777
1479270912369201152
1479270110971920386
1479270084241596417
1479269637711745024
1479269038987431937
1479268192723693571
1479266932427673601
1479266856200400904
1479265823202050048
1479265386369409026
1479264458430050304
1479264270638452738
1479263927498280960
1479263428262858753
1479262127294595072
1479262001259892736
1479261870510915584
1479261376736632835
1479260290772463617
1479258404577157122
1479256952899178497
1479256469321052163
1479254801309331458
1479254586007248896
1479253603445477376
1479253327082708994
1479251537570398211
1479251233797935105
1479249356070875138
1479249337133666305
1479248987437760512
1479246302265413636
1479244699579805696
1479244013496508417
1479240770699751424
1479240511256809477
1479239892383137793
1479239682470789120
1479235235376205824
1479235012469956610
1479233398476800002
1479232360940208131
1479229783359860743
1479227877547982848
1479226016849661955
1479225955868725254
1479223627048710145
1479216843126558720
1479210448029319170
1479207702811357184
1479202984923860993
1479201319663509504
1479166574455971841
1479162169090396166
1479157623463157760
1479154149681819648
1479153945431863299
1479149157029867522
1479147017720909829
1479144033851113477
1479143775469375488
1479141904147091456
1479133305798897669
1479103483684945928
1479064267085135872
1479048980533186562
1479010888166240263
1479301682315948032
1479301676230078464
1479301648442748931
1479301311329816579
1479297910038614021
1479296776129560578
1479296325137022980
1479296324226875392
1479295635937394688
1479295581201657856
1479293908379000835
1479293681286856704
1479293422615760896
1479293408325746691
1479293362201313284
1479293186870636548
1479292804220084226
1479292296705150976
1479292223653294083
1479290939415748609
1479290044900802562
1479288185821667330
1479287931328073728
1479287383631691776
1479287347837505536
1479287345497051137
1479286754632822784
1479286532779376641
1479286402764263424
1479286268999569409
1479286163928092673
1479286055975096321
1479285971363328001
1479285535415832578
1479284784207564800
1479283909070254084
1479283551170297857
1479283241051844608
1479281935960588288
1479281612349063171
1479281524008636419
1479281305724485633
1479280576951586816
1479280561696825344
1479279563792211968
1479279342114914304
1479279115836428292
1479278840971030531
1479278757433118723
1479278575345827842
1479278142933987330
1479278035727646721
1479277862955847681
1479277673687908355
1479277045297266689
1479276579083538434
1479275746862403584
1479275462564085760
1479275343794122755
1479275132543651843
1479274722378485760
1479274674701750274
1479274612554756100
1479274086572314624
1479274030213386241
1479273949800267777
1479273170913816581
1479272140155146243
1479271551585296384
1479270607392948226
1479270583720308740
1479270433727737858
1479269415434686466
1479269067437404162
1479268894317563905
1479268881927577602
1479268810318249990
1479268757520273408
1479268700578480129
1479267680939311104
1479267306907701248
1479267147545137152
1479266942443606017
1479266440741986305
1479266422031151107
1479266369459785730
1479266131395235840
1479265259944742914
1479264979488436235
1479263837958258689
1479263495858253827
1479263136205004800
1479263093880283137
1479262196097949699
1479262075994050561
1479262075218120705
1479261085928542208
1479260520129597441
1479260503562096643
1479260359118635011
1479260338356768769
1479260137151811587
1479260043736272897
1479259952635994114
1479259170465480706
1479259072952029185
1479258583522955266
1479258576921055235
1479258526954377218
1479257943929360387
1479257874983370753
1479257295510913025
1479256731972620290
1479301998302285824
1479301769674985477
1479301599591747590
1479300452294529024
1479300348724408321
1479299606018101248
1479299521368637441
1479298873361240064
1479298378785714176
1479297988233089024
1479297768791298049
1479296288633999361
1479295784700899329
1479295520958861312
1479292167516393472
1479291931070906368
1479291372091805696
1479289491009335297
1479289077686018048
1479288747166343168
1479288224434384897
1479287055439958018
1479286669228445700
1479285695730491394
1479284380614868992
1479282489495486465
1479279875668070403
1479279361182236675
1479278344755564549
1479278193626341376
1479278055466016768
1479277610895040513
1479277330878980097
1479277026238365700
1479276360900104195
1479276299961073664
1479273349020729346
1479272689504497664
1479272212246908930
1479271653540466689
1479270574861864960
1479269668510527492
1479269354210484226
1479269190770913283
1479268711043407876
1479265806127009793
1479265792130633728
1479264605121642503
1479264598779998209
1479264288283889665
1479263677123489793
1479262385760210944
1479261779481935872
1479261617212694530
1479260244249235457
1479260011486322691
1479259459977318401
1479259273762721793
1479258911437848581
1479252694770479104
1479252664235872260
1479250935389962240
1479250805567881216
1479248202951901188
1479247981756907520
1479245066551971842
1479243906004885505
1479243875327881218
1479243577276309505
1479243289903599617
1479242724498804736
1479242623772934144
1479242089380548614
1479241493118283779
1479241372892758018
1479234435539214340
1479229226393878528
1479228630869811200
1479228182377209860
1479224515335180289
1479221526507319298
1479220104374198277
1479216863552761856
1479215619094589441
1479212756460924929
1479208640573685762
1479169548657905664
1479168956975910916
1479168532231254017
1479163901715435522
1479145629024612362
1479144918157123586
1479143445193056256
1479133802849054723
1479132056592338946
1479124962564710402
1479124640660221957
1479121821857288199
1479121216363319301
1479119517372456961
1479117679533301760
1479116107071901696
1479115842012864513
1479113435845574659
1479112641532481537
1479111235941515273
1479295209859006467
1479294128559058944
1479287216572538881
1479286677688434688
1479266167365595136
1479265883386105857
1479265831099920384
1479261598266978306
1479257446484824065
1479235960672067587
1479231083971416064
1479166704538116096
1479155366193598467
1479153487594373123
1479147836834865154
1479130119759273984
1479109684057444352
1479099954207420423
1479098334308548612
1479089795225645059
1479086048034496513
1479076948198318082
1479069091948236800
1479067647522205700
1479064614843281410
1479059035982753792
1479058476571578369
1479054876285964296
1479039623074500613
1479037689798217728
1479032903006777345
1479029069186433028
1479026771957669888
1479026388912926725
1479022875034087427
1479020442488750080
1479014389114015744
1479009153242697732
1479002353269297155
1478998723770286080
1478990104806846465
1478989337219928064
1478985288214999041
1478983975292968962
1478981886206562309
1478981428515803136
1478977167631413252
1478971237351055361
1478965515993317376
1478963165031374848
1478962659500253184
1478954892932698114
1478948386023911424
1478947621230182402
1478943067151298561
1479301783805648897
1479300607953432577
1479290443351265281
1479276740677550081
1479266035836461056
1479225152718225410
1479145500515393537
1479132172967550980
1479114028555198472
1479097473729581057
1479096119749591042
1479091827487567874
1479090261502296064
1479085924365463553
1479079052388536328
1479077838061912066
1479070149718077441
1479057404750798848
1479051332413652993
1479048360518553601
1479047341306880002
1479046838229426176
1479046782969516033
1479045806938230790
1479040360693174274
1479039956823674880
1479036355367751681
1479027894517043201
1479022802275475457
1479021741527556104
1479018882740277252
1479018291184103425
1479017300237819906
1479007918355845122
1479007843915235330
1479006246573199361
1479000591036661760
1478994097591439360
1478989879065276418
1478988888639107073
1478987166264872961
1478965651108556800
1478959461318356992
1478952721440919553
1478950851800551424
1478949745494147074
1479278659965911040
1478979576801857536
1478977577268224003
1478967769395720192
1478967587325108224
1479035253238992898
1479031916649086977
1479298183868026881
1479285856158380035
1479261355479687172
1479222614614814727
1479174065214537728
1479150270625894400
1479149556117823489
1479109934335758340
1479041522699960320
1478970428387254274
1478945607205064704
1479294713677025289
1479286586516725761
1479283965571715074
1479281182890020864
1479250987512520706
1479165008248545289
1479139604699639809
1479094172971716610
1479084583723225095
1479080933902872579
1479078784527585280
1479071506038616066
1479067458849980418
1479063148845940738
1479054438354460682
1479051775961300995
1479049998067126273
1479049813282811905
1479039625846870017
1479031625828741121
1479031236270034944
1479030695443894273
1479023776167718916
1479021217428377601
1478999898364133379
1478991136324984834
1478990945848676352
1478984049804800000
1478974019718111233
1478971753313361922
1478969440859353088
1478962376145707009
1478959045281202176
1478952438690242560
1478951892927463427
1479296943956365314
1479296835302789122
1479290218561822724
1479286682121908226
1479285254737195008
1479284179535679491
1479281788711170053
1479275067443875840
1479271573655752708
1479267755656286208
1479265029417431040
1479258833948008448
1479257286899945472
1479254885254066177
1479249547301847042
1479247824806047745
1479241000686022656
1479232195822698497
1479230245009981440
1479228231333322753
1479219569747464192
1479201237773918212
1479167491846774787
1479154240857726985
1479141808571514883
1479115827043438604
1479111164780900352
1479108561959456771
1479094933612994562
1479094429025665029
1479094035696340992
1479092144514035712
1479089792000294913
1479084347122544643
1479083347015966723
1479080787525791748
1479079649254670339
1479079491385188354
1479078943353282565
1479078560111366145
1479078557968003074
1479078275016130561
1479077660689010689
1479076004400222213
1479075272687120387
1479075160422375425
1479073628486451202
1479073627802935299
1479073109328240640
1479072001406869510
1479071687530274816
1479070597577515010
1479070481873440768
1479068361401065475
1479067707702071297
1479066810745978883
1479066091607531526
1479061601336520704
1479061573972889601
1479060233934843916
1479058205833510917
1479055944491286528
1479055215177334784
1479055028195237889
1479054485129351170
1479054195374186497
1479054187484770306
1479054149664657409
1479053519751573504
1479051797427671043
1479050943270309893
1479050502885105667
1479049633758208005
1479049208929787905
1479048520061833219
1479047989583032320
1479047637835862018
1479046975743954945
1479046762887147520
1479043666924617728
1479042632240152576
1479040878844940288
1479039957008220163
1479039634453663745
1479039178734129154
1479037882165645312
1479036393904951296
1479036025867423745
1479036018011435008
1479033937632522240
1479033836805656576
1479032879095037955
1479032454740688897
1479030965544488961
1479030411271434242
1479030405177098240
1479030385509949442
1479029954578825218
1479027105371279360
1479025988214214657
1479025935282159620
1479024439597494275
1479024424909037569
1479023952374550529
1479022129903390720
1479022118708805635
1479020997273481216
1479297924177666049
1479285841813934080
1479079697430450176
1479051940159897608
1479083166295990274
1479078280854605827
1479258711571197954
1479236528345915394
1479084218474905603
1479079009958842370
1479039334439211011
1479012677296943104
1478959282280226817
1479280998412029954
1479260926112976896
1479124957590265856
1479088698327126017
1479078377399078914
1479062262677577729
1479044485317230593
1479032335236435970
1479173550648954882
1479110005315956752
1479009245265682435
1478986724059451394
1478945272948428800
1479074595378323457
1479254825233633281
1479235323791958016
1479131962883280903
1479097237099581441
1479071258255912961
1479028012804759553
1479025445999824899
1479007998160691200
1478968002091438081
1478964277847363584
1479233545168203780
1479107938304561152
1479065869850333185
1479036114233032707
1479100897380601857
1478994069590200322
1478975854403207169
1479107651657035784
1479077895603560451
1479045834813546496
1479013521476100096
1479012594740391937
1479285052567539712
1479282943637917696
1479277404459716608
1479250389140574210
1479123910322917381
1479122341951016965
1479092656135290882
1479089928239607809
1479077508083445764
1479076318973026304
1479074738764804097
1479073005477117953
1479072383008866304
1479061819998146561
1479060618539790336
1479054421942161409
1479048841957543936
1479038312132136964
1479036450591023110
1479030968073666561
1479029169149263873
1479025063433146368
1479013556603342850
1479005190850179073
1479290740681297920
1479290527467991041
1479266059219726337
1479264711145246721
1479250252108468224
1479249725782048771
1479238504848629761
1479237019129638913
1479235753196818433
1479235605737267202
1479225583955365890
1479061029296300034
1479018785310793728
1479009338890932231
1479005027830169602
1478995896079552517
1478993055369687041
1478977026077782016
1478974752328798211
1478946673451626496
1479303357722349570
1479289662296375296
1479056086845902851
1479050350254383105
1479045052202586113
1479042436668088323
1479021545800409088
1479020079706562561
1479018339271798787
1478972399433383938
1479282687193931776
1478971626943246336
1478955339043115008
1479183197216784385
1479303209273331713
1479113652301013005
1479144478141149186
1479090507150082055
1479016951540187140
1479053590031257601
1479053533563392001
1479026616407781376
1479008730096144387
1479001646810103813
1479278710956064769
1479245433465491456
1479147296486952964
1479033091049943041
1479282203729096704
1479043897078673408
1479043511236186112
1479290665389334529
1479289067762171904
1479279668087820288
1479240409473765378
1479237931344744454
1479227237719326732
1479021574208442368
1479238687540064257
1479237763295809537
1479225464610856961
1479207553393324033
1479027906751778816
1478950411075657731
1479290944365101057
1479289412361998341
1479246236074999808
1479133612574326784
1479101510399127552
1479087272653774854
1479028589165092864
1479025197961277440
1479012675191390212
1478945719998246917
1479087111336644610
1479006757074583554
1478966955730112512
1479137269457960961
1479087895080157186
1479081887897321472
1479016550069780480
1479011175077580800
1478993113863446528
1478984055521636352
1478976404184186880
1478957167164018692
1478955644266844160
1479270250000515072
1479074987088629762
1479114999532457985
1479303173244219394
1479282207998955522
1479273257349963777
1479266227608457218
1479265936766955523
1479261832900579330
1479072234656260097
1479015506220748800
1479125801144492040
1479060027415543808
1479054070190989317
1479299120967794688
1479286050014957570
1479285984252489729
1479268480805326855
1479264134667464704
1479263572425281540
1479249205466066945
1479149767766646784
1479114275964669953
1479101647657652226
1479083071827636224
1479077525624033282
1479308369336754178
1479308308116692994
1479303607472197634
1479289687768395782
1479117564529680405
1479092461049823233
1479050032561098753
1479044213686042625
1479041260014891008
1479031160046952449
1479030876423929859
1479011848393420802
1479000239075852289
1478996704879808513
1478993997666283521
1478982568775405569
1478978046703325186
1478953429691031553
1478947403981996033
1478334254698287113
1479298905640632321
1479290677733117954
1479265514820038656
1479079639146319872
1479035533854601219
1479035531950317570
1479035526250307586
1479035517211582464
1479025366282825728
1479020841044086784
1478993541615345664
1478979428310929410
1479302198316044288
1479006737646510080
1478997651949441025
1479044694692675586
1479135030316187655
1479100147019644932
1479077469345165319
1479050965697269760
1478962762076155907
1478959601039015938
1479071786243297282
1479042395450658816
1479092232036573187
1479090030169575424
1479058271944151041
1479307857304588292
1479252245858242561
1479200037733158912
1479058730184437763
1479057825330466816
1479052747588526080
1479034194458148864
1479000224861278210
1479234625150996483
1479215033997410304
1479158909264744450
1479049225170153472
1479020355402420225
1478998118796443648
1478962308109848580
1479296949115244544
1479263115954950144
1479088655868170241
1479075283139538946
1479072536465793024
1479072353464176642
1479071791595212800
1479070190193111043
1479067897976680449
1479066328052822020
1479065702879297539
1479055322060767233
1479044739454275584
1478999783419396100
1479274064552153090
1479120782080942092
1479008842696441856
1479125221953003521
1479042231948349440
1478960832365023234
1479242579388469251
1479081645009342464
1479052943634493440
1479050904074477578
1479050585198399492
1479044494683115520
1479035909949444096
1479034480639631360
1479001080595767296
1478988400707334146
1478972392361762819
1479308408239001600
1479258229448183809
1478958319897174016
1479096017504980997
1479290789662380034
1479286429226180610
1479113589923352585
1479067411047354370
1479063290395332609
1479055523668369408
1479049416568758272
1479018078637678592
1479002147945541634
1478973873802547204
1478952315713323010
1479276781446123520
1479270390497091584
1478949010844966914
1479280336697659394
1479278322953588736
1479229935231328259
1479072926670282752
1479011486039113728
1479004042214920194
1479307575275319297
1479253030734159872
1479224577372917764
1479142732907962371
1479141955774738432
1479111653589278723
1479107014798106629
1479092071642263553
1479090792698290177
1479053196181999616
1479050177671417857
1479043945887723524
1479040690101583876
1479028527986999296
1479028177548681217
1479026811270959109
1479025360360509440
1479024269862469633
1479001147323133954
1478979851822325760
1478975460818100224
1479033734024208389
1479301483904450567
1479294640574533633
1479277364827680773
1479262035259002880
1479235949808607234
1479233936719216645
1479232439621140480
1479110114560806923
1479087004637822978
1479052404041543682
1479011134187261954
1478969532328726529
1478951636336664577
1478950397884903433
1479282385841647618
1479063889715228673
1479001144743636992
1479001138288545792
1479313118815608835
1479267266671742977
1479135033562566656
1479103871683207170
1478980309446127616
1479120196354777093
1479112221078605834
1479045744698871811
1479250659501244420
1479141936397127685
1479048310048505879
1479272456321785859
1479173689983660032
1479297430709424128
1479081146507935745
1479068605577052161
1479001117673631744
1479161112650158085
1478954104554541058
1479271517875630080
1479087147764396042
1478956065882402820
1479087010581073920
1478957230040829953
1478956709406068737
1479309134977634304
1479265071079387139
1479256672245714944
1479230847924719618
1479306893143199745
1479271300958806018
1479250006360002560
1479087464736116738
1479086697556021249
1479085879771549697
1479085686900748291
1479085686380634118
1478957860201451523
1478956438022025217
1478955914954608640
1479239294778630144
1479230722062024704
1479178764223275012
1479287113413578755
1479268625252978694
1479256647067324419
1479247334462537728
1479226572611756032
1479088449198051329
1479075356921712641
1479074331061678093
1479071662771347459
1479030125584809985
1479015807237574657
1479009128156520450
1478975724061036547
1478964688017059840
1478960418269765632
1478954543886995457
1479296122770264067
1479287622878990338
1479256626779414532
1479220479563079683
1479187314396090370
1479048838123950080
1479022989068824577
1478981971195809797
1478971233249087490
1479087512156979205
1479295579448492032
1479282471023767553
1479281648919146497
1479261479723405314
1479274047842095104
1479251928206831617
1479135925108051968
1479311113548632066
1479300023410049025
1479299104991678464
1479283268172144640
1479280896628850690
1479273481829183489
1479272147956617216
1479271788378935296
1479263644793724928
1479254172063047681
1479249726755115012
1479240774533353473
1479233179106037762
1479232564221333507
1479229435559964672
1479219068515536898
1479093250334294022
1479086573857558528
1479085810213285888
1479082154600513544
1479064091633147905
1479059568063700992
1479051703332708353
1479047523532562433
1479039037524512769
1479038248080973826
1479022687083057152
1479020484352110592
1479017213528993793
1479016053942337536
1478984224849862656
1478958505545515008
1479270420545417220
1479261416435576832
1479260378487877632
1479255410401943555
1479123532441284613
1479104926860992526
1479086653234765826
1479009275879952387
1479003559911854083
1478992885198385154
1478973411728584706
1479299503425404928
1479263386995236864
1479248749176127488
1479248641210855425
1479240389894701059
1479194546672214019
1479190094984667140
1479183188111118340
1479161252211564551
1479109437067382784
1479108864322662402
1479108031174496264
1479107375667634183
1479087612686069761
1479079608620257282
1479079531331743745
1479065705324580864
1479015689436352513
1478984222668775426
1478966584769056768
1478966210993610752
1478955137343229956
1479075463838388226
1479070428341493760
1479116817494802439
1479097886394630144
1478993641297301505
1478992050188001280
1479306711890423811
1479297335154941953
1479122683895767040
1479261369534803969
1479253008386965505
1479241006264426496
1479008669748502528
1479183702554861570
1479125936498827273
1478978246830034948
1479300001511534597
1479064231290949637
1479271508543348737
1479117064015015950
1479116713899610122
1479109463168589824
1479082807817240577
1479077667504721926
1479281049557372929
1479177932702552066
1479057121459130370
1478979777109237761
1478965518740574209
1478957844003098626
1479064371087085575
1479061812444209153
1478986966674771968
1479123045709017088
1479068009553489920
1479056873173127168
1478971839573479424
1479136176372338688
1479313432285306881
1479303501104631812
1479273980489986053
1479273146351902720
1479264621374574592
1479262703084466179
1479239175685558274
1479231823498690561
1479210586877530113
1479111823211200514
1479075895000244227
1479067278163386372
1479063322242674690
1479035926139392000
1479027500491501569
1479000203495493635
1478979866665971714
1478976086822187008
1478968387736801280
1478964956431216641
1478955379832733698
1479311034103963649
1479229448721670144
1479055166728900609
1479016071218679810
1478977808860803072
1479264144465416192
1479008472175841281
1478978718127165440
1478968256169844738
1479097735529721859
1479309938660818947
1479101027769069570
1479006341855264771
1479311620585123841
1479310961559306242
1479308346167488512
1479304308269076481
1479304238198972419
1479302838740078592
1479295987906584579
1479290006938083332
1479288052170182656
1479278688902336514
1479274721313128452
1479269246861393920
1479249343890685952
1479248603436630016
1479247490398318592
1479246288927399937
1479184155552272388
1479137626925899781
1479136705286336513
1479125339708157952
1479125134996766722
1479122972333854723
1479117153815068678
1479115149701120004
1479103610529017870
1479085259912192001
1479074078556262403
1479073055058001920
1479069295472635906
1479065917384323075
1479055584309645314
1479043737045004288
1479034026073604096
1479033420000870400
1479019094238117889
1479017383607955456
1479015894776881153
1479014494596579329
1479014026554195970
1479013476399865856
1479010871816835072
1478989865060470784
1479314259406311426
1479283353404645376
1479282233076707328
1479256252744011779
1479254677673820160
1479245854737256449
1479226692627542027
1479074107123650560
1479043501677441025
1479025401066242048
1478990570819252224
1478967928292663296
1479300755358027776
1479295455452299267
1479114354444226563
1479095261070708740
1479083818329907201
1479069767600197632
1479047509339082756
1479043428050558977
1479036929077170176
1479036108365185024
1479034377585577986
1479032080050712576
1479007876840452098
1479006120949649411
1478974177629458434
1479066533850599425
1479020104146821121
1479002770287915008
1479132451343532034
1479098230616956937
1479079258689445890
1479047424551243776
1479031883715411969
1478966266018742273
1478995694035750912
1479196416824070144
1479055133849763841
1478991695052042240
1479298575070679043
1479291199521701889
1479291191405338629
1479250748944752640
1479244737957679108
1479233182918758405
1479224576181956613
1479158615655157761
1479149222888828928
1479123130211655692
1479121431623438337
1479104035437178880
1479098942931439616
1479088437898752010
1479080572999770114
1479079852959408132
1479079538042695684
1479077013524680705
1479076631478108161
1479075663080411136
1479073975820980227
1479067756888616960
1479025143129067521
1479024430839861248
1479017077339873281
1479012882826203138
1479007072834314242
1478985557497704448
1478973289439514630
1478967543196880896
1479053427833409541
1479281047925706758
1479275397728522241
1479266604298821636
1479252758674903040
1479250002648055809
1479198369318801408
1479120279704014851
1479062805537951745
1479055339404230660
1479019626667278338
1478998084344557576
1478994529231405061
1478974459264450560
1478895628209979392
1479046122987409408
1479006846094438401
1479247028936871939
1479110653491093512
1479291983394852865
1479291135528890368
1479288247310184453
1479288245770850305
1479255895250931712
1479148508951171072
1479022227152510977
1478962042904412162
1479307189072191492
1479304110847324163
1479300801243664386
1479298772165226499
1479292237468995584
1479291562215424001
1479283760700878849
1479280441253236742
1479278407628124162
1479277933562720256
1479277447866552320
1479272533065039874
1479269804166955009
1479258668264615939
1479251081339158529
1479243652522143747
1479241752921862144
1479236880709218306
1479232855750422536
1479204998718263297
1479191029307699200
1479135303294095360
1479131058213818369
1479126216686796804
1479125494398283776
1479121859480195076
1479114209170321410
1479113168852963332
1479111846678315010
1479111741132853253
1479108316056141824
1479108150750248962
1479107345238020104
1479103189408378881
1479099394439856130
1479092402912563207
1479087817221238792
1479085801501650944
1479082985055870980
1479082093833441280
1479081313667670018
1479070166805663744
1479069846432190466
1479067978226307073
1479064570471731202
1479063193158778881
1479061622102454272
1479059310848065536
1479055621945061376
1479052153045995521
1479048084806012928
1479044568112762880
1479042471812206592
1479037707322277888
1479035334398595073
1479035320192561157
1479035301158789121
1479033519733047296
1479031819290906626
1479025984888197120
1479025259957391360
1479021730240679936
1478994098530840576
1478993666924433408
1478962114031017984
1478960982747541504
1478957981525962758
1478955863448588292
1479284767153475586
1479258363204489217
1479257704535248898
1479251116168601600
1479250539384741889
1479141210518392834
1479101589998555145
1479091863093084161
1479082394334351364
1479081450276155392
1479075399569084416
1479075387325833217
1479068162515607552
1479040200571428865
1479026323687280642
1479015717542322183
1479002589983174658
1479311738646384643
1479286470372331521
1479277530930561026
1479277048552046597
1479273445569351683
1479257667046502402
1479216964258373633
1479144687046848512
1479142290039869440
1479095230599090176
1479086386502418432
1479085352178520069
1479080266119487497
1479077474348589057
1479072566081818628
1479067643122307073
1479060796487266304
1479059593753858050
1479055991878545411
1479049960683282434
1479048192968871937
1479038710104555522
1479035824679239681
1479008158966169601
1479007031512248322
1479002671990280192
1478995340531408896
1478980367247810560
1478971780924522496
1478962549907279873
1479280081360941056
1479262843681710081
1479226135988871170
1479132172833288194
1479129087172288515
1479079547093938178
1479013421135847425
1478981638117748739
1478981122381864960
1478979924799082496
1478977685485330434
1478977637867397123
1478976969878355969
1479314016702926849
1479281434267324416
1479108266252636160
1479067400305721348
1479059878522114055
1479070711398342658
1478972534112485376
1479168884024524801
1479115751143272450
1479076128778293250
1479047060796047360
1479015189106155522
1478958876875649025
1479220305134563333
1479084368182140933
1479063550286987268
1479059595247063042
1478999709163266051
1478995523998986242
1478981320038486017
1479247493439262723
1479247491568599042
1479247487680479235
1478983689421787137
1479029784751398912
1479159531837874180
1479101555492020233
1479017626026209281
1479011190407790594
1478975983717793793
1479312453821370375
1479310270707027968
1479274166008553473
1479155157849886730
1479052226970619906
1479279018851536896
1479319963710021633
