1477850393207992322
1477848094226063361
1477843311700312066
1477841977483792386
1477841774030692353
1477841456153116675
1477841204024905736
1477840177691181057
1477839945997770752
1477837534533238792
1477837155934212102
1477835674174693376
1477831179373989890
1477829893253517313
1477829036051091459
1477827723447861248
1477826745399058436
1477826742668562432
1477826063203926018
1477824965718142979
1477824726215000071
1477822919325585409
1477820459521507328
1477820451225149440
1477819988740227075
1477814494956974080
1477812518349246464
1477812252023484416
1477807673059860483
1477807246729900034
1477806911932227589
1477787370254602240
1477780003395760133
1477775922895863809
1477764855750926358
1477736306511728642
1477718117912649728
1477709863828561925
1477709852826865664
1477698308336492544
1477693512384614400
1477692418984067074
1477689967967027201
1477687152016195588
1477682213000921088
1477676822212976640
1477673450407804929
1477668891451080711
1477667062797402114
1477664285668958208
1477661742649856001
1477655199359504385
1477654203996667913
1477654135344222210
1477652270644826115
1477651318789472257
1477650677920780291
1477645972318552067
1477643792731701250
1477640080479059969
1477637083972141061
1477636400543526915
1477629093638144004
1477628925702402049
1477627257095335949
1477625059132907521
1477619300089286660
1477618482803998723
1477617505128816642
1477616470473334787
1477615221208281091
1477614861257371650
1477611945897324544
1477610615501836288
1477609727097933825
1477608405141393411
1477607330241925122
1477606221142118400
1477604463246716929
1477601007123066882
1477600219642490881
1477598185392521217
1477597341670539264
1477596895442653185
1477596271539937281
1477596138622513153
1477595128541765632
1477594204620541953
1477593175204061184
1477588260188995587
1477587310300393472
1477584252417941505
1477582974560321537
1477581514695057410
1477580449115484165
1477575126023507969
1477574998164312064
1477571596936040448
1477568159074775047
1477565836059500546
1477564562970873857
1477564200603963392
1477563616828084226
1477561792515608576
1477559328051654663
1477557728088256513
1477554573157933063
1477553278389043201
1477551477820248064
1477550879544778752
1477550846959251461
1477550715828506625
1477549054473109504
1477548410286735363
1477545507283034112
1477539769592602625
1477538487725264896
1477535265518342144
1477534461478723584
1477532588155703296
1477530955619340290
1477529326216101890
1477528494787612672
1477528449006784512
1477526909932097537
1477526405906780167
1477525235272323073
1477521139500941313
1477517590612553729
1477515346198548480
1477515321976131584
1477506020100300802
1477500947697831936
1477500663345008642
1477500618885447681
1477499247264104453
1477499186148888576
1477498734581665792
1477495438286602241
1477494015129911297
1477493230467829762
1477845785408466944
1477845073958096897
1477837368887427076
1477836879739379712
1477835673805594625
1477833520290549760
1477832515008139265
1477832506464292866
1477831073958711305
1477825929283997701
1477824474611290113
1477821791464681473
1477819112382353410
1477819005784051712
1477818743413633025
1477817118821433344
1477816500857753602
1477816392426700800
1477805942301343746
1477804925513977857
1477798783463268353
1477797701932621824
1477797051429646336
1477796638198480896
1477793218498600969
1477792059964669961
1477791589556703234
1477790766370070529
1477790326278471685
1477789578807422976
1477789191727566848
1477788281085456386
1477786391564238850
1477786371242799109
1477776486656462848
1477776163678220289
1477733309711060996
1477710515392729088
1477676107994337284
1477674855092740096
1477666242919944195
1477666227749556226
1477651005806235652
1477650856170319873
1477645115904561154
1477644128494231560
1477634659915689990
1477627443041103874
1477627308571828224
1477613298908549123
1477613297742626819
1477605897769603079
1477604827114917890
1477603526448541697
1477599377224966150
1477597134115389440
1477594176883593216
1477583457270173697
1477582165906898944
1477581029267283969
1477579036008214530
1477578398151032832
1477567386135973889
1477567384844214273
1477562945911472128
1477562888894222341
1477562876910977024
1477557159223119872
1477554756335800323
1477536451076100097
1477533208761667587
1477533206224064512
1477526190097199106
1477510555451547648
1477847600426414084
1477822417426739202
1477851338927079425
1477851225097789442
1477849175995781122
1477848939902562309
1477847585096232960
1477847542817718274
1477847049664008196
1477846812723580928
1477846348498038785
1477842654515773440
1477841377819906048
1477834275781103616
1477832567915044864
1477830213060886529
1477825763537678337
1477825672257040385
1477816293000560641
1477815251655544834
1477813980886278147
1477813281964236802
1477811697150664708
1477799821373100033
1477779912282963968
1477734512595386370
1477711571316994050
1477697215497850881
1477665263369670656
1477654403192483842
1477645805146181634
1477630741722763265
1477628738170802176
1477628349711142913
1477616193624100864
1477613864380362752
1477611272393084933
1477610765934682113
1477605980405784580
1477600801623187457
1477589775137734656
1477578172329693186
1477558645307031553
1477557004633710592
1477555314018820106
1477550496529272832
1477543076713287683
1477528802125234177
1477526729312796673
1477526522340593665
1477525971074895872
1477525233351286788
1477524454087401472
1477523111431995393
1477512146292338688
1477503474359156737
1477497840435748864
1477497017630789633
1477496439030702081
1477495845419323393
1477849478124097536
1477848931081932801
1477825132156518401
1477823306183036929
1477732734030135296
1477622559269011456
1477577222357614592
1477564246334447618
1477531676183969794
1477523952721272833
1477513152111656961
1477500485619781632
1477499245452095490
1477495526304014339
1477847113799249927
1477837904667836421
1477837902344187904
1477823541592543232
1477820189555060740
1477815349252812803
1477804095226343424
1477794404735741954
1477794177614155782
1477792437154111490
1477783885349986306
1477674695415664642
1477627607428464640
1477622020258951173
1477614819486277634
1477603028668596224
1477590834124140548
1477562157810143232
1477512477772419075
1477509231863480321
1477497015906963457
1477848825402654723
1477847743431274497
1477847064239239168
1477847064193101824
1477846981166788608
1477845249602973696
1477839396787273730
1477838641531539458
1477837376575578113
1477837289254371328
1477837200947437569
1477834163759697920
1477832612815130626
1477831502972866563
1477828577471070211
1477826190673002500
1477824656962768898
1477824089267965955
1477821209626636289
1477820407679881216
1477817425143889923
1477817373851668480
1477817060847599619
1477816777094561792
1477815876829151232
1477815866070761480
1477815864166473729
1477815861855469568
1477815439149264898
1477814814227394560
1477814330598977537
1477813989069312004
1477813062681858048
1477812642508988416
1477806803802984449
1477802890043420672
1477802563659468801
1477801452710273024
1477793001762017282
1477791872642859025
1477790241083723776
1477782564555268096
1477716062888083458
1477696381066301440
1477684210336874498
1477682915710423042
1477678481194434560
1477672555188080640
1477669387448434688
1477669067204939776
1477667544961929216
1477665352230191106
1477662019880845315
1477661982798934017
1477661034970161156
1477660097941676033
1477659980350193664
1477658444698169348
1477658334450761730
1477653076643237891
1477652824561373186
1477652456276324355
1477652279532552192
1477650464208408577
1477649943770767360
1477649682021052419
1477641267454496769
1477633994170658816
1477630896878481410
1477628676283895808
1477620511664271363
1477618932957605892
1477616819909193729
1477615845677301760
1477615770121035776
1477615076517421056
1477611503045918720
1477607158141239296
1477605440867291137
1477601137528229893
1477599239102337024
1477597944580694018
1477593674250817536
1477593523876622340
1477586855784685569
1477580445348995072
1477577067176685568
1477573737444622339
1477572811329736705
1477572196629291008
1477567303101210626
1477564387015598090
1477564216898842628
1477564095435997184
1477561951915950081
1477560366246678528
1477560010028638208
1477556297771876354
1477550695129567235
1477546470907604992
1477543663018201089
1477542383004762112
1477539858927144962
1477538767061745666
1477537368835964930
1477537346203488257
1477534478234906624
1477531537029558272
1477531207575302145
1477528905045086210
1477527322190172161
1477524377851760642
1477522326388305922
1477519426207375360
1477519291792564224
1477512120405090304
1477508019999035395
1477507673595670533
1477507617329057795
1477506436145946624
1477505563902627842
1477505193805709312
1477504928092340227
1477502792319188994
1477501010440437761
1477500307026288642
1477497084185964545
1477496773484552193
1477494478147489796
1477642729966366720
1477851832923815936
1477851455008620544
1477847048187641856
1477843694090809345
1477842037747585026
1477841761485524992
1477841438691893251
1477841412620054528
1477839507638480896
1477837907469557763
1477831302082482178
1477830938293727233
1477829991052165120
1477829315072913410
1477827143258107905
1477827118633418753
1477826585411547137
1477824590189498369
1477824379010445313
1477822834952994817
1477819344365051904
1477814914651590656
1477813707379859459
1477811814696054787
1477808172551135233
1477807399943557122
1477806113751928833
1477803914422472705
1477799360180064257
1477796493176107009
1477792108966662144
1477791404889759745
1477790119276908545
1477775384561258496
1477771790352936962
1477745787476062208
1477739600864890884
1477702938596294658
1477693386786099200
1477692964818194435
1477686205462429699
1477685715806810115
1477678975568650241
1477677341165772801
1477676149580779520
1477670916137963522
1477664137521950723
1477662394843234304
1477659542083100672
1477657042751877121
1477655428678832128
1477650075807481858
1477645526652755969
1477644378948526081
1477642975731609601
1477641355211862018
1477640991192813571
1477640031711870978
1477635954470838273
1477635291707887620
1477633066784804864
1477628603969925124
1477623478123589633
1477622033143848961
1477621428002299906
1477617708212441088
1477616747062591488
1477614932824780806
1477614363863248896
1477613981372010498
1477610289415610368
1477604920404561920
1477601774462660614
1477600364660609032
1477594952435597312
1477594543310573568
1477591532685303808
1477591507213246464
1477590542695469059
1477588617824325634
1477587115156250624
1477584452066758657
1477582622633037825
1477581692608999426
1477581261216509953
1477580721283735552
1477580666736824324
1477578279930396673
1477577150043549696
1477576700816879617
1477575767827501056
1477573444921266177
1477572807009529859
1477571387774554114
1477570034062934016
1477568633647730689
1477567798045933568
1477566473757364225
1477565047018868737
1477564991691640833
1477563827860295689
1477558583835250692
1477557309094064134
1477556759124340738
1477556656330338307
1477554804759023617
1477852228287401984
1477851657417330689
1477851023532347395
1477850983292366855
1477850590155710465
1477848441581625345
1477848370513203201
1477847687739281408
1477847494457376770
1477847183256956931
1477846874799304706
1477846714048413698
1477845281731272705
1477845259753115654
1477842892001447937
1477842584286359558
1477842132014546946
1477840026348113922
1477839308186787841
1477839024085606402
1477838646975684617
1477838202811478021
1477838143759945731
1477837783662161928
1477837132622352387
1477835719372464128
1477834851881418752
1477833878723203073
1477832355163213825
1477832341821136900
1477832030033309696
1477827199205982212
1477826005801013250
1477825779916369920
1477825109620527104
1477824910328090626
1477824797304180736
1477822799913709568
1477822031731122176
1477821561956540420
1477821425121513472
1477820366915473408
1477820303430488065
1477819471934812162
1477819258935545857
1477819217055420419
1477818741438050306
1477818737919102978
1477818059440082944
1477817038399627264
1477813637339176963
1477812089150337028
1477811279985184770
1477810186454802434
1477809391097159680
1477808571274334209
1477807745818509316
1477807300442132480
1477804973777772544
1477803413307936769
1477798756800032768
1477798534292275203
1477794983465734145
1477792770634891264
1477788184171855874
1477788067184271360
1477787107955404800
1477780383747883009
1477778245810626561
1477778244124299264
1477767782414626820
1477767725925617664
1477766030629896193
1477718641244131335
1477712207752282112
1477708742145703938
1477708149024968706
1477707948621131782
1477692692570075138
1477692385878413314
1477683064788557824
1477680420850323456
1477679202857934852
1477678806257192961
1477676648992444416
1477676495258542080
1477673119938592770
1477671771008602112
1477670758289588224
1477670658968457221
1477669075291566080
1477667763111882756
1477667237104263169
1477667188131598340
1477667099879165953
1477665082892976134
1477662286173016064
1477662217134739456
1477660406868942850
1477659970824916997
1477659351892463620
1477658163088289793
1477656209985470465
1477655969517633542
1477653882691940352
1477651407503200257
1477649751264825345
1477648720669724672
1477648712012754952
1477646813779808256
1477646371079405570
1477645620449927169
1477644464772448257
1477642856936271877
1477641874777120771
1477637989492690949
1477852265549496320
1477850280519606275
1477841439987941383
1477839672709505025
1477834043076931584
1477827884169396226
1477827159427219457
1477827025620529155
1477821114248273922
1477819743297892353
1477808396963225602
1477794300939276288
1477757377734537218
1477683164663275520
1477683116085235712
1477681736272150529
1477676963657510912
1477675127521243139
1477673612416995329
1477665626063704065
1477653483566223361
1477652487230263296
1477648157706108928
1477647344082440192
1477646273586991107
1477644386418630656
1477637927026913281
1477624331303677952
1477618630913261569
1477617356612329472
1477612028697006082
1477601432572289025
1477594868008378371
1477588077728002050
1477573492354666497
1477571011125989378
1477570639871447041
1477556612684410882
1477517695125909507
1477516306240790528
1477507089887072256
1477503988601737216
1477843769571479554
1477843400514629632
1477838330813288451
1477828895076278273
1477823413209034755
1477810692988231680
1477779282218811392
1477687022877769731
1477669561726115842
1477669333434257431
1477649306781769728
1477649066582417409
1477643564901298177
1477643031071244289
1477632903521583105
1477616068248018946
1477615600444710913
1477603064945074179
1477594938829197315
1477582921590460416
1477572455770193920
1477566311798427650
1477555231198044162
1477548673831956482
1477548396265172992
1477540385714888706
1477533907650105345
1477532722541195267
1477530111100416001
1477519541160726528
1477510546341576705
1477510215218073601
1477507640540360710
1477501976539590656
1477495533946216451
1477840202009702401
1477540255880269826
1477728836410302469
1477728662967537680
1477628538773655552
1477524302102548481
1477497019304341504
1477822004120018946
1477817604416819201
1477784437681098752
1477702670517374978
1477681632693800961
1477650025375154177
1477649207527759876
1477644763918585857
1477638680567189505
1477632936090296325
1477516812489146375
1477516243443748864
1477849933831016448
1477847070094491649
1477846864514871296
1477845804198989824
1477844838611439617
1477839293322199040
1477837734660087808
1477835040008511488
1477834846898573312
1477824215390691328
1477822116699336708
1477816606260555777
1477804952428769281
1477804127493128195
1477795398303449097
1477782046466469889
1477776604189184003
1477723870983512065
1477687699238756353
1477685050334318597
1477681746363629572
1477671439960469504
1477669896594989056
1477665242435911682
1477660329249107970
1477656641424211970
1477654735981219840
1477638591861850115
1477631884360183808
1477621326739169284
1477611466291175426
1477607346519957506
1477601323897876480
1477595267549446146
1477590960317952000
1477583053924962304
1477572669579030528
1477571671171080192
1477564117397372928
1477547362071433216
1477545977326161920
1477520685782036480
1477520685383634945
1477515625664704517
1477503327512543235
1477495206622613507
1477852219143712769
1477844794458050562
1477840752147255296
1477835824582434818
1477833181692715008
1477823246988767237
1477822102774312961
1477814696778502144
1477812944209690625
1477802401285361667
1477800118870937601
1477797700557017090
1477789824048193536
1477786673224110080
1477782582137815042
1477774804644102145
1477707813623250946
1477668018624684032
1477646012487372800
1477644083208220672
1477638763257884672
1477635991980556288
1477635112879603712
1477634806145904641
1477632754103644164
1477632751620673536
1477632462813478918
1477630039235567616
1477629776525336576
1477626988667965444
1477623668310118401
1477621825764933635
1477616748765466626
1477616742796984320
1477614872699432962
1477611429804924930
1477599444707151874
1477595693317382144
1477592189647523840
1477592183725518852
1477582411428876289
1477581967327596546
1477579056795111427
1477576433543225351
1477575307506819074
1477574081666969602
1477572569892982787
1477569100830310400
1477565711316783104
1477562014734028807
1477558302808576000
1477555146921951232
1477553456713908224
1477552716251480064
1477550848460926977
1477549819384061953
1477549133724413952
1477547422674915330
1477545956375609344
1477545379751088129
1477545134434648064
1477544324363546627
1477544019626364930
1477543447380652032
1477543437511512064
1477542064048857088
1477541871375163393
1477538689894940674
1477537987139301376
1477530835171651584
1477529855025500161
1477528576119304192
1477528257717104644
1477525103952871424
1477521452966432771
1477520862026731520
1477514760031969280
1477512869600239616
1477509694784606209
1477505684501639169
1477504110295273472
1477500385824673793
1477500149496614912
1477497385483964419
1477497293561499648
1477496488674557957
1477495455382585345
1477810809614917634
1477635252180832256
1477542811910082560
1477828914869198848
1477526969977815040
1477694822823591939
1477517791259664384
1477578006591950851
1477849265477013505
1477650294934695937
1477637807187247105
1477589679000014849
1477571764183973890
1477564440836931586
1477496853516017666
1477549136706736131
1477570772553977856
1477666462563143681
1477646647148433411
1477591977466077184
1477566657090359296
1477525850220236803
1477508338313162752
1477844526630785024
1477826420420210689
1477826247056973826
1477644987747618817
1477570262925119488
1477530357897437184
1477529756035735556
1477635720604893185
1477557792256839681
1477546758779539459
1477501803818209281
1477838605670252544
1477844528161705994
1477844524562927620
1477646888023195648
1477579448262164481
1477578963895554048
1477570939478896642
1477569976600956932
1477552160036450304
1477520581382012928
1477855871593959427
1477854156769558528
1477842117636628482
1477839664497184768
1477838195559600128
1477732887046672385
1477662545745903619
1477672827671101440
1477662371690647554
1477660414376755202
1477647317989662721
1477646303693660160
1477563302951591936
1477560547558133760
1477533478845489155
1477662664675393539
1477824016442224643
1477644505406840833
1477664242991988738
1477582807153082371
1477826395036209152
1477695010027958275
1477686912437526529
1477620155878285313
1477616669660827651
1477614090684022790
1477606424590966784
1477595796472164352
1477530431394254848
1477707594592522240
1477706753768714243
1477701281196109827
1477664042097336320
1477500729585668097
1477568172890869761
1477697090411057152
1477822845619097602
1477561398565638145
1477816381479727106
1477833093717184514
1477709808543223811
1477708107165798400
1477696203953344516
1477692428912001024
1477657918325420032
1477585036736024576
1477516904356986886
1477664416061480960
1477663222031257600
1477517303394684930
1477842448453828609
1477827628937580544
1477800177226461187
1477785962960900097
1477728013089484806
1477677469788479490
1477650142379622402
1477637066003341314
1477629223690932224
1477618457189384192
1477534047765032960
1477515119634616321
1477514929670438912
1477503899405717504
1477840740243828738
1477820497484075011
1477619041455857669
1477647210854555650
1477585328177246209
1477722113981108224
1477626468825911296
1477617515651997703
1477555884565811200
1477542729605271553
1477847921299054592
1477800782133030912
1477790404472836097
1477670752635686920
1477640474710011904
1477614801190670339
1477612623252189187
1477584054883024896
1477583519723393024
1477583499913687042
1477572744862707713
1477520985972748288
1477845500309086211
1477669789426335747
1477859150826672129
1477839370002464769
1477584543099994112
1477573526664089600
1477850161267183616
1477849833197031425
1477658280373538816
1477632766980231170
1477630830369378307
1477625147720757249
1477619429521256450
1477617190165565441
1477612023349268480
1477607008660377601
1477573027093118979
1477570900346040323
1477570834944311296
1477558443800023042
1477517837476323328
1477655380234698753
1477610363885654021
1477596920990212100
1477548411775643649
1477658196474941441
1477653139771695104
1477849094848585732
1477854672413097984
1477832557051793410
1477764022988468230
1477649368748466177
1477826885857910784
1477635629345165316
1477632781140185092
1477611954545971203
1477563568568504320
1477525168658411520
1477858414852128770
1477656137608486914
1477655659894042628
1477655493044699138
1477655489886392323
1477654518301036545
1477617485402689538
1477617340208463872
1477534151506989057
1477821449318502401
1477661185277186055
1477647053807255560
1477815656053673985
1477702894967148547
1477842877896003585
1477841911750676480
1477533514895560705
1477712420810334208
1477839254713561088
1477809830945783809
1477599433554800642
1477599251844657154
1477584849418407938
1477578404387962881
1477578296351399942
1477571117699108864
1477569112192651266
1477537287827189766
1477511023569473537
1477515438720360451
1477836419066253312
1477772684230488068
1477673609527136256
1477563898132058113
1477551706963591169
1477504338868068352
1477509755207782401
1477850660854845441
1477841863658770433
1477637485530288134
1477610729851154435
1477554430304460800
1477693341881942017
1477689997067096069
1477643159362420738
1477618718486192129
1477602610605486081
1477551697153204228
1477539538595500032
1477510719352434689
1477506318520840194
1477637425404862464
1477637407348432899
1477628176557699072
1477831530198097920
1477806384494235650
1477536954774216706
1477811916353409026
1477551700009529344
1477769855172431873
1477512695473577988
1477829915776995328
1477829455389224961
1477769763031973889
1477831242724741122
1477828512148983811
1477771215242608640
1477770201659699200
1477768381763784705
1477768380794900481
1477512800029208576
1477512339276529664
1477511932328304641
1477511778669981697
1477796981921574914
1477641187200696323
1477636631662264321
1477625898543181825
1477609550932955136
1477608602147831810
1477601632028299266
1477595769691512832
1477573653826924545
1477565450527461376
1477551835607023616
1477535514957737984
1477525548897214469
1477522415613726720
1477505141859258370
1477787588865839107
1477624080022978561
1477672671085154304
1477663670108708866
1477849461866983424
1477849468665954307
1477849465260150785
1477837263706812420
1477833282100162568
1477797020458881027
1477681588611682305
1477639311688232962
1477617726507999232
1477573423786123265
1477532889860300803
1477849467059539971
1477849463544696832
1477849458746355712
1477837927442882561
1477778205058633728
1477699327980044290
1477570397126098944
1477563482799153153
1477561677075734530
1477558906951847938
1477539802035601408
1477861547577786370
1477861423657062402
1477829052345950210
1477803938585874432
1477764958628630529
1477758102707400708
1477746100207603715
1477624818820214787
1477624617095204864
1477624247635742720
1477614609578160132
1477610897602449408
1477595009020936192
1477535520808787968
1477833058342506496
1477565289025785859
1477837158731771904
1477809124565929984
1477722199309971456
1477670649560592387
1477614935991472128
1477509767656468482
1477822765163892739
1477819066215583744
1477655173010911234
1477654867548131330
1477649000345919488
1477637584109015042
1477794716385169410
1477670523328864261
1477633856211542018
1477607164231368704
1477557228034871297
1477541130291998721
1477783537637998594
1477631508655443969
1477855161917661185
1477707236730310656
1477630980210905089
1477574057348395008
1477555084707827719
1477509754205323265
1477837436021395458
1477676364429856768
1477676169143230466
1477621383748210691
1477594284194889733
1477518060911153156
1477666633099276291
1477652841024024576
1477632179307900928
1477711820592861185
1477827598298193922
1477676091988975619
1477859898754879488
1477852284692271104
1477831962236653569
1477828506536984579
1477804646424924161
1477794598474813441
1477710172256497664
1477652516103884804
1477649305523482627
1477636679385026564
1477624332415209472
1477606142654119936
1477598987016237057
1477552127299911680
1477542256529719298
1477541104362737665
1477536829804978176
1477519068139687936
1477518468878458885
1477833448295260161
1477824834738425856
1477808059640471552
1477794468174524416
1477689120457588736
1477643371867160577
1477603515728019458
1477653759350042626
1477838502553284610
1477824237888892929
1477845725811601409
1477863147633463297
1477830522613035010
1477601882583359492
1477565078790553601
1477564835688697858
1477559483664527360
1477536908808884224
1477512611918860288
1477854240320081921
1477621057230184450
1477580150082441216
1477846716388757505
1477845807088877570
1477845063266754560
1477823961371082752
1477804679257985026
1477631777531260932
1477605787602014209
1477602010299920388
1477601947066646528
1477586764940283907
1477571035474001920
1477522903012839425
1477513523886362625
1477669712825708547
1477620955098673154
1477616174993055746
1477613966792617984
1477566721124753409
1477795008300273665
1477669203683397633
1477578396158681094
1477546716802928642
1477866376622608385
1477861847399211008
1477860583730913282
1477844245167808514
1477843583247945730
1477827840649220097
1477827520594546689
1477827107849867266
1477825937467129857
1477824265781084166
1477816320032837633
1477793692781928448
1477787899873484800
1477778951011385347
1477694768389902340
1477694081534881796
1477676214219198464
1477664739878596613
1477645401633136640
1477645160427130881
1477631196993445890
1477630624609419267
1477612670731751429
1477609552321257472
1477595548739723265
1477594568463818753
1477557341545373696
1477556330357354496
1477555426027663360
1477540383588438021
1477527038391062528
1477521045091352578
1477515556890636289
1477513391950360576
1477509940751179776
1477830442434711554
1477829865395027971
1477812193500413953
1477701245414612995
1477692370871205890
1477661154830864393
1477614347874549760
1477832449858027521
1477819980439646208
1477645874079547395
1477837752083247104
1477823523959631872
1477728412802367490
1477841764715151362
1477826101523070979
1477817958583783426
1477806715651330051
1477806210061504515
1477770911142924291
1477737966688632835
1477687181737017349
1477672632736575488
1477657106920591363
1477652869499142144
1477651884454211585
1477623230101790723
1477599983528550400
1477594798324215809
1477594501229125632
1477590711163785217
1477589794578333696
1477588800951906306
1477574130308288513
1477555177687117825
1477533620688457728
1477515463093411846
1477853541075013633
1477843175897137155
1477841771463806976
1477825879543738370
1477789218805993472
1477674717171486725
1477667888114769921
1477657756140118017
1477640254907576321
1477639190015725573
1477636650444345347
1477611517860147201
1477594027167936515
1477591565996486658
1477576716927209476
1477555258226266112
1477524981605044225
1477519386311155714
1477867532551802887
1477857512837636098
1477820992684765184
1477813504027643905
1477715728853782528
1477711465184382979
1477710761833086977
1477710448866693121
1477685589679869952
1477675792658272259
1477660690324201485
1477658781878087683
1477656140670406657
1477651839793442826
1477641014827708418
1477635566996910082
1477634533218340865
1477633588359163904
1477633012439207940
1477630457273622533
1477626562669277184
1477624167147008005
1477619703501705216
1477610745189728256
1477610255529959428
1477606206453604352
1477599759783251968
1477597597942517760
1477559065291079680
1477558416952332289
1477547608809762816
1477546525253410819
1477534088202313729
1477511557605064706
1477508629485932552
1477275385213566976
1477784566140051458
1477669326521962498
1477665957506019331
1477640606830587904
1477634346492182529
1477633842378788865
1477630124371501056
1477621633225408512
1477603553019502594
1477541976908075010
1477534185355022338
1477516890142429185
1477516261248569351
1477508523558785025
1477508359226114048
1477506824584712193
1477836152254042113
1477818407764434945
1477815283536437248
1477640602812821504
1477608498259234817
1477591574326304769
1477509515268399104
1477727661497544704
1477633099575939072
1477870738904268800
1477869198734888964
1477836431577915392
1477698509612597249
1477582859128872964
1477857794552262657
1477632951902818305
1477591568374657027
1477511992520810497
1477845263192444929
1477845261414125570
1477845258163548165
1477617120959549443
1477783343353655298
1477527397280845826
1477859475767791622
1477544692837326848
1477592945188429824
1477564340324605953
1477549331368534020
1477858055584768000
1477853610905985027
1477520947762860034
1477571134132391937
1477704493978439682
1477702371908022273
