1483650238045126670
1483648890301992962
1483645234181709827
1483644317055205376
1483641846496899073
1483640470031179779
1483637204174123008
1483637171521462277
1483636100447227906
1483636059389186050
1483635949188042758
1483635445384855556
1483635075904569344
1483631059938189312
1483630968468811776
1483624727721967616
1483624431021084673
1483619548289204224
1483618668429086720
1483618282813145088
1483618023651295236
1483614581109182470
1483609165272842241
1483608148732964866
1483607616546820101
1483605021161934848
1483601261144719360
1483600787452592128
1483594660698537986
1483594483900227584
1483589610832023553
1483582922922033154
1483581550881308674
1483575877682462721
1483505464021495808
1483501593798803456
1483490761463468033
1483481010889441282
1483475773566914560
1483471209715351555
1483467874241228808
1483464524359684096
1483463877434437633
1483461621918105602
1483460021572845572
1483459384286281737
1483459379206946816
1483459067159126025
1483459004982763521
1483455877906845701
1483454414338007044
1483450522619510785
1483450446027304966
1483450311855718400
1483446613515587584
1483445879508201472
1483444880483680257
1483443691939598340
1483440842165862406
1483439909788876804
1483439509245403143
1483437528505995264
1483437448697118722
1483431239529172998
1483429727755173891
1483429702463553543
1483422189886251012
1483421157663465472
1483419518844420105
1483413928793493507
1483410409021341697
1483409600196280326
1483406738242301956
1483406409635364868
1483406061864644610
1483404055431225344
1483402592378298379
1483396757958848512
1483394362906386433
1483392366195408897
1483389993792176128
1483386182968950786
1483385578607751169
1483383664449040384
1483382913777295362
1483382424344338434
1483382406618894338
1483377932571934725
1483376342666481666
1483366251816960001
1483365925831479300
1483365908504780805
1483362894482132999
1483362526515830785
1483357303785271296
1483352338979241986
1483349373472092163
1483341113184624641
1483331506433331202
1483329757681192962
1483325863127293953
1483325498373861376
1483322798697508868
1483321262709800960
1483320599045079040
1483315985851502597
1483315147204886532
1483314996952330240
1483314923832999939
1483314793834758146
1483314108397395968
1483312223271677957
1483310401429581828
1483309895181271040
1483306282828574725
1483301660160307203
1483301173109358592
1483300286613848070
1483299506854985731
1483299125789888513
1483298967438135300
1483295862185140228
1483291832390123528
1483648481713868803
1483646125802467328
1483646054054916105
1483634101395795968
1483632403902267392
1483625932514807813
1483624922614165505
1483617291426476035
1483604945979211778
1483596110665240576
1483592350110986240
1483591760043466760
1483589064603619328
1483580711148089345
1483573187422322688
1483573002956865541
1483572765370163212
1483572393369280515
1483571718375772165
1483569154636529666
1483569114694180867
1483541023318245376
1483484183423242240
1483463985651666944
1483463430179016704
1483463159122112517
1483461712515039233
1483460754955452417
1483441196290953216
1483431366557843460
1483431118116655106
1483421730995859459
1483419020850524160
1483411618495090691
1483409319911735299
1483398986752999426
1483397345962520579
1483387835252363266
1483387377804783620
1483383712964542465
1483382349744447489
1483381652709842944
1483379791864930304
1483379633873895426
1483376031100968960
1483370095133196292
1483367833056604161
1483365260090560515
1483352236386578432
1483345752420405248
1483343406651052038
1483343299817910273
1483343244687986689
1483336959569321985
1483334739365101571
1483328167234482176
1483320276045955072
1483314483955384320
1483313269926686720
1483310686768107523
1483308792934985728
1483308371868594179
1483306908928724996
1483303011791548418
1483297975720120327
1483295166907949057
1483294087901958144
1483292778390245376
1483291618447101959
1483290598631440385
1483288355458936835
1483264083973795842
1483613651471077376
1483416799312224256
1483636817165692929
1483620117695307776
1483600634796716032
1483599876474937344
1483596253602922496
1483483208524378113
1483477288314630146
1483476550444269568
1483475222548615168
1483475220845723652
1483475217515421699
1483472577075249152
1483466094908424193
1483465214767267846
1483461122015768577
1483451280563765248
1483441234954047491
1483439762291965959
1483429344609329152
1483426539819913216
1483418297677025282
1483414791209504774
1483382870584754178
1483379527313420288
1483363776527478784
1483357240711352330
1483356769988771841
1483355935334879232
1483353999768436746
1483349869154947072
1483347215532068864
1483347053430587392
1483345612351639552
1483344593144139776
1483329053428154370
1483326012826222592
1483314343932485632
1483311255696060416
1483641494112452609
1483639917301616642
1483635661106458624
1483626670695546883
1483621615397384192
1483502684061978624
1483475219176394753
1483429637615415299
1483350006925242369
1483336349315121157
1483633701171113984
1483624280625913858
1483622069892190208
1483621900983336960
1483620612564209666
1483619343162552320
1483617658633621505
1483615425619701761
1483615403079352320
1483614405564956673
1483611406226399232
1483608898623836167
1483605789915119616
1483596011759370240
1483590498464190464
1483588791314964481
1483584049390436352
1483580577949564928
1483562211163652096
1483475215913209858
1483457722905419782
1483455708477763586
1483454002348294145
1483449813920276487
1483448360916893703
1483447242493394950
1483443227168497666
1483442344150310913
1483440942489423875
1483440310848221190
1483439139454615553
1483438490897780739
1483437540107776000
1483436278792081408
1483434213638815745
1483430744752291843
1483418896644206593
1483415651041497090
1483410357834039298
1483408347793559554
1483404751228350470
1483400922999197700
1483396982479933443
1483392236045799425
1483390879545311239
1483388884579123204
1483378794706911234
1483367306738778117
1483357972470591488
1483356322728980481
1483343537173598215
1483342243235008515
1483335858380226563
1483304242060623873
1483292571749478404
1483649257672683522
1483648796316041216
1483647019965382661
1483646851455025152
1483646672886710284
1483645384136478721
1483644781213659138
1483642566214320129
1483639097625247746
1483638681319936011
1483635801070379012
1483635326857854977
1483634380908433412
1483631335738851329
1483628041947471884
1483627311610175488
1483626846009061376
1483626173687021568
1483625863484964867
1483623069545811968
1483622734383161344
1483621559583784960
1483620712166346755
1483620412928180225
1483618748867428353
1483617456103239680
1483615001869176832
1483614530165174273
1483614474779176961
1483612333016743938
1483610301472063491
1483608931813699585
1483606791368093697
1483606759474610179
1483606096153804800
1483603183394258944
1483601467919712259
1483601237505617921
1483601059545518083
1483601027547144194
1483594415545667584
1483594382746206210
1483592967516749825
1483588104955260929
1483587912218607616
1483586498339680258
1483580090353336325
1483580088721764354
1483579092167700484
1483575209949278208
1483574348833525760
1483567439627833344
1483561787362787330
1483551864256081921
1483548078435368960
1483538043437219841
1483523454099992584
1483502623743709186
1483501667324928001
1483485628998516737
1483484222778388482
1483483891168313344
1483482573280284675
1483478677325516800
1483478073794527237
1483473910306074624
1483472971574693888
1483472941790953474
1483471180472647681
1483469643260239878
1483466720107175936
1483464549609381899
1483461685851848705
1483460314415124480
1483459042253373443
1483458335622168576
1483457548221284352
1483452386387664907
1483450593570361348
1483450100307599362
1483447683432214530
1483445219094065153
1483444895813873664
1483441712060145668
1483440682585169928
1483439847520215040
1483438858293317637
1483433684573245444
1483430424785612804
1483430226314993666
1483429403409678336
1483428633771667467
1483423832438620164
1483422557143715842
1483421792006197255
1483420900980834306
1483420213077241862
1483420203191246848
1483415892298182657
1483415386330918915
1483413386960719872
1483412341278777346
1483411962243731466
1483411538342195202
1483411030667841537
1483410319607480322
1483409098456858635
1483408664912592901
1483403149956493316
1483400582572703752
1483397267964841985
1483394020458254339
1483389937101975558
1483389564178006017
1483384916364898304
1483374980453007362
1483370635883876362
1483366858770501634
1483365454081327107
1483364999586545665
1483362663270952960
1483361138264125444
1483360566165254147
1483359109399588865
1483356878478639105
1483354702238879747
1483354298083909635
1483348098697293834
1483347470348603393
1483592168619257857
1483591452714487811
1483427699075223553
1483650344630759432
1483650340646170624
1483649756601929731
1483649417978982403
1483648317007753222
1483647106267361281
1483646447560306688
1483644703841333250
1483644138134269952
1483643054695534593
1483642980863180807
1483642466578608131
1483641480216723461
1483640456856899589
1483640271783211008
1483640032812744706
1483639119305912326
1483638998153445380
1483637943311151108
1483637370566365185
1483636122370846722
1483634926969049091
1483634229594697728
1483633186383220736
1483632637822783488
1483632580700299268
1483632384189022216
1483631664421306370
1483631591427813379
1483630689291739138
1483630236264976387
1483629971465977856
1483628468953042945
1483628413873451009
1483627419643047936
1483627271932223494
1483625441353412609
1483625395576774658
1483625214483533827
1483624725306052609
1483623581838094341
1483623176802562055
1483623007293747201
1483622914503364608
1483622715542196224
1483622437606801411
1483622410952019970
1483622000950005763
1483621366138290178
1483621306021347328
1483619796281589761
1483619383037825027
1483618528007958528
1483618279696789507
1483617462583443458
1483617275043528704
1483616948516945922
1483616709349355522
1483616585759981572
1483614412426850312
1483613543849422848
1483613174503198726
1483613148523667463
1483612383042224128
1483611627958288391
1483608469727215619
1483605913798078470
1483605124324995072
1483604990212321282
1483604870385274880
1483604009705668608
1483603458964205568
1483600888665341953
1483599625512943616
1483595448963465217
1483594672941694976
1483591944983150592
1483589590024097792
1483588783710752768
1483588520438812676
1483587762196709378
1483587539395309568
1483586681492340736
1483584598764568577
1483584548051234816
1483580366535667714
1483575727136329731
1483570911593005057
1483565901433942018
1483562126610694144
1483561633205321728
1483559879923150848
1483554277821857793
1483543840732880897
1483537157906386945
1483496112816537601
1483487499620319232
1483484082298572800
1483475989829386240
1483473307223859200
1483472904662978560
1483472678124064769
1483471573135015936
1483470412185227271
1483468365175742464
1483466250068324355
1483465803794358272
1483465758663671819
1483464945778184192
1483462380172775425
1483461824893042694
1483461362261327873
1483461228140068874
1483460023800184834
1483459144023941122
1483458993398087680
1483458445584244737
1483646656679583744
1483645653897162753
1483644793616052224
1483644680047046656
1483644498651811840
1483644136662380548
1483642718249418758
1483641238738071552
1483640356180688896
1483639886955814916
1483639267058675719
1483638401849237506
1483636801344765959
1483635904040534018
1483633698331594752
1483633696083431425
1483633692765753347
1483633689724534789
1483632350571687937
1483628950488510465
1483626893153030144
1483624151428767747
1483623998156156930
1483623307341864963
1483622625490653186
1483621505468878850
1483620867745615873
1483618466855022593
1483617571886997505
1483617179581186050
1483617110379347969
1483616448605876225
1483615453926674434
1483615391687782403
1483615222082736128
1483613324747378689
1483609471935193089
1483608566074609664
1483607516034793472
1483606643598589954
1483605632871956480
1483604068484657152
1483603363279556608
1483602600071430145
1483602496132362243
1483601902902575105
1483599659256127488
1483598679986819072
1483598474340073474
1483598254516453379
1483597977545768960
1483596817078099968
1483596101064474627
1483594710732374016
1483593684142551041
1483592772338991104
1483591962968334339
1483589790335647745
1483588888786776067
1483588513782468609
1483586136073064448
1483584886376398849
1483581411047403520
1483579549162287108
1483576386678046721
1483554271660769280
1483533055717433349
1483528674247077888
1483521591908528129
1483490802580205568
1483488100055916546
1483487833264631808
1483483792539267073
1483482822170279936
1483480382796632064
1483480352534691844
1483477948812652544
1483477729886752768
1483476126966378498
1483475914638127107
1483475785852002304
1483475224045965313
1483475214130630658
1483474417238048773
1483466267277557760
1483465844906930181
1483461924306448384
1483461918669312001
1483459429853020171
1483456113698050049
1483455328851496967
1483454705087184896
1483449589818851340
1483448305485246467
1483446617718280195
1483444369420320777
1483443969472471042
1483443399902789635
1483443073086541827
1483442144035897345
1483438960097771522
1483437295990894594
1483436743739449344
1483434484871536641
1483645390301933570
1483635026462142465
1483631298204037120
1483630223703044104
1483622555357384708
1483615736316968964
1483606246343077891
1483594244141232129
1483530299225120775
1483467039478284288
1483445611857059842
1483442632395472900
1483437386638176257
1483437374176919559
1483431357816918018
1483419220927184897
1483417465401278480
1483409585923059713
1483409499138449410
1483407281756995585
1483402732073779208
1483399015589113857
1483398758876725252
1483388882570067969
1483385194371764225
1483379566865707010
1483376609298358275
1483373601432956937
1483367422875021315
1483364373347602432
1483354785650995201
1483353862539182085
1483328284569980931
1483325778184257537
1483322910505070593
1483313257750605833
1483308944198344708
1483307751610908672
1483305786969563137
1483643064208203781
1483639250981916674
1483633708402114561
1483633012688691202
1483603490559897600
1483603298867638273
1483599706047782912
1483579347932168196
1483501539214110722
1483473673667608578
1483452879780577280
1483436812811247616
1483434465628241923
1483428479052165121
1483424797698949123
1483423889695068163
1483413863559278595
1483408882802520066
1483402750910414850
1483398625124548611
1483365197285064705
1483364546660417538
1483362940107427840
1483355032599003136
1483339119694876672
1483336201004527618
1483322344810901504
1483305407821250560
1483289402671788035
1483601349149446151
1483442733801160708
1483438231178088449
1483410233104146440
1483406654385561607
1483363532141838337
1483359233915899904
1483292104247947268
1483288547851661312
1483350724860063745
1483348022188986369
1483337968547168256
1483335821961068546
1483643134165028864
1483635376631971841
1483632583363932162
1483622843891998722
1483609301143158784
1483609124663611392
1483598615604248576
1483571577572982791
1483520453407027200
1483497789447622656
1483481570132766720
1483462146663251968
1483459874772361217
1483436439321063424
1483420109087834119
1483419981358694409
1483416108187394048
1483411317902184453
1483387286591258631
1483379902456143873
1483378654021308417
1483377461987799040
1483374258185445378
1483374181203197952
1483359778529476611
1483345703086997507
1483344249601269760
1483343591032619009
1483340051522404352
1483338175338594304
1483337757514960897
1483324951008772097
1483304077081538566
1483290323132751874
1483650452252151808
1483650423961444353
1483635795777167361
1483625031716720643
1483601076356259842
1483599190261641216
1483594554846883843
1483594535305625601
1483593354718113792
1483582555198992384
1483468448756035588
1483454407060725764
1483453887294148622
1483447726427758593
1483442683935096837
1483440050889056262
1483431021865738241
1483428727874719747
1483424202434568192
1483417130020511749
1483408929430421509
1483401291875647490
1483387668595888130
1483386977458462726
1483386333523775489
1483382055698579464
1483370821263716352
1483358396330160128
1483350607742537728
1483341090656825351
1483336542353760264
1483329085774483458
1483323534550122498
1483323030663090179
1483318238578724868
1483313830998712325
1483294379377070082
1483289430945570816
1483622039454117890
1483621374833078272
1483566738604462081
1483471298571681798
1483467064371478530
1483432753849073664
1483587249124278275
1483447683297980420
1483423179750387712
1483422404622024705
1483632492045533184
1483446776095199232
1483401601675313155
1483378596383432709
1483374286132101121
1483362254943055876
1483361720949436416
1483567811788427264
1483565812862828544
1483564429933711361
1483563566339100672
1483562829911592960
1483561913812676608
1483559938006077443
1483458858223812610
1483453695333486592
1483368024761827328
1483292342602051588
1483640892087226372
1483618664968781832
1483296458413834249
1483460390353014791
1483377777101668352
1483357030849077248
1483344490153005056
1483605053923786755
1483639989527539713
1483448380076740610
1483640891416125443
1483459487516487688
1483451929061892102
1483419917039058951
1483380151178371072
1483354719003475970
1483650259557695494
1483636488537612288
1483593990671073280
1483585723098091520
1483380906987778051
1483377992243965956
1483323735054888960
1483446490748289029
1483421524371533824
1483389072286830596
1483638771040268292
1483622894479765504
1483602132452671491
1483579391750078465
1483468077853712384
1483467019765055488
1483449906094567424
1483431701322022913
1483409906799898625
1483383038314946562
1483374091700936704
1483629997734899712
1483577713827139585
1483556910443819012
1483487114738421760
1483486651938897923
1483459061832359937
1483458526391726080
1483453660952940545
1483410385286098944
1483377549371912194
1483376246168100865
1483333295060697091
1483302240182235136
1483494289015701509
1483425735666958338
1483413078167650307
1483401809326936065
1483329491883917315
1483513624035741696
1483488779621265409
1483456698002309121
1483650656066215939
1483514962979000326
1483635265256456195
1483464322454065168
1483462585710256133
1483463017039908869
1483460997851537417
1483632918266544131
1483448106759122944
1483443652659924992
1483426180183527425
1483400480693063685
1483384061746118657
1483381967492349954
1483637722409758721
1483589491663458305
1483367038018277377
1483298126509527044
1483613332540391424
1483592311435317248
1483522301048274944
1483433745269260298
1483422474842771457
1483371442419146753
1483342908472557568
1483650479460855815
1483643909498884097
1483599763723493377
1483322109682417665
1483531936085975040
1483513504917499904
1483405093072687105
1483461266744446979
1483440400132378630
1483611215758708739
1483599750234787840
1483459946398511108
1483453678027960329
1483437506830176256
1483432862992900096
1483416699148062730
1483360991903883265
1483306050803888128
1483573422525644801
1483463453855850497
1483382363702718466
1483358321113731072
1483335516976128000
1483569192964354048
1483396526726840320
1483336111284166661
1483419411851911168
1483349743548137473
1483626198928265217
1483588822093148160
1483402132212846595
1483326406574886914
1483646883256221698
1483611248214167555
1483611207428816898
1483591048131940353
1483504651534479360
1483622086019252229
1483611231541813249
1483589060266725381
1483435667795640320
1483389982706630660
1483382356173987842
1483382325589135361
1483381379690012672
1483381369648877571
1483381367362981890
1483381359477665798
1483368705065373698
1483359673013407747
1483358779265916928
1483327441750085632
1483569794964398080
1483443438406496256
1483383074411118595
1483345073542934532
1481240166912368640
1483405740769705986
1483321736527753216
1483406872887848962
1483611192044109831
1483588956138917888
1483474404218585093
1483640032506572804
1483520920136597504
1483399834686332928
1483391779185762317
1483390938122944513
1483360433751064581
1483617333231091715
1483427238666473475
1483427211248304130
1483427080121434114
1483314318104227843
1483396154226520065
1483399188855791618
1483620503227351041
1483619355267330048
1483569674671788032
1483567187436933120
1483564752463089665
1483507644128460800
1483322742384783360
1483314962798112773
1483311772711145477
1483640054648303618
1483377810123247617
1483377684977950728
1483357779394187269
1483372703994515457
1483335678620749825
1483623282167652353
1483456169197064198
1483448529112956930
1483447732648177664
1483442060107841550
1483439516870656002
1483439514014334976
1483438848600608771
1483426711236931587
1483422719438114821
1483371780366422016
1483356904822689793
1483340781306126336
1483334909796433922
1483310684565753858
1483614598783987712
1483614080506417152
1483594262478729217
1483586146324328449
1483453045396897794
1483437342757392385
1483338413260816386
1483309395559981058
1483599682404499459
1483436635291209729
1483428420457758720
1483423926349078529
1483540430663077890
1483653041458802690
1483414239381442574
1483297985979387906
1483653479839453186
1483652783865987072
1483652782775484416
1483461678553440256
1483398639448096782
1483321100558045185
1483411875488415745
1483357711580667909
1483398355363708929
1483301149327659009
1483462296513150976
1483349916961361920
1483651361053220867
1483645666664812544
1483597881387151360
1483468124817326080
1483468055468711945
1483457606320803842
1483455500532748292
1483373805846540289
1483300793688080384
1483300161380302848
1483460871389343745
1483643463052963840
1483622759561592834
1483618587588050950
1483608499284492291
1483604183035297793
1483562390835068928
1483459997430587392
1483459390661611521
1483458781225041922
1483450612310511616
1483439174368002054
1483438953260670982
1483435152625704962
1483384245867655170
1483346328520638467
1483342831632924680
1483323099202617345
1483305749581541376
1482751759194140675
1483516275158818816
1483466004672188416
1483439736132091904
1483402992661700608
1483303685895888896
1483442712653475847
1483385872125153280
1483380100628627457
1483345313012514824
1483344036887146501
1483486864485281792
1483482792042577926
1483017722493808640
1483606732433915904
1483317210336854017
1483561568051015680
1483397545003196421
1483598142876827652
1483302992569069570
1483303598608228352
1483302429546680324
1483598627805478913
1483617273823006721
1483598057497579521
1483597467602292736
1483597411260178434
1483596459065094144
1483596458909900804
1483303307901046786
1483302566469718016
1483302295471521795
1483635076965761024
1483654429144674311
1483626294198018049
1483626230385885184
1483605938238271490
1483584365410254849
1483492015044427777
1483445695587971075
1483423993663488000
1483418023101071363
1483394276012994561
1483367686835159040
1483363799524864003
1483333627836792834
1483330869104623617
1483303317468250114
1483301801721876481
1483582477763772419
1483515285852364800
1483494775542145024
1483451227954630664
1483402203692167175
1483311026233753600
1483300314615025668
1483397720811646979
1483633245166407684
1483490689623425026
1483459906108018698
1483440674829930497
1483375104398864387
1483319975821869056
1483463072593637385
1483311242240741379
1483640450699300864
1483629354286743553
1483626315664474117
1483625585545203716
1483583775720493056
1483459013119705097
1483440340564865026
1483396937881915394
1483359133328097287
1483642552553476097
1483598522775932928
1483539338134704135
1483485965914157061
1483423646022799360
1483362011316912133
1483336563472072704
1483324496669196288
1483312959195697155
1483634012950503424
1483436466311405568
1483311349191290880
1483654142371708936
1483607885699776512
1483373767187628034
1483473665916571648
1483408460637417473
1483614020783722496
1483340288341196803
1483644154140053508
1483467962455818240
1483396183322431488
1483360428113932289
1483628617171374080
1483618583876112389
1483582845113466888
1483614201688260611
1483581978272473089
1483663677320761345
1483643875596312587
1483625396126253056
1483443431594545153
1483417723677798401
1483366760518930432
1483356594260025354
1483353971503013891
1483334256747491329
1483455203508887553
1483442287841792006
1483413377078931456
1483312358265356294
1483647778249232387
1483618503550992386
1483613778302627841
1483590110847602688
1483565356946169857
1483472460008013825
1483470194169491456
1483452776948826113
1483420047385464834
1483362314061750273
1483339605781131268
1483328153443782657
1483316708584857602
1483655103903338501
1483606673160032262
1483445107760443392
1483333683847524352
1483323908321263617
1483322910714462211
1483455216569962500
1483647357791182848
1483661272877264896
1483649555761889280
1483628282654654465
1483619964125081601
1483617003051286530
1483602480542130176
1483545607302434816
1483490527651991553
1483470084735926272
1483438343526707209
1483397325439762433
1483392409291870213
1483392304039985154
1483382951106998273
1483370718255796225
1483370334950916100
1483331970067091456
1483307123517841409
1483651418259357696
1483648059641044995
1483642162827112452
1483630572757200898
1483627923848712192
1483624427644649472
1483609406147543042
1483602570719670274
1483602086583730176
1483599149673357315
1483466754248818691
1483455020641427462
1483407081298591745
1483396122102370306
1483380265078910976
1483378692265025541
1483377798869700608
1483340986957074437
1483338915138646020
1483338125057609731
1483329885699710976
1483616784502898688
1483561805951733761
1483489803207421959
1483462051150573570
1483457055377997824
1483447723026042880
1483437684081446913
1483435193675685892
1483427135549149184
1483414823543406594
1483414305311977481
1483411020672831490
1483391176845983744
1483654057978130436
1483619135502561282
1483604661714456576
1483596966345207809
1483566765166972929
1483450548439621634
1483425094550831104
1483385026402471937
1483308600835842052
1483436857606406151
1483371028370042880
1483442672199409665
1483626304876564480
1483659112894595083
1483656883932385287
1483652810558570501
1483650977614168064
1483646071620640771
1483623449557827586
1483601621963931648
1483601620068073473
1483601618579124226
1483582382917951488
1483578090072600578
1483567787788636161
1483482342618714112
1483476458807115779
1483440674968334337
1483440413784834048
1483431173368205318
1483429093509308416
1483397592713416706
1483396938733350915
1483388516466069506
1483367846034165762
1483359571951616000
1483356908954464258
1483316162792665088
1483315172643336193
1483606067527708675
1483599427072032770
1483587000527917056
1483515875651366912
1483506344712097794
1483465225991254018
1483412473126744067
1483358932563542017
1483323711113478144
1483659682879504385
1483600937428353025
1483582720123228160
1483567436721176578
1483565092239462400
1483388429887225864
1483366556545748996
1483361312151588873
1483633834193453059
1483604415156486145
1483586681861439488
1483507282277249040
1483392320204869633
1483340027208036361
1483656419979456516
1483653668423737348
1483645752937447431
1483637509376851968
1483636792486416386
1483628504793362435
1483615284716257280
1483598426067841028
1483593746122182656
1483585512925712385
1483585326849589250
1483584893716410368
1483584365133467650
1483583220713398272
1483582618092589060
1483581703654633473
1483581085498114050
1483580408331911169
1483580237636337667
1483580135660228608
1483577104499625986
1483528254648885248
1483486110538166272
1483419649970946048
1483412627074469888
1483396197180411907
1483394184577175555
1483382096207151108
1483381567863279619
1483346430995886082
1483343623005835264
1483341267178516484
1483332323148181506
1483656661508456448
1483655353187270656
1483651311375912963
1483645193836691458
1483639751127494660
1483638253937098753
1483630030542766081
1483623549713915904
1483623364518297602
1483620654910152705
1483618387570065410
1483617681924591616
1483612128976449536
1483480974671638530
1483477198199980034
1483475853053161473
1483468334649999366
1483442582126755840
1483440147362627589
1483436399668109315
1483431971401666564
1483429459076456448
1483421618215190528
1483418102650253314
1483384905216434190
1483374749208449024
1483371653744971777
1483370703303114753
1483323404870565889
1483310163776110593
1483308075037519873
1483305804334002177
1483305673194893313
1483665531307978753
1483633220940083204
1483616969954041857
1483602728316448768
1483597042710892544
1483591667404148738
1483515480241487877
1483492900122107911
1483484666388754433
1483483098692083721
1483453360733044738
1483425942265827333
1483418931394400259
1483412329077391360
1483411011806052362
1483401554594246658
1483392430548336642
1483379521646575617
1483377725188546561
1483338027913342977
1483321048120819713
1483317999515832320
1483623688729931776
1483618597339791362
1483607018082832385
1483444007829381127
1483426053196759040
1483393785962840065
1483373944459923457
1483351315166404612
1483342882795057155
1483323760216518657
1483311026678669312
1483310724718161921
1483449159114174466
1483440415588372484
1483431011887501318
1483414034292834307
1483406125852954628
1483360562742722561
1483352751778467840
1483574245909221378
1483490729871691779
1483422847339216896
1483421983119646721
1483336952334229504
1483627220308729861
1483438715263504387
1483390950802333697
1483443330768064517
1483647807441768454
1483636226335080452
1483488194989785089
1483472241514127360
1483603718029590528
1483653159390420994
1483580090789539840
1483345725266472960
1483667862309191686
1483663877858799617
1483433700465741824
1483598487984001028
1483642313683668994
1483432187819003904
