1484732485711839232
1484722757745221637
1484722617806635009
1484718876437131265
1484711817952002051
1484710423928913921
1484707373260640260
1484705496401850368
1484704814886158336
1484704106401132544
1484701955423600640
1484699899249950720
1484694380321861633
1484692498526392324
1484692285539373057
1484673699290976258
1484671504122281984
1484664097371475968
1484620360238653440
1484603005429501952
1484573169188892673
1484557895559966725
1484544319969460225
1484536841919668231
1484532757380628480
1484532696244441090
1484527769673699332
1484526088198180867
1484525623263789063
1484521645566197766
1484519049749200898
1484517691688112129
1484515594615795714
1484506618843009030
1484506060337602561
1484497411590524931
1484495999120789505
1484492046773944321
1484484677867999232
1484482671069696000
1484474424682188806
1484472202535661570
1484466914411696130
1484466742126530571
1484465840653099008
1484457549889900547
1484457233312202754
1484454447199637504
1484454227137212417
1484451229900021763
1484444885373489154
1484443056476934146
1484441790967328768
1484440010611114016
1484439786241019911
1484439148727615489
1484438757789286400
1484437939748995073
1484437263048396805
1484436801935003648
1484436760193286149
1484434724634640385
1484434323453673476
1484433829536624641
1484433509674799108
1484430639160250368
1484428403575242752
1484427927995707392
1484427229606326273
1484425930047356938
1484425478731866112
1484425472830488576
1484425151219666945
1484423850389819395
1484423305738481666
1484420632704352258
1484419939016613891
1484417746276610051
1484417413588619264
1484417309242703878
1484416444565975044
1484404859441139717
1484403513656758272
1484402495527206914
1484402287871029251
1484400861728342017
1484399106206617602
1484398815100960770
1484398212148793348
1484397288990855179
1484397090340245505
1484392442900418565
1484390979759411200
1484389994202804224
1484389353350897664
1484389086337310720
1484387243762790400
1484387142134812672
1484384783434383363
1484381364585922563
1484380114322587649
1484379360316788741
1484378789153239047
1484378673642110976
1484376556080594944
1484375828758556673
1484375658583457795
1484375562609070082
1484733071408902145
1484728079356665856
1484728077494419460
1484725633611870211
1484723534807322626
1484723278749253634
1484720291624501249
1484716662079488003
1484712820818456576
1484710676975083522
1484709573475074052
1484709564973203457
1484708404933185536
1484700192540889088
1484699621469585410
1484697615665332225
1484690082808627201
1484688083757199361
1484683428390141953
1484669436217143296
1484666938710446083
1484586981401440258
1484541209691713539
1484535352123887616
1484524852015169541
1484513471391625224
1484513088015863810
1484505812404150275
1484501086304350216
1484499794681024517
1484496864301174790
1484495574208761859
1484454176306262025
1484453270865199107
1484447962591682564
1484443054212009984
1484442685780144132
1484442611087966208
1484438384211013634
1484437148464218115
1484435300554514435
1484429961406873603
1484425993536548866
1484423423476793347
1484418704188211206
1484418409429352449
1484416672748679169
1484414043234668544
1484413216117919744
1484412795903160322
1484410818255286274
1484403583991033856
1484403582351060993
1484387227094614016
1484382532640677888
1484382225076727808
1484379680916779011
1484378669124825090
1484377569072148484
1484557644459556866
1484478397678039041
1484470479175884809
1484712342873321478
1484692471569588225
1484688271162867714
1484580909827649538
1484577620507623425
1484577301274972165
1484570456208330753
1484550941252943873
1484532823835160578
1484478183999041538
1484452254111305728
1484444972086865921
1484437678905245700
1484437512190066689
1484431470852972544
1484426710972084227
1484426632882700301
1484408904427913218
1484401437987979269
1484392984989007873
1484390491223621632
1484388763027787777
1484385986700537856
1484382032918904838
1484738445071503363
1484725872577945602
1484714018472603651
1484700284257734657
1484575541089173505
1484532334812889088
1484524654152740867
1484523003044306945
1484514479543300101
1484489835784007680
1484399039387140098
1484379765515890689
1484734602040455171
1484721577334013952
1484718986940096518
1484708057234145280
1484698947168108546
1484690801913638912
1484532326726258688
1484518451519660035
1484493596758016002
1484470101864714247
1484462763170623495
1484461867447635970
1484457595108618243
1484453718288310272
1484445120967880705
1484445113166163970
1484445100352876547
1484445085337264128
1484445071156322304
1484445062524465164
1484445053086941188
1484443147862114305
1484443089821650947
1484443037837447170
1484441169497301001
1484434923641798656
1484434280566890497
1484433374601441281
1484433372441382912
1484432553687801862
1484427571232403457
1484425529650401280
1484425469101752320
1484420752942448644
1484413767836659714
1484402811043721220
1484396874396487681
1484377207120461824
1484736223491018754
1484735300635336704
1484728926115176450
1484728073564332032
1484726735170342916
1484725950814486530
1484722367981301761
1484721668551774208
1484720166076547077
1484716508689608704
1484714483205476352
1484711718890917889
1484710415791964160
1484709694501695489
1484709404973101056
1484701867087396866
1484700719873949698
1484699833420349447
1484697437214507009
1484694765342183424
1484692783734878213
1484692050788642818
1484688623673184258
1484683555599171588
1484675447510102016
1484674934568001538
1484672444606693377
1484659576926773250
1484651275413487616
1484585684250034176
1484579903907729408
1484579433839468549
1484577216466157569
1484576988484730880
1484569119701999622
1484562619440992262
1484548993095188482
1484540438396960770
1484532329477738497
1484527526643105797
1484523715274903552
1484521625135751171
1484518853296427008
1484516257684951040
1484514994914205701
1484512357087080448
1484512104879357956
1484507686003933192
1484505864644231168
1484504977196593152
1484504497028497415
1484503757006438400
1484502597570494464
1484502469082181634
1484502394411315201
1484501971725950980
1484499868165226499
1484499194085662728
1484497846900785154
1484496229149339660
1484495780677582858
1484494486910554112
1484493567515308032
1484492727911809025
1484490557569531907
1484488889104728064
1484488446546616323
1484487722324545542
1484487208656461825
1484485626959335426
1484485296917942278
1484485023763812357
1484484817995452416
1484480074036305926
1484477028774473741
1484475117212082182
1484474124688760836
1484472607395045382
1484472010272956418
1484467565497761793
1484463087658749953
1484462938329010182
1484462561441431562
1484461591470870530
1484459166588567557
1484458445491384323
1484458246807031811
1484450701854052354
1484450510706929666
1484448538851303461
1484446244382461955
1484445277755179011
1484445079574302721
1484442350747549700
1484441909179613185
1484439447173484544
1484439275093598208
1484438771995410436
1484438369921036288
1484437290579808264
1484436414754607107
1484434985423863808
1484433827498192899
1484432316315607043
1484425476030754818
1484423392048861191
1484423254278553601
1484421802269233154
1484420866511622148
1484417852186767362
1484412420151984129
1484409171885780992
1484406584117981190
1484405417815990275
1484405405442883586
1484401355175661575
1484398342415142913
1484397116638511107
1484392430845964289
1484390822938578954
1484389184047841280
1484388757944303616
1484388302098960386
1484384565271891970
1484381696149827584
1484381283015065604
1484526105872986118
1484500461093007361
1484428064855494659
1484420795959250944
1484738510238400514
1484737794203602945
1484737545372340225
1484736105513730050
1484735873736667137
1484734580183617537
1484734482561527813
1484734089668468739
1484733043500019712
1484731634419388418
1484731007072817154
1484730888735039488
1484727648572289029
1484726659920297987
1484725836452622337
1484725552825384960
1484725492595175427
1484725143716855811
1484725142177853444
1484723754198773765
1484722877169827841
1484722438122651649
1484722148115886081
1484721698557788162
1484721097686011904
1484720996917837825
1484720846077939712
1484718855154925569
1484715968794607617
1484715623557263361
1484715512907329543
1484715235605086209
1484713352949800960
1484711109173313544
1484710750652616704
1484710441746333698
1484710082843590659
1484709983799607296
1484708000963375104
1484706810162745345
1484705396501938176
1484704013073653763
1484703850036883459
1484702573236203521
1484701447640215555
1484700947171647488
1484699385087033346
1484698430668967937
1484696322922135552
1484696078834233344
1484696062702993408
1484692896653930496
1484692779112747011
1484692292975808515
1484691912649211904
1484690323532296195
1484689308858871808
1484687157277388802
1484685902920454146
1484682676724715520
1484681617390305280
1484680717762457601
1484680653790912512
1484679699687424003
1484676882889338880
1484675976781254657
1484674537199669250
1484674432861880321
1484670264776732674
1484664439337263105
1484661206661341184
1484659388342497280
1484654757377572865
1484649742852567043
1484631715435855872
1484624941916246016
1484609061446635520
1484600419561402368
1484590559155355648
1484585867285250048
1484584706503249920
1484573886918574081
1484572316390805509
1484570357759905796
1484569517389148160
1484567964339048449
1484564551014445061
1484562197095534594
1484560639712710659
1484557287666913280
1484557222558695425
1484553818524164099
1484553778997395456
1484551121498968067
1484550971879718912
1484549996175593479
1484548774651662336
1484545303420481540
1484543407318265859
1484541311176871937
1484540241650528258
1484539253044711425
1484538887368511497
1484538649975095302
1484538646854508545
1484537433626910720
1484537335752855557
1484535215997415424
1484534843992330243
1484534526411952133
1484534215089733637
1484533861183033346
1484533756761313283
1484532601725796358
1484532600350064641
1484528224025542657
1484527342752243713
1484524391312805891
1484524262786736128
1484522774073065472
1484521853649833984
1484520163127197699
1484519566047068168
1484517797019492356
1484516695628980234
1484739235722964995
1484736240889270274
1484727305885077507
1484726698805719042
1484726451987693569
1484722659628040196
1484722488357666816
1484721300409294849
1484721256062947329
1484719772277293056
1484719649095053318
1484716427869368326
1484715172635754498
1484715052590841856
1484714955429806080
1484714674780536832
1484714611316490241
1484713583691046912
1484713552938430465
1484711677887389697
1484710275869982724
1484709399403053062
1484709391333232650
1484709113615745029
1484708919729528834
1484708404090531840
1484705805832458241
1484705749419032581
1484705563795951616
1484703265166344192
1484702645151744001
1484701138159079424
1484699966006521856
1484699473104490497
1484699085240410112
1484698714040340483
1484697613484331011
1484697609004777472
1484697080408862723
1484697020367773696
1484696169549021187
1484695406860652545
1484693959847063552
1484692554134482944
1484690807789854720
1484690158444171267
1484689658713833476
1484688679402872832
1484688107928961027
1484687078936162304
1484686882923778050
1484684738048708611
1484678636288737283
1484677959722348546
1484677194211217408
1484673626788229120
1484673580537643011
1484672426235817987
1484667938926112772
1484661411574087681
1484653027164553220
1484635246196928512
1484622793031692288
1484612378226475009
1484608101131366401
1484605466399604736
1484605243304607744
1484594243662675968
1484584987609681920
1484583755645796356
1484582354526306304
1484577350134411267
1484574876249694209
1484572658595667969
1484569766799249408
1484563285190275077
1484562552810254340
1484562525266247681
1484562495960645634
1484551087835299848
1484547060536078342
1484543631017267200
1484539619316502529
1484539379276484608
1484534422196027393
1484533746481074176
1484532137709637636
1484528790940557312
1484523890609356801
1484520999806996482
1484519818799697927
1484519190229057537
1484518639248510978
1484518331118161931
1484517694468927490
1484515780842909707
1484513435077722113
1484513175873941507
1484511203431165952
1484510891370762241
1484510626022301696
1484508902008176641
1484508631613972487
1484508490018484229
1484508343222018055
1484507689795620869
1484505531142541315
1484505448019804163
1484505354793013253
1484505074781110275
1484503596976996355
1484715113425039361
1484665324012437505
1484604741313515520
1484581008880340992
1484570848308580353
1484566717754146817
1484557715779518466
1484555013599162372
1484551567584165889
1484540213406081025
1484536585312174081
1484535164986601478
1484531628731154432
1484527726740799496
1484526105369649157
1484526102458810373
1484525743858405380
1484525558369521665
1484524715549298694
1484523608798302211
1484513092013035524
1484508760647553029
1484508557559341065
1484502982729543681
1484502105805451265
1484497665388068868
1484496860454977541
1484496821418590209
1484496749129453570
1484493607218266112
1484490204039630855
1484487553298223115
1484479013359734794
1484477942772076549
1484477038329090053
1484473440073519108
1484472124546838532
1484450045558616067
1484443078698336259
1484423553659588610
1484421975359770625
1484413954537684992
1484405589371670529
1484400821165076482
1484391731970068482
1484390655539691520
1484385873399791619
1484382697988685824
1484379737682505736
1484376858502524931
1484376853213499393
1484376831432466433
1484729834697854981
1484719877806039041
1484719484548321281
1484693038748549121
1484667915609997312
1484551647552741376
1484545088202362886
1484520657237180419
1484501556301287428
1484498237004595200
1484490252421332993
1484488892560527360
1484481403295178752
1484480505370214406
1484480033133678592
1484474273284513793
1484472599253979136
1484466051521810434
1484454553818787841
1484438434530074624
1484435611096596480
1484425595002187776
1484424573840146432
1484407573730435075
1484389747728347136
1484528511742541824
1484494911793598473
1484426524287995908
1484380649255743492
1484471543002402817
1484585128378908673
1484738910781861891
1484729976427802624
1484720483962884098
1484708889073717248
1484691257964523520
1484553353715941377
1484519975394344971
1484493029461610496
1484433839519051781
1484403169564442632
1483719193866698753
1484735197216391169
1484718605636104192
1484718395820240896
1484716926391959553
1484711377877225472
1484708184799715329
1484701392434765825
1484677035016724481
1484651790658580481
1484588881861558272
1484581138475925505
1484574289370435586
1484554837505495048
1484546521953869825
1484545735719010307
1484532969524326402
1484531927680184328
1484510792271937541
1484510730519212032
1484508427556900873
1484506992836489216
1484498209460621314
1484497730475274243
1484488922935685122
1484485591555141633
1484474939516153858
1484451464965603330
1484433366078623746
1484401568791539713
1484389670150877186
1484385735642062848
1484381612431519746
1484722498474332160
1484716829348331522
1484703534776188931
1484699119101038592
1484697178077806592
1484664878107619331
1484551498168082432
1484500100970070018
1484493333749964805
1484489802401476610
1484488285838016513
1484483993546358792
1484469698401947654
1484469569875890177
1484467202975625220
1484452163103436805
1484449861424476160
1484443052089704450
1484439628510023683
1484435988986601473
1484429321628708864
1484406030411104257
1484397759222673412
1484389763671293953
1484739103526895620
1484662735606796288
1484544385736146946
1484481256020578308
1484480789051953157
1484385387779072001
1484681213042384896
1484518011352813569
1484415758331703299
1484675993894023168
1484621108750221312
1484436355359080454
1484594398860288001
1484592695092080640
1484549377633177602
1484486962895417347
1484421256229584897
1484379363626094594
1484523060749561860
1484481032082448392
1484480384003764226
1484478985761214464
1484387674090016770
1484729041584529408
1484702277424529412
1484566001371213828
1484450696183177216
1484460339253055496
1484456278759907328
1484456072244973579
1484450697743532043
1484735112952840192
1484733443825364994
1484698421877702659
1484693197876232192
1484567211893465088
1484426654974099457
1484405782829748229
1484379970118230024
1484720450152562690
1484708315456487433
1484697174579761152
1484485763098046477
1484425015735255042
1484736777323958275
1484714137771196418
1484625730025975808
1484467342830493700
1484737622715289605
1484420766611701760
1484674652589142018
1484534452143669249
1484531125892820995
1484582963107221505
1484548915412488193
1484517614403878914
1484517161775529986
1484398191881916423
1484730743163342850
1484626453178515456
1484489175336321027
1484455358487678983
1484444414282182656
1484613521837268992
1484546251085717506
1484418367968915457
1484388113770500097
1484380930064404480
1484512919912128521
1484506895167942660
1484419041678745600
1484414082254241794
1484738500176248834
1484729842465910786
1484539639411376128
1484715869557366786
1484531050256936961
1484690139645620224
1484406249903263745
1484695572414332930
1484675990727294976
1484422016023564293
1484715731724156929
1484696360809267200
1484540948021653508
1484448773103185924
1484716607389990916
1484716228837277696
1484430018248081408
1484419969572311043
1484715813051707394
1484479534854410240
1484474018484797449
1484474011555827712
1484474004253523974
1484453976959434754
1484524330986131458
1484519970717716485
1484492300281470979
1484523287028051981
1484437962276622343
1484557409297506309
1484547198318956544
1484428219684061184
1484501868512690177
1484496188170989569
1484709922730553355
1484550955123511298
1484524184965648385
1484453463899660289
1484707857446871042
1484668356540387328
1484640170758803456
1484639102507298819
1484565172031483908
1484396942230794241
1484728306843140100
1484591352197554176
1484530242660503552
1484494335622397953
1484492934078959618
1484479784700690433
1484466229045706752
1484462298181685253
1484412226119569411
1484402500140937219
1484731655999078403
1484713699835510784
1484709928933945344
1484540803934724099
1484522893673660420
1484514356780232707
1484513174766628866
1484509149421776910
1484506553931943937
1484477146621833223
1484405728253480961
1484680561746759683
1484486744317710338
1484687353101037571
1484422271079174144
1484733843894841347
1484519034112868357
1484487271885643779
1484434952003661827
1484406867220926467
1484576614487040000
1484707056951382024
1484734213576605707
1484688723547930624
1484688719500423168
1484533557137920001
1484437036539031553
1484436993274793988
1484466279624761344
1484406237026746369
1484400799602159617
1484735085568212996
1484734896795185154
1484727617651904513
1484725324500062211
1484719911993843719
1484714888295776261
1484710042440171520
1484706691136376833
1484485819939258372
1484437866767794176
1484432157745586178
1484424411608657921
1484415724743704576
1484387719061307397
1484652498325749760
1484582085449101317
1484530067636367363
1484529487144697859
1484437047100203009
1484437027420622851
1484437022911651840
1484430144651788295
1484386002453942273
1484383810402009096
1484491951126695940
1484407696048922624
1484487082819026944
1484418447698444290
1484690196801425409
1484690104925171712
1484462193210843136
1484461921227051009
1484508270937374722
1484690610627878912
1484690610615308288
1484690567510429698
1484689901329477632
1484499028432003072
1484418207243182084
1484509422999457796
1484749057025523713
1484722576383709185
1484692533183926273
1484662336552304643
1484512148323987460
1484481081923432623
1484390471674007554
1484416325942661120
1484731917513916417
1484683059186511872
1484419957626933248
1484116927346016261
1484675063144394756
1484461814872117252
1484437010060541963
1484433744799105029
1484400125397303296
1484394098996183041
1484492588703191044
1484747755067408386
1484727831838228486
1484723067192766466
1484721836873359365
1484707607785132035
1484684939170037761
1484683367644012544
1484629898480467969
1484583730216071170
1484572646075699201
1484486319623393280
1484463184165568516
1484441190770835458
1484422068196495361
1484625657049260033
1484602702147502081
1484554428333973514
1484519499445334024
1484490624749682688
1484399877404917761
1484467898257006597
1484405504302792704
1484700152124575744
1484415556346605569
1484667362716811264
1484529934970527744
1484431525416673286
1484519426309652480
1484494700102909954
1484450341919748097
1484447303511412738
1484698549371936769
1484692649462632448
1484520144810680327
1484520137239982083
1484559081629450242
1484559720220590083
1484409921818882049
1484390175228960768
1484581066648485888
1484493212907880448
1484416309312233473
1484419576863793158
1484390009390366727
1484731541695926272
1484501666892513282
1484500832519606273
1484416076188626944
1484396515863166977
1484742185115594761
1484717293422931971
1484705386666262529
1484702375571226625
1484485763685240835
1484428440065708033
1484413820634546178
1484388940392337408
1484704672862638081
1484741412629643265
1484714106439741444
1484603809066528769
1484475647992864768
1484409237191401478
1484747191495593984
1484738941269921792
1484726280780087297
1484719304906276864
1484718052105396224
1484629501443457025
1484528541668888591
1484474051657551878
1484456249793990661
1484426928635330561
1484420263630761984
1484414881491488768
1484411226147160066
1484402394297372676
1484741340831580162
1484697090207121409
1484641238037016580
1484564998492164098
1484539675868282887
1484530217918287873
1484506331763462145
1484506060493029377
1484418685687431174
1484401427460292608
1484746293197307905
1484475447580643328
1484402889866956800
1484733904439640064
1484503433231368194
1484637962671652864
1484566541148766208
1484737463046533124
1484613605140340736
1484710952486707207
1484669772910379009
1484533291588124674
1484503065613193218
1484469389592203265
1484734576253878272
1484734571220705283
1484734569224237058
1484734566904791042
1484705633513648128
1484682466745253889
1484554353625407488
1484488383162294274
1484488378926403584
1484444138724544514
1484392002842423296
1482922874046652416
1484512075393413121
1484491475358420993
1484423411074220033
1484417389941112835
1484406179527000069
1484727315573936130
1484602708979978242
1484560366554152960
1484492553399373824
1484488381338107904
1484483580537434114
1484741060312301569
1484721803042131981
1484720569765752832
1484719177642672131
1484713800171651076
1484706290895310848
1484705359222931457
1484698985952858113
1484687606265028610
1484660463678156800
1484594229343289344
1484566659847589890
1484555591314210816
1484554706118930433
1484551208748875781
1484540488242036739
1484523597293326338
1484516298029936640
1484479659823665154
1484453415631478785
1484442727324520449
1484431678852702211
1484426805238910976
1484399116478480384
1484753589897949194
1484752885275832327
1484720562320842752
1484720161278300163
1484701246896631809
1484690612662435842
1484659870481944576
1484642978547511298
1484610306437705729
1484587043292610561
1484575316651954180
1484555415916785666
1484550569255915521
1484538218595106818
1484536772990496769
1484532875802574851
1484531096000024585
1484525175450529792
1484512078429839364
1484511997022863360
1484511994057478147
1484494391200808964
1484483713538805765
1484469411767406593
1484469101510610944
1484454287509897221
1484441483990433796
1484440847546728450
1484433599932022785
1484433477030526982
1484432624747945986
1484430420846342156
1484425341678788612
1484400225024634882
1484399029748260866
1484395613152497667
1484591758109519872
1484528887233400838
1484523971345219585
1484523002285129730
1484504615035224065
1484479207300165637
1484478194518351873
1484477669660004357
1484473845033570308
1484470624634347523
1484463665667448837
1484442741283201024
1484436330180657153
1484433667997200391
1484418719401005056
1484408769966743552
1484408556594081792
1484742303793434625
1484738006133411841
1484673568520966144
1484606439100661762
1484603942315372545
1484572681395896320
1484572578408988673
1484545562813026305
1484543009417236483
1484511676468981763
1484471122556981249
1484464770082217999
1484440515101990912
1484395659835109376
1484702747798949888
1484700789876867072
1484569823170678786
1484483743410638854
1484444266328113158
1484439559756972037
1484425341964029953
1484400087598264324
1484571826663878658
1484501842738708487
1484683772742500353
1484586167610011648
1484553932777345024
1484550551082008576
1484549327066644481
1484542165477130247
1484448576461811714
1484445817041985541
1484423280908189702
1484396234009976834
1484714758175887360
1484484874266365955
1484754637458927619
1484756429794050050
1484428048225439744
1484428046300225539
1484428042877702148
1484417346068688896
1484414778680684546
1484412163918024707
1484433999946981376
1484733562326687747
1484708242723057665
1484467687682031622
1484503334795243521
1484502725102813191
1484497652045983747
1484480036845486081
1484478374231744515
1484445620102303745
1484433260549935104
1484443387973758976
1484677827735785472
