1484012550501339138
1484010636376145921
1484004891404435460
1484002885675646977
1484000552061390853
1484000065824133123
1483997881564545026
1483996365349072903
1483996335028449282
1483993690289078273
1483990276909993984
1483990023246876672
1483988356912484352
1483986758723575808
1483983620310126595
1483980251349008386
1483978626655985667
1483977745814024194
1483976279875792898
1483967586471751681
1483964305636794372
1483963486241984513
1483960790449553408
1483960269277900801
1483956371150487555
1483954836941205506
1483953049366577152
1483937513031221249
1483916364025049088
1483903123886379012
1483898920581607424
1483897757010370560
1483865675408228354
1483862329452544002
1483854810567045120
1483852384573194240
1483845694792531968
1483836121112924164
1483827091250753536
1483823571487330307
1483823203323633667
1483821618166394880
1483815529009893382
1483814734206214147
1483812711117262848
1483811347972620289
1483809853605048322
1483806290023358466
1483805262146568192
1483802595735273472
1483801829494378504
1483801305508417537
1483801184687525893
1483801077367595019
1483800933465485312
1483799649698082816
1483799350463500288
1483797841218727941
1483794200797794309
1483787219039289344
1483787210151559175
1483787042299744259
1483784224960552962
1483781987911749633
1483780812579684356
1483780192871264263
1483780028433592322
1483777806920458241
1483776819430326278
1483776812409044997
1483775037530607621
1483772491176701953
1483771199935361029
1483759239306878976
1483759066900213761
1483755515205324804
1483755271281573888
1483751660728238081
1483746601495838724
1483743930424655876
1483743792515919875
1483743508964216838
1483741548470697984
1483740843521736707
1483738000567992320
1483737173019197442
1483734883340255232
1483730307786604547
1483725710238023684
1483722530381000707
1483721128376172547
1483714430546370562
1483712130138664960
1483706860746452993
1483693173356765184
1483690224572338177
1483688808088731649
1483687889712332802
1483685537278234624
1483685247397277698
1483684866759995392
1483683857316839425
1483683479351361536
1483683081987194881
1483682698401316867
1483682364564066304
1483681505247645704
1483676931992469504
1483675046988357632
1483674256806649856
1483673928937897984
1483670715018915844
1483669843673251845
1483667606238564353
1483666382830981121
1483664232495599617
1483664136018227203
1483662788346380291
1483658816365666304
1483655345935630339
1483653550144208900
1483653470708142081
1483652451144441856
1483651099735339013
1483651936058753034
1483651931625390085
1483651923924631559
1484011299692597252
1484009341619675136
1484008767859879937
1484007586563518472
1484003176722604033
1483995326193483776
1483993315586772997
1483988437464383492
1483988382506418179
1483988373220229121
1483986930593406979
1483985986677837825
1483985939366137860
1483985874522374146
1483980979295469569
1483975816187084801
1483975574964305924
1483966140246536192
1483964652350771200
1483964603776516099
1483961274589491210
1483946800113655809
1483941717049245697
1483934985480699905
1483933483110215686
1483933460607680516
1483923186077270019
1483846781318610945
1483825787229065223
1483822080580005890
1483820977939427328
1483818994368868357
1483807235298185219
1483804400481357826
1483802449496670211
1483799297305243649
1483792745722437639
1483782842144411650
1483780888379166720
1483770691506020354
1483770220724768773
1483769866859724804
1483767911554887684
1483764122886238214
1483761715661930500
1483758147173228546
1483755784265961476
1483747415706726400
1483747318205669378
1483742095034953732
1483735445951647745
1483735063078785025
1483734824657776641
1483733837528301576
1483727260364701697
1483722020898619392
1483720940257423361
1483719699745873920
1483719084961574914
1483717523111567361
1483712922488811520
1483710523409858562
1483709951269023746
1483706608643633157
1483706077233684482
1483699610065735680
1483695952968187907
1483694328279351298
1483691373853569024
1483689801719197699
1483688878943109120
1483687994838384641
1483680833936687112
1483677045024780292
1483676765814161410
1483676736965742592
1483674127051689986
1483670004105375745
1483669996484304897
1483666135304531971
1483665345034407937
1483663665631219712
1483662045346414592
1483661508739735552
1483658830710194180
1483658535984852992
1483657248790675456
1483934992611016704
1483755076581990412
1483749644354359297
1484011764622970881
1484010178806968322
1484000106185920514
1483999078724009984
1483996637211262979
1483992526365540353
1483991576519278593
1483991425318793219
1483990491834515457
1483986822804172800
1483983169913499650
1483978622663036929
1483978593437118464
1483976525099958272
1483975063426588675
1483968369435246594
1483966788878872576
1483966772491747329
1483963649668837378
1483949134881357828
1483927410190196739
1483839887363416064
1483826147989528577
1483825300316499969
1483821088627109893
1483814201202479108
1483800341334269954
1483788112497381379
1483787814533988352
1483782381941436416
1483774419969638401
1483773541741109248
1483766295418277889
1483761508282925061
1483755583014850565
1483743020256468992
1483719807501357057
1483719637397549059
1483718549428645888
1483716761396854786
1483716581796769795
1483706611252469762
1483692971879206912
1483676491842220038
1483673424879058944
1483662453171179521
1483655928188907520
1483652907249856516
1483989431451525121
1483841810124644360
1483811955374985217
1483735044883873797
1483730008120389636
1483725110322561025
1484011332924239873
1484005495656837123
1483997719484059650
1483996368910036993
1483980032527970305
1483979678428057603
1483979465424539648
1483960182250295299
1483959285403234304
1483959207217201153
1483834930459463681
1483816381540081665
1483811190795272192
1483806059555098628
1483797735518404617
1483793882408181763
1483793870961926146
1483774470037078017
1483771224694001667
1483761418419994630
1483761417282981890
1483760919804923905
1483755994111004677
1483755330094104587
1483752615062081543
1483752339614089216
1483752136387481600
1483752079961518080
1483750939828064257
1483748623460536323
1483740487999975425
1483736190259916803
1483732974567051266
1483729694969122816
1483729180772769792
1483727899803136002
1483722909549928448
1483721125746311171
1483718371468353536
1483717590912573451
1483714997381660674
1483714053155717120
1483711290761936896
1483711107856764928
1483709175209558017
1483708406150348807
1483706685806026753
1483705228017160193
1483704269870346247
1483692223464349699
1483692084062474242
1483691089190359043
1483682727387963392
1483675681968246785
1483673937095856128
1483673764886097920
1483673223216906243
1483671831613947904
1483671248744116229
1483671075045404673
1483671068946874371
1483665512202915841
1483657450415079424
1483656894955008003
1483655772785745930
1484010828525637634
1484006176018817026
1484002572793159680
1484001867789385728
1484001549429133314
1484001115440320512
1483999580077588480
1483999059677687814
1483998983202951171
1483998888877260800
1483998265850880003
1483994429237391361
1483993841304694789
1483991537847771136
1483989466486558720
1483985329376067584
1483985015881220097
1483985012315754499
1483984750197211138
1483981567806799872
1483980692241661955
1483980628404338690
1483978394799063040
1483978392911626241
1483977098067066884
1483976369789104128
1483975134965039105
1483973797850095623
1483971539800567810
1483970990531313669
1483967769716666373
1483967443240632320
1483966801516335104
1483965991050936325
1483963474527285248
1483962876453081090
1483962731741220864
1483961778090307584
1483959375752740865
1483959358761279489
1483959121724702723
1483957749109395459
1483955490875146240
1483950285467054081
1483941956841799680
1483937954745954306
1483937088081117187
1483937002252906502
1483934920099921921
1483871243111911425
1483866221653430272
1483854600830844928
1483845536017182723
1483844588255457283
1483844059206946816
1483843528790663172
1483841982380519424
1483837474510368769
1483835109979877376
1483833955824865284
1483831832290664448
1483827571926384641
1483825853478084609
1483818741746245632
1483811413449932806
1483809351068434444
1483808935144726530
1483805038137180162
1483799896956145668
1483798207649902593
1483797485680168965
1483795315828441091
1483794983966498820
1483792286647394305
1483790025129349136
1483789178228084738
1483787016848670725
1483784814197379079
1483783731890561030
1483782740638330880
1483782370822356992
1483779582209961989
1483778453690515459
1483775715635982337
1483775403315830787
1483775379571904514
1483773663937966083
1483773283992743938
1483773254607466498
1483771596792025094
1483771522456383488
1483771024873488388
1483769136732073985
1483768647621709824
1483767637461303300
1483767541646630919
1483767483966586892
1483767274142334981
1483767135927431178
1483766859875119104
1483766346341306372
1483763999997325312
1483763924290117634
1483760530435481600
1483758777082195971
1483758039824232450
1483757390634033156
1483756694551556098
1483756366456307714
1483754616995332096
1483753349925457922
1483753323560054786
1483752234911698945
1483751731138039810
1483750976959959044
1483750533467090949
1483750407688290305
1483745914271731713
1483742029314400260
1483740702098194436
1483740398300598274
1483738618867105795
1483738561094762499
1483735164086030338
1483733661606629378
1483731207339016194
1483730270453141506
1483729393570967557
1483727720345661446
1483727697410805760
1483726779697483779
1483937996462497793
1483805582943735809
1483790355460165635
1483672950188707841
1484012811378630656
1484011541204987907
1484011017919430657
1484010951632633857
1484009297319444480
1484008656358506501
1484008473121914883
1484008295774195712
1484008039762251776
1484007957683896322
1484005967025287168
1484005401947697152
1484004763222294529
1484003007809585160
1484002960783069186
1484002639247704065
1484002602677420034
1484001932562026497
1484001829952552960
1484001516302516229
1484000564690456582
1484000499544498177
1484000097604149258
1484000088188162051
1483999098760228866
1483997715742994433
1483997273759809539
1483997110555254784
1483997106893627394
1483996088294326272
1483995496351875077
1483993644583747587
1483993291184123904
1483992241391935494
1483992239416430593
1483991691925520384
1483991651756691456
1483990805727838209
1483989572598247425
1483989337113243648
1483987158944067588
1483986024413872128
1483985208252993538
1483984907538157569
1483984413189099520
1483984286739210241
1483983473354604544
1483982832448184321
1483982381124321281
1483982372039458817
1483981279053987840
1483980622867873794
1483980337307078656
1483980216133648386
1483978975432953857
1483978478466703365
1483978192113516544
1483977793289564161
1483977785760952322
1483977785412845571
1483976545392001024
1483976200582479879
1483975312908390402
1483973082113261568
1483972863573266433
1483972065808257030
1483968755134783488
1483966734310973444
1483962790784253953
1483962516867006466
1483960065430519809
1483959818327322626
1483954346144710657
1483950041517944832
1483947194957045763
1483946800050741249
1483946744958185479
1483946161803526144
1483944252006871040
1483939892086579200
1483939084985049090
1483938292987211781
1483937663631892481
1483934577030696965
1483933635485265920
1483922258561314821
1483917971534016512
1483917390660653056
1483915091905236993
1483898452572782592
1483887035975086085
1483886588002467845
1483881142285930497
1483859734331822080
1483855925954084864
1483847417930092548
1483846601940795392
1483838277287563265
1483834527760142336
1483826742414700544
1483826062169886723
1483825282373271559
1483825244037332995
1483824714221256704
1483824650732072961
1483823143685070851
1483822008563810310
1483820268443545603
1483820001769705475
1483819870328594432
1483814099683516418
1483812125957304322
1483811506827366402
1483810986486546437
1483810229708275714
1483809444144496646
1483808312726818816
1484012502619136000
1484010932154269699
1484009637967970308
1484007042541318147
1484006395544764416
1484005985123717124
1484004839999045635
1484003689597911043
1484002425917050885
1484002354446090249
1483999654232883201
1483999461919850498
1483998818270162946
1483997782071562244
1483996760649666560
1483995817363259393
1483993515600519168
1483993391612719107
1483993382506868736
1483988276361183235
1483988249844793345
1483988242286669832
1483987134449336324
1483986031963611137
1483984327910510593
1483984130270384130
1483983089336725506
1483982699853451265
1483980740425498625
1483979760984522756
1483978836303917059
1483975760188641281
1483975696406188034
1483975140568633344
1483969314860711937
1483963373192560640
1483963321904775168
1483963240631910400
1483960510773329920
1483960070316916736
1483959966348496901
1483959928268419075
1483959620213551104
1483957316404002816
1483956711031717888
1483956451286859777
1483956297481752577
1483956187137818626
1483955886070841345
1483955722165841921
1483955719414382592
1483955642490822660
1483954807656583169
1483954698856312832
1483953601425063936
1483948267247661059
1483938503579009034
1483938041177972740
1483935122361839624
1483923680057266177
1483906467761688578
1483906091767730176
1483896670069092352
1483888476487811072
1483886736132681731
1483863808875458561
1483860770731753475
1483849496543248385
1483846542738210816
1483845417083502592
1483841982292426752
1483836397064966146
1483836246388785160
1483835614038736896
1483835190950916097
1483833639893082115
1483830053318594564
1483829627965509634
1483826248472473600
1483821947071111168
1483820336844279808
1483819468715626500
1483818833530212353
1483817325875073027
1483813698422849536
1483813650922369031
1483813270352187395
1483811550486237192
1483810491759693825
1483809787381153793
1483807675943391232
1483807360481374212
1483807223260512257
1483804782804766721
1483804521730277377
1483804300673531905
1483802075662528523
1483800858651693057
1483799184021295106
1483795176401297408
1484003280812666880
1484001700826710022
1483999343300743170
1483993481823797250
1483988309911404544
1483974272687427584
1483972607703941121
1483969105372024832
1483968404981977091
1483953755573960707
1483947721983946753
1483924121709072384
1483908472731467776
1483848102394331138
1483840893384032256
1483837720439169024
1483831568645103617
1483824188494577676
1483822690985299968
1483816408895012864
1483813671235387392
1483809535999766532
1483808660422017025
1483806928702939137
1483804496207937539
1483803626825187328
1483801126944538626
1483797600386039813
1483792986949439491
1483789911555645441
1483788478412648448
1483775795952861186
1483771883501850631
1483771259943268354
1483764741214736392
1483764311285972994
1483759309997903873
1483754560821022727
1483739125799075842
1483734185177419777
1483732964156776448
1483721515141328897
1483719470556549121
1483719462352461826
1483713082128240641
1483711487646568451
1483711413055291392
1483701158997032962
1483695821472546816
1483692971044540417
1483692333187334150
1483690526365093894
1483684675348738052
1483679759326674944
1483679755379818497
1483676110630326272
1483676076572557312
1483675630961315841
1483675352354660353
1483675280237797380
1483674938561417222
1483673884461518851
1483670279734034437
1483669790128762882
1483668657637326848
1483667267003219971
1483664750232096768
1483664572754329602
1483664546271461376
1483022064869343237
1484000427054333952
1483995889635311616
1483993902948696065
1483987252871311360
1483982950714982403
1483979016462028800
1483817714624110592
1483802194524913667
1483801199338225669
1483775776155906049
1483772918899556352
1483741300759605249
1483735446308163584
1483733632040960003
1483726612604809221
1483665632751415300
1483655072966115335
1483749402351398916
1483690158998552578
1483676273671307264
1483980013485830145
1483974153720205312
1483967643539603457
1483879364865544194
1483837472786481153
1483790520363061248
1483774994970984448
1483773338820689920
1483767060316696579
1483762807774810112
1483759436103847936
1483744602259861507
1483737789300899842
1483728853785001986
1483664752518008833
1484012053006532614
1484010697730441218
1484008697152282625
1484003149585448970
1483998556780646402
1483951500015837186
1483943407777349632
1483942811481559044
1483926238095892484
1483921410129301504
1483912160166223875
1483907090754281474
1483891899618320384
1483879005606449154
1483833417330728960
1483833401769889792
1483831808546721792
1483806688780390401
1483804855718543362
1483801621792722950
1483797654018883584
1483795192914219010
1483772952042967040
1483772509082517504
1483767734651396101
1483760813018333185
1483760184086654981
1483756605204500481
1483751310906499073
1483739528250609666
1483738293863088133
1483735895945916418
1483732727547691008
1483720549755133956
1483716705335808003
1483712847783731202
1483709126425612291
1483701577320103940
1483699231437303808
1483695807820087297
1483690195501428737
1483684261932978176
1483680736473661440
1483673228568842242
1483658586727546881
1483658017099104256
1484012834547716102
1483997734998839297
1483983001981960192
1483977535906271233
1483965105104887810
1483962171256340485
1483962102004195333
1483854929324568576
1483848916378750976
1483826520519221250
1483825737174228993
1483820510702370820
1483813826713767939
1483790558330253312
1483783403405475850
1483782798032789505
1483765160510894083
1483756769360826370
1483751052155703298
1483748836254584833
1483746522923937795
1483741119376732160
1483721271599058947
1483718927394164738
1483718213867548674
1483710488794234882
1483709001158529025
1483670082274603009
1483666687576899585
1483665016264204288
1483659973553192960
1483652402012168192
1483651595170885633
1483651461431324675
1483952760009932800
1483806475126734855
1483805226801201154
1483720610589339655
1483682463897784323
1483817724652699650
1483816192540569605
1483791665882025984
1483711040974065664
1483816921875488771
1483815498366459905
1483814741269430274
1483812526232313858
1483810941846589442
1483809690643484673
1483781274422882305
1483716064072859650
1483713022866587649
1483669457910530052
1483665146270855170
1483664421969084418
1483661674624458754
1483660665579765762
1483659831886360576
1484003309648510976
1483963113078915073
1483821069366886400
1483781072853028871
1483722334796394501
1483686813386801154
1483866603989377024
1483790968105357312
1483753597783666688
1483662932009693184
1483933047032811520
1484001477740097537
1483791745196654593
1483984480440578049
1483731831077937152
1483729442115850242
1483980367237287936
1483845888779100160
1483733881610448899
1483713146376581120
1483786029983494152
1483969201413177344
1483851774058704896
1483841838822064129
1483792345728712704
1483779286683516929
1483767551385812993
1483761979672379395
1483761846880735233
1483712840871849988
1483689104705744897
1483657079202418692
1483918547571339264
1483974300764114947
1483971004053725184
1483962604389548034
1483845574117969927
1483743963685453824
1483716300145049605
1483973431142260736
1483837502457008131
1484002779509436417
1483994537190371329
1483791665240309764
1483788525203906563
1483782657074872323
1484008359481450499
1483978649837928448
1483977906351390727
1483838394220576768
1483801572631265293
1483675170191851523
1483789703900176384
1483999464423817216
1483718092555689984
1483665075131265024
1484010058795335680
1483804316129701891
1483677571351216130
1483946517774110720
1483790212597755911
1483759039553339396
1483713895705767939
1483837623303290882
1483795586235179009
1483780616550481921
1483759722742554627
1483759337395073035
1483677847260921863
1483745684738424835
1483972373280075776
1483969860363517953
1483894476372574208
1483758403877244931
1483991604407189504
1483928160647491589
1483832555875225600
1483782759370080257
1483782755616178179
1483781206194135040
1483737930418237441
1483737924114198531
1483737916149239811
1483733429481263104
1483695970135457792
1483948351184076800
1483796701412728835
1483770221626523648
1483805973928382465
1483790682955591682
1483788530237472773
1483775284243738625
1483746536584810498
1483737362794692610
1483666724633591810
1483994559449546752
1483791054365401089
1483764410435129344
1483982155717824512
1483929654583242756
1483927725199212545
1483774978617409539
1483689226713825281
1483985870445510657
1483979586740580356
1483939204942143488
1483805187223752707
1483771622909964292
1483764501728346116
1483735714638753797
1483735712742920195
1483732370474008579
1483729295914967041
1483722676707655680
1483704775934111744
1483685966007402509
1483990793472061445
1483990167807758337
1483981885437247489
1483968053721563137
1483872145344061442
1483799659223326721
1483791063160864772
1483790110806409222
1483790107086041089
1483780882901057537
1483780879130394624
1483779959881539594
1483765012867186691
1483764864934096902
1483762562907148289
1483761796624355329
1483723903105388544
1483708119436120064
1483686578933628932
1483754772880818177
1483754639573274624
1483754569767452676
1483790010143088645
1484006822038368256
1483822727098413064
1483781055929004035
1483953762616381440
1483683232164253696
1484019416212082690
1484014405872685056
1484009975571955712
1483952197763497984
1483878105131655168
1483804944373514242
1483784313053528066
1483766989021904900
1483760524785774593
1483722391222353921
1483687252320714753
1483679330211594243
1483676891588730880
1483846956749398019
1483789565580423168
1483728517645107205
1483659915910873090
1483775559285239817
1483712222178201602
1483712219879776258
1484010304220856321
1483959413249818626
1483836934770216962
1483836930072940554
1483783300305276928
1483776250582016010
1483712206181130240
1484011553641082882
1484009970945638401
1483990384565166081
1483987274815897601
1483986501289799682
1483981888603947008
1483979764780367873
1483959810265878529
1483951389927960578
1483836926805233669
1483824737109176322
1483813033512247299
1483806562187882510
1483803480821317638
1483795463178682368
1483794731025199104
1483792719034351619
1483790294172979203
1483788563124989954
1483774359928205312
1483735372291280900
1483720279910400001
1483670892052103173
1483667514056151041
1483667136984018944
1484013113909592065
1483956080497819648
1483946892832931841
1483810110665375746
1483730320327610369
1483714956180836353
1483712208886538240
1483703402790264832
1483700892931338243
1483765317293993993
1483724303376207879
1483712025050382341
1483839810565332999
1483805536139476994
1483791370519138309
1484023178527911936
1483750304818810881
1483695895514578944
1483993139249496071
1483913493284012035
1483697606501220354
1483763894128881668
1483993317561954310
1483973369876062208
1483702839981805571
1483702522561073154
1483696845969039362
1483696261194993664
1483767520964542465
1483695750974676994
1483808214890446854
1483993519383461890
1483993049428475906
1483973113067237379
1483967033385824256
1483913406206050304
1483912872644472832
1483912872522817536
1483912872522809344
1483912803786571777
1483912708110295040
1483858145499922440
1483752524322832386
1483702408291418113
1483999521676103681
1483998722891853824
1483968084906225666
1483952980127019008
1483950527256088578
1483938646307012608
1483933248103546882
1483866402524385282
1483826660034367495
1483786468921581570
1483762091735810048
1483757492379480070
1483731398582497282
1483695878141779972
1483665708752195586
1483997622876934144
1483741739961942016
1483741235865337859
1483729113894756352
1483718735324397571
1483744538611322883
1483992933506633730
1483787732367581187
1483787636158660611
1483684810497609729
1483673376325799937
1483992500558008321
1483826962422714377
1483783072017678337
1483726623891664896
1483999268730195968
1483991579589496833
1483983826405957632
1483967594168213508
1483961188992294914
1483794684740833284
1483791005044604929
1483790100907671554
1483768754408665088
1483741323958325249
1483730554260684801
1483721436162568196
1483721266888847361
1483675890592944129
1483671299830718466
1484015629644742656
1483949355422072835
1483922428334166016
1483900670935801871
1483793347689193477
1483791585649192962
1483749229667373056
1483737496471347201
1483715518863646724
1483695652085592066
1483688518534971392
1483967582952910850
1483667487241940992
1484008515085963269
1483799808385032193
1483674485106835456
1483847669668007936
1483845039818264579
1483806426158231553
1483803108795101185
1483668512610689035
1484008659705536515
1483952956580179973
1483776609639596036
1483701025748185091
1483992396958699521
1483673075921338375
1484015402019860481
1483972024909561858
1483941581447364608
1483914277199429635
1483913693171961858
1483804468458459136
1483779077903634433
1483758886213791746
1483748776544473088
1483708768714387457
1483702656476782595
1483681214821466112
1483668504427790338
1483667870962061320
1484002575569813506
1484002107070230530
1483691650514055168
1483796762930384907
1484023123276361731
1484022903163482113
1484022885186666497
1484018235981058050
1483978768444280838
1483817674849546241
1483808789216522240
1483808306183704576
1483806527706533889
1483785472640176133
1483782489781190661
1483781439137382401
1483781391301365760
1483768439370285059
1483977593670225920
1483801726759145473
1483801037245136896
1483797931685978114
1483720924503621635
1483713312785575937
1483695872999567360
1483973015591260164
1484002092021075968
1484015216404824069
1483960187820318721
1483937082783731717
1483827286894071810
1483791220035907586
1483790822730436613
1483767060253786112
1483694282913779718
1483680526632615938
1483938449908707330
1484024748711747586
1484022197316616201
1484021843904569347
1484019290722684929
1484003548275036161
1483990732440739841
1483986528640532483
1483986526966935552
1483954964011839489
1483943693057150980
1483943547330248705
1483841141288370176
1483838905959186437
1483819530338316294
1483816421696356357
1483803879427162113
1483778913579192320
1483778410698919936
1483777306577768449
1483761117134729217
1483701711432990725
1483666283078238208
1484021565939679235
1484015420977860609
1483826253425946624
1483825966355222529
1483818248278003715
1483777057398341636
1483766729881059328
1483748684722761733
1483738479112888320
1483718431933353984
1483710581274148864
1484001515551739905
1483997110286819332
1483978824522268672
1483773719386660865
1483745595915649025
1483732106107027457
1483685798402990082
1483780177482379267
1483687791871414273
1483735038135250947
1484017473125236737
1483997811205357568
1483969982824607744
1483968455355564033
1483961715721404419
1483960480175882240
1483824419927891985
1483770471527387136
1483752205769658371
1483713984545320960
1483713738050252800
1483703384268226564
1483673504839270401
1483986013303500802
1483981711876759559
1483958122939093004
1483941398160494594
1483899894209609728
1483862034362277888
1483818864215719936
1483793615625367557
1483784926894112772
1483743990558371841
1483722810438877184
1483688198190800896
1483678107706195970
1483674691688894464
1483987526088261632
1483969747079565312
1483859556812075011
1483671678492483594
1483748354740092930
1484013204410073089
1484012954156961792
1483997849272537091
1483994197858598912
1483972130555727876
1483971950775259137
1483969289849696257
1483963086801629186
1483889902823649286
1483831996237643778
1483821237575258121
1483813639610310664
1483813292397441026
1483812609518612481
1483781816972881920
1483773944490754048
1483758180140449792
1483747188941664256
1483746188419813378
1483736850053632003
1483718097072709639
1483716423172386819
1483714322241306625
1483694668915568647
1483692511730282497
1483682779598835712
1483674931946979328
1484019988784902146
1484016889009303553
1484015794434756614
1484015218795892737
1484012707015983106
1484003324928327681
1483999323515981828
1483996980762521602
1483988959391023104
1483980971989172224
1483974232480825349
1483973356391374850
1483963858691964928
1483961203391348742
1483923589007314945
1483866794066870274
1483862250993508353
1483860349967544320
1483816798223220739
1483814755051925504
1483810929351741445
1483808326949376003
1483806883907391488
1483804992431865856
1483800564899414020
1483792022603722755
1483791320888258560
1483791314349084673
1483777318808354819
1483774128520052736
1483767817002700808
1483764186425733121
1483761350010884100
1483760689449943044
1483749259409506305
1483748363350994944
1483745206248034309
1483715184397262851
1483707683396272130
1483698893405982720
1483682158040727552
1483674834886402048
1483674293607481345
1483671969098833920
1484023319917924352
1483925161036464128
1483891870820352006
1483843962129424385
1483833124274728965
1483827988919693320
1483785501845127170
1483778404873027586
1483774804994191360
1483742960798015493
1483734673310511106
1483733190384701440
1483727406204854275
1483702107224289280
1483697377576108037
1483684019871297538
1483674951903498243
1484007831913504771
1483995691114708992
1483951873464090626
1483904992494948358
1483821958097772545
1483820270771372034
1483819536025817092
1483819091408617472
1483788390097391619
1483786385660080128
1483785993010364417
1483778063746105344
1483777300466487298
1483765479168950274
1483758384679915520
1483745037766873091
1483727395966365706
1483722007577456640
1483695739729494017
1484006147971743746
1483817072098705411
1483806472937287687
1483796686354849793
1483769283486560256
1483768553769963522
1484004292592009223
1483980351618052096
1483973050161037316
1483964014040600577
1483961280738521088
1483931644532871168
1483920389894189056
1483906086755258379
1483854746557771776
1483839727342178315
1483818740353736704
1483761018115624962
1483734259596939270
1483712250171236352
1483704678764490754
1483954169895845891
1483695425777704960
1483981392208084993
1484011913382367232
1484012544629284866
1483773211519389699
1483739228542758912
1483949432937009157
1483759247355953168
1483786607245533185
1484025622452060160
1483775135568244740
1483955220724219912
