1487269256127385601
1487267943901966337
1487259503187873795
1487248841229615106
1487237693151264769
1487237581276258308
1487233643911475201
1487228956147437572
1487227241725673472
1487215691774447617
1487200655781789697
1487189014692372480
1487149453559894016
1487092269631295491
1487067621589610496
1487062735686832128
1487062466638929937
1487058287891652615
1487044572492361732
1487044265146339328
1487038610624827395
1487027172636180482
1487014106389311492
1487008124657549312
1486992087522234370
1486988978968354821
1486986806684188673
1486986298124828674
1486984266089213954
1486967769358688258
1486967416294809601
1486965141258207234
1486964893290926080
1486964104946323459
1486962284841009152
1486948533605662720
1486948008906600449
1486933851494846465
1486932233655324672
1486923034405773312
1486919585060515841
1486917479255650307
1486914207761465346
1487250269918294018
1487267120203575299
1487263004672487424
1487257536197967873
1487255515411271681
1487248942907764740
1487248351296897027
1487247638814679041
1487246960448847876
1487246197132001283
1487245918655025154
1487245870051786754
1487245422406025223
1487244481434992642
1487243876549152768
1487242899959914497
1487240626374590466
1487239395979710469
1487238740225449985
1487236111474692097
1487236103686205440
1487233942029754372
1487232380280754181
1487228142532304917
1487223207258173448
1487222998117478405
1487193765853143042
1487192050436952064
1487185641075265537
1487148469869445122
1487123343417372672
1487110201593380864
1487102561333121026
1487100820315246599
1487099203905986561
1487076798584086531
1487072043187142660
1487069317082464257
1487065437711921153
1487062008050503688
1487060630582349828
1487059023543226377
1487058354304335878
1487052463865696261
1487046821666910210
1487043593021755399
1487041163404132352
1487035596035944452
1487035405899685888
1487032587210018818
1487030663194693633
1487028163813441541
1487021587802980353
1487021296563064836
1487019577774989316
1487015275186688004
1487014684523827211
1487011260864417795
1487004662909657089
1487001298335531009
1486999814386503682
1486993457336184832
1486990171631353858
1486987739702591493
1486985399314837506
1486985396882141185
1486985394910801921
1486985171106615297
1486983946340794372
1486982036069879809
1486977099512840199
1486966087074070531
1486964471889215489
1486964130565132291
1486963187677556739
1486961613882019843
1486960382631546882
1486960249118412800
1486955790581776384
1486955024324468739
1486951672181968896
1486948676497215488
1486926577715851274
1486926107735572482
1486921003993563138
1486919964384960512
1487028440238735364
1487014406106005512
1487273789486366721
1487265445162135552
1487257688111476736
1487256433951666177
1487246725681418243
1487238934778486785
1487222661080313856
1487217677919670274
1487088665956290561
1487082946482044932
1487080197782339585
1487072509866373130
1487068670417244163
1487049052210405380
1487038815688556544
1487030740013367299
1487010801886330880
1487008116969553922
1487003852725698561
1487002510145384454
1486984421823873024
1486980097676840960
1486970546818629642
1486950245653106689
1486947706816073729
1486943034084261890
1486942117477773312
1486935518839701504
1486929145708027906
1486924675665969153
1486913461267611648
1487270563483582465
1487085871086010371
1487050215890698249
1486973529908137987
1486932531236589571
1486913963950440450
1487271858349424642
1487251389961019395
1487223961419071488
1487200833536069632
1487198804881203207
1487191280727863298
1487074500759855108
1487068730832003077
1487062740308934659
1487062712928456708
1487057066783031296
1487054110650105857
1487052311507525632
1487051207130501120
1487046887181996035
1487044906816352259
1487039645028261895
1487018435767074818
1487017592887779335
1487015834010619909
1487014307892060164
1487013940659986436
1487013749286309889
1487008914646323202
1487008913736482816
1487008764444102656
1487007528625967104
1487006029556551682
1486975920464621569
1486970278102159360
1486959036373561349
1486948851420659712
1486945646569746432
1486938800144146440
1486925517215481857
1486923967252537346
1486921104191258624
1487267170820452352
1487264526563110912
1487260711084761088
1487260630105333761
1487260535406329857
1487260489252208643
1487260438173986817
1487260311002693632
1487259949306880001
1487259894470549504
1487259849314693121
1487259778795843584
1487258212328173570
1487249393405562881
1487249135094796288
1487248879540379648
1487246378732429315
1487245593101869057
1487243882114924546
1487241610085953538
1487235157249892352
1487233787675045889
1487225501072515072
1487220425188724738
1487202594468421632
1487200340491468801
1487196802747371521
1487177272931098627
1487160823239753728
1487108807876505600
1487106950282186754
1487106755158937601
1487086531617918978
1487083379442872326
1487080460266082307
1487078061103190018
1487077550182461442
1487069178552938498
1487067456229150729
1487065990378582021
1487060278550294531
1487052045815189505
1487050903307710469
1487045443167129601
1487043281997369346
1487043187315142660
1487034029274648586
1487033590135209984
1487025161727582213
1487024115215368192
1487023762314719235
1487021823925522437
1487020667014823940
1487020626392977411
1487017469092909064
1487010786715308037
1487010060639244299
1487007721602023429
1487004148835155974
1486996821796741121
1486992598812475393
1486991598714257408
1486989208757497861
1486987200256704513
1486985401407787008
1486985392817852419
1486985390355464192
1486979754259804163
1486976085954809856
1486969172546715649
1486963029354844163
1486960636374716421
1486942249221226497
1486937922112614400
1486937017464557575
1486933099359309828
1486932840902459392
1486923779628744707
1486922820571451398
1486921630785830915
1486919710604070913
1486918239363817482
1486914874068324352
1487272876650942466
1487271955644710912
1487268728089628677
1487266150304354304
1487262743199563778
1487256030312480768
1487255898502623232
1487255542204870662
1487254930826006530
1487253307924295680
1487251075938021377
1487250721741361154
1487247670083485696
1487247025234395141
1487247005701521410
1487244351239376897
1487243558621159424
1487242821979410436
1487242195841150977
1487241854370205696
1487241469501243394
1487240942427901957
1487239821701816341
1487238871196651530
1487238648751788032
1487237411595702275
1487236488756555779
1487235736629694467
1487232777435107328
1487231650794975232
1487229096803594241
1487223984621973505
1487223749682548740
1487221683870400512
1487221160223723521
1487220352539189248
1487218126798618628
1487217063202484224
1487215784128434176
1487213313872494594
1487213279797645316
1487212655471316995
1487212112745172995
1487209890884231169
1487209233498406913
1487208338974814209
1487207802317598721
1487206185262784512
1487201536522346506
1487199543968296960
1487199479409541121
1487196718580236290
1487195326012600320
1487186459593670656
1487186253863071747
1487179286255603714
1487178166464835585
1487167976394866689
1487151180358713344
1487150180889612288
1487146702692061184
1487141127853461504
1487140949754925058
1487140022054961152
1487131282966388742
1487125975356014594
1487125295195131904
1487124746328473601
1487108281008988169
1487105489800368134
1487100620331155457
1487097823716077575
1487095728237203457
1487090781525807109
1487085737975873536
1487083812983304195
1487083436670353409
1487077502254080005
1487074526332477440
1487073231290843143
1487073014747254785
1487072795611729931
1487072524147957765
1487071650847752200
1487068462455275522
1487067053492080651
1487065943821877250
1487061825258618887
1487058402421346305
1487058291402285061
1487056733813964803
1487056467152683009
1487054809962139653
1487051160989028355
1487050305862733833
1487049027963088901
1487048766574108675
1487047823774208001
1487046964495540226
1487042907613786117
1487039758450651138
1487039688170872836
1487039385052741634
1487038289458593803
1487038214997045255
1487037139938205696
1487036965912412172
1487036847066812426
1487035817767800832
1487033595084431369
1487033134008791043
1487032027224236038
1487027646558969858
1487026130150313988
1487274318614700032
1487271616086085633
1487271535643488258
1487271305439514628
1487268644593700864
1487268583919218689
1487266221523611649
1487264827919589377
1487262976423780353
1487262270795448321
1487261768682381314
1487258085429506048
1487257075121999873
1487254516093562881
1487254168351883269
1487253425641299969
1487245640887603202
1487244615589965825
1487244167113809922
1487244104463368195
1487238984720064512
1487236590753972225
1487236553034375170
1487236553013223426
1487235938761981955
1487235930880557057
1487234243453280257
1487233706847014916
1487233641360941059
1487233271926648836
1487228984840851457
1487226998946549761
1487221056167624704
1487215440405286917
1487214384522817539
1487212072932986881
1487205236980674560
1487204780351311875
1487195049020764162
1487181703114530822
1487157787927134208
1487151887807885314
1487150910950502401
1487135844456562688
1487134985270497280
1487134240063963136
1487134056936787968
1487131194684633091
1487126285570633733
1487124796974387203
1487114492068925440
1487111186227527680
1487109936564039682
1487100613267968000
1487096344686645248
1487091755032137731
1487088962212556803
1487086673074991104
1487083306726289412
1487082321539104770
1487075109290479620
1487074157544148997
1487073704014016514
1487073259099090952
1487072747691945988
1487072625629220873
1487071083878518791
1487071027255336970
1487069047011176453
1487068509498527744
1487068461838733316
1487068329659432967
1487068210943840264
1487068073156759560
1487068068744286212
1487067870420815876
1487066771374833664
1487066684485681156
1487065434826358788
1487064939638312965
1487063534701715463
1487063370566193164
1487062918134779907
1487062511119708173
1487059561806643201
1487058868446269440
1487054626855682049
1487053717052346370
1487053048572637189
1487052994667372547
1487052484732342277
1487051525616648197
1487050432702660614
1487050302062616584
1487049438853939205
1487047808771186694
1487046691572183047
1487046482624581635
1487046081653325824
1487045953039179782
1487045466093019148
1487045224916344832
1487044568327475201
1487039436256776192
1487038964368297987
1487038098781310980
1487037812192935936
1487034187097935876
1487032711042809856
1487029380480176132
1487028275818135555
1487024865748025350
1487023805302292480
1487023792278888449
1487022972065828867
1487022278797770754
1487021637161701381
1487019976993259523
1487019968323788800
1487017421542096898
1487016251348164611
1487014582300262400
1487013912969052160
1487274320242294786
1487274249450520578
1487273597509201922
1487272739693989892
1487272369936736260
1487266592903680002
1487265321501151232
1487254608389210113
1487234430527627266
1487232324937093121
1487231219628908544
1487231156534013952
1487228599619178497
1487224808014159872
1487220756614610948
1487215093066907649
1487210599356325889
1487204461932335108
1487152158600736768
1487128629469671424
1487121622171795457
1487117449787228161
1487111521364705282
1487091701076606976
1487083106066595841
1487080878995959814
1487080178689789954
1487078843605151744
1487078020745555969
1487075852479176712
1487070057720995843
1487067651155189762
1487064787729014786
1487062859221639169
1487054636091469827
1487041643798679554
1487040338166304771
1487038823787741187
1487038414159376384
1487033427186503687
1487033374833319936
1487032718202265600
1487027617333235724
1487026284438106116
1487024680380731396
1487021258386513921
1487020113346035712
1487017619538395140
1487014868859432964
1487013851614773253
1487010062547574794
1487006400991883264
1486995258332176385
1486991007967506432
1486987708971257859
1486978787082313730
1486978109043707906
1486976145912307714
1486972978864738304
1486969472154222592
1486960855874949122
1486958882538749952
1486953179887460353
1486940056766279681
1486938448837902336
1486933680983461889
1486932000917245952
1486931710767874049
1486921567917740037
1486917893832937475
1486916046179094529
1486916042911891459
1486916035332960258
1486915114897145856
1487246190261719040
1487225894443880449
1487189140177240064
1487119137721954308
1487101228098088961
1487095118327083011
1487073568668065796
1487071824277958660
1487067706872373261
1487062015491203076
1487048067396161542
1487033798407581700
1487024856227061763
1487008774602829828
1486998306140356614
1486991843326033921
1486989551491252227
1486985931483594752
1486981814547845123
1486964012008960001
1486958245931778049
1486958012824965123
1486953343943524354
1486952534355111936
1486933358735093760
1486924858265317377
1486920614560800770
1486917745833050115
1486917301509054473
1486913854416187401
1487064157710999557
1487247562474065920
1487130468097339392
1487085648271982595
1487062776023437317
1487058657019785221
1487049339893477379
1487046669560471552
1486946476303740929
1486919622238490624
1487075286143299589
1487259215823572996
1487237520022974464
1487206867398905861
1487160376634470401
1487068831453368325
1487067251089965062
1487066021735190530
1487065832341458953
1487044899337871368
1487023047576268801
1487018881239728130
1487018292384440332
1487004578197344260
1486982982082519043
1486982426412740609
1486970381693222916
1486963411254710279
1486953538593112065
1486964035421556737
1487065741140500480
1487057474939092992
1487256195513470977
1487136030956617728
1487063692298444804
1486989943293747201
1486979761201025026
1486969384833007618
1486977382523490307
1487238668779921408
1487088693169242114
1487066425000792071
1487053590237618176
1487051688469016584
1487050711615430660
1486986535006539780
1486916306998009857
1487131122022912001
1486924438033469441
1486917173712805888
1487071098059378688
1487259652190781440
1487229534055194627
1487153721629114368
1487072715072675849
1487010863076630531
1487001308460883969
1486967655860883456
1487258816236650497
1487132814965313536
1487104084801093632
1487101977028751363
1487095374137655296
1487016014621642759
1486960432464424961
1487107827558608898
1487101689500880897
1487085212567629826
1487072515490926594
1487072211865255943
1487068468402802688
1486977656016957441
1487110905100120065
1487072912032952324
1487012758709325826
1486930973069561857
1487254747891777537
1486914535097257987
1487090297326637056
1487042836440641547
1487051540258902016
1487051305583448069
1487051013240459268
1487050668212850695
1487050297243406337
1487048314952450054
1487251243445538826
1487056950705614861
1486937624149655556
1487250753563815936
1487244126253105152
1487225350648393728
1487221162899742724
1487084520260005891
1487044803313373186
1486926913549455365
1486917417083498503
1487113727610523650
1487113720237019149
1487104335486283777
1487103950469795842
1487103336184967168
1487052751360049156
1487013422994948097
1487009397331337218
1486956751568379906
1486938034998284288
1487067226725249032
1487041525724827654
1487263329026732032
1487072130420273157
1487071679540969475
1486923449838628865
1487134763848650754
1487071681185153026
1487017113588060166
1487229024740904961
1487251983736406017
1487270598980284417
1487194781230923776
1487148506380857347
1487008112028848129
1487007770008502276
1487007755571703808
1487006205545693187
1486990515153235968
1487228314699776001
1487098925014138886
1487059689254764544
1487242244021456896
1487235144071016448
1487086069057462272
1487060911483359236
1487224428148961282
1487151186449166336
1487150424356384773
1486933331283689472
1487239857885700101
1487110180005646338
1487070021960417283
1487053603231522824
1486978432802394115
1486963331705421824
1487267580553592833
1487224296238096384
1487098920488644611
1487079399576915979
1487079259667460104
1487054543275773953
1487052547663613959
1487048627461648384
1487047025380114438
1487042756711116802
1486979897998282752
1486932403990183938
1486931429087154180
1486929864573652993
1487245910560374784
1487054977856008192
1487030541190721541
1487022269826158597
1486994229993697280
1486925132509900800
1486935572619075590
1487118593774866438
1486969885960065024
1487255108820045826
1486997938991632385
1486990959858819073
1486936656045551618
1486980768312152065
1487210746811355138
1487242476431699969
1487245786727747584
1487004519883948032
1486991687645908994
1486928241797771264
1487228794348130305
1487217338437206016
1487209897771286528
1487191054310805507
1487151623705341952
1487099337809141763
1487093319348137984
1487039074078576641
1487002736910802947
1486983698637799425
1486960748647841792
1486939787030188032
1486924015239573505
1486918940261425164
1487217284645289984
1487155921478631429
1487014372665098240
1486991708638396417
1486991707048710147
1486991671636246535
1486991663910301696
1486947812877422593
1486932230606036994
1487245190012100611
1487092354586935297
1487016346843975682
1487013001601314816
1487060134459105282
1486950183380287490
1487057543742431236
1486950941324500995
1486950484774916096
1487057423323963393
1487056187531010058
1487025977389912067
1487070844178235394
1487068159114764301
1487066543129174017
1487066282813841415
1487060034525696009
1487059004702425089
1487057775704219653
1486950321582534661
1486949958439747587
1486949685097275395
1486949304208359431
1487260159164383232
1487229074007224322
1487199977546055680
1487047994440441869
1487021337876959233
1487019988137377795
1486933999310147591
1487265594936532999
1486968535842582528
1487169060114731014
1486984918689140738
1487110325615104000
1487095776333516811
1487050651905318925
1487077776746172416
1487049906527215617
1487049811698208769
1487040334898991106
1487005296245493760
1486989197458415616
1486925820165705728
1487270997778923520
1487259161188450307
1487252237264900096
1487224893523431425
1487116559529422850
1487101991159418882
1487059759102455821
1487058549834334213
1487048678418235394
1486988823192305665
1486987750280941571
1486986523635757056
1486985592424775682
1486984701579776000
1486984389854593025
1486949105234755586
1486933341114753028
1487266481457201155
1487100948489318401
1487094064919224320
1487048967594528771
1487005389900349440
1485984831288840198
1487202703449096192
1486998808668303366
1486982934867316736
1487273397016956934
1487111035815620612
1487005896613908482
1486988101578678277
1487200852809252864
1486931882776223746
1487254519406686208
1487251893428441088
1487251535709229060
1487242986585227264
1487226133841993728
1487105485245677568
1487105481264926724
1487078786793308164
1487057909716447236
1487042304414076932
1486939016931217408
1487066483725275140
1487029881892315136
1487037701907877895
1487037044710785027
1487027991154626562
1487022366697967619
1487011780324855816
1487009322546900992
1486989728763490304
1487131718574219266
1487096701227839503
1487077383748214793
1487074492404752384
1486987681863139331
1486982947500888064
1486945072587239430
1487274700783112198
1487270689123946497
1487203055078543360
1487117650409172993
1487098347681099778
1487071141713694722
1487272589953499136
1487223487370432512
1487030642235768840
1487019640265920517
1487272930950418432
1487196398093484032
1487150968735408128
1487110900171816961
1487091457714700288
1487066501437739010
1487057135242395658
1487051726955839490
1487026432479936512
1487025892711084032
1486990578936004608
1486978246629801984
1486962711074570244
1486961414120304645
1486961040374267905
1486960811914690563
1486954622757781506
1486950598696398848
1486941513984581637
1486928031960551424
1487255284771074050
1487216297012174848
1487088934060724224
1487071856880341001
1487056659876704259
1487053486529282048
1487052368386551813
1487044693644828675
1487037539747655683
1487031665578819589
1487004039690665986
1486947050189033474
1487072809620684806
1486985511537299456
1486928001908756480
1486924828267671554
1487188542669602820
1487087252530294791
1486940193361776640
1486963026913755136
1487259946357964803
1487240098249080832
1487234982498414595
1487222498982711297
1487064614089019399
1487043104880222212
1487007913516613634
1486934405176492036
1487265301842432007
1487259811771457539
1487257750480375808
1487249443686858752
1487099460870373378
1487058574513565696
1487253361778827266
1487233739990388738
1487207387090272257
1486982357920149504
1486978426624163846
1486949173060530178
1487266576823103493
1487173778861871111
1487055356740046849
1486988144679571459
1486978334361669635
1486977501545242627
1486956002125639680
1486953866994524163
1486949314585051136
1487270922771779584
1487270920913784832
1487230643268616193
1487193727219027969
1487101840814927872
1487091433349992453
1487065633447546883
1487063417101770763
1487053617970311171
1487045800286777344
1486994015279251458
1486984281935446018
1486983007646879744
1486981745119404037
1486965982295900160
1486958231134130176
1486956094165753856
1486935144506478592
1487281621808336896
1487277373296836610
1487274191942746120
1487273925566672896
1487264959423991810
1487263582677258241
1487259364289564672
1487256447981592582
1487244232922648576
1487244013610868737
1487240962304708610
1487236576484544512
1487236249773494274
1487235366868291586
1487225498094944256
1487223322718851072
1487221223654236161
1487219536843935744
1487211948173557764
1487208195936247811
1487194356595699713
1487171329648259073
1487051710648385537
1487050762991517700
1487036261562863616
1487034400399233026
1487026090116022274
1487013894782861312
1487012830037483521
1487004996617273352
1487000748273860609
1486989492137254913
1486950328620642304
1486942296054845445
1486928851942838273
1486921693402517506
1487274549204848646
1487271637083107330
1487266475023151111
1487230872440897538
1487197147430744064
1487097507130015744
1487093000358731776
1487081973122465792
1487073082804039682
1487065699021328386
1487065526475972611
1487063140521201664
1487057571642949634
1487051612602478600
1487026613904900100
1487020069372653568
1487006751836684291
1487002916871614467
1486990920683642881
1486989015429816321
1486979962939002883
1486975444343992320
1486969460653133824
1486950382974955522
1486931996974542848
1487282079414951938
1487257968605564928
1487133967866527744
1487088543566798848
1487085697802846211
1487067434171318278
1487056478653468674
1487032954941440005
1487011565152866307
1486968012892639233
1486947137447677952
1486939232300158978
1487255039848726531
1487074755521900547
1487051159147741185
1486993481868333058
1486950833048924162
1487064412145864705
1487250512785608705
1487055494657101825
1487038528546480130
1487005227157188611
1486990082405847041
1486976077406867456
1486943676995543040
1486958914075648000
1486958912427671554
1486958908271132673
1487037062234607618
1487240180339601413
1487054914543132674
1487038142523883521
1487218346039070720
1487270512514404353
1487020037361778693
1486995512255717380
