1478936944448925698
1478936231098478593
1478934097552560128
1478932616027926529
1478932612781543424
1478932270232731648
1478931682656874497
1478930826997895168
1478929935469137920
1478927694012190724
1478927583672602627
1478927269691158528
1478924589904265216
1478924081651015683
1478920980227448834
1478919661748060162
1478919508999819265
1478915924342149120
1478913429058453505
1478912955936874503
1478908283867992064
1478907137216507906
1478904999610490882
1478902261086507009
1478898740152832001
1478897951623708673
1478894117946023938
1478893616357462016
1478892924985249792
1478891643038101506
1478890879205081088
1478879244503638019
1478878199467495426
1478878144031428608
1478870789823025152
1478868090624839680
1478863982068830208
1478862115502903299
1478859290391638018
1478857295412928513
1478829691364642816
1478821194388312065
1478819044601970691
1478808668040679430
1478804122979635204
1478794037196824578
1478760987930988545
1478759362654969856
1478758598994182146
1478755374685556737
1478753452486320131
1478752317746733058
1478746754241552384
1478742306048020485
1478740572714065923
1478739125033267200
1478738755141791744
1478737497618223108
1478735236083040256
1478732359399018496
1478730674785828864
1478728060509700097
1478725204259991554
1478723144760184833
1478722668903862273
1478721955737997315
1478719491416547328
1478718106662887424
1478716704674906113
1478715127696269317
1478714780575617027
1478710251993980931
1478708579725049863
1478704385815236611
1478702035830591490
1478696374497546242
1478689632518737923
1478687374934626304
1478684499160358912
1478678335613902848
1478675824769323013
1478666605856915457
1478663673975431168
1478654717404139521
1478653924114530307
1478648995685797891
1478645131582443520
1478644227483463682
1478644140912955392
1478644057446305792
1478641889901305856
1478641045764067335
1478640996556718082
1478635772991315969
1478635231498301441
1478633379289440256
1478630350507024384
1478629438262710273
1478627585240174592
1478623210228781057
1478622425352863747
1478621785285267456
1478621501905539072
1478620445859631107
1478618636231135233
1478617296402673666
1478617169214640131
1478617122733314054
1478617033780576257
1478616997004865539
1478616947742760962
1478616333856108545
1478615027103928321
1478613161381011462
1478611803772895235
1478605533267390464
1478605531497390081
1478603284231299072
1478601875653943296
1478594747857977347
1478590773549436930
1478588614254624769
1478588413368418305
1478587958659665920
1478580968717910017
1478578187743334400
1478577960202301440
1478577869269917699
1478577721911304194
1478577496412983298
1478577277956804608
1478938585705455622
1478936784910237696
1478936154879799296
1478934520652959746
1478932534289256448
1478930184640204801
1478930180659834885
1478930178348748801
1478924804166094848
1478923364370550784
1478918786610864128
1478915179970646019
1478914795659087872
1478914785827639301
1478914002784702467
1478913184392122372
1478910015343718405
1478906817883217920
1478906353225965572
1478904354828525569
1478898228078780418
1478894173260374018
1478889553897345024
1478879737535602688
1478858986128658440
1478858965740052489
1478855419753910278
1478809048497762306
1478766213467574272
1478750030139846657
1478739239588143105
1478730407554449414
1478726110737174528
1478720793282367489
1478718499560198147
1478717821966184449
1478714412273836033
1478706788484608000
1478706161847177216
1478705615270662148
1478704971067494401
1478698736079413249
1478692344467574785
1478692117832626178
1478683503885623296
1478682860378681344
1478682692661260292
1478682495583354880
1478674587386724352
1478671219012476928
1478669615748173825
1478663059824517120
1478661385315753987
1478658488259645442
1478652914709061632
1478648366573580289
1478647956903538688
1478641201980993536
1478637097095290880
1478634337524334592
1478633883436404736
1478632410791088130
1478629157613412354
1478625015411052548
1478622291416158212
1478619732861648897
1478619473506537473
1478619307219161089
1478618631403573252
1478615187636711425
1478607304605851650
1478604143681933312
1478602608096907268
1478601978536099841
1478596521658437634
1478595621518921729
1478595549813088256
1478594009241042945
1478593186859610113
1478592105274511360
1478588928953225216
1478586838658867200
1478584406113603584
1478672146859659265
1478661307029069824
1478933638154649600
1478929500037533697
1478922567704453124
1478919009701564417
1478918965137076225
1478913984287838210
1478907129750769670
1478904591894777857
1478902647881023489
1478900360257228801
1478899134329356289
1478895788151369730
1478893533658374146
1478881105545629696
1478867580454506506
1478861812816769025
1478747694394851330
1478741000470220803
1478737685284114439
1478716467654717443
1478709198502305797
1478699501342781443
1478697236192137216
1478694823896829953
1478691380083912706
1478688889959157762
1478677930452471810
1478677715263758338
1478669388496531456
1478666049646039040
1478662099718983681
1478646892632236034
1478646304636948482
1478638826654367747
1478635406769856513
1478628068197556224
1478627528239505408
1478626283844038657
1478622745755672579
1478614158018973696
1478609293448409090
1478606929328934913
1478606824873992194
1478603929915035648
1478603651430043649
1478603594903351296
1478603374052270080
1478599235926781953
1478595146081968130
1478590549456080899
1478582053616504835
1478577331266408452
1478932119955013634
1478871325854756864
1478863569122779136
1478680032914468865
1478679405224357891
1478650461389418503
1478591216899874819
1478581567471587329
1478932971897843713
1478908274174939138
1478907082803859459
1478906675989938176
1478906349140393984
1478904676913348609
1478897556981645317
1478897295764516867
1478894247990362113
1478847460621574147
1478794979539570689
1478771351284449280
1478747016771485699
1478731021659033603
1478729392842891266
1478727152447070209
1478719934150623233
1478710719239446531
1478700953574408192
1478696683965984768
1478682355724259330
1478664583250276354
1478650983160762368
1478637761200459777
1478623288767049728
1478618428340535296
1478597906907099141
1478593603492474882
1478588033720983558
1478579508391268353
1478938593577951234
1478938555078512641
1478936741549527041
1478936096679481347
1478935528959471618
1478934890292781058
1478931716676882437
1478930884279500800
1478927907099602951
1478927753105739776
1478927629688336385
1478927173641596931
1478925570347978753
1478923977984598017
1478923661687934976
1478922848425037824
1478920353422348289
1478918965443248130
1478918879896223747
1478918603558715394
1478917506500677634
1478915671253663744
1478912669792882690
1478909456423342081
1478906781216964609
1478904923559444480
1478904231989952516
1478903263776935940
1478901073876176897
1478898856720928768
1478892011734192133
1478889763104980993
1478888026986016773
1478886983103442944
1478884659027083265
1478879347960254466
1478877892373188609
1478798389709922304
1478773509010726921
1478773224515129347
1478767583096557569
1478761860312616962
1478759339028475906
1478758102061117440
1478753599685423108
1478738519740796929
1478732948769996803
1478728678569820161
1478720203437461505
1478709339258961922
1478706388930945026
1478703507410604033
1478703294075707393
1478700776956432384
1478699503012044800
1478697788040888327
1478695481064648705
1478692892864483328
1478692318320345093
1478691183765245953
1478689608875397122
1478683459207925762
1478683340610093057
1478681273195323394
1478678060639547394
1478676438874148864
1478670009161240577
1478663145480540161
1478660753808769026
1478660256645349378
1478653051078512641
1478650195810209794
1478649504467324930
1478648949191757825
1478648715904749571
1478647581387288578
1478642920894840835
1478639890220793858
1478639852509806595
1478638943134314496
1478637009300180995
1478631125803094017
1478630515997483011
1478630347399057415
1478629255734960129
1478624003476525056
1478614663898173440
1478614187106398209
1478610848872497154
1478609257679310848
1478607064704303106
1478606411005186051
1478606342562537475
1478605003782701056
1478600982191738883
1478598152802295808
1478595469013970944
1478595421207359493
1478593362232213505
1478589790454906882
1478585256726777861
1478584981194625024
1478584957446414338
1478701428768010247
1478639967647657987
1478629056102895617
1478587737171054595
1478937730885189635
1478934026157060097
1478933552905416708
1478931292448124929
1478929905605775360
1478927196181839872
1478924210399371268
1478923175530434560
1478923055627862018
1478922486410461184
1478920741093445635
1478919733327982592
1478917371431587844
1478917183421902849
1478917142049218562
1478915109577977857
1478913893535653890
1478910021756882947
1478909183353253888
1478907934209810434
1478907335066062849
1478907320394387457
1478904079757692931
1478903580446711810
1478901724811186189
1478900008334217219
1478898532308324352
1478897746287337472
1478891965408178181
1478891047958679555
1478883910662590467
1478882247117737985
1478880667702226946
1478879458798886912
1478872829399482372
1478867798273126402
1478867236525727748
1478830268483997697
1478820865609383937
1478801012940886022
1478794735993049088
1478783745024937988
1478778534336204801
1478777371964493824
1478777350976274433
1478763582988996611
1478761747532058626
1478757681305309187
1478753855022112768
1478751644498022404
1478751426406879234
1478751055269621768
1478747884518445063
1478746919434272770
1478746856981090304
1478746274912342019
1478745807784275968
1478744216322789376
1478743864487804932
1478743233899286528
1478743013559918597
1478743011479588867
1478740327997804547
1478740169817616386
1478738537902010375
1478734135145291778
1478730435148468224
1478727341375254529
1478725602144243713
1478722007839567872
1478719394876321795
1478718319293190152
1478717831957008385
1478717770355200005
1478716906798403584
1478714369273856001
1478714003744452613
1478709621573390339
1478708497915072513
1478705242233454592
1478704438793498625
1478702497514409988
1478701689100111872
1478701329329442816
1478699898354614274
1478697045133123584
1478696126421233665
1478693593392959491
1478691926454927360
1478690648995741696
1478690395697532929
1478689424380612611
1478689250182762496
1478688447925604355
1478687011640725510
1478683950956515330
1478680297449213955
1478679829738246144
1478677552298283011
1478677413340925952
1478674805582749696
1478672390007656448
1478672258533003270
1478668745316831232
1478665865885224962
1478664760308604930
1478660167902322689
1478659188825812997
1478657160124923906
1478655709365501952
1478655238730969089
1478654332929122306
1478652632122068992
1478651251470442497
1478939381675167746
1478939363895611394
1478936400095449089
1478933099392094210
1478932847385726977
1478932570582646785
1478931832422875136
1478931293245038595
1478929359763214341
1478928584949395459
1478928055946997762
1478928055720570882
1478927988733272068
1478926183957889032
1478924260059930624
1478923126796800000
1478922409696628736
1478922222349664257
1478922044246925314
1478921792508948480
1478921711521185798
1478920807531225093
1478920276830146561
1478919916736577539
1478918754813706243
1478918662140489731
1478918372817395713
1478918342123528192
1478917784646012930
1478917201826508800
1478915786387247105
1478915488776212482
1478914650485886978
1478914641652715523
1478913421059915777
1478913005374955528
1478912967504633858
1478911277481136129
1478910999587536898
1478909726171832320
1478908479259627520
1478908230579326977
1478907072229953538
1478907037459247106
1478905536426876929
1478903427581112320
1478902831784497156
1478901816389554177
1478901749440126977
1478896485076856832
1478896341950468099
1478896316323287041
1478896150392438787
1478895565148618752
1478895478934675456
1478894349534388228
1478892154608963591
1478891120390246406
1478889957926203393
1478886672246853632
1478886169119453185
1478885841690771456
1478884656124612608
1478884418362085376
1478883579018899457
1478881140568068097
1478880481466740736
1478872575665074177
1478867777502924804
1478865405015773184
1478865041755492353
1478856760316162048
1478853091973902338
1478849545458966530
1478846531222392834
1478841685966835712
1478840838520131586
1478826685428498439
1478826228874416130
1478823130164391941
1478820976448221202
1478819111106859009
1478815263298441219
1478814192727519234
1478808883485315080
1478808315236859905
1478804697771229187
1478801946358153217
1478798200496664577
1478793757289955328
1478781831122079745
1478781538833559559
1478779709152395271
1478779448413474818
1478777093395599369
1478776466875637764
1478776266236960771
1478776112175927302
1478776000003543040
1478775852661764101
1478775689918566400
1478767737220460554
1478754343100764164
1478754189136203782
1478753294675816449
1478751573513805825
1478750162814214145
1478748527522054145
1478746617528340485
1478746370613727233
1478744507885625345
1478742910203953153
1478741935967727616
1478741299087884289
1478739805634584579
1478737517071450121
1478737488273362947
1478734974958243842
1478733923651764225
1478733798208524289
1478733533510193153
1478733531236999171
1478733387246411788
1478732250753626114
1478938914224173059
1478923824632459266
1478920339702702080
1478919896486465542
1478918610877779969
1478918176083566597
1478914622518292480
1478910755151888391
1478903249457479680
1478900789905018881
1478897943855845376
1478895000968564742
1478894945444368385
1478889344207261698
1478879651648966668
1478862394616999938
1478819252232761351
1478783616050245634
1478781025203281920
1478755191356751874
1478752886955806725
1478751586251784193
1478748735806926853
1478738906636259329
1478737379934441473
1478732486037278726
1478726192094089216
1478717852592979969
1478717824226840578
1478715771987574792
1478696852283289600
1478674468230742016
1478672271791116289
1478649242247782400
1478643659272712194
1478638062578155523
1478626102838849536
1478620211230097409
1478613417401327619
1478610076868886531
1478607657019793411
1478603834742095873
1478601779092746242
1478595060212006918
1478590351157837825
1478585914834055174
1478581265821356033
1478039825546498050
1478928301330554882
1478912569830109186
1478904719292600320
1478903279585140737
1478900979160346626
1478899986712588288
1478750219730776072
1478747312524443650
1478717467316797442
1478708824894672896
1478707432721313792
1478703133853323264
1478696540839370752
1478682791453855744
1478679788025880578
1478678927623163904
1478672597164257287
1478668377803538434
1478666267850461184
1478662789283545089
1478662104366428160
1478661282760851458
1478661211017281536
1478661181283782657
1478659777102106626
1478655949158043648
1478650682265653249
1478648363272728578
1478646203076153345
1478639542030659584
1478628582582677505
1478622402569326594
1478612000708055042
1478610571855421446
1478608688394866690
1478606840183222272
1478605451084255239
1478599653222277121
1478593892727414786
1478593616406667264
1478592416496168962
1478590044373803009
1478588944933535745
1478587068393537536
1478578027806093319
1478577862340845573
1478577683520835586
1478601650675671040
1478598290715275265
1478892854848065540
1478919184922804227
1478916990253232128
1478724046921420804
1478654942500081664
1478652761961295876
1478624683830382592
1478611397256773633
1478938386333265921
1478926788352872449
1478923372222312448
1478920618275790853
1478912545125646340
1478902147538292737
1478891883153686530
1478781753254838278
1478779548447641600
1478772684305485824
1478752733771419648
1478738749622157324
1478726091095248896
1478688838725767168
1478679338270687232
1478678461346504704
1478675364700250115
1478670850610003976
1478666743119683584
1478663748160090114
1478656873192636418
1478655372982317057
1478649198429962241
1478644292939747329
1478624653694234627
1478622309208367104
1478616373341290496
1478615780686274564
1478613851063013382
1478599721887301633
1478594709412978688
1478590713730265091
1478578304374300674
1478934825742471168
1478931149913083904
1478924291223826432
1478906922661453825
1478903766518624257
1478903363370557441
1478899209197686785
1478897856584957954
1478896787532369920
1478894849222844419
1478887327179198471
1478886679276494848
1478858693202485249
1478806976960237574
1478794194810327040
1478754705228500994
1478754551264006147
1478735255334899713
1478733920225034241
1478733871072313346
1478732965051965441
1478732595135270915
1478731887610785794
1478724557716348929
1478723342467166210
1478720867714539521
1478719947014500354
1478718789965402119
1478714411825053696
1478712274168647687
1478710289390616576
1478709223076761601
1478702887739998220
1478702651915137025
1478700170288123906
1478693434785349633
1478685942063845376
1478685538290860032
1478676700531605505
1478675608997482497
1478674518981763074
1478674395405029379
1478671364110405633
1478663544660905986
1478662855582830599
1478662257584205826
1478661280646905857
1478660705196806145
1478659965707423745
1478658641993474048
1478658415744323586
1478656125750820864
1478655997220569093
1478655795646525440
1478655313079197699
1478654731538952193
1478654558654005248
1478651422845456384
1478651150526074880
1478649322526818305
1478649165521440771
1478648800344346624
1478648714872770561
1478648200835727360
1478646426846384129
1478645772224655363
1478644109027917824
1478643403940323329
1478643273325367297
1478640548755828736
1478638747302305796
1478632049791537153
1478630911990108162
1478627394428686338
1478627194825965569
1478614352382947331
1478614108198948866
1478611942537252865
1478605868992122883
1478605661793447936
1478602161927770112
1478597124937994241
1478592624499970048
1478592092922286080
1478583501456756741
1478582657189482497
1478937835663101952
1478749904038088705
1478743254409437188
1478721891816796160
1478690122082054146
1478652703261618176
1478920208886624256
1478618493096321024
1478746172177072129
1478612095377629186
1478611803651198978
1478920141719183363
1478605634874400771
1478659925672751105
1478584293886607361
1478898045945217025
1478723810358607875
1478687769773821954
1478647690946744320
1478638028205670401
1478913979426639873
1478902297379831811
1478762653069688836
1478761912057810946
1478632414469660676
1478622436673286144
1478637808805896198
1478926940589662209
1478909376307990528
1478910848013725700
1478692774278942721
1478650611654483970
1478920437740437508
1478887932731682816
1478751873179926530
1478665507800707072
1478659226528411649
1478597119032184835
1478842177807536129
1478829109073485825
1478810995761967106
1478737592904392704
1478707175849480194
1478583134824271875
1478914396214628352
1478687118712967169
1478648234868281344
1478644393351409665
1478605824566067201
1478587516814979074
1478719667405418497
1478708625686228992
1478690767866523650
1478923107578515460
1478728214226739203
1478727626520891395
1478717166383861764
1478667967365746689
1478639896927490050
1478635607366594562
1478625517880299520
1478596226304020480
1478762062981439488
1478707334562123780
1478942870224584706
1478939059263135749
1478923189707108355
1478935637378043904
1478890902890315782
1478884690752729090
1478592108172742666
1478920975584358400
1478745241981100032
1478743555917029382
1478718141697904642
1478689425475313666
1478664003127627778
1478931074210140162
1478897491630120960
1478892357474865153
1478754365041090560
1478708456630591491
1478902567308431364
1478900605905084417
1478885134266880000
1478718012207206403
1478688743141773313
1478646338594115585
1478910933116145665
1478902703686176768
1478887566363398144
1478884417573580802
1478882353489453060
1478789391510241283
1478788315641835526
1478787238666276866
1478669465201963008
1478602324440276994
1478586547389698048
1478908450843234305
1478923818609508352
1478932869577797632
1478915263403724801
1478895886524579841
1478875421403848705
1478874915218493440
1478863875298578434
1478762968749723648
1478750525222912001
1478680839298846721
1478671283806113792
1478667460823764995
1478638128130781187
1478627885791408133
1478609203719663626
1478598706710519808
1478914245702008832
1478906382464077825
1478904378765414402
1478889164103774210
1478748997036634113
1478668998845689856
1478668991866408960
1478668984551497730
1478663827671506948
1478657695091597312
1478612824402186241
1478611868637749251
1478611157359284224
1478610871999811590
1478819155465879555
1478674147513274370
1478729797765251073
1478697532540678146
1478588139501355008
1478883846015782913
1478878101165674496
1478709403792527361
1478629782845739009
1478717387637616640
1478702614099292162
1478602584520728578
1478744920055635968
1478653453933035520
1478647268760702976
1478935055103787008
1478929252372209667
1478621258833035264
1478599641310638087
1478752920405352448
1478688818106564612
1478612781133754368
1478933627488849921
1478899243544838145
1478751573517893632
1478751527997087746
1478747022928670722
1478746235771113474
1478732592560046080
1478729541887533057
1478717791754547207
1478702419257147392
1478699354022039553
1478698199732809728
1478697791501131776
1478697790675034115
1478697095506776065
1478683276587913217
1478676409866326016
1478669028633677824
1478644254784188419
1478643357328953344
1478618187683942401
1478764891603292163
1478671177874739204
1478656723653038082
1478943393946300416
1478752824997539847
1478603615195459584
1478716619299844097
1478715018287800321
1478712470717956096
1478675965559541760
1478675486922653701
1478672837573373952
1478672016160944131
1478925592049291264
1478612116986757120
1478596077473337344
1478923760514174978
1478925254260969475
1478925150460342272
1478923446113357826
1478895807524847616
1478895373896749056
1478677457943236610
1478608837695315968
1478621361547268098
1478671700765990912
1478669228664242177
1478776280447209478
1478774875611295745
1478771066004639745
1478714994179346434
1478702458704564224
1478702127149051904
1478660269308276738
1478639585735294976
1478625002094137345
1478622491442438145
1478606910815277059
1478940675575992322
1478588737953034240
1478626133113331715
1478937673259704323
1478937169825710082
1478933067771224071
1478932500206477314
1478889522431606787
1478889343867502595
1478865322006351872
1478716975433928706
1478610189540417536
1478945652591644676
1478934618413965317
1478710690718175232
1478690391968735233
1478676953490079745
1478670382643105793
1478623659497426944
1478777212904128515
1478739838635446272
1478650128596492289
1478649549031821312
1478645011289817088
1478638805515177985
1478605429957480451
1478604614559694848
1478598232821276672
1478901894672093185
1478777335742545920
1478602084337401856
1478800202689437696
1478688822074298371
1478824963322744833
1478736072255283200
1478735145217658883
1478709235781304320
1478880265640448000
1478641483402129408
1478927737582600194
1478863562923593729
1478865552781185025
1478681920515227649
1478683377989750784
1478683154718535681
1478738308721086466
1478866366723547138
1478745346318635010
1478867153860239361
1478865607462649857
1478865520610865154
1478859168169684993
1478859167704104963
1478683265368485891
1478682246328766465
1478681757600055302
1478737329661497344
1478934095388282880
1478924356730306561
1478900830107435009
1478894208576483338
1478867700130594825
1478713088123670528
1478712172507111434
1478703881043341314
1478702824712114179
1478685971008802816
1478618892368973824
1478930194400686090
1478916559393329153
1478718195066236929
1478709900914081802
1478688227108130818
1478631712850472961
1478937953736871940
1478901560105005057
1478720901944254467
1478690874812874752
1478684079226703872
1478701331640569856
1478607513348046850
1478947399628296196
1478937967091662850
1478812243978375168
1478684764764659715
1478634589971046406
1478633924830146564
1478625985582956546
1478938184620806148
1478897442112163844
1478877590756954113
1478736292951191552
1478689762978398208
1478682379547910145
1478671840012685312
1478652418007060481
1478650134460125185
1478602071372972035
1478591293185880065
1478589299507404804
1478589298022576130
1478927506799431681
1478890191578284033
1478885639236067329
1478870635480711170
1478856380132044803
1478831692769107971
1478814579274756097
1478804661285097476
1478803779667513357
1478782139277713409
1478771292362915846
1478767544853053440
1478733252114350084
1478720048587964417
1478712683381727239
1478694376175853568
1478685999412645892
1478685700656562178
1478679460497047553
1478594854380654594
1478592856440774656
1478934243631788032
1478829851272302594
1478723737268617218
1478654075352748033
1478737554107080711
1478696928003047426
1478920998158172160
1478729815221956610
1478639122075906048
1478947588703277056
1478907538418507780
1478733018852253697
1478727971854696451
1478659356807684096
1478602574605344769
1478833681183748097
1478752582050873345
1478602827891052545
1478752586329034755
1478658357154041858
1478752477872734209
1478752476366917635
1478649230805721091
1478900829167898624
1478729511222923265
1478687906952724480
1478678654997696515
1478676436688912384
1478697400587878400
1478691725862268929
1478616346132893698
1478638243830636546
1478638656382332928
1478949549032951812
1478946507550179328
1478942881884766208
1478896715063173121
1478876371594014720
1478871475763384320
1478867189771866112
1478790403952644096
1478747177480450052
1478735931465433089
1478734702647205893
1478731930438803457
1478717150927867906
1478680037909942274
1478679584346279936
1478655354766430212
1478617916287246336
1478599967535026176
1478595924100141057
1478592617336115203
1476377225012252675
1478941525895794688
1478783087899131904
1478742545567916032
1478723200435453953
1478722741662408705
1478696464188522497
1478642806490947585
1478633925895327744
1478608315013861378
1478695422059184133
1478670327605391363
1478715861766578177
1478904111189794816
1478906216248070144
1478847909542125573
1478781349062332416
1478741437390876672
1478673394182721536
1478946370190864385
1478881269127671812
1478783431748194304
1478737766217228293
1478711583354228737
1478692901303451649
1478629385326391296
1478599815197982725
1478901686697484289
1478868414764568576
1478744117702103044
1478718154389934085
1478717526217420802
1478705246180282372
1478699441913696256
1478699436352016385
1478697567143686149
1478673544443678720
1478655497796415488
1478649374057975808
1478639678140006402
1478634237662093316
1478628220882735105
1478625659026952192
1478621881674571776
1478614002196303872
1478930890214436864
1478930888016613380
1478930885332246528
1478930877962878977
1478775117354135552
1478697644746706949
1478653962790359042
1478793193067925504
1478629604101287938
1478609562810781696
1478949675113742336
1478945149010907137
1478940490430963712
1478920199545888768
1478917723824345088
1478916298151120901
1478915440998973440
1478888140215656450
1478886086797447169
1478884320722894849
1478767069256568836
1478744627360329728
1478736756686028803
1478700409979957250
1478698752420421633
1478666138141618177
1478640239350484992
1478633030419836928
1478620638147346432
1478617472324358147
1478607495740289024
1478598173027307521
1478593292107350017
1478917003759042563
1478878394926305289
1478862121743962112
1478713946211184642
1478692948082499584
1478686786821902337
1478682892041695234
1478648397829529600
1478623622507819008
1478623345235034115
1478607942538575875
1478712808275529730
1478706740321341442
1478742138321989636
1478667904602152960
1478950670556282881
1478939999349317632
1478925827312001026
1478920625909420034
1478889409227341824
1478845739304304640
1478765617746673664
1478765514809823238
1478759692448923649
1478755757096984577
1478748631205220353
1478669779410079746
1478669416879378435
1478661109020180480
1477614031926140936
1478949977766326272
1478942646756261891
1478930610601086978
1478927878741889028
1478911883293827073
1478900352275550208
1478802406016053248
1478747077920260098
1478722810340016129
1478717630437478402
1478706792196497410
1478703207463354369
1478697211454267396
1478695081678761984
1478686276614176773
1478686227205279750
1478686084779368449
1478684851259645953
1478670170151276545
1478645381453860864
1478630151726374914
1478626730520694786
1478626043078459393
1478594960525955072
1478932501347274752
1478932215069216768
1478921211908214784
1478921183089156096
1478919987733557248
1478896984496828419
1478890906707132417
1478869473142579203
1478810739741577216
1478808883808243713
1478772318713176072
1478762723567489024
1478736823018950656
1478735121343660037
1478723208157155328
1478721154353295360
1478718145107939329
1478715073879183360
1478712368280469505
1478711169615634440
1478695829049208834
1478695007351541761
1478693596962328578
1478690960720625668
1478687300900950022
1478685042847137792
1478681322042245123
1478681208980750336
1478678627692605440
1478659640997171202
1478647590468022275
1478644515103821824
1478642312905314304
1478638070975156224
1478633374839279616
1478631322616692736
1478628748912050176
1478623463032066048
1478622331249602561
1478616017551069191
1478614659959721984
1478608907702464513
1478942575331479554
1478933365709414401
1478929808398508035
1478916075647471617
1478908437865984000
1478814607917469696
1478694072508293121
1478636790047129600
1478630829064540162
1478671735021273089
1478655880417611780
1478652576925052929
1478647282660614144
1478777857644003329
1478830818818678789
1478798626423857153
1478798470194642944
1478759993792937987
1478624891696037892
1478623394144808960
1478607388143980549
1478597828624539650
1478702801177899010
1478675928830013440
1478861241649008645
1478860710004150272
1478902796216782851
1478651202778714113
1478690913501073410
1478955964141170689
1478791920147070976
1478616950741688320
1478957861707259909
1478747730935566337
1478721366178230274
1478954817460469762
1478639949935116288
1478789285859893253
1478751188539490304
1478705313964433409
1478701444484120578
1478756442014289928
1478777634234507268
