1482593876271833089
1482583144453013504
1482580709168807938
1482580027011399681
1482579083393646592
1482578493645144065
1482575393093996549
1482575049580494848
1482573552935399427
1482571800760442881
1482571732443889666
1482570718067970048
1482561232259321858
1482558056848588803
1482554932486356994
1482554391203049473
1482553970556301313
1482553831032786944
1482553363778924546
1482551138558038016
1482548505289838593
1482543300884443138
1482541798547681282
1482541469919776768
1482540550461210625
1482539913233182725
1482537976932491265
1482537806551711747
1482537687001497603
1482532370985394176
1482529968244822018
1482526923771478017
1482526843454787585
1482521743378227200
1482521735090089986
1482520937333665792
1482520399879733252
1482518480213934081
1482517962963705859
1482514240540143617
1482513519711223808
1482511151305207810
1482509708913168385
1482507622641463298
1482502205660090368
1482501445048205312
1482496469357961217
1482475954098167810
1482446109154947077
1482438388641050624
1482412667679948806
1482402832062251013
1482399337309421573
1482397407673393152
1482392972708970496
1482381328574459906
1482373958481887237
1482364528759537673
1482364365806645248
1482362335243403267
1482358166201729027
1482357171497373698
1482354724380999684
1482352705964503041
1482347839959486474
1482345090815492101
1482343565355532289
1482343372669218816
1482342322319032321
1482335836062773251
1482335464124456965
1482333801430720514
1482333797546795012
1482333794765918214
1482333792853364738
1482333788432592897
1482333786234765313
1482332919054348290
1482330264047341572
1482327982887010306
1482326100651167750
1482324863809630208
1482324671395938305
1482323160154673153
1482323120270692355
1482321388350636039
1482320968555311106
1482320298792079360
1482318596064055296
1482317769509339141
1482317207736819716
1482311098758221829
1482308343951933443
1482306047201378305
1482302590876786690
1482301018105090055
1482299784908394497
1482296714392670208
1482295926438100992
1482294805762023424
1482284486868213762
1482284111645798404
1482282246015184897
1482281508425842691
1482281217949323268
1482272724047515651
1482271851598745601
1482271818920919040
1482271147693871105
1482270141031526400
1482268582893715459
1482267226829094913
1482264860809474050
1482259860100026370
1482249786221019139
1482240694790279171
1482237369592221701
1482233264136159233
1482231720124764160
1482231260529696769
1482229758092279815
1482229612923228165
1482227976200933377
1482224334639071232
1482224153545818112
1482223282980286468
1482221025459073025
1482215640551542784
1482210369448050689
1482208475937914882
1482203494430154752
1482202942208081923
1482201604547923972
1482594156187090944
1482591472260378630
1482584961563914241
1482565238872772610
1482549521389617157
1482546494138109957
1482546475590885376
1482539181121601536
1482534844559069184
1482528538876067841
1482528282381795331
1482426228221280256
1482425968824549379
1482417356186222592
1482411052810014722
1482388088823648256
1482381725846376451
1482377816872460288
1482373030508642308
1482357828795125761
1482342697507581956
1482326051737186307
1482315038744788997
1482310580677808132
1482290763719647235
1482288470978891779
1482287432988966922
1482273873802702848
1482272530597617668
1482268649667067909
1482257781831122945
1482257503299805186
1482248304834781184
1482240749521752066
1482239412570566656
1482237768546013184
1482234919938150400
1482222946869706752
1482222044066754562
1482213182970404865
1482213180847771649
1482213178620940291
1482210747736530946
1482208943917400064
1482208024932810752
1482202814910967809
1482202810242707462
1482537383602323457
1482520463561863171
1482366013455085571
1482315043543085060
1482315041588531215
1482266208661614600
1482263593823481866
1482227215173812227
1482218630956089346
1482212651497574400
1482589589986750468
1482580536292159493
1482573856879812609
1482566558174302208
1482537566754963457
1482529549787463682
1482523752508403713
1482523018949804034
1482385823912054789
1482364404725592074
1482361389289439239
1482357715238547456
1482341436091961348
1482338966607384583
1482332333902798854
1482328469497610248
1482324708716859394
1482319359867785218
1482315049712906243
1482314588335243265
1482307903268995072
1482303589054038018
1482301004465205252
1482293906939453440
1482284078301061121
1482283828844638209
1482277987357970433
1482267940603166728
1482262941387096068
1482260487895412742
1482250947980316674
1482240208792080386
1482239563657805824
1482224396886773768
1482218604481630211
1482217642882580480
1482206706126172160
1482546845792747522
1482493476843716608
1482492402837630978
1482372674324099077
1482582369173667845
1482579968676995073
1482574482833567746
1482570761470898178
1482565599981338624
1482563212877135873
1482556147001622528
1482549906804187140
1482542388295835648
1482539980660432896
1482539970510290948
1482527002511167491
1482526299931701255
1482519477350969345
1482511635638255617
1482506635633430535
1482493453955403779
1482480229897617409
1482365264054611969
1482361869973491722
1482335164214935559
1482324355275440129
1482318546055331842
1482313543701741571
1482313403117228032
1482310732138311682
1482310401203531780
1482310023623897089
1482304240236515333
1482299395064606720
1482299008119078914
1482298020066914309
1482289763961155587
1482284245754253313
1482278438707019779
1482278435032829956
1482277250678812672
1482275592771096582
1482273186343710720
1482271421535760389
1482268393159942153
1482268352265728001
1482265284417581056
1482265043664179201
1482264773215408128
1482259469874905088
1482258269062463488
1482256727223726081
1482256283931910144
1482255818183823360
1482248201226784769
1482225911772884994
1482207583662665730
1482204560341213189
1482203790107635712
1482594620676931584
1482592820020260866
1482586389946695681
1482586259076050946
1482581847968477184
1482580653162270722
1482580472077385731
1482578360161157123
1482573244918284297
1482570347363074049
1482566050264891397
1482563306754052096
1482560728376967169
1482555456703074307
1482554812218499072
1482553781661614080
1482552932407324672
1482552785011101699
1482552222932434945
1482546408758546436
1482546252504244224
1482545326297092096
1482545081496510466
1482544974000701440
1482544063627038720
1482543063084183562
1482542708367687680
1482538871430991874
1482538573174046722
1482538311671758848
1482537044597702656
1482533792753483778
1482532993453682688
1482532069901103104
1482527129178886150
1482524458967793664
1482524211742900226
1482523078664269827
1482522898149814274
1482522050787164163
1482520542888734721
1482517705836331008
1482516059584622593
1482510166960799747
1482509782225670146
1482506777040424962
1482495995930083328
1482488068833955840
1482470583980142594
1482468995601399808
1482467422099881985
1482404424597520386
1482402514800869381
1482380005342846981
1482375021284950028
1482372883162996742
1482371801909202946
1482371118376042496
1482363757766807553
1482359017813209088
1482358296648773636
1482358288566349826
1482352460836777993
1482345997955387395
1482343455418626049
1482343134843613190
1482338315722706945
1482332926310490114
1482332849919639552
1482332164528427018
1482328282800726023
1482327215551365120
1482322020713050124
1482321908205236224
1482321701111308291
1482316870225362951
1482315314054709248
1482315047682871296
1482313655924703235
1482313052301434880
1482311737785581573
1482302740445671424
1482300478969249794
1482294345609150467
1482294102800859139
1482292690926845959
1482292689429491724
1482292687802109952
1482292578737602565
1482292562832461824
1482291233934372864
1482284328730361856
1482281424233578501
1482281401550454788
1482269546778337280
1482269033861087234
1482267317723488256
1482266095876976643
1482264338337779715
1482263179271237633
1482262547034083328
1482262369544081410
1482257984512458754
1482256117896192000
1482255412242321413
1482254409518436354
1482252974948687873
1482252350085419008
1482248794142310401
1482247894547972099
1482242203577888769
1482242140738834433
1482239197662818304
1482237860694863874
1482236078677721092
1482228833269215239
1482228612124545024
1482227220211183626
1482225205225586690
1482221276483973122
1482212605850955776
1482208151277830151
1482205866162274306
1482567866100912128
1482245322525245445
1482244940944265216
1482244937249079299
1482594584438128643
1482590694527336448
1482589654176399364
1482589384130314240
1482589045075353600
1482588195002875904
1482587434856882176
1482587098142380032
1482586166473994241
1482585316389453828
1482583869748826114
1482583623971008514
1482582133134839811
1482581999185698817
1482581784382816260
1482580216971423744
1482577597578248195
1482575965792645120
1482575727161901061
1482574868264538114
1482574757313015810
1482574451082690560
1482571725930123268
1482571700604932099
1482568733176778754
1482567948007096321
1482567895725273089
1482566234638254085
1482563524505534465
1482562960388423680
1482562517457317888
1482562160463335424
1482561650591174659
1482561221526450178
1482560393847652355
1482558428967243777
1482558362638299147
1482555030888935427
1482555007530856453
1482554677372030978
1482554138294915073
1482553430124429312
1482552232524787712
1482552212232744965
1482552196034351105
1482551535909638153
1482550762438012935
1482550705680715783
1482550523060703233
1482548007765954564
1482545645143851011
1482545443116822529
1482543778322067456
1482543689184727043
1482543299504541696
1482541797243256833
1482541501003739138
1482540798881439745
1482538826224799744
1482538074773114881
1482537841641279490
1482537309807718401
1482536834819399680
1482536346237693954
1482536299680919552
1482531585509715974
1482531255162122240
1482529966047006720
1482529545769013248
1482528240480956418
1482527745762795522
1482524915064795137
1482523745806073856
1482523113225351170
1482521155353595905
1482520310134222848
1482518881420087297
1482518130371235840
1482516967475281922
1482516282566193152
1482513944481009664
1482511836826464258
1482509380180652033
1482507450226216961
1482503577717604353
1482502647907516419
1482497562427162624
1482492988680986626
1482492565442424832
1482482810976108548
1482469872307425280
1482427387065384961
1482423095973466115
1482420721297268736
1482420574333071365
1482419642647859201
1482410023284518917
1482408710496727040
1482397020136812544
1482396048127840258
1482394064771489796
1482393965995642882
1482393504949366785
1482387726087651328
1482387072535379974
1482386154184122371
1482383822901899265
1482382216965791744
1482379271259955208
1482378805033730048
1482378694379581445
1482376733437624323
1482374316822233093
1482372750174212098
1482372414252392452
1482371810595602442
1482371661441945609
1482370519437815808
1482369070289022984
1482368861697884171
1482367874178367489
1482367071925473284
1482366836612407296
1482595821225152513
1482595752191082498
1482595010591993861
1482594952983216130
1482593503180107777
1482591996187275264
1482589642709139456
1482589074838134784
1482588451912687620
1482587376950341634
1482582132916731911
1482579066725502981
1482576840338599936
1482574678271336451
1482572265401503748
1482571271745728512
1482567234904268800
1482567174808293380
1482566790295453696
1482564328243228673
1482564065902080007
1482563268589854726
1482560963694018560
1482560516883206145
1482557963843911687
1482556997618876419
1482554805356994564
1482554458349260800
1482552076538621953
1482548168541810692
1482547876249190403
1482546970979975172
1482545812744056832
1482545798940606466
1482545427555958788
1482543345243406340
1482542569460764673
1482541142197825537
1482540055839535104
1482538865928052737
1482538226217000962
1482536720830664705
1482533018594328579
1482531874421755909
1482531439467921411
1482529343964585984
1482528712608608262
1482528433163091971
1482527710731968519
1482527411270930433
1482524955032301569
1482524631261143048
1482522264352718852
1482521735106732032
1482521129529245696
1482520189980020737
1482519469436305411
1482518729258770432
1482518648367742981
1482514933728542720
1482512031211454466
1482510979821076480
1482510242013675525
1482509485864554496
1482509417505386496
1482503262653730818
1482480066600652800
1482427633614966785
1482414801326325764
1482392220498284545
1482391997529083907
1482391553004163072
1482391517449035776
1482390158544871432
1482387562790797312
1482387519824351240
1482387404430659587
1482381591804805123
1482381302578159617
1482379881740922885
1482378545372758029
1482371601081716742
1482368661780590592
1482366529844953094
1482366475822256131
1482363043397115904
1482361479794159623
1482360373055750149
1482359465194455044
1482359456956829696
1482358143481180161
1482356306371805189
1482355143228428292
1482352255059709953
1482352221337829377
1482351742281220099
1482351122777997313
1482348354306977793
1482347935677693965
1482342687453827074
1482337872212594689
1482337535015587840
1482337436462104581
1482336668594339840
1482335832103337984
1482335545250713600
1482335419056689154
1482332257654165506
1482329031899254787
1482328770581250056
1482328572652318724
1482328495397412870
1482324989332570112
1482324044410400771
1482323637156085762
1482593602522185733
1482587826361356291
1482578386593939456
1482575992472637444
1482552830607396867
1482547782112133123
1482547470861230081
1482519986845646848
1482516548279758849
1482515890050834435
1482464504189435906
1482421352191897607
1482408154030047232
1482405047468462080
1482386389031399438
1482372974833704960
1482365450252353543
1482360421843898372
1482352369631657987
1482345501957976064
1482328797676716036
1482328647897952256
1482322980474880009
1482315720973492226
1482314823497293826
1482314290795520006
1482314219689496580
1482312649560170499
1482308388352835588
1482301374105001985
1482298797414039554
1482296597770022914
1482295690080702464
1482293084834918402
1482268691199045639
1482265160119353348
1482238299964321792
1482235408402755584
1482224796905897985
1482217750848487424
1482207131386662916
1482204583380533248
1482203389853564928
1482202592654786562
1482593988263948288
1482589496390852608
1482550470866472961
1482549082766057474
1482529693866020864
1482515332149682178
1482385072045301761
1482340378242347012
1482332535119958018
1482331438913814528
1482328309040312330
1482322257863376896
1482318273282772992
1482313995935973379
1482312489597796353
1482305067289956352
1482304029606936581
1482303631043198979
1482303126137094145
1482297963632152576
1482297389524598786
1482292259521720324
1482286105567322120
1482280122116091912
1482278440862883841
1482275628866936837
1482275122254086148
1482271852303040512
1482271350274215940
1482271295824101382
1482267903018024963
1482265616966987782
1482264137896198145
1482263987983368195
1482263980702056449
1482259937837608963
1482259773890662400
1482259575672020992
1482258271465766913
1482258022378647553
1482255981480640516
1482250756158029827
1482241776484499456
1482239700106887169
1482208201689137152
1482203119862050818
1482203889810436096
1482595613376417793
1482331763787833355
1482300294579236864
1482297847848792067
1481918129412657156
1482270746227666949
1482554472123744265
1482533922613645316
1482399561872441345
1482396453196939267
1482394697742295041
1482377463590453250
1482370087323848711
1482369154087014413
1482368815644438529
1482367439119982603
1482354556365582336
1482346537577742341
1482345597491625987
1482343970378240001
1482239126867161090
1482206428454535169
1482593461681405955
1482580506583924738
1482573907135954944
1482568469770280961
1482560767576932352
1482553804860309505
1482542528868265984
1482539367088660480
1482520337778876422
1482414372912005120
1482412067105931264
1482403525737185281
1482403158618177536
1482380782820007943
1482371267902996483
1482368781737668610
1482368267214008325
1482365949454209024
1482365533400240132
1482351884115808256
1482349115535097859
1482342574509944833
1482330892668661762
1482320659070218241
1482319823799730176
1482295223258857472
1482289023523893249
1482281416293744643
1482275225966628866
1482272507507978242
1482261593497169927
1482233591434473476
1482216787827896324
1482215387983126534
1482210205572206594
1482208422141382657
1482205201365082115
1482596497371844610
1482594903310110721
1482557228804722688
1482538888266940418
1482534970573062145
1482520282258677761
1482450119740248064
1482426803021312000
1482361693409665030
1482340955777040384
1482312933069959174
1482305242356416516
1482304297878835204
1482303779672592385
1482302838147776514
1482301205473030144
1482289832252833794
1482280914663063552
1482272740048793602
1482267986794790915
1482265995012349956
1482263686513565698
1482259414769885185
1482254205268393984
1482249926293999616
1482244944110952451
1482244765274058754
1482241435957342209
1482240015186808835
1482239137159680000
1482234775687790592
1482223624824434688
1482218502157078530
1482213094881660930
1482212295245987843
1482210478416105474
1482206679663984640
1482224373558018049
1482521093760249857
1482314671474749440
1482313641886371845
1482521787342942213
1482384334925746176
1482380625684611072
1482370123713622018
1482266331210973187
1482585430017069058
1482369151549448192
1482316037215625217
1482274618157289479
1482383004970684416
1482209325234126855
1482209846879752193
1482534234158145536
1482256035423600640
1482249338156101633
1482208484578185223
1482332867770597382
1482561763438899201
1482526083266531329
1482476593121730561
1482421752676642817
1482375522563035140
1482370663495368705
1482301499237879811
1482229053155610627
1482223889015271424
1482210606065516547
1482207031977472007
1482360876590338051
1482294321219272705
1482405745794895873
1482205088752238594
1482334778502582276
1482314286919991296
1482335849971064836
1482345582778023936
1482534106852478978
1482362026194501641
1482219174512717831
1482596890466463744
1482531012160921600
1482277359491629060
1482485775673741312
1482222883007250432
1482580213964107778
1482567045443371016
1482392562296291328
1482239655504650241
1482220598231445506
1482518608698052608
1482336833505984526
1482306779543670786
1482271197836750850
1482515302718275584
1482398599258701826
1482356419639021573
1482286909057810433
1482565402547060742
1482561747165020162
1482365730339586050
1482336152875335680
1482323499285102592
1482274591104192512
1482296988872097795
1482304830031151105
1482586162963558400
1482263064573779970
1482225865392291842
1482483096440414210
1482313519928586244
1482288449596293124
1482282802578337800
1482280987644280832
1482256227203956737
1482211886817247234
1482348289349812228
1482290894544175104
1482283686074945537
1482283678105759744
1482583806150602753
1482583849519714305
1482572944438349830
1482353201408274438
1482293332298842117
1482483475391422465
1482298287424438277
1482296290528854019
1482265593927860227
1482599010427097089
1482597897644679170
1482581872140222465
1482581151235854338
1482570701177786371
1482375996456284161
1482279042674196480
1482277746541985795
1482273572077080576
1482239436893335554
1482226857072541698
1482584029065265154
1482543077357416453
1482536151449993217
1482352339046760458
1482567181020049408
1482586474248024064
1482571570908643333
1482589998746857472
1482573868464504834
1482462298769817601
1482339873793376256
1482302741079027714
1482267429669830657
1482256839907868672
1482254569761820675
1482244147755249669
1482581719077167108
1482307800999297027
1482216631506202624
1482216222167289857
1482591268098445319
1482553439905529862
1482525795986075651
1482399317969498112
1482370658147639302
1482370442161979395
1482366728948817922
1482365658675695621
1482352826219372544
1482339717094187016
1482339355620683777
1482336795774033921
1482335537503830020
1482335266941829120
1482323951208792072
1482310209544802304
1482288411189067782
1482262058406408194
1482245572711284738
1482591784438239234
1482340626285076485
1482280467311505414
1482360352386207745
1482338469766922243
1482564209623715840
1482358241741148163
1482231653737332736
1482502617523650561
1482599015560933380
1482540191021731849
1482391857384783872
1482534875404161030
1482408352055705602
1482369466877251585
1482357509830905856
1482354727103115264
1482313114570072067
1482288214807572481
1482275354131660801
1482221573193220098
1482262647043153923
1482554578050891776
1482373837396516865
1482325573565558786
1482262642458824704
1482262640277794816
1482240615937359872
1482564585924489221
1482548028750065667
1482544648472363008
1482533924568190979
1482337095515795463
1482308653952925699
1482304641765625857
1482302684002926595
1482302102001324034
1482269495758827521
1482263358871314434
1482263249970417668
1482262662012624901
1482262651946381314
1482256325979828225
1482252158519377925
1482243198768783361
1482232766901403652
1482209570043101188
1482557289811038211
1482373087148777474
1482262657788952576
1482553371852967940
1482512806746497024
1482343986363006983
1482331583533424642
1482285995462901760
1482267007307624450
1482256957855891456
1480840887114473472
1482262667368747011
1481054533526896648
1482579067501441025
1482341123586936832
1482324492865404928
1482589486429401088
1482578827138125825
1482246643890020354
1482584477679652864
1482395553837490177
1482247849677000707
1482583814564368385
1482583551967363079
1482396019254267907
1482286210022506499
1482286020867784706
1482266941046013955
1482583178619809794
1482584020194308096
1482501163354591232
1482395304209317888
1482394515394920449
1482394514992300034
1482286330520686594
1482247940802420737
1482247390325211138
1482247029870845953
1482605575905361925
1482599652071739396
1482578720133369857
1482548818063536134
1482528429363048453
1482518055276412929
1482488854041219073
1482425922523627520
1482411710095163396
1482393903617970180
1482345472622997510
1482336908231725065
1482276408185716744
1482246271964708869
1482216263011422208
1482602894163853319
1482564707999715329
1482551554448453637
1482358191833124864
1482354470977961990
1482244070651359238
1482254902860693505
1482586757535506433
1482583826719473666
1482555213785747456
1482487403738984448
1482256888171733000
1482239248808157184
1482218013722312706
1482569471714013187
1482542035970437121
1482525469094576130
1482379685388775425
1482379333763481606
1482379097976483847
1482378857382825993
1482350670745583620
1482346578631589894
1482295940971393024
1482593792209612801
1482581749033218052
1482566113867317252
1482551784803815427
1482545209406033924
1482346727659413506
1482335703166251016
1482244252524748802
1482542384856678404
1482464348375175170
1482462457801371648
1482461549558214662
1482413218509520896
1482394886142066689
1482382582511992833
1482297619611553801
1482250791255961601
1482362071589474304
1482236038731153409
1482256689495941122
1482556713131966467
1482522600882708482
1482546397861851138
1482353765496029191
1482327379590918145
1482291470899957760
1482224295355236356
1482217358173544450
1482354076868554752
1482597935930294275
1482581331892527107
1482573175255089152
1482362878711955463
1482349585859493893
1482344765769531392
1482337997857386501
1482313828474187780
1482236295791640576
1482538595596779528
1482347934608142337
1482297620651716608
1482255335666892800
1482223449682886656
1482418616964632577
1482374374183550976
1482578195325267971
1482390607246999556
1482359679284314113
1482350048789032960
1482346896605986819
1482314096246763523
1482597311955931139
1482580743587241985
1482580624758415360
1482527811122257920
1482398946983297026
1482333747634573314
1482256708038762497
1482342135156584449
1482318446654533637
1482334852737548290
1482590558397042689
1482544900306395137
1482291736130908164
1482604473055064066
1482590092757966852
1482330273643909123
1482252393501040640
1482578474464595970
1482518516448509953
1482407750525415427
1482366580851761152
1482360306487951361
1482358275769511936
1482298463165775875
1482295490549288967
1482268948939026433
1482230726326386688
1482551097793593345
1482474075096489985
1482470901656477702
1482429255258873856
1482322968982482948
1482319767029817348
1482313473053032451
1482292818760835073
1482270567697125378
1482222618057256963
1482221676540882950
1482271290845429766
1482234861503262729
1482234856356839425
1482234718842421252
1482234605931724803
1482234152087097348
1482342266153095172
1482228751333470208
1482524017987026944
1482408184103186432
1482381998832635904
1482308184014753792
1482605653520953347
1482586519995318273
1482581526399586313
1482565410340089856
1482562113008586753
1482522153941897218
1482518733600194561
1482513943705047044
1482513880551411713
1482513878378741762
1482512903337299969
1482502533700780035
1482498922048552960
1482401217460731904
1482389203535433732
1482378837522796546
1482369329664761858
1482352606819536896
1482334971369238533
1482326007172722694
1482311033838776324
1482307414758424577
1482307156930351105
1482306265821102082
1482281875205148675
1482281236316188675
1482255028824186882
1482230949106810880
1482219627132645376
1482599464237940736
1482552028673224704
1482371803410743297
1482370340357799940
1482357876719235072
1482337658290737159
1482294988193267712
1482231113729064962
1482221901737263109
1482241969980338176
1482238894389460999
1482598658747289611
1482261083419455489
1482260456312291331
1482220028573655043
1482605519391322113
1482513875828621317
1482513566293164033
1482481774265794560
1482437262893801472
1482385305017946113
1482383927696412677
1482382964969586691
1482369962564272132
1482353022420279296
1482313944434089986
1482311357626155009
1482302007176474631
1482282742000025604
1482279326829916161
1482264518625751040
1482260583089340417
1482241196508745730
1482240911019241473
1482229568450797568
1482220975156772870
1482220481365569541
1482601439365320706
1482584751886135297
1482564357431390215
1482548333919240193
1482538474515607561
1482535832351555585
1482534213924831235
1482528729327095808
1482525687508774912
1482515148464332804
1482511270289231872
1482469624860262400
1482402470269972481
1482361968732553227
1482331096079802369
1482327520716673024
1482309556487483397
1482306038498226180
1482293906301943812
1482286625564786689
1482273357093810181
1482256279246876673
1482241621504806914
1482231547961155587
1482223048442974220
1482220326000168960
1482601654721859588
1482597978699452416
1482593378856767499
1482588774823788545
1482545386766344195
1482510580611432449
1482497836449251337
1482438918230392835
1482401431512563715
1482394104646742027
1482374264234078210
1482347503291088896
1482339446682914817
1482331340829777923
1482326818896347139
1482313888339496961
1482306069078884353
1482305832113295362
1482305434140950528
1482303344748240903
1482296707337576452
1482287898649296905
1482285833117855744
1482283533037195269
1482273556675567617
1482269824239939585
1482267160873680896
1482265187512197122
1482242376056082432
1482233811673186306
1482231311167537152
1482224016123637760
1482608573599424514
1482581473043824645
1482559023132340224
1482539411837698048
1482482246166941696
1482431556354510851
1482387052117499904
1482320498532835328
1482292719796244481
1482283519200178177
1482277188951023618
1482250237897232387
1482239674051883011
1482589743288578048
1482552462183927809
1482551986260410368
1482536159951859714
1482493653180641281
1482263802603532291
1482254763404275712
1482371263549313027
1482605836438761474
1482582829481758720
1482545386560827392
1482427878898028545
1482379792158982153
1482353795049095169
1482596537939394563
1482493319599239168
1482426954775248905
1482355748147720197
1482257693314371585
1482247356234051585
1482245438589734913
1482242058119446529
1482241804171091968
1482238385238704128
1482372697388875781
1482268410197258240
1482253896827695104
1482611635047264256
1482325810879303682
1482315783535742978
1482311928584470531
1482308344702734336
1482254891146162176
1482293200677404672
1482529757900439554
1482312682778742785
1482320918043328515
1482322671912513543
1482584112544518145
1482535042429898754
1482332967293059077
1482231112747589634
