1482200541203931136
1482198326116483074
1482196844277075968
1482196525162070016
1482188303529308160
1482187917804326912
1482186032800047104
1482180230865625089
1482180228017717250
1482179080800059392
1482177770205892610
1482176292703567878
1482174740802711554
1482170756096487424
1482170752640364547
1482169170393399297
1482166806488162306
1482155539564015617
1482154995890139140
1482152690251857920
1482152416485203971
1482152303994220544
1482151141861650435
1482144116675059714
1482125625494327301
1482088784120643585
1482067692458844165
1482042903090577410
1482041774873145344
1482040726339092483
1482036773144653824
1482026400798621697
1482023894433562624
1482019929054277632
1482007200453505026
1482006276121194496
1482003950694187010
1482003344726302721
1482003206146498560
1482000047265169408
1481998661123207168
1481995327842697220
1481993213405990917
1481992997399314439
1481992439108108289
1481991779117580288
1481991016240783361
1481990388512862214
1481989052333441026
1481986300907749376
1481985239249743875
1481984455224922116
1481984432307576832
1481984016488099841
1481980554707103745
1481979762449219584
1481976805410045952
1481971975514112002
1481968175508246529
1481967384462520322
1481964002444201984
1481954211369975809
1481953928158019584
1481953414154457088
1481952104810172421
1481951602701660161
1481947716758704139
1481941946889555968
1481938339930722304
1481936227825762306
1481932634754523136
1481930709627736064
1481925563166380034
1481921695196004352
1481916417725272064
1481914440161570816
1481913438335279105
1481907450681114624
1481907023843577857
1481905879192862727
1481905810603376641
1481903917693022208
1481902556204969984
1481901060105314304
1481900704155709441
1481899819296002049
1481899817114959876
1481899565854961665
1481896010440134657
1481894932340424707
1481894651699527686
1481893929369083907
1481893607296888832
1481891547348357120
1481889797392465920
1481889330784534529
1481886643984691200
1481886460530012163
1481884042534735876
1481880803730952192
1481872164269993987
1481870658023804928
1481868724756185089
1481865780157628417
1481861589515272192
1481858469359943680
1481857352571944961
1481857113878319104
1481854851248431106
1481847933754503171
1481914559271215107
1482196682326822913
1482196423496335364
1482194609426288640
1482191872600997888
1482184156717412354
1482183060531867648
1482175210702848002
1482174837091373057
1482169886155624453
1482157034070061058
1482156384334536704
1482156149159911424
1482155903067512837
1482153861205102593
1482153084050673667
1482146884668235776
1482142569824157700
1482067674436091905
1482040410935795714
1482029942632497153
1482025283608006657
1482017325817937923
1482013326859464706
1482010076366118913
1482007707205120002
1482007706508886024
1482005472370728960
1482004759003688961
1481996824936615938
1481978228101509120
1481975575594029060
1481975323181088769
1481970983938686983
1481963324783087619
1481959283394678787
1481957605614690304
1481954716662005763
1481949451539595268
1481947796366573572
1481945903917592579
1481945900864118790
1481942536642265092
1481929980959690754
1481929162382524418
1481926461619507204
1481918784080609283
1481917161992237056
1481912555908247553
1481909137613389828
1481906450733711360
1481900930585206787
1481896648619921408
1481896168531636224
1481895496192966656
1481895376118497280
1481895035117391873
1481894214921302016
1481893843247280128
1481892996643700739
1481889723958571008
1481884899493949441
1481883592880173059
1481882524737585155
1481881151157374977
1481866888573784065
1481861132025413634
1481859424553959425
1481858267122966528
1481857299170082818
1481856305208119296
1481668458387746816
1481655830093398017
1482197035831132162
1482182922459553797
1482165649308721156
1481954204009005062
1481945740805304324
1481942710118658048
1482200934822592513
1482186131664171008
1482185951619465216
1482158504928755713
1482050654843842562
1482049690061643777
1482040800196567040
1482006217388343296
1481997613071495168
1481996255954087939
1481987744876601344
1481987537891913729
1481973770328109057
1481973689294127108
1481972449617256450
1481971336750968832
1481968354944774148
1481967700545241089
1481964628167241732
1481963288028393478
1481947658457853952
1481932071274950661
1481932022981738497
1481913267320942596
1481913263306973184
1481910263591108609
1481905404259205124
1481885817752932365
1481864891703382016
1481860748028841985
1481857011084304386
1482186355916832768
1482185681053294594
1482017654261284871
1481988294443683843
1481941171903791104
1481931058786750471
1480739575949508608
1482198872541646848
1482196338540707847
1482196206994731009
1482191000630366209
1482176005276336130
1482172217010139141
1482171693787271169
1482167702726795265
1482166502313046017
1482159155146555393
1482158942570565645
1482155944536834050
1482150195345633280
1482131162151948293
1482049392123445249
1482013314373009409
1481989241194233857
1481959799046967303
1481955096615591938
1481954034152280066
1481953354771484676
1481950087748423680
1481947662236725255
1481943147542618114
1481930496968134656
1481930387459047425
1481922696477036544
1481906972161036288
1481899240163274754
1481898322978021377
1481898066449948673
1481896666030829572
1481896665217142785
1481887556178305026
1481886397024059394
1481885379825659905
1481882121459630089
1481876046014300161
1481874576997232641
1481860905185193984
1481830310149226500
1481818632917516289
1481813725061718016
1481807572806303749
1481768173922045955
1481566780107952128
1481537293148372993
1481513857256660993
1481508237535252486
1481494451625541632
1482200652663377920
1482198533919117315
1482197247328673797
1482193475244552192
1482192411887824896
1482189125017280521
1482188874944507907
1482186434174156800
1482186326166601733
1482185922846560260
1482184918897938434
1482182207213301761
1482177136702390272
1482175043488854021
1482168676144979971
1482168547635646464
1482167546614669312
1482167450225754112
1482165646427566082
1482160817227591682
1482158077994737665
1482154153871028224
1482145392037089282
1482136826605617153
1482136070536187908
1482135127052656643
1482129127511826432
1482128530444292096
1482126647557967877
1482116650145316864
1482076390610829312
1482016186959544323
1482013592153378818
1482005855277301771
1482005152731394055
1482002281889677314
1481996478390620160
1481991552205725699
1481985963249131522
1481983171562721282
1481979005423308804
1481978558826573836
1481976418326228996
1481971797767913472
1481969580537151495
1481965051385118722
1481964670106083330
1481963077323333633
1481962940366729219
1481962257580163072
1481960497759268867
1481960075136999427
1481959830579736582
1481959265158021122
1481958648322850825
1481954530749263872
1481954225672589315
1481950382766968832
1481948845521371139
1481948701509976065
1481946338539753476
1481946275805536263
1481944611061133312
1481943814872846336
1481943390204080134
1481939199683092480
1481938132627247104
1481937533143777283
1481937403875311621
1481933617702252545
1481932597366345728
1481929081243459587
1481926747767861249
1481917755351658497
1481917235937820675
1481914504657182721
1481914243704553474
1481911539208794115
1481907898607628292
1481907427285303296
1481905594399608836
1481905551369986050
1481905487163662339
1481905351566180353
1481905308179914754
1481905249753649158
1481905117616287744
1481904363287506948
1481903984952881154
1481903488607358978
1481903411196874752
1481902942018240514
1481902656025149444
1481901227747475458
1481900091317563395
1481899911792963586
1481899900421869570
1481899891492540417
1481899260337856512
1481898124386136065
1481897770827264000
1481897724513775617
1481893746354831360
1481893424253267975
1481892858823340037
1481889950614564868
1481889759555637248
1481888753602150400
1481887703830614017
1481887346283126788
1481887173641400320
1481885331440156674
1481884834838552577
1481884053670219776
1481882153751564294
1481880537317146630
1481879768974782465
1481878488391237638
1481877000277356544
1481876422612615173
1481875990951333889
1481874589764534272
1481874218425806848
1481871771582279681
1482152026578784258
1482142947995168770
1482033721876557824
1482016075349127169
1481971481475444737
1481971161651363843
1481965829348823041
1481957432050204673
1481944102577262596
1481924845835530244
1481907411539873793
1481894711808110598
1481891092328955909
1481887808591904769
1481887110617792512
1481862871810457603
1482199397421416452
1482197636170285062
1482197447309131782
1482197428724170752
1482197384793059329
1482197222347669504
1482196830662565889
1482196458481020930
1482195402120372226
1482194998347313157
1482194257993682944
1482190423456366592
1482189916650217477
1482189853798563845
1482188930711961600
1482186779935776770
1482185007259176963
1482182836467933184
1482182362020847619
1482182279502118916
1482182013977124867
1482181684204392449
1482181107898408962
1482180880978247681
1482180222485417985
1482178418666094592
1482177889772924931
1482176533146255365
1482174004828213255
1482173859814322177
1482173811072323584
1482173263564652547
1482173062133207040
1482172455339053060
1482172328327118848
1482171982154465287
1482171191297454081
1482171124310220802
1482171063874187267
1482169786155282432
1482168398914150410
1482168178511863811
1482166683464716290
1482165585568210946
1482163707832856578
1482161304945446913
1482159656005156864
1482156235600568321
1482155440092102660
1482155127809224704
1482154937404780546
1482149783636946944
1482141184281972736
1482129555406331904
1482125923759849473
1482124818803998720
1482118506229690368
1482116501306224643
1482110733848821763
1482060001120505856
1482052603240656896
1482050977457139712
1482045232980324352
1482044714455027716
1482042559635816448
1482036091129851905
1482032398238117889
1482027022348328962
1482021659171524610
1482020125448749057
1482017408659619841
1482017056791068674
1482015537878413312
1482014869088251904
1482014347182620673
1482010387902255115
1482005401566838787
1482004604024147968
1482004043870670852
1481998705024978944
1481998681243287559
1481997693757329411
1481996854875549699
1481995996985176067
1481991710725251073
1481989809229152258
1481989660180381697
1481987835721056264
1481987501606973440
1481987319590944770
1481986555606867970
1481986403772907520
1481985885625544704
1481985695954903043
1481985542917324800
1481985130407546880
1481981096984444930
1481979944054173698
1481975323965411333
1481974894552580096
1481974881831243777
1481974202777616384
1481969744341499904
1481969702973091840
1481969175220600833
1481967520852881411
1481967041280344071
1481966576928964611
1481966070781329409
1481962787861843968
1481961996212125698
1481961346036285442
1481961162761961473
1481960895421251588
1481960821286907910
1481960207135965188
1481956979052781575
1481956163617177607
1481955767783936010
1482200563001757702
1482191540022034435
1482191069534208000
1482189552966057989
1482189546313945092
1482189055173402625
1482188665778753544
1482186503954771973
1482185778474229760
1482179851054641152
1482178360595783686
1482177031689601027
1482175157997551624
1482174674201362438
1482173426576293889
1482172700059598848
1482172293744844809
1482169153683623941
1482164659654651906
1482164139199897601
1482164129532358660
1482163514051420161
1482161415624720384
1482161215220686858
1482160095408852993
1482158819845472262
1482157839401758721
1482156430681870337
1482155783320379396
1482155576737992708
1482154075558846466
1482151643483639812
1482147062305427456
1482136887100084224
1482136152841007105
1482132481893896193
1482129336795013122
1482128599432179712
1482121007435755521
1482080594180055040
1482078648228511744
1482078645460299776
1482077674483118080
1482074137250385921
1482069810225852426
1482067018081779716
1482060835644407808
1482058441841848320
1482040438504955911
1482037811528175616
1482037466815418372
1482036982553657344
1482035224569839620
1482035006361186304
1482029843164569603
1482028586588852224
1482027575555727365
1482027573056262144
1482025438503645184
1482022523282010114
1482020842586652676
1482016669140942855
1482016575901564931
1482014563432566791
1482014451389939713
1482013569856471040
1482013192884985861
1482013041512562693
1482012832141312001
1482011488273727488
1482010574221623306
1482009445932892161
1482004752578019328
1482002720429346820
1482001676710322176
1482000588145446917
1481998124403269633
1481996787724341253
1481995508797550593
1481994396103233536
1481994325731217408
1481993368440025090
1481989818498568195
1481987938087227392
1481987770289897479
1481986837929656324
1481985410184417280
1481985172728074247
1481982744054087682
1481982697895612425
1481982483873042433
1481981253360680961
1481980608612302851
1481980481390497799
1481980378818936833
1481980271671279621
1481980188791816193
1481979861988216832
1481978796773310470
1481978415817187328
1481975862505652225
1481975364817948677
1481974391617757184
1481972195224354824
1481970414737833986
1481968767341318145
1481965706900303873
1481963941870059524
1481963421402906625
1481963067068100609
1481962834519293953
1481957617652334593
1481957594197807105
1481956314180100096
1481954530707517442
1481954233314603009
1481953924618022914
1481950114042499076
1482200083781550081
1482196646205485062
1482187541218738179
1482187251220385800
1482175300004122625
1482174680924815363
1482170383973650434
1482154977997254659
1482146461836259329
1482141140065337356
1482135493311873026
1482128550924730370
1482115326242607105
1482080743018876932
1482042329607577601
1482016729991905280
1482010071802728449
1482007399817170945
1481995545841647619
1481979567938351104
1481977370555072524
1481975565926416385
1481973639897829377
1481971745100042240
1481969546357780482
1481965127352328192
1481946357103759360
1481938503445680129
1481938002620608514
1481933895092563970
1481933611045900290
1481928024471658500
1481927011345993728
1481926006797930496
1481909145507082240
1481905845420314627
1481900844924948485
1481900637969616897
1481899545881624577
1481897225219604482
1481896032703479810
1481895364156588032
1481893239347347458
1481889781776666624
1481889467770499072
1481882146965196805
1481880751784476674
1481878203514101762
1481877640395235330
1481875020448415745
1481868306923794432
1481867848993865731
1481863001301209089
1481860192652652544
1481290839599255553
1481233213528092674
1482183128550887429
1482116965619879936
1481993950802366467
1481993642164494339
1481992701801541640
1481956004632088585
1481955828156764163
1481953238048178178
1481944209733332998
1481940506787872769
1481932720498679809
1481928682952597504
1481912938416189445
1481912315054538752
1481908914077970433
1481899215144222720
1481895906375045120
1481891903138271233
1481870462183305218
1481870257581346818
1481863541141680132
1481860626356240387
1481652067043536897
1481545758918975490
1481208832663916549
1482195133726879746
1481951134856388618
1481945063030951936
1481898599957303298
1481661098587996160
1481572990362218502
1481511934201860097
1481419373554597888
1481220970090475526
1481211893432090629
1481208222396862467
1481205878686887937
1481147733805531138
1480930564597334027
1480705237505613825
1480596047357308929
1480443011087560707
1480417728569638913
1480078602238451715
1480073466925576194
1479996338007728128
1479867044103217156
1479684402984599554
1479491154206887938
1479388868046573569
1479348562139893761
1482186215286009859
1482195859425366017
1482194147532742657
1482177541733744643
1482029450787123203
1482011890150952961
1482001882814226437
1481991518957158400
1481989999038177281
1481968153500749825
1481918701679292422
1481902627147649024
1481860656177778688
1482201180071940098
1482197300500111360
1482194757959184384
1482181781495365644
1482181411398631428
1482155803133964289
1482005891365093376
1481985702086823936
1481984001900527616
1481959095762522115
1481958407959900166
1481958319862710277
1481956281191899136
1481953849472851968
1481936497502998540
1481936296939782146
1481931018794049536
1481926453055094785
1481925990653726720
1481925699414159363
1481925292151422976
1481925286707228672
1481919841225555969
1481914024384405504
1481902658684596227
1481880825931382785
1481872759764692994
1481862596852842496
1481861092695756802
1482200884767608838
1482199312360947714
1482190971932917761
1482185784266571778
1482172785401434113
1482169006006345728
1482160996957319171
1481996217882394625
1481985817208037386
1481980653390688256
1481974672229277696
1481963919870763010
1481950681280167936
1481944420958478343
1481943167515897858
1481939492613558273
1481938130219712513
1481930575003156486
1481926586660421632
1481907241288896512
1481903754421354497
1481899867882815490
1481885151928135680
1481870816270860294
1481567381852143617
1482181776584097793
1481952541865037828
1481936404183941121
1481935788489478145
1482180531597242368
1482152753535528965
1482018163458199552
1481931627098181634
1481906214825238530
1481998146138157058
1481995105364246530
1481873766510919680
1482041836252590083
1482040082635038723
1481942024312225797
1482040971970113536
1481989290750275585
1482176311141761025
1482194491302117377
1482169491115372545
1481965702567596034
1481965153579311111
1481888187660308480
1482172320546684931
1482148158759223300
1481867752453414914
1482203576600764416
1482183888604921859
1481935720478818308
1482192001923977218
1482191883405524994
1482191654908235778
1482181041549119490
1481966674417192960
1482199321466572806
1482193493410070531
1482150046301057025
1482149754805288961
1481896988505690112
1481875051905359875
1481872850974027779
1479980823335952384
1482052236494934019
1481895060858085377
1480488938292723717
1481861103454154755
1482169155705241604
1481956345654149123
1481863002551107584
1481879797848440832
1482014979612356608
1481979688126140416
1481947330266165251
1481886465596755970
1481885763956801539
1482015742891786244
1482175465553272832
1482061244895211522
1481878542334197768
1481894884588285952
1481920172902723587
1482105783710285824
1481957591647662080
1481949652228636680
1481930949256695808
1481883865086312452
1481871795959771142
1481894560079159296
1482203177550479361
1481967610992693253
1481880593478873089
1482172301496188932
1482163168797667328
1482103345494257664
1482001430777311234
1481992202914234376
1481955203176099842
1481905310747197442
1481903143944605696
1481898716433096705
1481888116143452160
1481873908928487425
1482124071752310786
1482116988524965889
1482031604067618816
1481966916403331072
1481930461761146880
1481930454735683588
1481930446972022784
1481917779179896838
1481979324743966725
1482169633872695296
1482005298919673857
1481932573266046978
1481928999152812032
1481882120356515843
1481870622968119297
1482179282311217155
1482164396462047232
1482106862057443328
1481988204375199746
1481940296946819073
1482123461812420609
1482122059618856960
1481960434077151234
1481913205165539329
1481864804621250562
1482133515852722176
1482094310913097728
1482001231472381953
1482208435265740800
1482150544886366208
1482122008024743936
1482106905141325824
1482002880949538819
1481992917694951429
1481984907165732864
1481984773891702786
1481973605504532480
1481970251634208772
1481932075301470212
1481883389624217604
1481876233310793729
1481996830372413445
1481877202354708480
1481988647893102593
1481912399104192514
1481984977562894337
1481927234914979841
1482122496656941057
1482205967173693441
1482173894006284293
1482169420110004226
1482151976213581824
1482049252318937088
1482010726030282759
1482005867772153866
1481992281075118085
1481925309792677888
1481924195206721536
1481916239245361157
1481882475127533569
1481867714792914946
1481956411517333505
1481878902922682370
1482173500421185536
1482066905624027138
1481980410926346250
1481972795399901184
1481902936691200001
1481900287212376067
1482206567651250176
1482203609450565634
1482198667700621315
1482193829143138317
1482192449946931202
1482185005489332224
1482181902086082565
1482181543426928642
1482125366840164353
1482123995244015619
1482060322345459713
1482044214632652801
1482008843953774598
1481987649607188480
1481972861997056000
1481955162038353924
1481948068505620484
1481933936230268930
1481912154819559427
1481904302205685761
1481884012524507137
1481872260726398980
1481947357747224577
1481900326173261825
1481891532622172161
1481883255020605440
1481866753894678532
1482179456060227584
1481906650881851392
1481870870079750145
1482177843140653056
1482021723457597440
1481944512750845953
1482012090722254849
1482127041625747456
1482012298466136067
1481879725002072064
1482008282923692035
1482127120080211968
1482013772256800768
1481899748491931650
1481897267800190977
1481881399942856704
1481879511637852160
1482012089791090693
1482012089912725507
1482007952257335302
1482007393899024386
1482007393898999811
1481897164297015297
1481879631443939328
1481879235728142336
1482188234306506758
1482156065068568577
1482125966998933506
1482123290173140994
1482036921736261632
1481974811874455552
1481952898703855616
1481944530060722185
1481933381130924035
1481925238535639041
1481914132181958660
1481884022762799108
1482131194200596481
1482130549980680192
1482130218404171776
1481982275772456960
1481933194609971203
1481897140272394242
1482167055113940992
1481895949333299202
1481881888688345090
1481978061277270017
1481673165361520640
1481901466004901888
1482195829243125762
1482016002145923124
1482011970341851140
1481955691053318152
1481955291512336386
1481893827980193793
1482162697278210049
1482089817676652548
1482080317619986433
1482059306610851840
1481960993723121667
1481957692155768834
1481950575168483331
1481949971402616832
1481913549199130625
1481912908384980992
1481905377428242436
1479277971072421888
1481939625321328646
1482000382469545985
1481919889023860736
1482128675156144128
1482009680646148099
1481997819632566273
1481962394624872453
1481886654759858177
1481948214865850368
1481926224654245889
1482210924132200449
1482205904309460992
1482167063934545922
1482016579135369217
1481944612466216966
1481994854947524609
1482192682240077825
1482166438756745216
1482157600481640451
1482135388965969920
1481988241490608130
1481987754770989058
1481985318828261378
1481981405768781824
1481964717304610816
1481943282707881985
1481940644742373376
1481907442418319362
1481904335609266178
1481903832917757952
1481294391935483909
1481957569606619136
1481878770584002561
1481873428344889344
1482205718791229444
1481967779956019202
1481904045170520065
1481965466314813443
1482205830531657731
1481970924123717632
1481881026557267971
1481871799181012999
1482151787255975937
1482138516243230720
1482032012571856898
1481982507679875073
1481972480491331587
1481951095144722432
1481905935606226947
1481892377602457600
1482185836095770626
1481971892064223240
1481967586292428805
1481889960051752961
1481885326750920709
1482213157938827271
1482031465412308992
1481999065672216581
1481980986825093121
1482127749108346880
1481941176341000194
1482036233518075905
1481969480813412356
1481967593145925632
1482054276709257216
1482033958770868224
1481932152552181766
1482204606130450435
1482182652358971392
1482166201724043266
1482164760938532864
1482150420026126342
1482143583071522816
1482008251890028546
1482002801811423232
1481999124639600647
1481995716193288194
1481988700909486088
1481968797334777865
1481966942156386306
1481951377626898433
1481944897288818688
1481942761133965313
1481933985660141575
1482210639196323843
1482187530074472450
1482116167653539841
1482079142304968704
1481965967013867522
1481946184269045764
1481945542351790081
1481907070131933185
1481876508046430211
1481971564711399429
1481900320674709511
1481880087675162624
1481904162912993283
1482145074238865408
1481990608072118275
1481979975561785345
1481908299906031617
1481908121018957827
1482201070189555713
1482187600589103104
1482179815591780353
1482179569935593472
1482175814775226370
1482156971256352773
1482086830183006213
1482054810186797058
1482000693699694595
1481981421363535875
1481981185282949121
1481979976681689089
1481975582842064899
1481958342813954049
1481950147865354240
1481948224307236865
1481929691649159168
1481926381378629633
1481910851938717698
1481889593473777665
1481884236231884801
1481879177192407045
1481872918032584706
1482209932309327875
1482205596929904640
1482203666908348422
1482203478600876033
1482201429544939520
1482187885462028294
1482174567758327809
1482166236532604928
1482161933545783298
1482158353162059777
1482007184800366593
1481996236710625282
1481996095329017856
1481979043620995385
1481978556557447170
1481963221590368256
1481960491069341697
1481956056322703364
1481925067659517953
1481914941930373132
1481907314290757636
1481905969047220224
1481882123732918274
1482194989048545285
1482182094445223937
1482177226544402434
1482170332509540353
1482163241552080896
1482143366121160704
1482142175899324416
1482102674745139207
1482083097982431234
1482055423985393669
1482014632965554185
1482001541821534208
1481999561111613445
1481991403660275712
1481985165287395328
1481972153297764355
1481953687518216196
1481953675585417218
1481951260471590913
1481947219075137537
1481945428644208640
1481927684141768704
1481927222336585728
1481921127010254848
1481896454247845889
1481895686434353154
1481874233311776768
1482214176760430595
1482163812300369920
1482023976176349185
1481958261612236800
1481928548621615104
1481913655327588353
1481900333815463936
1481874910079172609
1482181241613205507
1481972933757403138
1481908297372692483
1481880524239294465
1482182664895401984
1482045531329286146
1482015085765984258
1482007143511650306
1482000684337840128
1481999984899895302
1481998150080479235
1481960963876302848
1481943255373725696
1481922252459618304
1481913108822360066
1481897967036821505
1481893415335993344
1482130633111793667
1482004484671021062
1482218711969071104
1482217143664267265
1482177804561436673
1482118231171420161
1482011884840964099
1481979486258499584
1481877360203165697
1481948724817690625
1481890198023991296
1481996671060148226
1482169537428856835
1482005271249825794
1482161773348552704
1482157449499283458
1481446798892093441
1482012156275359745
