1481847933754503171
1481846722334986242
1481844553548468224
1481841380595236868
1481840434121179136
1481838706713829377
1481835580229320704
1481833132366372867
1481827863645294603
1481827158779695106
1481823685971488775
1481823621517836289
1481817416489652227
1481812806744031233
1481812753094688773
1481812263346774016
1481809442501181441
1481805520050999298
1481804821808119817
1481804292646641667
1481797522901581825
1481796814852747264
1481795493131091970
1481793156148604930
1481790143220826114
1481789697651527681
1481788556519833602
1481787157056724997
1481786011516825601
1481785367720525826
1481784638372970498
1481784191314698242
1481783941778800642
1481783642825568256
1481783291615522817
1481782912412717058
1481782338963255298
1481781338906959872
1481780980398845957
1481780478663618561
1481779956648914948
1481779183047290880
1481774099500498944
1481765810003922947
1481756453904224258
1481728772688818176
1481714802926174208
1481684087421411328
1481684041850290176
1481680592689594370
1481670547079856128
1481670277847486464
1481666819190816768
1481666386867163136
1481665153506902019
1481662679685410821
1481662445764870147
1481655097264246790
1481652243703406592
1481650877848907777
1481650202511814656
1481650018973253632
1481649321838018564
1481648904114683906
1481642585655754759
1481642477870522372
1481641760007012355
1481640957779259392
1481637524556886016
1481636903388839938
1481635222093324289
1481628961235169285
1481624486013464576
1481623975965134853
1481623572917665792
1481621751151075329
1481618278514831360
1481616533969588229
1481615301792141314
1481613422416773120
1481611589258477572
1481610727291244550
1481607609463762947
1481606268511199233
1481604478680055811
1481602612290273281
1481600665986088962
1481598257390587909
1481598208367546374
1481596467534266368
1481593946325532680
1481593832240455681
1481587223237906432
1481587199129026560
1481586861768609794
1481585367082237956
1481583347097038852
1481582281118875650
1481580747249307650
1481580353014091776
1481580039754108930
1481577744672919558
1481577387435630599
1481570467014078465
1481567285118926854
1481565666276966401
1481564773011816458
1481563908930695168
1481562242353344515
1481561501982937092
1481561025334120448
1481559025762598916
1481555251232915456
1481554757487857664
1481554308793798658
1481552720687681548
1481552259683348480
1481550275362304000
1481547971112357888
1481546643623542784
1481544847039528964
1481544465726652416
1481542266582093829
1481542098822516738
1481540416311013376
1481540065755082752
1481534958804279299
1481533415271059457
1481531156747423744
1481530478977073154
1481527672828461061
1481525408810287111
1481525040764305408
1481524447815532544
1481523966183641093
1481523173971865600
1481522969071751171
1481518993563582466
1481517506963853320
1481516655008444416
1481515755938381826
1481515367185141766
1481512782298517508
1481510867355463682
1481509721035374602
1481507658750640128
1481507558867505152
1481502881857810437
1481500730741911552
1481499074881032194
1481854308790726656
1481854081878888449
1481846720401403904
1481845921822482432
1481845560001069063
1481841721306599425
1481838202709286917
1481830851906519041
1481830454089351171
1481830450230624259
1481829780760797188
1481827580613251073
1481826100741386247
1481825710062723074
1481823153102147586
1481819862565810176
1481817516800458757
1481815978241847301
1481815972441108483
1481815960554455040
1481815325436166147
1481815150323957762
1481815046825349121
1481810736913719298
1481809052401164291
1481808019843596288
1481802931322171392
1481802316072239107
1481799836529991680
1481785406291345413
1481784384772800514
1481784346843697152
1481784163326115840
1481783629571555328
1481769443353055239
1481769430069616645
1481767015304278017
1481764627772239875
1481764167359283202
1481758441861689345
1481758365491597319
1481758336278278148
1481700593383387136
1481674571103498240
1481662164557770752
1481653272914317316
1481647933133320192
1481646851518775299
1481643528069738498
1481632720404897792
1481630863008088066
1481628257992974341
1481625503111217159
1481623164971261953
1481619874388799488
1481619816394141696
1481618860583550982
1481616973431984133
1481614863239905288
1481610133025472512
1481603724850397186
1481602206885609473
1481584593765830663
1481583169514373130
1481582736955838464
1481578097325776896
1481577520617377792
1481573219358642176
1481568593506861058
1481564060957425668
1481562840029089792
1481557295469588481
1481551765124546560
1481548834409189376
1481544426753499137
1481536521220075520
1481532257630310401
1481532247626817538
1481525974789664773
1481523163205103618
1481515618348433410
1481515467835854851
1481515397761626112
1481515201426255872
1481510417143046146
1481508851577126917
1481505360427241478
1481504282679836674
1481503322599473153
1481502854540316672
1481502024961527808
1481500681664364545
1481497913469857792
1481493808227692554
1481489784887721986
1481487039258591240
1481485316582252556
1481484468527730689
1481479808450285571
1481478126391934979
1481476558284279810
1481845653089419268
1481824790084460544
1481823298074083332
1481804526252589058
1481804520871333895
1481804512969261056
1481779383782502400
1481659497685073921
1481651090558914567
1481630299721445378
1481568072414679042
1481564434208559104
1481562460549427201
1481561045085089794
1481542184369528836
1481529412088918018
1481528998715076609
1481526281858691072
1481525970071076865
1481509439631163392
1481494486463426560
1481491676049059841
1481848299695243264
1481844864753221634
1481844400410206208
1481843453491564544
1481843384075845635
1481843179519606785
1481838442107777025
1481833935223296001
1481830415556296710
1481827867113947136
1481826508071387136
1481823612986609664
1481822422521516034
1481821954630103041
1481820566042853376
1481811616526376963
1481810573256192006
1481809855946330112
1481806426578505728
1481804528580460547
1481798826076020739
1481792258924249089
1481791121324122117
1481789686532415489
1481785220257169408
1481783785486430209
1481776520620548099
1481772880442851328
1481753711773089794
1481692209129062400
1481666188770177024
1481666038798651399
1481660149773516805
1481658862189281280
1481649175028977665
1481649028043788290
1481644150944845824
1481642787351445504
1481642556085915650
1481637510006849537
1481616347683786758
1481616015805284354
1481613157621968899
1481612000790982659
1481602051172085761
1481599692433928197
1481596077447196673
1481585267433967616
1481568739027914752
1481562638396325889
1481559323084214277
1481554357078626316
1481549734892683268
1481539971106418688
1481539451654451201
1481537659583733760
1481536003072741378
1481535296085053440
1481535105403613188
1481534052696227841
1481533706166755329
1481533390277201921
1481528833824391169
1481525727040503813
1481522690729345027
1481511297607172097
1481509566882152452
1481509339655716866
1481509173632565250
1481505471228166144
1481493202775719939
1481830413660467202
1481826748602138624
1481825819056291840
1481819020840284163
1481812770232631296
1481803995140476929
1481800968119648256
1481791959983595520
1481780899306176514
1481657036920086528
1481624333659172871
1481611467657199618
1481608215603286022
1481588351455363077
1481583228905738242
1481576983280889858
1481570480263811072
1481563948063559681
1481562697292709892
1481562317032947712
1481561069189726209
1481559274216370176
1481556503320576002
1481552200665300993
1481518673315909633
1481516769189986304
1481507834877874176
1481507224098783232
1481855513482924032
1481854793107017730
1481840158458712067
1481835918646722564
1481835542006607873
1481828427896623105
1481821057975992323
1481812059033456644
1481804523928956929
1481803998529474560
1481789167625732096
1481781336197443586
1481776847239073795
1481764393872691201
1481763761283543045
1481695690627911680
1481684298927599617
1481646046057230343
1481645901735411717
1481644970838663176
1481644490209513473
1481640248757030913
1481618421431226368
1481611993538777090
1481606340040560644
1481606191772205059
1481606009294573570
1481603088964530176
1481599864450719750
1481594126458318848
1481587829314850822
1481580297007558656
1481576996207722501
1481576989631053824
1481574828578865152
1481573489492791296
1481571371423797249
1481566741251731458
1481564737007669248
1481560469836275717
1481560415037362178
1481558024938737664
1481557616207994883
1481555736551477248
1481555623871676417
1481552510460784648
1481549209937780738
1481548213706706947
1481539190064320514
1481537531170947072
1481536494342795266
1481536407974072321
1481535699635798020
1481525645364842503
1481524025981812736
1481504285959802882
1481502148798332931
1481498369902407684
1481493114103934978
1481482557548294146
1481854414080155650
1481854363157295105
1481851704572510209
1481850191393456132
1481843740084154368
1481842477477003265
1481841540725370883
1481839771706343428
1481839443070042116
1481838970791202818
1481838540455661568
1481836293093216256
1481836028386476038
1481835956458045440
1481833843837771783
1481833635330543619
1481830696717283330
1481829905491197956
1481829189376479235
1481828852662153216
1481826257872781313
1481825802354409473
1481819665295114241
1481819483144847361
1481817807688187906
1481817416883916800
1481814559031959555
1481812058945380362
1481811808055083009
1481808552532471809
1481808030434217984
1481806600939896832
1481805145822621701
1481804896748052484
1481804517608161282
1481804509076672513
1481802393021206530
1481801900278579203
1481798743871877122
1481798611478663174
1481796979252686849
1481795913538752512
1481795403964379144
1481792277714706435
1481792146617532417
1481790419822592002
1481788347505078272
1481783805631696897
1481781324705038336
1481781062787538944
1481780815311020035
1481774310012243971
1481767205620809728
1481766417619996677
1481766166398144514
1481764321466384386
1481749821942026240
1481747942549737475
1481719548806311936
1481707824304766977
1481680299641942017
1481675102068822016
1481670287569846277
1481664014489128960
1481662781699293186
1481649386409312258
1481643862305443843
1481643295973740548
1481642452293357570
1481641807683670023
1481641031733235713
1481639465349435394
1481638855233392642
1481635338909253633
1481630873695178754
1481630106649251842
1481629698891341827
1481627124058722306
1481619941774086146
1481617852335783943
1481614910480355329
1481613658447048709
1481612780642115588
1481610288218898437
1481607592015241223
1481605917389246472
1481603255277092864
1481602442416431108
1481600424784269316
1481599753477832709
1481596047160143874
1481595402847911940
1481593750606716931
1481590407448326147
1481587465961947138
1481587253764059140
1481586801777131520
1481583223180500999
1481579975769989120
1481575879860174850
1481573192489914374
1481568215973044225
1481563192845221892
1481561486950830081
1481560099781230592
1481556886071943169
1481556521918074880
1481555367343632384
1481554377844625408
1481553272842637321
1481549967495892992
1481547801003806722
1481547066824609796
1481544776390680584
1481543487275532289
1481543294052147201
1481641249040142337
1481641246762635270
1481559200874795008
1481521133174558722
1481518561441226753
1481477051031113730
1481855386332561408
1481855179930894336
1481854875688648704
1481854017957695488
1481852956509356032
1481852357369552899
1481852265229357058
1481851315164975106
1481850379008884736
1481850136070598657
1481850133700812800
1481849794566168577
1481849252062318593
1481849233468977163
1481848863757860869
1481848002038079489
1481847950183907329
1481846704186208259
1481846392763330561
1481846267324276737
1481845765215776768
1481845733737496589
1481844626369966080
1481844469213597700
1481843248520122370
1481843051991830532
1481843043255066628
1481842661946703873
1481841705603440640
1481841408155992064
1481841316665651201
1481840805203816451
1481840416165351428
1481839506370469891
1481839081479098369
1481838391067287552
1481836485213306880
1481835841769328641
1481835327593775104
1481835313056337920
1481834367836389378
1481833577092628480
1481832859203964928
1481832838538592260
1481832327773036546
1481832283648987137
1481831551470280704
1481830892666781701
1481830457671315457
1481830452126445569
1481830448238309378
1481830187415523334
1481828653629849601
1481827731277234178
1481826994140889090
1481826924305727490
1481825676449939457
1481822300706320384
1481821622688493569
1481821232480026625
1481821165333381122
1481820395867340800
1481819200469757953
1481817950508228608
1481817928291004416
1481817054596546561
1481816492719370245
1481812838960476164
1481812800783720449
1481812531065012227
1481807778079739904
1481807617869905920
1481805928630747136
1481805192014479362
1481804870873411586
1481804703701016579
1481804228285054977
1481803652277112833
1481802883683459072
1481801261188284416
1481800909944680448
1481800773176414208
1481800761403383809
1481800373329600514
1481800243150999553
1481800178168627200
1481798974411624449
1481798541668646914
1481792435789664257
1481788512366391296
1481786490388905986
1481786462274453506
1481785820545974275
1481785593101230080
1481783087478743040
1481782323813453825
1481781956677611522
1481778111339700225
1481775962325159936
1481774360994418691
1481772485679136769
1481771636961734656
1481770965105209351
1481770536346832899
1481770536216657922
1481768613380255746
1481855935933202434
1481855194527039490
1481855009499529218
1481854310527148032
1481854306831970311
1481854304235446273
1481854300796370944
1481854021317296136
1481853597772140561
1481853044308705285
1481851795060457475
1481851656199618560
1481850138146795520
1481848557527531520
1481844285729558530
1481841748708302851
1481841479798919168
1481841129062801412
1481839107282456576
1481838499208835073
1481836570345111552
1481836208330526720
1481834309871091712
1481832587882807297
1481830977219731457
1481830899675447298
1481830748151713795
1481830740522254336
1481830725540532225
1481827458446147584
1481824241905729542
1481821933088165890
1481817521254989826
1481816955279785985
1481816119510200320
1481815804715089920
1481815793419849728
1481815142883299328
1481814083351420928
1481813687409442816
1481811626005532672
1481810963271925763
1481808604147875841
1481804509047402496
1481802727508574209
1481801464507146241
1481800360616693760
1481799492076589058
1481798532017561600
1481798112490700800
1481797977190453251
1481797696289931264
1481796673911554052
1481796577111199747
1481796538448105472
1481796221115121664
1481795259189575684
1481794241261338626
1481789322290696192
1481786657045024772
1481786334872502272
1481785656393478146
1481785525920956417
1481783543605129216
1481783288583061514
1481783266692964352
1481779771671715841
1481779324122726403
1481778804205170688
1481776886833631235
1481775604580380673
1481768541086896129
1481766850451378176
1481766214355795976
1481766160832278530
1481766126300577792
1481764892629958657
1481763783949565956
1481759550961504257
1481758643381239809
1481756406349201409
1481746241814147072
1481735319783366658
1481722296507432960
1481721302771990528
1481715217633804288
1481715029531836416
1481711725171060737
1481709419226615809
1481705588270714883
1481698507409223681
1481698254656258048
1481697679017414657
1481697550097092608
1481680344382570497
1481676430723452933
1481673189126451200
1481669565000331267
1481668462787588096
1481667997114966021
1481663039107919872
1481853818984091648
1481847522947919874
1481843849635176458
1481842704208494594
1481842507021537281
1481838290613731328
1481837347163742211
1481827291298930690
1481821117799362560
1481820672720773122
1481819878873088008
1481812342484905984
1481806966179917825
1481799373730500609
1481798233127264257
1481778755425251331
1481679872393383942
1481666619428327430
1481662150926303232
1481659046780620803
1481633634348314626
1481623888056680450
1481621204507459585
1481597148223664128
1481580193798299649
1481567303682920459
1481555010186100738
1481548448000520193
1481544238236323841
1481543957624799235
1481543783255015427
1481541062992994309
1481524933968920587
1481518641841848320
1481507021262569473
1481505284388704257
1481504348815630336
1481498860476596224
1481495074446143488
1481491815719370752
1481480723337220096
1481475593221054465
1481856853923536898
1481848589194514432
1481841268968013824
1481839789456633856
1481837570434932741
1481836474006126593
1481822977629233152
1481820758573985792
1481813883237339140
1481805692323643392
1481788190059298818
1481768155915735044
1481765473796911108
1481757871339900928
1481717614086819844
1481669583849336837
1481652989400346625
1481651515240574986
1481635907635933186
1481627737911885824
1481627317575483399
1481620518549987329
1481584835731017729
1481573757940793344
1481564284715147269
1481563799996215297
1481555533622804481
1481550396300881923
1481545999328100352
1481536873189474305
1481524000132308994
1481520666046128130
1481512595010244608
1481510686153121794
1481488605336211462
1481485048046297089
1481483526679982080
1481577038452772864
1481530921170120706
1481496247144161283
1481492024360865795
1481530096838406144
1481230361103323139
1481847093988032512
1481813107752464384
1481795793493585920
1481788198909259776
1481767422210482176
1481673629209628672
1481640272413216768
1481639123572379650
1481589355441696770
1481589193789046792
1481577398504398849
1481568394667507714
1481540290117013504
1481537242455998480
1481513064621314056
1481497380180869120
1481489034266689544
1481838968086106115
1481837058390118405
1481829381475815426
1481819755992743937
1481800275090604033
1481777483389489153
1481682949414490117
1481673223310036994
1481673221141577737
1481672313229955072
1481661568366804994
1481657910841454592
1481626565377404928
1481625603250208773
1481610827115675649
1481609721031569410
1481609684360794122
1481609580912443392
1481603393944977410
1481595280156151809
1481568635445714945
1481560108790616064
1481558590859390979
1481542365278257152
1481538627985616899
1481536381193457666
1481532093452939267
1481527151090634760
1481526426922885121
1481521800760938497
1481521183728480259
1481519670197112832
1481499944133754880
1481495682976727041
1481489249816158211
1481487995736064007
1481486390630436865
1481483877474799623
1481478459121897474
1481854314226552835
1481854311080804353
1481844664856883201
1481838505319936006
1481835446833655809
1481834509398069248
1481823398598787074
1481790808542314497
1481785176024043520
1481782004111003648
1481639930086395915
1481633506937958401
1481629537477992448
1481624239002492930
1481614748768780290
1481608232594411521
1481598210426937348
1481585589304827913
1481583975613497347
1481571189957226497
1481570426908471296
1481564868348362752
1481558365688201216
1481550805513961474
1481544880006795269
1481543266185236487
1481540884910915584
1481539863615000576
1481539192052416515
1481528564009009155
1481522967867707394
1481504277462138881
1481495823435571205
1481495281225113600
1481492730010214402
1481489345333035008
1481483790224887810
1481840827572047873
1481631655312109569
1481605625700560901
1481591181725560835
1481507556397060097
1481597665125486603
1481476838254063620
1481822920423124993
1481648199031193602
1481521538654666753
1481482107797241858
1481778913697280002
1481664510998249473
1481629448311308288
1481592186764689417
1481832323067056130
1481849495524868096
1481597069689487367
1481552872919937029
1481549271958982658
1481843093423149063
1481801870322679810
1481638444258689026
1481628653444550658
1481485780350812160
1481482023470792704
1481835432115867648
1481806090858020864
1481774402136317955
1481616932566675463
1481596649181179905
1481531360875773952
1481821974792118273
1481819700221067265
1481818471206121473
1481800298897481729
1481773627792310272
1481768461819084800
1481651427676389376
1481637525307674627
1481635538931093504
1481512800438554624
1481510900280721408
1481510651667558400
1481505712761339904
1481843327117176832
1481798564099817472
1481571516747706375
1481684475457458176
1481559844268408835
1481483555448721409
1481844709681405953
1481820364699475968
1481637974639259649
1481563969538387968
1481536777261568000
1481510282552037377
1481503155347427331
1481792504098091010
1481791922528473090
1481798255038328840
1481791361510932480
1481791318385111040
1481527648551841794
1481486837445427203
1481482660774309893
1481848299674279939
1481799851545608193
1481789738420154370
1481636814452850688
1481613923430563841
1481845481236221954
1481840800690745344
1481635642065166337
1481618931261784065
1481590437333053441
1481503008114769920
1481813764106498052
1481648853191643136
1481607878037622791
1481836005523341313
1481660790394716160
1481622698199756806
1481859232127647744
1481856674810179585
1481797905627627521
1481797084659720192
1481787254402330624
1481778063407202304
1481549823224717312
1481558546001326080
1481817429756223490
1481780584443965442
1481534268749021187
1481533649829101571
1481844622943219713
1481839558165950464
1481822765942710273
1481634070711140352
1481591289196212224
1481653202286448642
1481626002363383815
1481567081963618306
1481555894744027139
1481537741536264194
1481528571076411394
1481853535604342784
1481489074808836097
1481788217070604288
1481769185848213504
1481524227530706951
1481550493344321536
1481851880234192896
1481845059691909120
1481804939777429505
1481658860981338114
1481658845017833472
1481608050784206849
1481601769377759238
1481596767917703173
1481544259191054336
1481542793395077124
1481542475382923265
1481541527059197952
1481534904047669250
1481534327012093952
1481520017363845120
1481509834277421057
1481501502242193409
1481501037060329472
1481496166764539906
1481492134234849283
1481490602340806658
1481855210876465152
1481844163113271296
1481835977312284677
1481632640382173189
1481777888190144514
1481592403437895681
1481800588891680773
1481619559257821190
1481586671858896896
1481559144679153665
1481846945035730944
1481771354563444736
1481771317829705728
1481765650695856128
1481758434660073474
1481545214724820995
1481805046933499905
1481620835312218114
1481573690815188994
1481568900873846784
1481502700559020036
1481823621358448645
1481798535335276544
1481796230649118722
1481771741248880640
1481640137524080644
1481633273176784898
1481632719688073218
1481628678291218438
1481628454160191488
1481628254008008707
1481600990831063045
1481600701226950658
1481534807746088963
1481507408224866304
1481498745531363329
1481562631865774081
1481599271346794502
1481544978836844546
1481630327546478592
1481802708244119559
1481852275618623489
1481568845181878274
1481535661740290048
1481818330894041094
1481613121718747136
1481851533121966081
1481834158318317571
1481826328328704003
1481754174417403908
1481592747538907136
1481563133378727937
1481549334181482496
1481523600700342274
1481511652139089920
1481508674376171520
1481496560924258305
1481639122964213761
1481583510301609992
1481563557154402305
1481537136663089155
1481511089393512454
1481510951203786752
1481855006538366978
1481542481473064967
1481542479585624064
1481542477824020480
1481851219996196865
1481843078634033161
1481835184144416769
1481834700893491202
1481716354709594112
1481649074638311427
1481573715649642499
1481555540740554752
1481857890134929411
1481851849137606660
1481840994740219904
1481830267438641152
1481795342513618944
1481758088529342464
1481653786913701888
1481648306183110657
1481626126481248263
1481608979063402497
1481550258010464256
1481525971136421888
1481495116334649346
1481841209517948928
1481797471429083137
1481753179402698754
1481752862631858180
1481672055607414785
1481641338219405312
1481537832799944706
1481537825568927744
1481537812252049415
1481619551775121408
1481559074341003267
1481647697501499394
1481593638404882432
1481524506032316418
1481712189723783169
1481640317086736386
1481579953284333572
1481494503043518464
1481543174133002241
1481762556931112961
1481763557520048128
1481762641802854400
1481546788700327937
1481546641824190466
1481748414623002624
1481634896309555201
1481633077948743682
1481633077827096581
1481855101514186755
1481854963647393793
1481854036290977797
1481831044542517248
1481830568967163906
1481829789787123712
1481828321520656385
1481823510104539138
1481800872627965952
1481793395517718529
1481763545767636992
1481644595490754560
1481612093870985216
1481605552417685504
1481522477855817729
1481521451035684867
1481503427553546241
1481492144498290690
1481851994226958338
1481793191859068928
1481734294682972160
1481623034557771777
1481603151388356617
1481572174444081152
1481608233794125831
1481561277004918791
1481766255606767616
1481583149461442563
1481640059392913415
1481851996949086209
1481824286243696640
1481610678847033345
1481566235381108736
1481841130157514752
1481841077711966208
1481839017402728451
1481837286811910146
1481672906295947273
1481597337302876163
1481585400171106306
1481543460549435392
1481593022450380801
1481582219328393223
1481493526512746497
1481860770602582017
1481799755231805441
1481736165732786176
1481727531053162508
1481700705702674433
1481663053288845313
1481648231880982536
1481638854226759680
1481636791040221184
1481628004594122756
1481604736986284036
1481561678504677376
1481545879064821762
1481706099959078914
1481838453306576897
1481607441288597504
1481527521577697280
1481838657636302848
1481836584970649600
1481823792095965187
1481631284623409154
1481611839276740614
1481622985760985099
1481602951450083329
1481670955433103362
1481535867965829120
1481673862786203649
1481647616316559362
1481621692971892737
1481590285520236545
1481523461797613573
1481493422116851713
1481640754892374018
1481661624549523460
1481827092220485638
1481556667837812736
1481830777398915081
1481797974095450112
1481868191957921792
1481778421231276032
1481756413320122368
1481644389243834371
1481643523745062925
1481617307541848064
1481613597013057543
1481601899581550593
1481583917841137668
1481575731050467329
1481567939149328384
1481520617577132032
1481518684028141573
1481840066305884160
1481652704066027524
1481605599079337992
1481597416105455616
1481582004034740227
1481581806923452420
1481767090554310659
1481565825517510657
1481833994904039425
1481826441096744963
1481779416187666433
1481661731881779201
1481586787638452224
1481582183743508480
1481564414142984194
1481564233716625411
1481560730784526338
1481869706667577345
1481868962266632192
1481844524045717507
1481842675620134912
1481831896451788800
1481812070119383042
1481786708656259073
1481617970103488512
1481540812567871492
1481528497336389633
1481493799360958465
1481852066977153025
1481841775832870921
1481841274806497283
1481840573787295744
1481830924660920322
1481811072453857280
1481618431216881664
1481594189926535168
1481586471769616388
1481582402623672330
1481575233618604036
1481551387641413635
1481519036752347143
1481846235430793217
1481840230227660805
1481755955343900676
1481696867776081921
1481595594338897921
1481546573482164225
1481533742305153024
1481865318620631041
1481726066406346759
1481573343044472832
1481834086453116929
1481831746807107584
1481636556402475009
1481635900010659840
1481866641390862336
1481642660805103616
1481514421243752448
1481657764628021250
1481498472071430153
1481860358759645184
1481855721537175553
1481845404941848580
1481839037703159808
1481837831979167744
1481824716776435719
1481821426302988288
1481814445383127044
1481806413873946627
1481686664854773760
1481685674093060102
1481662079841243136
1481649426376851456
1481641870749241352
1481629483371491333
1481625019763806208
1481624555194286080
1481621305455935489
1481613092090163201
1481556358365614082
1481538183049658368
1481529188142452738
1481510250859876352
1481500930998947840
1481458525834723332
1481456278316920833
1481416872088453120
1481415335597469698
1481807164918595588
1481795556121153537
1481784259538931715
1481767377083985921
1481668203873185792
1481639231001075715
1481564937462104064
1481524614379753474
1481514852795707394
1481503641026838532
1481496653911949319
1479641511394299905
1479641408810012673
1481579170811756548
1481844842842161154
1481840377162498051
1481658892715114499
1481622720073060355
1481518366188007428
1481620050243387397
1481796071840161793
1481781854252384256
1481856057278406660
1481834678265196551
1481820269627211776
1481818429787357186
1481803151837569025
1481798958502809601
1481796223149670410
1481796215046287361
1481717417659486209
1481638559438499840
1481638100644540419
1481632421183631365
1481632159555534856
1481619172983734279
1481619113252626436
1481605977132929027
1481598675965349901
1481596558500298757
1481584933030490115
1481574231800688642
1481573677452132353
1481573191785267202
1481572757410557957
1481568741683232772
1481535942049808385
1481524352017645568
1481513883047460864
1481507291778412547
1481599586217369600
1481867383933267968
1481864876503220228
1481855636069830660
1481840413820723203
1481816760550817792
1481794482345775109
1481789698951749632
1481787452000202756
1481779550535122944
1481657889429536769
1481628098542313475
1481620960466059264
1481608832740884481
1481604317199351809
1481604071195025411
1481574563066839042
1481565287652950016
1481562882689372161
1481561283581575171
1481538900820914177
1481532601626411010
1481530600695951361
1481517585137270784
1481507674571550720
1481503806735413252
1481498262863757312
1481495274514104322
1481871220513861633
1481868412087574531
1481867647197511683
1481856042556600323
1481844999381987330
1481822697604935686
1481796291944644609
1481766714769809410
1481766690564321295
1481686879141572614
1481678898102697984
1481658964500619264
1481655755543838722
1481596496982450178
1481596423254974469
1481588690430439427
1481587012759322624
1481554246202183686
1481552872022360067
1481543638433910784
1481533241114910723
1481531544066002948
1481521738823385089
1481518138051416064
1481871088502341633
1481814912225914881
1481583090724380675
1481552922496450560
1481523143051464704
1481788635431473159
1481595912975974409
1481862031762653184
1481685965538213899
1481827809689767937
1481827175053795336
1481776407214985217
1481718414293233666
1481716534364016642
1481660489847697413
1481648805590159367
1481632607695564800
1481608721818320897
1481846903738630144
1481787026848780288
1481787025158459392
1481787020603424768
1481781814603939840
1481579461007278081
1481742046159605760
1481578976711966724
1481756231908065280
1481578250019438599
1481875997486387202
1481498970354774016
