1486546718128705538
1486546132222185473
1486544902418620420
1486541255966216198
1486541243651817474
1486534692182671365
1486532309801050112
1486529498732380164
1486528740507095042
1486526136645414913
1486519445912645637
1486517732078096387
1486516634462277632
1486514780084989952
1486514167003574272
1486507507656790019
1486507284050046977
1486507261635661827
1486505555573174272
1486504219838455810
1486502916357689345
1486501867676831745
1486487200070258690
1486481045046579200
1486465826219716608
1486381797919588354
1486371697230229506
1486371405084372993
1486364152503635971
1486356042879741955
1486350803661377537
1486349472393498624
1486344117584277511
1486343006714462210
1486335613196460033
1486332520291782659
1486323869862735875
1486323791794159616
1486314166252359695
1486309975966490625
1486308715666219008
1486308522677903361
1486301760553889797
1486297568959406081
1486296323603111938
1486288099147923462
1486287557487136768
1486285018364538889
1486283545060704262
1486280169321299973
1486275081764769795
1486273904843051011
1486273193833013250
1486273168050651136
1486272078232047621
1486266409772408833
1486260309694488579
1486260256263278594
1486251131516989444
1486212038745411586
1486211541792100355
1486205437704048643
1486190910971195394
1486518765852323840
1486545539676053505
1486545490598457345
1486544356420952070
1486543668836126720
1486542744059211778
1486542129811755009
1486538859408080897
1486534571663364100
1486531925602754560
1486523058764410880
1486521715203010561
1486521707527487493
1486521013064011784
1486520184328261633
1486517950504787969
1486503960017924098
1486497236666126340
1486496741633376258
1486495675562938370
1486492484783861761
1486487033984204800
1486482171984748544
1486479317882261507
1486477636113420289
1486430196161204224
1486405495921467399
1486392926687338501
1486390971508326402
1486368741248045058
1486368485311918087
1486368056402399233
1486362874696339459
1486355803242381318
1486354931552763909
1486354926481833990
1486354923579396101
1486354918193926145
1486354913320124416
1486354904075870214
1486354901454454785
1486354898463920140
1486354893602705415
1486354891044171782
1486354887936196608
1486354881703444482
1486354871339331584
1486354860543209481
1486354848232910850
1486348638926565384
1486339983288172545
1486332457125572608
1486327134885150721
1486315136176779265
1486304675364507656
1486302572361424899
1486300310088069127
1486299630023606272
1486297866931175425
1486295901476110337
1486294938426175489
1486290473975447552
1486289772205473796
1486284757747253248
1486281918849196034
1486281465457672194
1486277468017524742
1486267656668065797
1486256220243640325
1486253267030261761
1486251394437115906
1486245202603958272
1486244040635203585
1486236384298160128
1486235578652041217
1486235058956828673
1486232782380867586
1486232729369083906
1486231256228843533
1486227882544611329
1486226980177870848
1486223747225120771
1486220242024275969
1486219962763345920
1486219857494708224
1486219151228166148
1486214622827130881
1486211749762433025
1486205902193819658
1486194772456976384
1486192282928021504
1486189517061394432
1486188737847513090
1486187679595257862
1486187366260043778
1486348319144419328
1486308118481227781
1486292817639002115
1486292651003768843
1486290840482123779
1486276627688751117
1486528584910999558
1486525018519453698
1486523101089349639
1486518749838467072
1486518364860084227
1486513690123784196
1486499804867817474
1486490766163599361
1486440081494016000
1486377104451473410
1486372814009794560
1486350287736815618
1486349671719383040
1486339543599300613
1486338545669525511
1486329829226352643
1486325411890208770
1486325005139214336
1486313419414585345
1486312563927584771
1486294461802237961
1486293835374538760
1486290782814633996
1486287826375540746
1486276487166963715
1486266459848605697
1486263098038456320
1486256878531547136
1486256169509617665
1486239835325370373
1486239016450146305
1486238090574594051
1486232496543047681
1486231624224481286
1486227649639100425
1486220482362093571
1486215727833300995
1486200501419245569
1486513968298414083
1486512983417131010
1486343907881283585
1486332554106249223
1486541254162726913
1486536321732530179
1486535836032061441
1486529715150082048
1486528753161302017
1486525166884585473
1486524660439138305
1486523973957341184
1486523888792047620
1486520393062092809
1486519812259868677
1486516866151374848
1486511714627588096
1486504324142272515
1486503953722314755
1486497090180206602
1486490450450026496
1486490166990675973
1486489540596420609
1486474033986166786
1486467909836685313
1486348452716216323
1486338559262998528
1486335293217468418
1486333127769219075
1486323033551904776
1486316439933898753
1486314899852886019
1486314277128773635
1486307998825914369
1486300817359781889
1486299003935682565
1486291839783432199
1486285144852148230
1486284641623744515
1486277816555646979
1486259141517934592
1486229071390720006
1486229004629987328
1486228688400179203
1486206040488419329
1486192060147421185
1486134720815853571
1486549563301322754
1486546797442985984
1486546755889995777
1486544209993629696
1486541252229099521
1486541250077474817
1486540908925358083
1486540750238015491
1486540099676303363
1486539900862140419
1486539176803639298
1486538610815868935
1486538174788620292
1486535082420498436
1486534412850262017
1486533921869209604
1486531009252184065
1486530400595824646
1486527703448621068
1486526498605387777
1486525765386600451
1486524126869159938
1486524045734547460
1486522840291561474
1486521306967265284
1486520410837450755
1486514648111218688
1486511984929431555
1486509057997299714
1486507830345568258
1486504641281937414
1486503173288128515
1486502581652242432
1486491020069990403
1486490972561178624
1486476169042092034
1486473478698319873
1486465837137489920
1486465536321986560
1486445766847569922
1486431910939471872
1486402246162395136
1486388573855428608
1486384001208434688
1486382337273516033
1486382211524100096
1486378777798377475
1486372813309382657
1486371569866002432
1486371264998809605
1486371102473732099
1486371100879896576
1486371099038588931
1486370884688711681
1486366473413341184
1486366362859892738
1486363864547868676
1486363515267198976
1486360389168537606
1486359425556582401
1486355515844149250
1486353365969911814
1486352960078909442
1486352729421529093
1486351595013304328
1486350952085192706
1486350621167210498
1486349849201356801
1486349340402909184
1486347077718200320
1486344771149115396
1486344121686306816
1486343722287927297
1486343469878906889
1486342825537314818
1486342712832163840
1486341479782096902
1486340558230802442
1486340386901528578
1486339343522615302
1486338933651013640
1486337904221822989
1486335729341186048
1486330138292011008
1486328821171486721
1486322586770640906
1486321650396467201
1486321477876326400
1486320726412267523
1486318716946362369
1486318521437265924
1486316976419258371
1486315640504066048
1486315485842972682
1486311645337260042
1486307753199304709
1486307199584731138
1486305022669627398
1486303537873432576
1486302856416481282
1486301383800541191
1486295061034078213
1486293192253534210
1486288827065192453
1486288149068529665
1486285188913319937
1486281936851333122
1486279289750573060
1486277420433145861
1486277069780955136
1486273959553224707
1486273843308408834
1486268057731608583
1486264762275360771
1486261993963409409
1486259657211793411
1486259182550777859
1486258055449051137
1486257516380311553
1486256075632709638
1486251974459006978
1486248352920801282
1486248023642583040
1486247714103107585
1486246339277389830
1486244523751919617
1486241993416409091
1486292884030738435
1486242247486377991
1486195627398950913
1486549150304854017
1486548661660049417
1486547957876805633
1486547652795715587
1486547650941906949
1486547368874962952
1486545630663041027
1486545300458115075
1486542519441575937
1486542063449436160
1486542038711488520
1486541614969344004
1486541257627242497
1486541241927933953
1486541239038078980
1486541181865455624
1486540880295043076
1486540661104934915
1486540047906074625
1486539728795041795
1486539390914551814
1486538545829277697
1486538330846097408
1486537953144754179
1486537737440141314
1486537506912829440
1486536630986969089
1486534147149467649
1486533309890891777
1486533278454595584
1486532540361895942
1486531225040814082
1486530797225922560
1486530312263798785
1486530276016668672
1486528227292102663
1486527268436406275
1486526916827836416
1486526806773559297
1486526764243251203
1486525533902938113
1486522862844329984
1486522826781696002
1486522619293671426
1486522007948705799
1486521943423549443
1486521325682184192
1486520761695162372
1486520705164333056
1486519964295057410
1486519819906076675
1486519786720804864
1486519399716556800
1486519288907268096
1486518381251497989
1486516274016387072
1486516137554710532
1486515096129925121
1486515055009021954
1486514880064729088
1486514594809933827
1486514499955818497
1486514284544749568
1486513803139321858
1486513211478200326
1486512337888550914
1486510180707692545
1486509080973746176
1486508300405407744
1486508001590579201
1486507550098944000
1486507395668844549
1486507199295725569
1486506522003738624
1486505581619810312
1486504328919609345
1486501657114333186
1486500993802010626
1486500654738591744
1486499476172787713
1486498585302618115
1486496712042680322
1486496362648776707
1486495693615161351
1486494137671041026
1486490941980803072
1486490934543978497
1486488404472647681
1486488226164400129
1486488161794797568
1486487788979892224
1486485482188193793
1486476418934767616
1486475764396527617
1486470500855738374
1486469737521770496
1486468272761442304
1486466750908559361
1486465330847567873
1486443268594630656
1486420904372768768
1486419573511704576
1486398530743070720
1486392389480894464
1486388894585454594
1486384148004876290
1486381363335135232
1486375799825793025
1486375721929166854
1486375040270868481
1486374475369422850
1486373019316793346
1486549789785223169
1486549156625739783
1486548702726537216
1486548687887110151
1486547204726673415
1486546651531526144
1486545385526947842
1486545353872601089
1486543050516021250
1486542834270289920
1486542309822853123
1486541862412324867
1486541841160097792
1486540870631362562
1486540132979142657
1486539648335691781
1486538200587726855
1486537034869186563
1486534413693292544
1486534408551075846
1486533310872313857
1486532485785686017
1486532261084209153
1486532150425915393
1486531436479803394
1486529700784590856
1486529150328311813
1486527009119346691
1486526700615716868
1486526308175822848
1486525521261301762
1486524627593564164
1486524056358703109
1486523841752879107
1486523101063962630
1486521578498129924
1486521569757204486
1486520369439596544
1486519650817134592
1486516446565842947
1486515834671353857
1486514974998495236
1486514262138781696
1486513524897583107
1486513070260166656
1486511978004639744
1486505552964296706
1486505500078399488
1486505039598215169
1486501298543357957
1486500124318593026
1486497760362729476
1486497757858697218
1486497515302264838
1486495397321207809
1486493668156448769
1486493383530991616
1486493346038120449
1486491171413454849
1486489377933262848
1486486012796686337
1486481748431376385
1486477339555168258
1486477269753163777
1486471393114214400
1486468314201477126
1486463971188084740
1486459900494761985
1486447606553366535
1486433958175059970
1486420539950649346
1486390660693430277
1486381384394498049
1486380718809038848
1486380611925594117
1486373134018093057
1486371373417402368
1486363614944841728
1486361944210948099
1486361745581305857
1486360196096335878
1486356111376916482
1486355044421476355
1486354934480388100
1486353831743086594
1486353231907336197
1486351377437958145
1486347309923196929
1486345823005077506
1486344778082041864
1486344736231559171
1486339682829238272
1486549573862670340
1486549494799892483
1486547920132272133
1486542187634442240
1486532058826428418
1486525748827463690
1486516365825495040
1486487887541506051
1486378133557493760
1486360860444430338
1486336666256424966
1486336261988438019
1486332890372018177
1486324905801297924
1486321093401268224
1486316020482854915
1486316017588772875
1486313985565954048
1486309963819806721
1486309842369531907
1486305454989144064
1486305451117793286
1486303332662939655
1486301628932440064
1486294897019977733
1486278514957754372
1486276665454260226
1486275482639540231
1486271231636942848
1486269455324057601
1486268543264256008
1486265920603721731
1486259463527231495
1486254463736487942
1486252679479595014
1486247200204390400
1486237196026019844
1486224484386631680
1486224085344747525
1486223406677004288
1486222683780284416
1486187562339553280
1486549526592774145
1486542131506266113
1486533866105884673
1486527082335113219
1486526361451696131
1486525582070325248
1486525496913383425
1486508165722087427
1486385774082007040
1486383421278781441
1486356415275212800
1486329702470008836
1486319175421370370
1486318545567088642
1486315428146446339
1486310226035118082
1486295866193608710
1486294497168625666
1486287670997581828
1486282693256040453
1486276558054912006
1486272938563469315
1486261070503477254
1486250974670774275
1486237092523155461
1486236868630888451
1486228587862949893
1486213686658482176
1486198684023144452
1486189812629766148
1486292411890692098
1486271756562497542
1486221266252365826
1486248580990255107
1486241554620911626
1486519380682756096
1486499427577597955
1486414523284471808
1486351181710782467
1486334198915149829
1486332356030271489
1486304597715357696
1486250503474655233
1486249942897524740
1486248081226354689
1486243956690419712
1486549012136148993
1486547758928437253
1486534447046397957
1486534205588840451
1486530444480811009
1486523489481674752
1486523454702567425
1486517922377789447
1486514486122975234
1486513304541351936
1486509766448799745
1486507433937674247
1486507261195259908
1486504608553844739
1486500102550302721
1486492285843902465
1486491366037221378
1486490946019553283
1486479569884381184
1486474772607242240
1486374731498795009
1486355394897518604
1486348678642429955
1486324455295315968
1486320339512872963
1486317977155018753
1486308958398607368
1486308185505886209
1486304888338677763
1486301492433014788
1486299541716762627
1486299231581523971
1486299169161879553
1486296836629733379
1486296432084717568
1486292880247627779
1486290926314340353
1486283345411846145
1486275464541118468
1486274441437134855
1486258226941558787
1486236914453999617
1486233543030509571
1486213299016708099
1486211142498279428
1486205905045954563
1486200173521158153
1486199547038957570
1486199481578434566
1486194410417455104
1486194114932658176
1486529636418809866
1486284881873481729
1486247964972568582
1486497355192934403
1486307464635371530
1486547532897419265
1486528108857421828
1486498251725365250
1486496486430887936
1486360955714142215
1486304698114383872
1486262367164203012
1486212638183137280
1486400340564279296
1486365803155181569
1486297769501655043
1486256601195761665
1486248896129290240
1486229203045732354
1486386641715752964
1486364332208586756
1486535546067247116
1486359566849822726
1486244825959919617
1486236242937528320
1486215496219623425
1486194178224640001
1486274775635103746
1486257706147397635
1486528149357613058
1486386427391012866
1486349500289794048
1486287208101605383
1486280948853673988
1486274038381297668
1486265223057387520
1486194061816262657
1486525595840221184
1486524624984678400
1486509944635420674
1486484214899871744
1486361627285164035
1486316300909813761
1486262218077323267
1486262078448930820
1486252751260884992
1486251140312444931
1486232563547242496
1486208107474989060
1486207135319203846
1486196377361465344
1486193904697638913
1486382578475364352
1486363426192433152
1486349044549320706
1486333027475419138
1486256509701226501
1486245529457934338
1486462927569883136
1486207207674839041
1486359631001972742
1486338333546811392
1486529602147082242
1486303932292820995
1486547098157809667
1486362502976147456
1486203958222032903
1486202953543610374
1486248364048285696
1486206422685995010
1486520645030535172
1486520436078772225
1486545940081098753
1486545609800617989
1486520090984017925
1486502482897301505
1486375938296532992
1486311447995232262
1486213246613098500
1486550047378472960
1486344954612191232
1486327032967745539
1486326116277448705
1486293791938314242
1486291973371985924
1486262694751932416
1486216073590583297
1486213981639700480
1486200060115578880
1486197608334905346
1486196622178787333
1486543740026044420
1486489130439688192
1486446020519428099
1486342549648601088
1486276984020008963
1486212989535780865
1486525861708763137
1486511174686429186
1486510838659764226
1486348116031074306
1486289258680053760
1486254289358311430
1486229540607528960
1486541320088739844
1486242210538729473
1486316273361625090
1486367653438824449
1486343696761376779
1486252440907554816
1486500762913947649
1486489938086723584
1486298922712993795
1486296970272866307
1486285505696505860
1486552089023041545
1486532733815820293
1486307626736447490
1486304983050252292
1486261911616626689
1486237367472377859
1486514370410541061
1486317144111747072
1486291978774265863
1486291968548556803
1486291958360584196
1486287345553113092
1486287262417850369
1486547219436093445
1486542089621938177
1486297434951417857
1486232708489834497
1486222104408498178
1486265876467044355
1486527957317283842
1486245818147700743
1486293054709731328
1486510380138393602
1486269522248364035
1486293630633791489
1486259726744965121
1486227881424732162
1486311842444374035
1486300404904509443
1486542409638957064
1486517847845007364
1486463782700593153
1486463282680455168
1486354897239154692
1486297584054730755
1486293434633981956
1486274185651691522
1486237334098296833
1486194948626350081
1486542434121269248
1486546292545179648
1486540100531994625
1486525730607357956
1486492807934054403
1486475158873264130
1486354798555578371
1486318324913160192
1486227394146947074
1486378159163736064
1486338156849147910
1486327063309332488
1486325843819663367
1486316949475069952
1486303314946162690
1486276872556408832
1486264678074712068
1486251569998102535
1486331092970131464
1486330640165654528
1486297745686425601
1486546477522448384
1486303873417551875
1486322296851959812
1486276532733882370
1486239620493090817
1486227544987009028
1486547817606696961
1486510353794043906
1486330306189983745
1486306504232022017
1486241101724131330
1486239193429049344
1486218652810891266
1486553545117556737
1486551439795113994
1486548093042499590
1486547650237194240
1486546030363435010
1486540481404096513
1486540284951347201
1486533280727900162
1486533241213362187
1486533050917797888
1486529039766458370
1486527897175146501
1486523308749115393
1486522042388123650
1486518628446990342
1486511658994266114
1486497148917088258
1486379396135264257
1486374889024274433
1486373554304458754
1486371832244875267
1486370780573487104
1486366805522325505
1486349742473097216
1486342110332977155
1486319897789583363
1486319489159671811
1486317479446327301
1486305868308426754
1486304992072192000
1486296700365213707
1486288368476758021
1486263888597651460
1486248632454361089
1486247730368610305
1486247256517124100
1486246857865142274
1486246294146662402
1486233987903528960
1486233499392966656
1486232626923192321
1486212151765508097
1486210666101108738
1486505688977215491
1486330023384879105
1486250779690569728
1486225522409746432
1486272769545637890
1486206431007494147
1486356380324089861
1486463381603160064
1486359163324502017
1486359069606973440
1486358262056648704
1486550708585336833
1486550147894956040
1486541868812828672
1486525687489961985
1486464208602492929
1486463299906535426
1486361007081484293
1486360658903908352
1486359354756730880
1486358913473998852
1486246718341783555
1486283328055820289
1486504407755726849
1486474231621689346
1486323162090721287
1486293034077945856
1486261363098136576
1486514968438657025
1486513375450337285
1486365701187448834
1486234544282169346
1486530704368443396
1486476070509748228
1486416311580499968
1486295229661855744
1486537819568828418
1486262655652630531
1486246904711499777
1486413092666093570
1486322610724282370
1486316700853485577
1486281780949045249
1486238100116602881
1486212087194206208
1486534466075967492
1486531602549141504
1486525851134873600
1486509853631606785
1486487161046470657
1486455089489448968
1486437392060121089
1486380260149305345
1486376417873268737
1486348103141982213
1486338390669021187
1486305105758810115
1486292766011183109
1486279476766212096
1486217722178715652
1486215798813519872
1486202998061961219
1486510509507547136
1486504426357628928
1486483778055045122
1486309686525988873
1486287340213796865
1486282116870848512
1486247737654149120
1486246717398073346
1486246087556214787
1486245559967322112
1486232697689489413
1486220864035364866
1486218104086867971
1486209421286191106
1486201228770312195
1486201088009449474
1486200236548960260
1486538810263441409
1486508049309130754
1486396292557324291
1486223837859844097
1486526456129671168
1486350302932795394
1486222997602332677
1486236816768659459
1486333542217162756
1486288153040551939
1486547895184605187
1486514384536936450
1486514094362357771
1486222413218353152
1486520988674125824
1486555420709855234
1486503205156519936
1486344269317435395
1486342416236158976
1486229627597369349
1486537050824216577
1486525921435602955
1486520037749837824
1486512601584472067
1486503315156267010
1486361751419768836
1486352455856459781
1486329383606702090
1486322486333820932
1486314283508301825
1486291982695923716
1486283970874851328
1486267755511037953
1486222800897855498
1486217567710892035
1486538687378644992
1486510569372798976
1486557889778966530
1486553497763921922
1486486414292549632
1486357144073310213
1486352288990240774
1486306895099232264
1486305950206246913
1486299058004447237
1486342340973580289
1486324376291389441
1486300592897421317
1486213920826470400
1486321510667399170
1486307085004554244
1486306911695687681
1486529203038089218
1486337167362498565
1486318477342556166
1486288859143241729
1486215586577543170
1486553786705276928
1486553675367469059
1486553418185338885
1486548359670206467
1486530539351773191
1486516923852476419
1486504001449250819
1486502498336591872
1486501089809600515
1486494173108658177
1486493050587123715
1486492305104146433
1486378890641965056
1486375448842244098
1486359016066678784
1486355521037021186
1486347403351703555
1486335730511413254
1486329795306614785
1486321561795952647
1486314344476721157
1486311153739640832
1486290762446741507
1486281582977908739
1486277936068308993
1486270781944639489
1486254930814205952
1486238680763482112
1486236278421344257
1486232281409007619
1486220551542943744
1486550548656447495
1486548759748104193
1486474768639729665
1486367049404514304
1486366753437646850
1486366138170998785
1486329954228834309
1486321343436308480
1486316881766076418
1486302971235561476
1486262464811769857
1486240202054316036
1486223257460408320
1486517735647440897
1486367585444966407
1486324669766848512
1486296585831325697
1486260275351539714
1486364570587664388
1486520105030721539
1486293351020183553
1486519214038945794
1486488609653870593
1486480573610684418
1486382062709870596
1486225373038014465
1486562373217390592
1486560662901846016
1486542904038285314
1486542640023670784
1486540503277441026
1486500628733968385
1486341899854422021
1486341388883349506
1486319813957935105
1486314396687409153
1486310560182734850
1486257540354969603
1486253696824803328
1486253245995667461
1486227163791900672
1486537839542034432
1486480692620193792
1486412253176152064
1486335088854200324
1486320344126586881
1486320118221402117
1486319468431417344
1486319292165791748
1486319153447579649
1486316284510097410
1486315797182296064
1486314127329198082
1486310265889062913
1486308279001427971
1486274507346448384
1486241198834860038
1486236412374810624
1486218689238429697
1486207396276207617
1486542904008970246
1486246813913219074
1486547301023707136
1486544391585996809
1486543464804151297
1486543105377517568
1486523751298523137
1486522986815393792
1486510562120912897
1486481342061629450
1486427589032169474
1486410499449565186
1486343890215239682
1486322958021050371
1486311608926482438
1486304346044518403
1486300661847564291
1486285949520990209
1486281869545328644
1486276032181436416
1486273252569747456
1486271719107338243
1486560841419800576
1486557570709950466
1486553181945405442
1486548691859083271
1486545757469503493
1486543005016154112
1486540776557273091
1486540264529297408
1486537568283807753
1486533657422561282
1486532373881577475
1486531771751489536
1486518071976022020
1486499620050120715
1486495565881888768
1486492287245107200
1486484539556139010
1486475338930528262
1486470965597175809
1486464706680287232
1486448141314695168
1486434951935688704
1486411762266443778
1486406225902579713
1486389068376457218
1486373137029943298
1486369062821457923
1486369037387198468
1486362575881502726
1486354532250845193
1486351466592092169
1486336814474739714
1486336647080087552
1486325308752265218
1486321279720648710
1486320742442897408
1486320588100890627
1486317596962357251
1486315088386879488
1486313373679910925
1486308934692802563
1486305503370428418
1486301486321909761
1486295230790127616
1486283898149814272
1486275119727398918
1486273784600752128
1486272627903983624
1486266657719087106
1486260605950791683
1486259797112819718
1486259724291284993
1486254813868589059
1486252925387423746
1486248130773659648
1486243312499855362
1486240332966920193
1486234685881876480
1486231679497027585
1486228136878837762
1486225512725106688
1486222742588641280
1486219205389467648
1486211590789939200
1486208403026616320
1486205337854410756
1486203455874408450
1486540961861746691
1486463664051785728
1486395368338345987
1486380435680931841
1486358656136671233
1486351984529920003
1486319767418175493
1486318990238810114
1486312078990315529
1486295981020704768
1486254658674991106
1486554490727636997
1486540540606771201
1486529101867335682
1486498806338183169
1486357588648525824
1486330647895769089
1486324162503536640
1486225446102614020
1486222430003933185
1486219100217307136
1486563645798551556
1486524933064724482
1486517474103226371
1486274236780249090
1486256964619620359
1486256866422575107
1486408332273668099
1486542888364175362
1486294344143630338
1486542477637013509
1486297833678729218
1486320566445707271
1486488106404487168
1486230784503840772
1486284675954147329
1486240984711462914
1486519794006257665
1486518800455503873
1486518471676477444
1486518089655087109
1486539134021812225
1486538065925582848
1486537020037947396
