1482931419626176514
1482930722004692994
1482926880118669312
1482926742822023168
1482926487632285698
1482926154151776256
1482924718349254660
1482921491029434369
1482920514033438722
1482916139613429762
1482915388048683008
1482914744873123840
1482911547836223493
1482910677673066497
1482907715332866049
1482907408339189761
1482906747367223298
1482902039458103298
1482900616339148801
1482900392644329473
1482897000995901442
1482896553560133632
1482892438188728321
1482891610249900032
1482888901446422533
1482886726788222978
1482886498609672194
1482885134051586049
1482884008052924422
1482883984300584963
1482882514670977025
1482880268725800961
1482879337099833344
1482878642846048257
1482876297198321668
1482854404143599616
1482854392567332864
1482853789250232320
1482851209815879681
1482847976494370816
1482838023213842436
1482811815998681093
1482810703782514689
1482754272584474629
1482753904618401798
1482748727190495233
1482746554541027332
1482744767704604673
1482740116200521732
1482724882224156679
1482716615661977604
1482715855322742787
1482714519919284227
1482713520970280966
1482706147216093186
1482704982734696451
1482701966530981895
1482701914714550274
1482700991997054983
1482696506406993921
1482694861065441282
1482693479310704640
1482692492244193281
1482691802885148682
1482686044374192130
1482685552495595521
1482685064836431873
1482684803170582529
1482683940498702338
1482683400561459200
1482681971562418180
1482680136109797379
1482675899346862089
1482672338022047751
1482671962074025988
1482663895383031814
1482660796899672064
1482651347510263810
1482639485112565764
1482638692259069952
1482630504864452608
1482630206641025024
1482624150691024896
1482623431988641794
1482621385063407616
1482613489827213314
1482613076340113412
1482609000898203648
1482607464512385026
1482604884658896896
1482604667939221508
1482920648041447426
1482917250709532673
1482914898707632130
1482910050108776448
1482907054901981184
1482901077385428993
1482895785255903233
1482890606636855297
1482890598151766018
1482889328015855626
1482883242982359043
1482871120567373825
1482870499533365254
1482870289411510272
1482868980427763712
1482867182040088578
1482866461844594697
1482859931955249152
1482855898813177856
1482848026339254272
1482847941308170256
1482793848569217024
1482768795983036416
1482760821331865602
1482749096616423424
1482732441479835649
1482724366312157188
1482723629624598530
1482707577355993088
1482704291735678980
1482700733862780934
1482688583459049473
1482679547942563842
1482678450733600769
1482678230155141128
1482677511834464256
1482658694441873408
1482657892998455301
1482651495380451331
1482640304675393537
1482633432559947777
1482627594134900737
1482626775650045954
1482619898585296898
1482613141670625285
1482601968262852613
1482600493742698497
1482911788077576195
1482675037748432896
1482665882895945728
1482657322405363715
1482600035695083524
1482914499753820161
1482913488913977348
1482910607733293057
1482907559493529600
1482907500290928640
1482902949391183875
1482892812857520131
1482889883014549504
1482883525875765249
1482858966036418560
1482778846995058689
1482743509820264449
1482742228431028226
1482721452101013504
1482687563592728579
1482684840554434563
1482635252753645574
1482612072840335361
1482900038754127874
1482897352445034498
1482897109720649728
1482895850770771974
1482718238983467008
1482708792601346056
1482654672519577602
1482928560897675266
1482924561352228864
1482921843166433288
1482920823854104579
1482915758145703938
1482911624361123841
1482910283421351937
1482868175637479426
1482857774266880000
1482855876591779840
1482851206598823942
1482835080213057542
1482749773065371650
1482748857247145985
1482743232220049422
1482738579327848452
1482737713732554752
1482714172618342404
1482702865911418881
1482701691523055619
1482670285040271367
1482666634322259970
1482666012327968768
1482666002811072513
1482657630535389189
1482654923095691266
1482642531334733832
1482616912496496642
1482254878382899201
1482931899366789120
1482925659970232326
1482925647710154754
1482925265114185728
1482924426123689985
1482924036040847360
1482923676001783810
1482923341682216962
1482923312401776643
1482923210698260481
1482922853926256643
1482921052212953088
1482920157463089161
1482919545577013259
1482918064748658692
1482917693422710784
1482917227321978881
1482916273554325511
1482916204235075586
1482915166438453249
1482914731036147715
1482913632346386434
1482912726708289538
1482906979266076672
1482901138035064834
1482900922997293056
1482899190024118275
1482897136731955203
1482896920544948225
1482895403163226112
1482893923467272194
1482892844302233600
1482892842578382848
1482892481607913481
1482891467219963904
1482887717201788934
1482884710888087558
1482884122842390528
1482884010808602624
1482880884953219073
1482877670740606976
1482870507980877824
1482866819258261504
1482865424220172303
1482864130227064834
1482857724115582977
1482849271968075776
1482818927042301952
1482808268364075008
1482806834108850187
1482799052492513280
1482744607759020034
1482728586469834760
1482723243949969415
1482720746506170380
1482716517158748162
1482713298529259526
1482713020975706116
1482712701516541955
1482710948591042568
1482707861222600704
1482705829484961797
1482705627248218118
1482702702715219969
1482702583806717952
1482700912582074370
1482700679353618433
1482694853117214720
1482686796433879043
1482684110258970627
1482682184893083655
1482682023005528066
1482680609046929409
1482670541647527938
1482670507451621380
1482666037355380736
1482657454999863298
1482652524138332167
1482651666117967872
1482650408225062914
1482649087467917312
1482644993332625410
1482637262555062272
1482636181997522944
1482635469297188865
1482630624322424839
1482627650057555968
1482626922631004161
1482624931171287040
1482624770571382784
1482615438387576836
1482608875576905730
1482603617417056257
1482598701751488514
1482596110699212800
1482595344664133632
1482817679543398402
1482703129158504448
1482670950701473794
1482618295568470016
1482599925288353795
1482933483488301056
1482932801452539905
1482932697110814722
1482932345217118209
1482931630411235334
1482931209592532993
1482931067376275456
1482927740290486273
1482927439584006145
1482926416052178945
1482924428694814722
1482924329805684738
1482923889986777088
1482923233121017858
1482922459154182145
1482920656631377925
1482919662979784710
1482919449049329666
1482919130319982592
1482918532765859840
1482918240107974658
1482916930671747073
1482916258752655361
1482914936548655104
1482914749532626944
1482914437028016128
1482913329764995072
1482913001233600516
1482912496067710982
1482912426970710016
1482912096753172481
1482911752044314627
1482911033664892928
1482910405877977097
1482910079464935424
1482909514227929090
1482909062677536769
1482908628109729795
1482905693976170497
1482905581614956544
1482904417620086789
1482903146204921857
1482901229886128129
1482899805831639042
1482897621954220032
1482895062585712640
1482893705434771456
1482892543356719105
1482892439572840451
1482889673597153282
1482888523246358532
1482887192066539524
1482886620835885056
1482886173190426624
1482884298294591488
1482884027288010752
1482882721148174336
1482880335264493568
1482880218931277829
1482879314345730049
1482877941713637377
1482875977739157504
1482875792694870017
1482869625549639680
1482868772218490882
1482867456188493829
1482867161320554500
1482864568762511361
1482864478270021634
1482864025197477888
1482860355655446528
1482854762664296449
1482851755176374274
1482831329507278850
1482803207764348928
1482797823116853248
1482764019320909824
1482762387031834627
1482760689957875713
1482758600305291266
1482755470184316935
1482754528793481217
1482749619562233856
1482749097560113153
1482747939810590722
1482746060305203209
1482744025346342914
1482743616452034561
1482743190348505090
1482742156099932163
1482741736288165889
1482737357682266112
1482737353886416904
1482735919283470338
1482734534588506112
1482730386866475009
1482730182393806857
1482725827951599617
1482725589471887362
1482723887393931264
1482723363328249862
1482723037791531008
1482722294644768772
1482718759408521219
1482717964168491011
1482717538325004288
1482713167130099712
1482710726569762817
1482708967877132294
1482704516780679170
1482704304943558658
1482699842455740416
1482697724663590913
1482697408358514688
1482697390138458114
1482694621608431619
1482692560636497922
1482691542078873603
1482932591674068992
1482930921020223491
1482930679704915971
1482930244252221445
1482929922058637313
1482926769531662341
1482924982443606022
1482922689400819712
1482920020946882562
1482919395383189513
1482916627339436036
1482916551385055233
1482914639210229763
1482910912759873537
1482910799010025473
1482909106562551812
1482908894909579265
1482908522698674176
1482907884321406976
1482899571902914561
1482899368185593856
1482896868380389376
1482896794451611648
1482896621814030337
1482895783502704643
1482895779434229760
1482893829644730371
1482892124131827718
1482890469801865225
1482890462008856576
1482890052531535874
1482889545280815111
1482889420860948480
1482888904919642116
1482886447753744384
1482885295788163079
1482884021948678145
1482882481863168001
1482880997129883654
1482880056414576642
1482879085554847746
1482878884538368003
1482878814804127745
1482878745111416836
1482878616585531393
1482878525632032774
1482878411576324102
1482878358455463936
1482878095992365057
1482875586729046016
1482875576566177796
1482873605935759363
1482873565456191490
1482873565015805957
1482873466928119808
1482873065990021120
1482873063758651392
1482872336252809216
1482872181357178881
1482871931766378499
1482871865433812992
1482870257903861760
1482869860451622920
1482868049934184449
1482864831971885056
1482858962106318851
1482857953921314828
1482857514039656451
1482848311132692480
1482847875873017863
1482845511086649348
1482842959900934146
1482837038642925568
1482834926886076422
1482831241544343553
1482802755907776512
1482766385378119680
1482756947254575105
1482755091115515906
1482749805080510464
1482747537387884546
1482747395217965057
1482747171971940364
1482733285474471940
1482732954879406087
1482732762000166917
1482731739059748864
1482731004087259140
1482730110570663940
1482729239472328704
1482727874356719619
1482724089907220481
1482722686900248579
1482722447543529474
1482719957872185347
1482719885985988614
1482719838346915845
1482719719753154560
1482719054255501318
1482718606190596101
1482718021424943111
1482717578703536129
1482715386508607489
1482714412658327552
1482714030842474505
1482710332925972481
1482708928437837825
1482706954195988482
1482706939700461568
1482706937905291270
1482702016078299136
1482931577596542976
1482930511081512962
1482923158214950912
1482913844666462212
1482893006944739333
1482874692184993792
1482856378347954177
1482799162978709506
1482785152254513152
1482769698895052801
1482759381389578242
1482749369741082627
1482740752962977793
1482740243002707968
1482728885611802630
1482714036987109379
1482710317688045568
1482710233911029760
1482703139581329414
1482692707831390210
1482691294552276995
1482689511414906880
1482687353739427840
1482676191190728705
1482672787919884288
1482660357080551424
1482659285780037633
1482648088460546054
1482644222285352961
1482619667349110787
1482616884415852544
1482606659356688387
1482602443947282439
1482923944529506305
1482921913454596096
1482909835029286913
1482907114041671681
1482897675959693313
1482877325494878210
1482746116265238532
1482734847991087107
1482730484358840332
1482723622498283520
1482713114911326208
1482691322909757443
1482681157510909955
1482664115638312960
1482656803045650434
1482655853321023494
1482640010868572166
1482633981074227203
1482625714478514181
1482617035498860550
1482602867886538753
1482897798299533312
1482659652156354560
1482751231152263169
1482930829471158276
1482897183167119362
1482744038512300033
1482740938124709891
1482740311072047105
1482696024204673024
1482656463957159940
1482628754409398275
1482616962614054916
1482600226783625216
1482927287125241856
1482926429205839872
1482920510975770624
1482917380389228545
1482908786063187968
1482898200465850370
1482898119864242178
1482882580009472006
1482799580635086848
1482745548914688000
1482725467757367303
1482725098121732104
1482724926104936449
1482724797146894336
1482724647934509057
1482717193595133960
1482708735219109900
1482688109167153152
1482664577183920132
1482659060885647366
1482640270869295104
1482636998242635779
1482625007759273985
1482614178485796864
1482933734169255939
1482925157308055552
1482924444427649026
1482923989672824833
1482918649627303938
1482895450663358464
1482875642467266563
1482873691440807937
1482869425674264577
1482858973451923463
1482858969597374466
1482855853749575682
1482850545698492417
1482841451713253377
1482756962630737923
1482716286224265223
1482713435251277824
1482710242089594881
1482706935162236929
1482696776163282944
1482691915208605698
1482679917427200000
1482678476167856130
1482674544855101441
1482670585197240320
1482666403966693380
1482666003343773696
1482658848637095940
1482643789428760576
1482642773526593536
1482633060822790146
1482625692022243336
1482619757291786240
1482618637751963649
1482617631592968193
1482614332588699652
1482613830320795650
1482612332026945538
1482609701439557634
1482609452385595392
1482605912615534597
1482866815512772608
1482866341925486592
1482610235139555330
1482766085028192256
1482720795847802882
1482628072990208006
1482901840279015424
1482609922106093577
1482656490569998339
1482886671771508740
1482847215479824385
1482681966449561600
1482629785193160710
1482725931920035842
1482921900607442946
1482887704840835074
1482867213606715393
1482726242638249988
1482717522646478854
1482714639175942148
1482713662725189633
1482690003499372547
1482679826175897600
1482654631297949697
1482916715394908166
1482904960195268610
1482904023623958528
1482898899988000768
1482882030946119680
1482853932749791249
1482684581359009795
1482630335955632129
1482898214097682432
1482735106150514690
1482732242820792321
1482618327050891265
1482935476579614720
1482732957559586817
1482729332443594754
1482633764518133761
1482903841310146561
1482727012171419649
1482723594366963715
1482727571163086848
1482703248872325121
1482616272286515208
1482935787511742466
1482906851306262531
1482859255690821632
1482708333241192462
1482695561359032328
1482633797455597571
1482629249928691714
1482628238937853955
1482637320277073921
1482902246384082944
1482934356960497674
1482922614720905220
1482617512802283521
1482897055513452544
1482658384252137472
1482905029002809344
1482904025909854208
1482736324230938627
1482877346122452992
1482776495164882945
1482913508337815553
1482896989503496195
1482701064801746949
1482893772233265153
1482709673950445570
1482880587329597442
1482913954255241216
1482908261586436097
1482879161559658497
1482661378313752576
1482912151635640321
1482881079266910208
1482657510628925441
1482890153333264385
1482786077081731072
1482726667277996034
1482661405287673858
1482661395040976898
1482661388510466051
1482651504482058240
1482638769857908736
1482608893264277509
1482699886890209280
1482672258560983043
1482602635530469376
1482881421111087108
1482649477031002115
1482881088775409666
1482743434708664324
1482739424614322178
1482668894502666246
1482644820518531072
1482875475865509889
1482880131438120961
1482681717433704449
1482656186021588992
1482896943311630336
1482783899592060928
1482710894190956544
1482678090505793536
1482928450549985287
1482900115983855624
1482884029443887105
1482882633432694788
1482741006168899585
1482647348283310081
1482606138193747970
1482937448489693188
1482927238622621702
1482715247534538758
1482705502467682305
1482703425238618120
1482702750987464706
1482700149902417921
1482655381772193793
1482654303643140096
1482641034631065600
1482636539968749573
1482917071256432643
1482890976536707072
1482716072759689220
1482658956137099266
1482690107560067073
1482608143557292032
1482715183110029313
1482936340895322113
1482899748889960448
1482788499850162177
1482770474296025088
1482737891025756161
1482712295361114115
1482707288591069184
1482681065072635909
1482673540671639555
1482672425976627203
1482908160797323265
1482902843816390656
1482898307106361345
1482774890247770117
1482742044573708290
1482684136783593476
1482936598304288769
1482877318909808642
1482849794930266114
1482801354469154817
1482681000924938240
1482636783641042945
1482610875286822912
1482911551019687944
1482895518099714049
1482895351762014208
1482882173934125068
1482875021819518976
1482871708910764032
1482787973242683393
1482787827792609280
1482787718820405248
1482787400854433792
1482787010339569664
1482747054531440643
1482677187660578816
1482612903987810307
1482930401777975296
1482889418977705985
1482873541377015808
1482689246448480263
1482624982563893250
1482915161178460160
1482910294674673664
1482756986722975744
1482750172287610881
1482726995234795524
1482726347210326016
1482715504783802371
1482703815698972676
1482793128113614850
1482625025568083970
1482894419343065089
1482725784834146306
1482889448883122177
1482725867092873219
1482671496606941190
1482884937217093632
1482894126706466822
1482889248726728706
1482884860352282624
1482727747869081607
1482727125275013121
1482725233992024066
1482725069638242308
1482724120928612352
1482724119762583553
1482941120690941952
1482933067354603520
1482920665367855113
1482911176397062147
1482904084793683971
1482880820688080896
1482860236205850629
1482852720386412544
1482699536640675933
1482698207360872451
1482675349662334978
1482672841711849477
1482639249401090054
1482924453201956864
1482913649865986048
1482656085014364161
1482655611586486272
1482654802329096193
1482918973859840000
1482896134456573952
1482894541757640704
1482892947464986624
1482824037588156416
1482737175481700352
1482694698464845827
1482608539671891972
1482823574893522944
1482941364719714307
1482899700538052610
1482707332081479686
1482636031795273729
1482607638726995969
1482936384805797888
1482910850751283200
1482877328015630336
1482752882386804740
1482733877705965571
1482730330700533760
1482730123975880706
1482689317168631812
1482607155379322881
1482928490299392003
1482893922485813251
1482844118560964608
1482817613084377090
1482755708122968064
1482724524164808712
1482670093306036225
1482665925019340801
1482750922015244288
1482750105568821249
1482675722552590338
1482888083507146753
1482724727886331909
1482930856511655936
1482898510626582531
1482815354493882370
1482644369488637956
1482731521996128257
1482704101830172673
1482634141346955270
1482770467027304448
1482683173134016514
1482652093702094849
1482935379703386113
1482679133964763138
1482662771066294272
1482634427067174912
1482833895569915904
1482741225182871554
1482717474252820482
1482716499198738441
1482677576883896320
1482673812470927362
1482662548792958977
1482659201419976707
1482637640235388933
1482629998595158017
1482618651987804165
1482611607297732609
1482916318425018373
1482895937685323781
1482889455539466241
1482798548806934528
1482707271667056640
1482924298457464832
1482877529132515329
1482648139995951104
1482923469742678019
1482894469322391552
1482694300144369664
1482688975697768457
1482637160620916739
1482913332256407555
1482911386703654913
1482850217699733505
1482849821400924161
1482727075027243010
1482721157195661314
1482697865332137997
1482673789125394437
1482727684765777920
1482712757405650948
1482668619326976001
1482667544897277954
1482663903561916423
1482640089016860673
1482623416335167490
1482917617296117760
1482674854587670531
1482668302304673792
1482657762555625480
1482654969509859329
1482939292117008385
1482924701672423424
1482893510583853073
1482879559997751297
1482738398914019329
1482614592237092870
1482879130970787840
1482729471065362432
1482612191446855687
1482887286412890118
1482920290590273537
1482912305772101635
1482903339893673985
1482901835216465922
1482877593812881411
1482876433827786752
1482874869784395776
1482778582636138497
1482778048068218886
1482724460688187400
1482716426213683201
1482713372177362947
1482712781678088192
1482705370011553798
1482704079583584259
1482704026164932610
1482699134121705474
1482698110539538432
1482683887658872832
1482675330758615040
1482675186671689736
1482670581539807237
1482637286835879947
1482634225669279745
1482633636751220736
1482630445938675720
1482624892013256707
1482621091965448193
1482926799709679617
1482923252528054276
1482912109088456709
1482901070624194561
1482738483961958403
1482734381274103815
1482708222863900678
1482702203475628032
1482633690547367938
1482628419087216642
1482913228833583108
1482907202881200131
1482895853698584577
1482895636462960641
1482883454450958338
1482873152103653377
1482709949860179970
1482677580314857473
1482631288184274946
1482686179938291718
1482948454859313152
1482864117744484354
1482726572558020616
1482700751504048131
1482611225364406273
1482936323917103106
1482932888408838144
1482921343041830912
1482916770034098182
1482910956711985160
1482899864321409024
1482895637566074882
1482878623631953923
1482868539971485698
1482859874044489728
1482858688834867203
1482858049174147072
1482857549959696384
1482745995733929990
1482739743524016130
1482726092574056450
1482719101059735556
1482717457131491331
1482712925764612100
1482630527501111299
1482728301517238278
1482942737561559040
1482928462172020736
1482912166185684994
1482907706260615172
1482876810828578818
1482825309011714050
1482763195249217536
1482756677963517953
1482741079053320203
1482728520204025856
1482717801312059396
1482715209135685633
1482697804263071744
1482694637190283266
1482677988022165505
1482673431921717255
1482669937269567491
1482668481946750977
1482666150710636545
1482665974549848065
1482663961766273025
1482659422505947137
1482655786694483968
1482654548884074497
1482651325259476993
1482647897305128966
1482620266941673472
1482617546725818372
1482614946563502081
1482944051259527171
1482897381230538754
1482882965285834753
1482881694348808196
1482880708922449921
1482854838581219328
1482854496187588611
1482848630943862784
1482818127973044233
1482770023513214978
1482755994820227077
1482752300909318146
1482743272045170689
1482731262410657800
1482705558524563457
1482687907974754306
1482687408424755200
1482643664598073345
1482620658815488003
1482947908370841601
1482947700211744768
1482947572432240641
1482947269469282307
1482947135889096705
1482940026506080259
1482909197650243584
1482905408851550209
1482905121205862401
1482902967221362689
1482893747142918144
1482886852860592129
1482720872826028034
1482718525127290883
1482717667069132800
1482714034625724419
1482702135716622338
1482700925877764097
1482694353017786372
1482662352520871936
1482662222715568129
1482661779839000576
1482661635773059077
1482631039071961088
1482729701521387527
1482844515262156804
1482782902324981760
1482744978896035840
1482710564220829696
1482627845772177409
1482876868852592640
1482746360818704386
1482630905592221698
1482744014025617409
1482742023585398785
1482740163046690827
1482935934933168128
1482678336493359114
1482933277967392770
1482618572350582784
1482645051805409283
1482946666831675396
1482940492354822144
1482869323567808513
1482623896293867521
1482846669784121345
1482709771891671040
1482911876870995969
1482655934229139458
1482619027780698112
1482693308128595968
1482885042988720128
