1479661389807374338
1479660786481991685
1479660348923731968
1479656578701672448
1479655700213030915
1479655462798716928
1479653025585061891
1479651365840248832
1479650935131369476
1479650621900787713
1479650375095443457
1479649342940135427
1479649153114251264
1479648130987487238
1479644060834877443
1479642909049692162
1479642020448968704
1479637660947779584
1479637201424060416
1479635456551972869
1479629829171417092
1479620009722667011
1479619386654687234
1479618896412004355
1479613576125898753
1479608552805175298
1479605345743884288
1479596389063700486
1479596310789455872
1479586996737622020
1479585740149313536
1479568284676542464
1479568241089409024
1479554444157231118
1479545046370193410
1479539768685826048
1479527389419900929
1479526566879129600
1479504647127658498
1479502640765571073
1479494652998860802
1479490992340307969
1479488947856179202
1479487691888553986
1479487093516562434
1479480104275234817
1479478176908812292
1479475998546485254
1479473146285592579
1479472667237359617
1479472622253400066
1479472617564164098
1479470843113607169
1479469830260490242
1479467176910196737
1479463685961650180
1479463046250590211
1479460062783422465
1479455878810005505
1479452897448382466
1479449718086410242
1479449144347357184
1479448461149818887
1479447467129073666
1479445163789275139
1479444127041273856
1479437409540448259
1479436605156782080
1479431890944028678
1479429272267673600
1479427938822987782
1479425925536108544
1479421695421157377
1479418316792135682
1479416832138235904
1479416785904418816
1479416145027366913
1479416032070492162
1479409640806830083
1479407514311667712
1479399930808520711
1479399156854640640
1479396139908485121
1479390671920271360
1479389294225543173
1479386085117595650
1479385594790772738
1479384813077348352
1479382478859251713
1479381040187592705
1479379803778150400
1479378542202810368
1479377217637388289
1479372671196405761
1479372574966444032
1479372533983973377
1479371584930402304
1479370765946351617
1479368681243119616
1479366494693650433
1479365767971934208
1479365472306925571
1479362413631705090
1479360626656833539
1479359295070167044
1479358074301206528
1479356528813436930
1479354461638119425
1479348684739338240
1479348674568151040
1479348314956918785
1479348176565923842
1479347171539374083
1479346562237034497
1479345251735117824
1479344167071346693
1479343468799401984
1479343061712850945
1479341058790092808
1479340749460164609
1479339398164455426
1479338029978304512
1479337659214356485
1479337445833404420
1479337405320601600
1479335180510773248
1479334860481175554
1479332060246384641
1479331471198326784
1479331340566753282
1479328714114494469
1479323362333626368
1479322156798398465
1479320245655379972
1479319682154844161
1479319345771679744
1479317825080553473
1479317699557675008
1479317095007473665
1479316763422588934
1479310813278072832
1479303943662358530
1479303929250783232
1479303923705921536
1479303077559627776
1479302762571702277
1479302221657305089
1479654279455465473
1479652881879879681
1479645146161434627
1479644580030996480
1479638054876827649
1479638006222909446
1479636870254391298
1479636307923984388
1479633966059560961
1479633190985687040
1479629504435798016
1479627426749554688
1479610356934721541
1479601297137410050
1479595340718239745
1479550546923110402
1479536347358531584
1479514951970476032
1479506731092701184
1479506729213718529
1479501718740213760
1479497975093071872
1479495204679868418
1479494811648331777
1479493984753885187
1479493570176307201
1479488346468478978
1479475377466605569
1479475005322776582
1479470704957345794
1479470338660462595
1479470193369698307
1479469450411667457
1479465399301246977
1479464462159466499
1479463944393687049
1479458117003796482
1479456101112287232
1479454950111338498
1479454577208422402
1479452703839244289
1479446310289756162
1479444995010486275
1479444893840048132
1479436047339556866
1479432344591294464
1479429359752597509
1479428310153134082
1479427119222439938
1479426438927290368
1479426128469106688
1479423202073796610
1479399228845613056
1479395087066931202
1479390757475680267
1479390065910435841
1479389615232405517
1479388800748974080
1479384587880976385
1479379230882697220
1479373357942333440
1479369159846760451
1479369115005456385
1479362091244945411
1479361834704461825
1479360375812341760
1479353929066496000
1479350841333010434
1479345034784763907
1479341290785366016
1479335945480540160
1479324416995729409
1479309075544297474
1479308399984664583
1479050425558990848
1479489595024629766
1479382752059277314
1479340487299375104
1479332399636836352
1479326988414324741
1479304836369694725
1479655437679030272
1479648918598139904
1479640379540459523
1479636557371899906
1479636126130343936
1479487353110491143
1479482166387957764
1479479948595191810
1479478583630258180
1479470026906222592
1479469967091191809
1479469326142885888
1479466235213402115
1479464168046563328
1479444683138813952
1479433041822961665
1479431466018693122
1479427241196994561
1479418930334560258
1479417692667154434
1479417443067957249
1479408494339969024
1479401352434307072
1479388597560098817
1479381799973179392
1479381317959618561
1479377762917838848
1479370468155019267
1479364797586198538
1479363429672521729
1479362960887668737
1479360985001435136
1479357993267326977
1479354868053778433
1479352144142606340
1479351932544163841
1479348328932331520
1479345890368180224
1479345756913881091
1479344067179778048
1479334578561052675
1479329538945413120
1479325500547821569
1479323284890025986
1479323000390369286
1479322133935259649
1479320121118056450
1479319965572362243
1479316086189293568
1479314372954447874
1479305075776385024
1479303963463741440
1479303947961929729
1479301927166828544
1479655554595180547
1479578677994090497
1479452822533853184
1479427607326121988
1479381297458184194
1479376638974447619
1479373231173685251
1479659599485554690
1479658769151709185
1479657877010743299
1479649046146863105
1479644659274059777
1479641388425748480
1479637002311987200
1479615607146356740
1479613840467759104
1479609307654025216
1479488410955890693
1479482706085875716
1479464165764784137
1479458059957067778
1479455846245355524
1479452819946049537
1479449460400820226
1479446239741562880
1479446045348163589
1479439867264135172
1479418293211602944
1479417495177945088
1479414558892560386
1479410835520958467
1479410136510722051
1479402333708513282
1479381219666116610
1479376215383236611
1479372877682003970
1479368866916667393
1479366272332623872
1479365796937691136
1479335340116791300
1479326012605276167
1479322996355436544
1479321186408419331
1479316996378427393
1479315071763320833
1479308312915021825
1479162364574322690
1479662144215916544
1479661579675176960
1479659603465883648
1479655689546985472
1479653906250563584
1479653845647052801
1479653182997295108
1479651561517187073
1479650052062601218
1479645370044981251
1479645281394192384
1479643659893051394
1479643480003473410
1479643406993289216
1479642821820764161
1479641383828803585
1479639026600529921
1479638992890982400
1479638008940822528
1479635633882550275
1479635455985389568
1479634251544891394
1479633958077968385
1479632962656239617
1479630962329735168
1479630449982918656
1479627643251490816
1479627308629901312
1479624950944129025
1479622020795027456
1479620842082299905
1479620763975962624
1479619373950144513
1479616988171235328
1479612440853630976
1479610041095233540
1479608580001075202
1479607864716980224
1479605660526387202
1479603593124614145
1479603521079037952
1479596831088644098
1479544230649339907
1479535534158405632
1479534326828003328
1479519085633228801
1479510717422194692
1479495931141656576
1479494476435390465
1479493722626793478
1479493293788463107
1479493038023983104
1479490330579800064
1479485191064145920
1479483986191609863
1479481839991484419
1479477383019188233
1479477213292494850
1479476938653634560
1479474847180894209
1479469319247446021
1479468204535676928
1479465840084873219
1479459852195794945
1479459684058755073
1479459520854126592
1479454824374571009
1479454046339559425
1479452597748572162
1479452498192596994
1479452496858738692
1479450544791977984
1479448813043531779
1479448432108453890
1479447849418969089
1479446502426636291
1479445912468344835
1479445838669615104
1479444878862032905
1479443067941707778
1479442723438424064
1479439288500568065
1479438839730958336
1479438478735601665
1479437141453119488
1479436203006959618
1479430511663616000
1479430249448239109
1479428997738029058
1479428407477764097
1479426477737537547
1479424760828227587
1479423946269151232
1479423633286053894
1479423393858416643
1479422586555547652
1479422459237470208
1479422420733739008
1479420330636570626
1479419354877886468
1479419006142406662
1479417507471495169
1479417461900386305
1479416353907822594
1479413992514748418
1479413052051116032
1479411961867603968
1479411292024672258
1479410142043013122
1479406397921976323
1479405045099601922
1479403110929866752
1479403072828760065
1479403037948928000
1479402842876092417
1479402833422299138
1479402196198326272
1479402159217119232
1479401710502092806
1479399932339519489
1479399672716279813
1479396651148013569
1479393172534878212
1479392418319544321
1479392269685776384
1479388593546153984
1479388352470298629
1479384482771705856
1479383383071358978
1479383015570624516
1479381390110052352
1479380885887619074
1479379817325682688
1479379812967874561
1479375798423355395
1479375389122203648
1479373495909826561
1479372969440731138
1479594590290120705
1479398681010794499
1479664168840183810
1479659323676495873
1479658144603119620
1479656749166592003
1479656278234304513
1479652831015497728
1479651224861347841
1479650753891368960
1479650738338885632
1479649295678595077
1479649090342318081
1479649063402311681
1479646800281681922
1479646701476474881
1479646617212895232
1479645805585731584
1479642697262501888
1479642193862303747
1479639962488217601
1479639242611388418
1479637795673034755
1479635195883966465
1479634491433893889
1479633559258230784
1479632764567638017
1479631356942446592
1479629228391878656
1479621854092566530
1479621085867831297
1479620984181170178
1479619673360453633
1479618113809223683
1479605309974876161
1479605248482164737
1479604572150644737
1479599472866836482
1479596151896633345
1479595653781098497
1479592605335769089
1479583991204175874
1479581612450861062
1479542620909182977
1479534988106207238
1479533949667921930
1479533403087073280
1479528861876375553
1479503963401572352
1479498755179044868
1479497098198274056
1479496640771751937
1479487480244187136
1479487324576567299
1479486557732028416
1479477431429779462
1479475638893375488
1479475348634943489
1479464145309163520
1479462628959264773
1479460565453922306
1479460228697522177
1479453344351412225
1479451204404973569
1479450052900712452
1479449006203805696
1479448479680196612
1479446416867033090
1479443385387663363
1479441873781420033
1479438449748832257
1479435064236654593
1479435014060134400
1479434289905168384
1479432515433553921
1479431479641870338
1479431470452117504
1479429869641469954
1479429027488153602
1479428429892120583
1479427825727729666
1479425033227235329
1479424593186070531
1479421533604909059
1479418579598471170
1479418304586342400
1479417089865646081
1479414576319848448
1479412446188097536
1479412429423403019
1479410078830657537
1479408270779432961
1479406638733819907
1479402977139986435
1479402746860097537
1479402260022976512
1479398124426706946
1479394025056522242
1479392592869543937
1479392134448828416
1479391258292338689
1479387727367839746
1479387229134880775
1479386844995354625
1479386469282185216
1479385310916009985
1479385294948343808
1479383741004804098
1479382879536750594
1479380576029216769
1479380433586454528
1479378259007586304
1479377842202824704
1479664309533757440
1479658844582076418
1479656607281647624
1479656196063694850
1479656032062230528
1479653596635402241
1479651690882105345
1479649898509205504
1479649896835674114
1479649549622779905
1479644710754930690
1479642784021708801
1479637600084267008
1479637568178118656
1479635810139791362
1479635652614447105
1479634972881293313
1479633794927783938
1479633221964873728
1479633220186488833
1479632504063553536
1479632347674734594
1479630176225046529
1479629502426738690
1479629498110787584
1479627570123468803
1479627514087567362
1479626936477306880
1479626928856322048
1479623246588747778
1479622632005799936
1479621404144242689
1479620017574449156
1479617689869897729
1479615085718892545
1479614400206045184
1479611107379593216
1479607382808285184
1479607335672713217
1479606793022353410
1479606269329612800
1479602810777784323
1479601169404022785
1479596731629113344
1479595995361001472
1479595142013022208
1479592952284344322
1479590447374688257
1479585188560584704
1479579193377579011
1479568281908355072
1479551065351606272
1479548403851816962
1479537390347644929
1479533093581049857
1479530038580039684
1479522331689046020
1479517092562931714
1479514045149446144
1479513766421098501
1479510231675637767
1479510026955812867
1479500862263230466
1479498688980570116
1479493663029923842
1479490612953067525
1479490563934203905
1479485489832873989
1479483130176159746
1479481954718429184
1479481851337052161
1479481583849508864
1479480879223218176
1479478448775069696
1479478428839526402
1479477744916254720
1479469445860847617
1479468712818135041
1479466219405074432
1479464170491760641
1479464162069663744
1479463778576048129
1479463348555030528
1479459227152252929
1479455844454436866
1479455279720935427
1479453941679071236
1479451090089177093
1479450273118515202
1479449081088929792
1479448565009162243
1479447430185865220
1479446647671197696
1479446272989827072
1479445971608109057
1479443797025116163
1479441168261812227
1479441052788396032
1479439260415528961
1479439253226463233
1479439220267630593
1479435862479978496
1479434562182664194
1479433573442621440
1479431514601492483
1479430763443458050
1479428817462587392
1479426276494503936
1479425422232227841
1479424352164536320
1479423669851987971
1479423382047256581
1479423227751321602
1479422815891701762
1479422509975883776
1479422340823871488
1479421051536920579
1479419527322472454
1479418358353121280
1479417269193084929
1479417152960663555
1479414635673518080
1479414147708112897
1479411999624814592
1479411805029953538
1479660593141325824
1479655721096470528
1479654585262166016
1479654399790043136
1479649126946017283
1479644466927390722
1479643858942103553
1479641717053689857
1479640049926881280
1479636794828226563
1479636055607287808
1479633059309768704
1479629298721964032
1479604452323565570
1479604103571410944
1479603698066079746
1479603523637497858
1479603099656355843
1479528772751671298
1479516891781611520
1479509772722315268
1479484429353373698
1479483691835424768
1479467242119065600
1479446658383433729
1479440679289769986
1479439995140141059
1479437605317976064
1479434302773293056
1479428632825061391
1479422414962319360
1479414773628698626
1479414320425357315
1479413403554775041
1479413005150416897
1479410581719244800
1479402333612089347
1479401306162794497
1479401243709632513
1479399400220684291
1479398693241438208
1479398478304276480
1479385134684000256
1479382455253553153
1479381458779209729
1479373868733140992
1479362448243134464
1479361991969964032
1479360240088846338
1479352724072263682
1479350879081746434
1479350771292389377
1479338948086222851
1479338363517763587
1479331751038050307
1479326702920556545
1479322150943158275
1479322148892147712
1479322087047065602
1479321028274786305
1479320991805292544
1479315045926400001
1479314582728413185
1479314399034634241
1479313218224877570
1479310883775922176
1479305379729215488
1479637764719058945
1479624277536088066
1479614220496883714
1479611252108185600
1479601114802651136
1479502731740008448
1479481341146062848
1479475758980472832
1479472548253298688
1479466924840869895
1479466923226107905
1479466843005849602
1479465641266450435
1479459632322015238
1479441496222814209
1479436745993175040
1479430374153342976
1479428057777590277
1479427717766402048
1479427180589289474
1479424698265997312
1479420365684101120
1479415533762011138
1479414441057796105
1479409502675865600
1479405264742731779
1479400336758435841
1479399981790294016
1479394513168650242
1479386606754668546
1479383779902849024
1479380188458749956
1479362528782139392
1479362255728742400
1479360559329931265
1479359856301592577
1479359071836798977
1479358487868043264
1479346244531146755
1479344986923565060
1479342711081615362
1479322054784471040
1479308108782465030
1479302336015044612
1479418112290086912
1479309434027491329
1479651844578185219
1479505908204195841
1479456358948753411
1479445515871797256
1479431064862949376
1479425805520293891
1479418367370924033
1479402075503005701
1479391529252704258
1479307423873572865
1479654863440990209
1479651307921100800
1479628505121837056
1479618411617390593
1479578403648913416
1479548287355002883
1479513917181218818
1479506703359959043
1479497902892326913
1479494542923497473
1479478830364385282
1479466714790199297
1479465654902136832
1479458607578030082
1479446660426002434
1479421689448390658
1479409499941212161
1479390856989667328
1479390681458085888
1479373544882507776
1479370802172600320
1479370735994880001
1479370090474782720
1479368534568280064
1479329963371233283
1479322378890977282
1479315334246985729
1479278004433866756
1479662314148167682
1479659160694243328
1479658960667873280
1479658407833395202
1479657014347243520
1479653087321100291
1479649066086764544
1479641465697361920
1479641340686204930
1479640368249409538
1479633363178721286
1479620431506120704
1479601016458801152
1479585529079291904
1479581503445082112
1479524595451396096
1479515213342724100
1479495780251496452
1479483833598676992
1479465641736245250
1479463897270677506
1479455590850056201
1479444423167512576
1479443248900808708
1479441157142691843
1479437752718413827
1479424472348123136
1479423194679242754
1479420206308945923
1479415808484724738
1479414143182540800
1479412104767565830
1479408358339670017
1479408006953459712
1479407879341760512
1479407793350217730
1479407360921587712
1479403222825533441
1479402828430917633
1479401235803299843
1479397924001837058
1479394508198404096
1479392465744547843
1479387594295103490
1479382335837462529
1479380550892736512
1479380408705843201
1479380300425666561
1479378053704781824
1479375163049136128
1479372457114963968
1479367222896168960
1479362629172928515
1479357309759500289
1479357264523710464
1479352231354765314
1479349573512753152
1479348333646790656
1479343438004842496
1479340494219984898
1479337862713823235
1479337207554985986
1479334703400325123
1479328561626451968
1479328381804052480
1479327342547771392
1479327338869387265
1479324231561216001
1479323974781657089
1479322906928693248
1479322103925157892
1479321694871646209
1479320727182479366
1479319245460676609
1479319179635290112
1479318298227458048
1479317420095393793
1479316533583106048
1479316313927405568
1479315222473031680
1479314139440812032
1479312502215241728
1479311180162240512
1479311173107343360
1479309268327141377
1479308031775047681
1479307983376896000
1479307019626565634
1479303811554369538
1479302378255892482
1479302375336669185
1479302370257293312
1479302365870059523
1479302363227721733
1479302358983081987
1479484695142273025
1479339058945880071
1479336528681725954
1479441501138526208
1479396987665465344
1479656823884066819
1479494676323323904
1479328802844995584
1479312605239918595
1479663856494407683
1479659955372261379
1479574729312845827
1479539566402965504
1479467857096310787
1479642331724668929
1479634211111727104
1479597506564702215
1479510628582957056
1479482893076369408
1479463756845379585
1479462465708576772
1479457728141529088
1479432967889973250
1479329300037791745
1479329034110529536
1479569105350922240
1479396101450989569
1479358099119124480
1479307490177155073
1479408137027284993
1479660615471828992
1479638795397963781
1479638547430731776
1479504194390224897
1479436069330251779
1479391096262184960
1479370871395389440
1479344358004383744
1479338451187077121
1479307358580789251
1479451399280730112
1479368478171664386
1479350550709760000
1479344577597173762
1479329721078857729
1479323867751456769
1479319387093954562
1479309161443704833
1479595572667437057
1479576703533989889
1479537217261346818
1479515166383370243
1479336764342870016
1479316411776319488
1479656643864371204
1479465067326279680
1479368458110308352
1479366675178815488
1479328320441356288
1479447709228548097
1479419390781280266
1479408199451111425
1479407753017716741
1479356171999846400
1479613482853040129
1479473225469808649
1479456967521275904
1479384327678881792
1479383806037532672
1479634745210245121
1479314042145865729
1479316965692825601
1479631689252945925
1479396371564089346
1479366561928413185
1479325633402392577
1479629794002096128
1479414329455775752
1479404579477286914
1479373174613569537
1479325565534367745
1479642297440428032
1479513856619601929
1479476755391860740
1479650732856938498
1479473935578120192
1479361975389863936
1479342123971276800
1479322975094538244
1479418432315482116
1479641718928543748
1479668004858122240
1479473096641765381
1479427174977323008
1479409971825577985
1479409367384346627
1479395739390283776
1479373500561256450
1479360711813844994
1479417295571066883
1479630759044399105
1479426955246125058
1479332045717270530
1479332005040979970
1479354042241355777
1479653863472828418
1479646331249381377
1479646135593570304
1479429349187067907
1479378391342010369
1479374496775610369
1479365062284378119
1479326797791596544
1479316785581092864
1479649687632158720
1479646165004029956
1479606610708238339
1479510526648414211
1479455264721891330
1479449374304325634
1479379660509114368
1479359703301853184
1479341913148837890
1479328442801786883
1479310314713747458
1479655179322486784
1479468138332782594
1479400297160056832
1479400289987825665
1479400282605817857
1479389563969699841
1479365862192607232
1479340787083071488
1479332200956919808
1479329910804025344
1479467490929364992
1479644862265761792
1479488310514835456
1479365681015508993
1479571441083305986
1479571072135544835
1479353268060901378
1479449395741409281
1479439695939465218
1479506145488244737
1479649772348657664
1479648591626924035
1479634173346287619
1479559340671467523
1479526412943966208
1479482725937467393
1479424610999300096
1479412699838574593
1479365688573657088
1479362094596198402
1479312915136081920
1479666864204648453
1479644328993513472
1479523235209232384
1479514216356790278
1479426188212772865
1479409997503086593
1479362948674236418
1479350478089584641
1479348501423083520
1479654697040367617
1479647870068289538
1479614230869409793
1479446915016126468
1479445435651538947
1479440634758897664
1479438929174536193
1479429946422427652
1479427483355078656
1479391372272492545
1479362166352498688
1479355616359432192
1479352229312090113
1479344569753821185
1479426793203326978
1479422565546266627
1479401420075851781
1479557432795828224
1479330587819184128
1479639354502889473
1479395842368806914
1479367996761989120
1479455638837096449
1479455512613711872
1479360738300882946
1479313064688164866
1479312209058537474
1479309795580465157
1479348169246863364
1479351092903579648
1479592862048088065
1479423691628761088
1479385098260680705
1479359522414096384
1479345898698129409
1479495063881142272
1479460209575620610
1479383615762931712
1479044064007712769
1479655450279038980
1479443368933347331
1479421447864926211
1479415344104042496
1479340625996632064
1479664818944499712
1479457421378539520
1479451525327904774
1479441441302593538
1479436019367694342
1479365208946601984
1479337096917569543
1479436223710040064
1479426894902689792
1479363573746909184
1479363544240074752
1479363538032418816
1479322176738054145
1479320385141100546
1479671947776573440
1479654006695751680
1479653201334845443
1479625999209746433
1479494166421721089
1479454077289336834
1479405237521641473
1479386201861672961
1479362400222543873
1479324372858933248
1479533645417177089
1479359102274834434
1479342364120338435
1479379844878139394
1479358582239891458
1479620611890573313
1479460753543340035
1479586822661423105
1479401238823202817
1479586695397867522
1479648443765178368
1479451244749938691
1479325317231624193
1479587200119414784
1479586114243477504
1479586113907875840
1479463319341649923
1479640291925581824
1479636220598579201
1479672130245521409
1479649126224564225
1479632067843407873
1479618935292977154
1479611340008267776
1479599614978244608
1479588872686211073
1479463655557124099
1479437838097678342
1479419283163607042
1479377503076577284
1479347462213091330
1479326753722011651
1479316970755399681
1479316122130288642
1479624592847114241
1479455804575010818
1479441257806008322
1479413604302700546
1479364951173070850
1479345834864959492
1479457632763084801
1479601048868188160
1479481066935107587
1479463535964921860
1479439750062751746
1479426494174679040
1479405565327462402
1479374011234910211
1479364744133808129
1479359364741820417
1479332493958418434
1479323556357935104
1479316123996749825
1479666350062641154
1479646185887465480
1479490798551171074
1479460616427294720
1479387619582644226
1479337609415561217
1479612357584175108
1479606028954226688
1479568053289598983
1479485797552242692
1479450454069182468
1479446803942576128
1479445046948630534
1479438406530711555
1479427308477841409
1479427094123724801
1479369604744892418
1479361646589988864
1479353352076992516
1479444962664087552
1479427242492981248
1479466258244325377
1479328892892508162
1479523017046708225
1479468565208043523
1479543487917875223
1479458379957297152
1479372596906893312
1479621381658603523
1479619137890488320
1479442405799518208
1479372619501555712
1479363489659457538
1479596779645530112
1479478994567254017
1479478709534953473
1479407746827145217
1479406108351422466
1479391576711307264
1479410401229955073
1479388996039966726
1479376938552545282
1479330434974507010
1479644863754768384
1479639809366716423
1479446193444777987
1479403745704177664
1479390138308251648
1479379076259323909
1479349107932073985
1479327827879075846
1479502784445575172
1479470890035269632
1479436578665611267
1479484415747444736
1479356343135834112
1479388407339970560
1479647879513870338
1479664344602267649
1479656247615901697
1479458957148057603
1479458498186399747
1479456332411392001
1479455831523430401
1479446747860520963
1479432760724897794
1479429995151839233
1479417854407499777
1479399924819128323
1479379685087739905
1479363583007858690
1479361554294341633
1479333646821511168
1479674734639869954
1479667057910161408
1479465710891851779
1479462980706205696
1479456158926573571
1479438740867088384
1479426126480953344
1479402511781883911
1479348052913573888
1479331310443188226
1479644223058026497
1479484737731190797
1479422948498804736
1479407243829276675
1479403204555067394
1479386722236436480
1479386069518807040
1479347122524901379
1479344046753546240
1479337961334325248
1479320824897150976
1479623208949239810
1479509717156175874
1479508999208726531
1479387298588364800
1479323458504851459
1479319915903340547
1479669149202718721
1479589039330103297
1479465121558659074
1479438408132952067
1479418304800313347
1479410290269638658
1479406347468763139
1479406289839362048
1479404185602838529
1479377489218600960
1479364855396143105
1479362693517623297
1479354311599542272
1479352606988255234
1479352405200293890
1479341149336653825
1479324347642777603
1479312063440711680
1479654992105463809
1479651648561508352
1479480245388414976
1479445547316486145
1479443085759172608
1479413475562569729
1479377650166611973
1479359388095709185
1479333566073163779
1479460016352477184
1479337579086376961
1479629418460942336
1479498639558918145
1479387671487156225
1479324832252653569
1479678647149957121
1479675413588676608
1479670510753513473
1479667092538347523
1479656246093303815
1479646864857198595
1479613135082328067
1479610685533274117
1479592082553839616
1479500525666062338
1479493483282894848
1479467589910683649
1479455693983735808
1479427362714361856
1479426019421409280
1479416563442749440
1479409500792582144
1479385038118481921
1479366892858986500
1479363035475054593
1479325049702141954
1479323394013548546
1479322024103145472
1479651974782111745
1479458615010283521
1479434749093429251
1479429121339846656
1479401222671110150
1479400558867980288
1479357631315656705
1479483222626947074
1479384068584206341
1479429289611173890
1479368915784376321
1479368263263866881
1479628312871723009
1479594643650015232
1479318110561660928
1479676811541950466
1479675184130891778
1479675181358403586
1479671313832677376
1479659548101079040
1479646772548931584
1479639686658199552
1479634616378015748
1479627826286391296
1479625926224723970
1479625845979303938
1479625844351926274
1479624803476656131
1479620459737980929
1479613592185966595
1479612922275917824
1479609231112228866
1479603766429057024
1479597564634615809
1479596202014347266
1479595861768167424
1479595270690476035
1479594140950167552
1479590883112587264
1479586613638287363
1479582002709811200
1479502418027036674
1479466107807285252
1479465244011352065
1479460454732734470
1479458898352349185
1479449994960666630
1479442747111010309
1479441548643164164
1479432467987591171
1479403056315830277
1479395330600751105
1479368700067074049
1479366653095735296
1479365952605016067
1479352473642934274
1479351119419641858
1479336397769109505
1479335990363713537
1479676052003713024
1479675627397476352
1479654015713492994
1479649809740886020
1479645918643175425
1479632926287417345
1479631115576958977
1479627747538309120
1479622785576046593
1479591994020098048
1479582490272534528
1479464055727280129
1479463579728310276
1479449562578399235
1479440348963213313
1479417601939820544
1479401683373285376
1479395014102831105
1479368305185984515
1479358356896681987
1479327392346742784
1479324230512562179
1479679268120576003
1479645301472305156
1479645170236678144
1479499178069741569
1479492247532064776
1479465084170604546
1479462388948774916
1479457707753041920
1479457204994412544
1479446858435112963
1479419692712271873
1479412292970184705
1479396193910202368
1479388643231821825
1479380335204786181
1479379357412044802
1479370306300956672
1479366287868534792
1479360601528758273
1479354739062022144
1479343266118057987
1479342873023639552
1479340676789977090
1479326717001015303
1479653099908173824
1479634006207606784
1479455451653685252
1479413706320539650
1479409731001208832
1479390608670085120
1479384208636190726
1479377321203318787
1479376189844164608
1479342731986026496
1479380834847055872
1479353482700230659
1479352312866873346
1479352200245616642
1479341911294963713
1479445169980289028
1479436548164796418
1479382218472574976
1479344957831921664
1479675457414918144
1479674699873341440
1479670868523376640
1479644900526223361
1479639075439054849
1479499334064300033
1479451476170735616
1479384549176057856
1479682605234622465
1479468144737456129
1479324381809496067
1479616146605105153
1479636935375085569
1479327366665039872
1479667628687835137
1479378524184236033
1479534992849924098
1479665460090134528
1479415559229882369
