1486911613194366977
1486903199139524609
1486900473055481863
1486895713917104129
1486873247849189380
1486869792183447552
1486867595739693056
1486866539051692033
1486865127781855233
1486856815430475776
1486847483061800961
1486847117461438464
1486830803250081793
1486802239381463045
1486774141596225537
1486740720782385152
1486733405022670853
1486723716230746112
1486715447617613831
1486713736488357889
1486711150033002509
1486709408457396226
1486703638017830921
1486697599482544128
1486685698501459975
1486679122575196160
1486678717497708544
1486670222899625988
1486668705635311620
1486666734086021123
1486666622655942660
1486661391054344199
1486660786676064265
1486660305899769861
1486639380018073604
1486634768779202565
1486629729075535875
1486627732884623361
1486627489870843910
1486622594656731143
1486616364072591364
1486614579257884676
1486614476174462976
1486613521727209474
1486613297667313664
1486612756677554177
1486611277854109696
1486609670450016256
1486609010035806208
1486598958080135171
1486598296885809154
1486596782490406916
1486590887404572674
1486581105989873669
1486580134819745792
1486579248273887232
1486568997495533568
1486568622784860160
1486564028008730626
1486563326574284804
1486550420034105345
1486909522660986882
1486907066933739522
1486900755890319360
1486900220021526528
1486887766663127040
1486883496056426500
1486882507618668544
1486882497300660225
1486870964063424519
1486868865782931457
1486866781842989062
1486856421530812421
1486841559488540672
1486830740239044613
1486747861962289159
1486747737286529025
1486728514682253316
1486728078873092097
1486725290738917391
1486721565819424780
1486717494156881923
1486714994876055557
1486709103619678209
1486708531231215625
1486705459947978762
1486704929221713921
1486698924643524613
1486698295900524544
1486697572924157953
1486696623992356870
1486692401963945985
1486679672809144323
1486678000170983424
1486662366657867777
1486662359745642497
1486658258483875844
1486649424130371584
1486645408722046977
1486636774831001607
1486634811351572482
1486626220162703360
1486623304072843270
1486621200759537665
1486621182308798467
1486619789304877061
1486616561016311809
1486616125894922240
1486615716530823174
1486612731004260369
1486611897222787074
1486610335201116162
1486606154926940164
1486605700394532864
1486601088182591493
1486598899699576834
1486597459719561220
1486596589963513857
1486595460202651650
1486594000827994116
1486591978280132613
1486589413224185857
1486589409046659075
1486588037912051714
1486586808431308803
1486586353781334020
1486586173124341763
1486585397417156618
1486584488838643713
1486581522551296000
1486581018765062149
1486576283676905473
1486574347288338434
1486573773071343616
1486573771548872705
1486572409314418690
1486568135863902212
1486566333084880902
1486558662713872384
1486556953983602692
1486554165769760771
1486552829065981952
1486552725340909569
1486552296217452548
1486905817341128708
1486683885144457218
1486562278338031617
1486906259919892484
1486904296285351938
1486904124411375616
1486903880160280577
1486902249666142218
1486901926658641926
1486901622878142468
1486891239152943106
1486889990143365120
1486883738286174209
1486882144433491968
1486881964926054407
1486860986737111040
1486855982328446976
1486855459847819264
1486845895673286658
1486829501057167360
1486768307134812160
1486767487316160514
1486760853135192064
1486733882862882826
1486733267340455944
1486718597669941253
1486708479670702088
1486704295076515840
1486688538837979137
1486677951642955777
1486676944108220421
1486675998779133953
1486665697799245828
1486649315783151618
1486645525126385667
1486639640274608130
1486632119229358081
1486630056000573441
1486615905500995588
1486602756882251777
1486602248520044550
1486586245597655045
1486583699789336578
1486557925438984193
1486557290815635457
1486553583239659521
1486552366094569472
1486866345274712065
1486558511836250114
1486910582431227906
1486901624735866880
1486898763855953924
1486897374752821248
1486894526610702338
1486887008945713155
1486885359262650370
1486884887688740865
1486880526380122113
1486870389619933185
1486868736762343424
1486854100666880002
1486675794592247811
1486673863949762569
1486649967028543506
1486649406698840067
1486643894263562244
1486640511972569090
1486640192748404736
1486635991590789120
1486629561550835713
1486628798040662019
1486622601229176836
1486621505693700099
1486615155957911553
1486614547590909957
1486601647883231233
1486592986389438465
1486590002146414596
1486562968288608257
1486558822097248256
1486552685046218756
1486910548969148417
1486908401925836805
1486907807647805452
1486907196864487434
1486901626828845058
1486901619656736769
1486900539799453696
1486899346360569856
1486897156149563394
1486896832194174986
1486891530283786240
1486890914765492225
1486884630426898433
1486883865704554506
1486883065653694466
1486882446335672320
1486880371598041090
1486877945159626752
1486873240836648961
1486870409903747074
1486869848357441537
1486869416201822211
1486863555421143042
1486861602339328001
1486861252572098561
1486854422856486912
1486849254282776576
1486839522025369600
1486835551235809281
1486819936685101058
1486807294721417217
1486776446479585280
1486768970350796807
1486743430906593281
1486727338607841285
1486722406597103619
1486717766736379905
1486715862736261139
1486715156272844807
1486713393801166862
1486710160571523075
1486705634032504833
1486700369056911367
1486695884884561922
1486693979341131776
1486691861792116738
1486690633557311488
1486685378379595776
1486684992696504320
1486677894428389376
1486676189762625538
1486676157764288512
1486673843921960962
1486671665773744128
1486670501699272706
1486670270110654472
1486668268496560130
1486661204076417025
1486660415232696322
1486659381030760453
1486658742645051397
1486658578752897026
1486657969953509377
1486657727279497223
1486657497523884040
1486657347082604546
1486657153188261889
1486652714725560323
1486649317372825601
1486649313811845124
1486647695955562499
1486647166772727808
1486644843270967296
1486639016493547524
1486636347293003778
1486634594954727424
1486627604656365568
1486626408541552645
1486626015262642177
1486625100786978821
1486623562387525634
1486615816887943169
1486615623635378179
1486614576791576576
1486614468029083651
1486613802942533633
1486612914282786817
1486612907513188353
1486612445904850945
1486612101770604545
1486608056003620866
1486605983879024645
1486605057114050565
1486604964335996930
1486597767199789057
1486597692079763457
1486595581875154948
1486595253079474176
1486595040189108235
1486594652085968896
1486590006042906631
1486588818224398338
1486588815611289601
1486588813442912256
1486588421216686081
1486587731610259456
1486586811996520450
1486582524755136512
1486581520202567681
1486579801871765507
1486573668608086023
1486572041872429066
1486571180513378308
1486570229685624834
1486569055024652290
1486565837523718146
1486563340390256641
1486559950893555713
1486557625571430400
1486556785309749258
1486556396250275846
1486556262800105475
1486555716273930243
1486553790635339776
1486551325525508099
1486588126868885505
1486911966174412800
1486911757507764227
1486911666105503746
1486910915585146880
1486909450527330307
1486909232674848769
1486908516841693184
1486906788134146049
1486905669731385346
1486905059128479745
1486902911355752448
1486902518714372097
1486901686296014851
1486899388240646144
1486898674705727488
1486894561313972226
1486892546672390145
1486892532428525568
1486892389524336641
1486891790279970816
1486891103097798656
1486889175823437826
1486888597425123329
1486888539342008320
1486888384555794433
1486888267899301889
1486887798582001665
1486887790889807874
1486887251225235456
1486886659279192065
1486885493459779584
1486885073496551427
1486885042089390082
1486883870234406913
1486883520027193347
1486881373655019522
1486880250722406401
1486879112753192962
1486874818293436416
1486874483843821571
1486874059602563074
1486872009355063299
1486871492960808960
1486869463752638465
1486868788541034498
1486865236015849472
1486864811216748544
1486863139002290177
1486861785521029124
1486861437448306689
1486861430078853122
1486859794950815744
1486859093226799106
1486857737795342339
1486854933962170368
1486852104555986944
1486850357078605825
1486850237964910592
1486848385290276872
1486846915291627521
1486842126952370177
1486836939651117059
1486830921437249536
1486829656300929024
1486823064394338305
1486814968754282503
1486806851970691074
1486772199662841862
1486771752969506818
1486768519224037378
1486768044965728257
1486757511973593096
1486756588928917507
1486756338310934528
1486752898683785216
1486743939528806410
1486740477235773442
1486740184859222018
1486739532372320261
1486738308658913287
1486730612375388173
1486729802589503494
1486727096059580423
1486725651956584455
1486724495977377792
1486720598046691335
1486719999049801735
1486717882805284873
1486716158401138702
1486714076726059016
1486713938632790029
1486713097809104906
1486712763271421956
1486712734653681664
1486712195576918017
1486711121507598341
1486706097381466124
1486705744778960899
1486705639430627331
1486705252401254403
1486699560210624512
1486698180234211338
1486697746987843589
1486697586232737792
1486686780485107712
1486686594924830721
1486684483512197132
1486684448116461568
1486911961065730051
1486911936918962187
1486911876478889984
1486910763247620097
1486910573929373697
1486910508347318274
1486908752435769344
1486905938342670338
1486905137268682753
1486900850026901505
1486898985902428164
1486897633364897795
1486893807396278275
1486893677977174017
1486893168536678401
1486892527257284608
1486889125202432002
1486887911794614274
1486885943713931266
1486885713237135361
1486884857447911426
1486884167942303744
1486883080627683329
1486882391511617541
1486882382913609728
1486880242685734913
1486878076529115136
1486877751663796226
1486877318652243971
1486876704308011008
1486875952311574533
1486875461875503105
1486872431704694786
1486871506902601729
1486871443745144835
1486871158523789312
1486870652770742272
1486870150129545217
1486869046725279744
1486868099463020544
1486867833082585091
1486867680241930244
1486867295607857152
1486864962937323520
1486863662631763968
1486862598993629184
1486860751167971331
1486856969248178176
1486856658881953793
1486856652641161216
1486855828925784065
1486855217950117890
1486855044540821504
1486854890056224768
1486852512250753028
1486849772099043328
1486846175408013313
1486804961392570368
1486783265444806656
1486778776889356290
1486762652445544449
1486760928033091590
1486759651249049600
1486756764749942788
1486750602830831621
1486748253072678913
1486743972496113668
1486730655601856514
1486728119973081090
1486726442037628933
1486723180748152848
1486722838165815309
1486722832625111042
1486722273755090953
1486720832151818245
1486720692628619265
1486720454207234052
1486717490272997378
1486717289818853376
1486717001384951808
1486715657018167296
1486710780808552448
1486707750562250760
1486707329865191426
1486704818840215552
1486702685201989638
1486700205667987464
1486699903598268419
1486698949880815621
1486698826857549828
1486698098118250503
1486696458770210818
1486694169309372416
1486692067615002625
1486688215343906825
1486686913322831876
1486686668371337217
1486686371867627522
1486686090106847234
1486686085212086280
1486685701190127621
1486685525763231749
1486684427660906496
1486684143622651911
1486682669484105732
1486682168269017090
1486681646266871815
1486679473659416581
1486679119861485577
1486678612245823488
1486672903785517056
1486672865571135490
1486669922167971841
1486669244771098626
1486667921782833152
1486904757029842944
1486894997945614336
1486887557384515587
1486867907238072320
1486867482283757568
1486862119438254080
1486859116127526912
1486822456358703107
1486791782692184073
1486742534692892677
1486733900558729222
1486727832692617220
1486725531722682372
1486708047720321030
1486697321135890445
1486696867366772736
1486696729168646145
1486695634690183172
1486691675221094403
1486690769909936134
1486686749803704320
1486674193030602760
1486674187691253761
1486670992407597057
1486670295142260737
1486664798599204869
1486657739577126912
1486655660674584579
1486651554182557699
1486651548008472587
1486651518098890757
1486651508368101376
1486650611588161537
1486649511560634372
1486644790292668417
1486644266822631425
1486644156587859969
1486640733788377089
1486640115443060739
1486639694431408133
1486637399354470401
1486635100536143874
1486634287042416644
1486620450553614339
1486619953205702658
1486618984766050311
1486613079232172032
1486608100429742080
1486605623806423040
1486598594090074119
1486588780186243072
1486587107300708355
1486585495337373698
1486579877700530176
1486578460264779777
1486575988313972737
1486568579881312257
1486567920746434563
1486911957362159621
1486902907752665088
1486899439763554306
1486879029081014273
1486839691936632833
1486738875191988230
1486733379735199745
1486730726498131976
1486717089607929857
1486709004109709323
1486708537120083975
1486705339596779523
1486703809308942339
1486700729951604740
1486697389452713985
1486693176354099201
1486675878188699654
1486674122637668354
1486661453931171841
1486652112901607424
1486645209874440192
1486643401994870788
1486636943890792451
1486632971436052484
1486632057585516548
1486620744599568388
1486609956463788033
1486598579506630660
1486580813802049536
1486562380259606531
1486553051179614211
1486638008564547584
1486872993850871809
1486848520619696129
1486717634619985921
1486710349013274624
1486700674725253128
1486691785858437126
1486690028583415811
1486674726642589711
1486671148880261120
1486661000325599233
1486649389435146242
1486607330535882753
1486559315800461316
1486558137985363968
1486610447717523459
1486901629047623684
1486890379009875972
1486889535409508354
1486880084346630144
1486879841702264832
1486850147749224449
1486837748891717632
1486731245203587081
1486730730608553986
1486727809326149639
1486725265313075215
1486706773754986502
1486703631478845443
1486698963398893568
1486687883339599874
1486684383205421058
1486683999627927553
1486672912681635844
1486664390732443648
1486660419158933509
1486655448493150216
1486650946268528644
1486647673646198788
1486646633961906176
1486645442494402562
1486645041565028354
1486644401208102912
1486643890836828160
1486639277794488321
1486639267879088134
1486637658717573120
1486636046536241154
1486635973932847105
1486633158871113730
1486630936573734921
1486630638946074630
1486630237592981507
1486629722536689664
1486626046103351296
1486624164630859779
1486618074459492355
1486617517741129737
1486614351058391041
1486610419083091973
1486608597823803393
1486608479779377155
1486607949476753410
1486607013207445508
1486605039170846723
1486603944784760832
1486601558049509379
1486600143746985987
1486598523789348868
1486598465660489733
1486598260949016578
1486598100177211393
1486597278068477956
1486596384396431361
1486593647512416257
1486590882346201089
1486584205999935491
1486581400731996160
1486578419055751168
1486571072568713217
1486568804930899971
1486566274662498307
1486559907281178627
1486558972316307461
1486555246927261696
1484436345196257280
1484436343644377088
1486902459385761794
1486699781741178886
1486681513357811727
1486676892061106184
1484436346647494664
1484436342021181443
1484436340582543361
1484436339135492103
1486692684483809281
1486576145600368644
1486572265437163521
1484436348245524480
1486644227773583360
1486693740861263873
1486698568123518986
1486700762176446470
1486871903356833793
1486728353348390914
1486710529661943816
1486680611385331712
1486595133642473476
1486725579571228679
1486605397934764036
1486594897272471552
1486570986589749249
1486566902138691587
1486892637839773697
1486892142790279169
1486889745527422976
1486885455060627461
1486730082047594523
1486720029064249353
1486708195963772928
1486659314303463428
1486606507638591491
1486582056440061958
1486559353360437248
1486837885365993480
1486830243159576579
1486733113870880772
1486655452322537480
1486601244923760640
1486600985334018049
1486562073165254664
1486883986412486659
1486707858716561416
1486670103026429952
1486903445701693441
1486750479098941446
1486583516334751746
1486689736110444561
1486584710260084738
1486606683954552835
1486561991460229123
1486857407410049024
1486774732770873346
1486594900279758854
1486910265438314499
1486873924885684224
1486867495906873345
1486753917505400836
1486721343303258125
1486720573447163918
1486658736005410823
1486653514377928706
1486648444718510082
1486587358484959233
1486581116198739971
1486720061209333776
1486705219568242689
1486689672487002113
1486682013797011456
1486659502522855430
1486608203215294472
1486580976725622789
1486902826378743810
1486893029403217925
1486858633858416640
1486742126490648581
1486679993618894854
1486677353958764549
1486566180584189952
1486876479690768385
1486868868660629506
1486578038804398083
1486846682214309890
1486564762611642373
1486823402006401030
1486607217214124033
1486607122729082880
1486823888533082116
1486693470840360963
1486904464703295490
1486866618135236613
1486823745784205314
1486701140511117316
1486694402651082757
1486634931186847744
1486675371806183424
1486649659569229824
1486641359670841346
1486641353496817664
1486641345384964098
1486629843194167296
1486593987628601344
1486581440196210688
1486912326263775232
1486864990195826689
1486652633238556673
1486604049864560641
1486915041018273798
1486854903834488835
1486636515899830279
1486879825268674563
1486879380882472961
1486711841132711938
1486680670529200129
1486880270796324865
1486701481696772097
1486599238247092229
1486802827800297473
1486802172037591040
1486611380987850759
1486605522136494083
1486695990979547138
1486654187047849984
1486576006097899524
1486567033172938754
1486558130846662658
1486706900087439363
1486706144621989890
1486702314362576901
1486694257708572678
1486693026256678917
1486680848950644737
1486677016849969154
1486631995073437698
1486626913099546624
1486597008542482437
1486692357508513794
1486705713871155202
1486705456714162178
1486665885968334849
1486612442650066949
1486611011415134209
1486597084102881282
1486906142127423488
1486680969104920585
1486657530595975170
1486842216652099584
1486706248082857993
1486679926396784641
1486671020144484352
1486671932451803138
1486900823045316609
1486866094946385923
1486864267986948098
1486722269850210310
1486625524164165636
1486735548202897409
1486611220631273474
1486771840059985927
1486771396860465153
1486771393534455808
1486746303010783233
1486655777129385984
1486625949713981442
1486621622333161473
1486621150499115011
1486614169415831553
1486565519691948036
1486903497362931713
1486893510032691201
1486891872354451456
1486887066617081856
1486870985663860736
1486869625556320256
1486869417170731009
1486782436478386179
1486742325606830081
1486723520511893507
1486721480922595345
1486720156243939328
1486699605987237893
1486699177203617795
1486698697538764801
1486684451169992704
1486665372505804803
1486631905403367424
1486609539495448576
1486599339921215489
1486593859115122693
1486588990681587714
1486582680888119300
1486547927208128515
1486771394964713473
1486674528503697409
1486644229262565389
1486611229502324736
1486607044031352833
1486886843857932288
1486736173196201989
1486753199830683648
1486912263504105477
1486740845680541696
1486575043920289802
1486574740575690754
1486663436758966273
1486662823837003777
1486662562385055744
1486655781470490626
1486700108041187328
1486697752729821184
1486574642475122694
1486741704653025280
1486741253832474630
1486740765695180801
1486740599101587456
1486739545253367809
1486739403678826497
1486663038941818880
1486575140359917569
1486574939293433862
1486574512627802113
1486867141689487361
1486685568629022724
1486625114133204995
1486594953471934465
1486586621826793474
1486564700665962500
1486885807516438530
1486871476699422720
1486837124179525632
1486814694161715209
1486663273701208065
1486641888035704832
1486592845263691779
1486577347797172227
1486875997731377152
1486846530019639304
1486806887232413700
1486902714110201866
1486633391680200709
1486629928695054337
1486618313870307329
1486611738871009283
1486610382517014530
1486892391738986499
1486877764607442944
1486847307450843136
1486771355399999490
1486755183698796546
1486741850513833986
1486729043986710534
1486728908703617041
1486711296422662153
1486688353214865409
1486684840699129857
1486682590719315978
1486678687629996038
1486678479596765197
1486678120023289858
1486676597188947972
1486647456104214530
1486616664049274880
1486613374217560067
1486595939196227586
1486592602862325762
1486569221391667202
1486802333442854916
1486716511637049346
1486705664340619268
1486672146508120071
1486668188074999813
1486658287059701762
1486650567136927746
1486648905269870592
1486645842014400515
1486645156069609476
1486644816381313024
1486634075079151616
1486624710636933125
1486623795058135044
1486597687235338243
1486563829525872643
1486911282490281984
1486900301198082050
1486849045880766465
1486785833826803715
1486785066973888516
1486743896654708740
1486615842871672841
1486865587745992704
1486774797350539265
1486873133818650627
1486733822343331841
1486621773109989376
1486619259258097673
1486690740277239813
1486603409918554113
1486917621404827648
1486613131014983682
1486895222017560581
1486740320440119296
1486674579992969217
1486652865393295364
1486600818119696384
1486751977732075521
1486749765509746688
1486773708353986565
1486564967226568708
1486637443302379521
1486681037098799108
1486679484891680770
1486886997234892800
1486881350921887744
1486879874858242049
1486831293748834306
1486826284290232320
1486693770573713414
1486664028407484418
1486628666343755783
1486625755047944194
1486603202376044544
1486577260819738630
1486912409671327744
1486770277681827841
1486716107473899529
1486714843432304643
1486667408416772106
1486891478357975049
1486884434276401154
1486669854518120455
1486655014349131776
1486909174890266624
1486662613584912384
1486651515829772292
1486648456441589760
1486648201184641025
1486919314502340608
1486911910725312514
1486908407420391432
1486875778185035777
1486872463074283521
1486705060423692289
1486697115619233793
1486695683453161477
1486694829044088836
1486690592964759555
1486685623159169024
1486676006366633987
1486667046456680459
1486663148799102984
1486661170127794178
1486648849137500160
1486648644308664326
1486598721009700865
1486598679830036486
1486593027225178112
1486589311210254337
1486583732752371714
1486574042094075905
1486573368463982592
1486566680679440385
1486563945049587716
1486883091385765889
1486763495752278018
1486728948503367689
1486727469180747781
1486683887837212673
1486677839374000130
1486676060028628998
1486642790406582272
1486632527192154113
1486597910246543361
1486825802058530817
1486824279844950016
1486821041871605760
1486820073637441537
1486819188253413377
1486687922975764480
1486644096902983680
1486643647420383233
1486590360688103424
1486612023509094401
1486911002805370880
1486854030554845185
1486645337498415107
1486707199506206722
1486568608738148352
1486872906126684161
1486724798679961600
1486702628192980998
1486639864082677762
1486900049762451456
1486892024142139393
1486884738204073984
1486774768074301442
1486646729860468736
1486628118630584322
1486611639705112577
1486592499586117636
1486887953293246464
1486738647571255304
1486699704683356167
1486674383753998340
1486672109384335368
1486652616461283331
1486624497805377538
1486640811143950336
1486595186608132100
1486584108536848386
1486584035035926529
1486906684803252225
1486900142661791749
1486891442782240768
1486889618339287043
1486886918604263426
1486886169715802112
1486871986894962694
1486833171995848707
1486738316036878337
1486737507806973956
1486731664067743766
1486727533437480960
1486716084812062732
1486683207575629828
1486677944281886726
1486670946274406403
1486670304168472576
1486669868090884105
1486630892151791616
1486624669243371521
1486621260561870848
1486605232993751040
1486598594329075713
1486587107317469187
1486586955798245378
1486576000376795140
1486569528007950340
1486569252811259905
1486899653756944384
1486899214529425411
1486889195188547587
1486883611970179072
1486873589454303234
1486867292470525952
1486836904825790468
1486833903520272388
1486810708423548929
1486766911736016900
1486758828502753281
1486751237294854145
1486725008827191303
1486724443556618249
1486718002351407109
1486704941594865665
1486693194402201605
1486691129319854080
1486683765736837123
1486674385276583939
1486668970253897731
1486661803752898560
1486657164873666565
1486656748156981250
1486656392484114437
1486655960605085698
1486638389998678019
1486635582432313346
1486632778955300864
1486628765354496003
1486624097798811653
1486619740256694278
1486617292465061892
1486616053530574851
1486613671178432519
1486612351667228675
1486604630754660357
1486596583802032131
1486595343559004162
1486591938568597505
1486583727224352770
1486583711340527617
1486581016827359234
1486580500856598532
1486578205012082694
1486888940703338498
1486879935101018112
1486861238529556481
1486852387050762240
1486839337568256002
1486819105520820224
1486758771141476352
1486731100156137484
1486730102691958800
1486729636838981644
1486712211863076872
1486693675732070401
1486687038845841409
1486681962459058183
1486680238847234050
1486679852061102080
1486660651846037504
1486643537085177857
1486643183027204100
1486640292451143681
1486636146247483392
1486624660892442628
1486605109727723525
1486601712232132612
1486601546779430912
1486595998415667202
1486584582459695110
1486858277237698560
1486857091738660867
1486812593494843396
1486738233924935683
1486714181030088715
1486678656810319873
1486667555058053121
1486661767828701187
1486656136866631680
1486650686901088257
1486621397946302465
1486612146439876614
1486592038590160896
1486912797158297600
1486840402837934080
1486641118263480321
1486625377623494658
1486596559001116681
1486899609192771584
1486894743460401152
1486920231822184450
1486632964171591688
1486600925758296066
1486837699700932611
1486633550564638725
1486859521666723841
1486852165989990401
1485845273813610497
1486858737222832128
1486701369050337280
1486579591435067393
1486600289931042824
1486919015897628677
1486569480566104071
