1485459853011464195
1485459142408306688
1485456662907731972
1485456326054780930
1485456239694065667
1485455524091281409
1485455309191659533
1485454699725828098
1485454456120655873
1485454041564200962
1485452058652463105
1485450440049557506
1485447517449904129
1485447144052264964
1485442180403838976
1485439629243592704
1485436285166981120
1485436267806736384
1485417042475991046
1485395990358405120
1485394562390511617
1485374257106665475
1485371769267822596
1485345163727810567
1485296960886263808
1485284983514464258
1485251770410749955
1485250427675635714
1485240369755594753
1485240003328606211
1485228347655618565
1485221535732613132
1485217499709079561
1485205315465641985
1485204837830885380
1485197690493628417
1485197500940263428
1485184884675346434
1485175998488657920
1485163952078217217
1485153266107584512
1485131180601376769
1485129508735057923
1485124132366782471
1485113443934158850
1485236646648123393
1485457932968161282
1485453453174657024
1485452853158232068
1485451391410012164
1485440078868795394
1485436713140834305
1485434926195687424
1485433740604370945
1485432827315462147
1485429647772815366
1485428536790097922
1485427854989205504
1485427573697953793
1485427564487507968
1485418529985859588
1485416702427168770
1485412075849789440
1485409386797613056
1485408148240625665
1485394546376994823
1485394543562620928
1485385699058937856
1485382634679197696
1485382612004872197
1485312342821072897
1485301603091755009
1485285697493815296
1485280055962251264
1485270527841570817
1485258348765519872
1485254181015658501
1485252170027266049
1485252047813644291
1485251454210551812
1485242572289495040
1485221258761588740
1485220673849024512
1485220416398721030
1485220056040624128
1485213242222051332
1485204829270347780
1485202434737963016
1485196780627456000
1485195998024675329
1485193279889100802
1485191642097328129
1485191100113502208
1485189316510896128
1485181582587711489
1485178017467203587
1485165029024747521
1485164146639261697
1485150848686727171
1485135009392787456
1485132010075336709
1485131726066417665
1485130093563609091
1485123983402233860
1485215220268408834
1485149493750550530
1485132035593101312
1485121833292939264
1485461895322783746
1485461879950565377
1485454001571528706
1485444684315262978
1485443863263473667
1485441890350936064
1485438450719662083
1485435431886159878
1485434049472909313
1485430559258349569
1485429787615444994
1485423634646994946
1485269861333094404
1485258693898022915
1485220518177476610
1485215045269487616
1485175649774243844
1485171689830989827
1485163694627733508
1485162417344905219
1485157180378521601
1485157057347334147
1485155819910213633
1485154996954230785
1485151238094483463
1485130627360104454
1485118077591498754
1485113754912452609
1485424465102409730
1485331023261220866
1485295038930505729
1485250400349745156
1485454902172295169
1485431790454341634
1485423538677096450
1485415516387028994
1485371801022705664
1485328298167382018
1485277069181612036
1485228575012057089
1485209047473471488
1485208010800926722
1485207965825122306
1485196927750840322
1485182670833393665
1485140258408828928
1485134625601212421
1485130565602926596
1485456465141780480
1485455574922043396
1485454159650635777
1485454082123124742
1485448162714460160
1485441560686649357
1485440725911490561
1485440480221761541
1485439432765603841
1485439245150220288
1485438137174093826
1485435460520673281
1485435310997913603
1485434705864716288
1485432195334684674
1485431811312611328
1485427522292514816
1485422716933251072
1485421744643276801
1485421743129100293
1485420297654530049
1485418844197769217
1485417696296837121
1485414611310772224
1485402256497573888
1485305550594543616
1485274346168156164
1485269638166753287
1485269312235773957
1485265367127949314
1485259002854649859
1485251901935722498
1485251052924710919
1485249916578729989
1485247481411944448
1485232706116255747
1485217189481566210
1485214154307026949
1485213899121381379
1485211050282827779
1485209868898562050
1485200348914778114
1485199717441028097
1485196969991897091
1485196054358282240
1485193170799697920
1485184913439879171
1485182072197357570
1485179246158880774
1485177973372506115
1485177258440806404
1485171053211287553
1485165166354640896
1485163688889925634
1485160360563077124
1485155189770579969
1485149760185303040
1485149013888352259
1485136214730874881
1485135772307312641
1485135437295685637
1485131772627423238
1485126303116259336
1485123761779388417
1485123579692089344
1485121316714070018
1485114789357813760
1485112581543329793
1485107526043639812
1485106509847855107
1485409609171226624
1485141009105571844
1485131798556594178
1485131376035008512
1485462066291167241
1485461454644219918
1485461266798104587
1485460997515386880
1485460659202838532
1485459836024537090
1485458141165023234
1485456715751432195
1485455848688472064
1485455616395321344
1485455552188915712
1485454786418057218
1485451536797175808
1485451037095776258
1485449021796020224
1485448900698083328
1485448860705394689
1485448759131529216
1485448615846121474
1485446935989620738
1485446704988299264
1485446608653545475
1485446199117492226
1485445780286885889
1485445085768851457
1485444385068433410
1485442994983432192
1485442171453190144
1485440803900391424
1485440799685120000
1485440602837643267
1485440055451828224
1485438430012403714
1485436750453678081
1485436615342555136
1485435038418505728
1485434470195154944
1485433830836436993
1485432132311068673
1485432063671287810
1485431965587509248
1485431898126299136
1485430249810968576
1485428263497637891
1485427636877012992
1485427498007822339
1485424348966305794
1485421275673927688
1485420838002343936
1485418912577896450
1485418608952233986
1485413499056852992
1485412230841905152
1485408487446544385
1485404529202204672
1485396821815947265
1485392378143850497
1485390875887009796
1485388316191371265
1485381267290202112
1485376706601156608
1485376559896985600
1485367171408887808
1485335580154413058
1485331514288386048
1485325842641481728
1485324894284152833
1485304839949406208
1485294317824806912
1485291949213237248
1485291373293371393
1485289711686254596
1485283659645341696
1485282341891473412
1485279405253750785
1485276291838640128
1485273321092808704
1485273082655014916
1485272796834185216
1485265573131210753
1485263998170054656
1485262693938626572
1485260351663120386
1485260257211580419
1485257427348234240
1485255837795106818
1485252163215695872
1485250380263227397
1485248724117106688
1485248399465390083
1485245205704241153
1485244192024821762
1485243083117969411
1485242848958369792
1485242062195015684
1485241860218327040
1485239999939608582
1485236587793620998
1485235117216104448
1485230785674510339
1485229362664583171
1485223962443653121
1485221351187435520
1485221027785613317
1485219760136949765
1485219464904056832
1485218950942441472
1485218889806270468
1485216811255996417
1485214920547659779
1485213831924416512
1485213158755418117
1485212919965319172
1485212127233474562
1485211560939499527
1485211174748958726
1485211116024508417
1485207561314119681
1485206707014094854
1485206526575116289
1485199408920727559
1485197227928993792
1485462494479253512
1485462490914127873
1485462373674754052
1485462117201625088
1485461553302630401
1485457689019035650
1485457334096834565
1485455881102065666
1485454799508504579
1485454312986021888
1485454282950336512
1485453887348023301
1485451410108219394
1485450661420355584
1485447274369101830
1485447191741493250
1485443226538766337
1485442201316642816
1485441148785410049
1485440892890914817
1485440049139560448
1485439640702271488
1485439401878777857
1485439010223030273
1485437999634477058
1485436727376244737
1485435909034356736
1485435030831009795
1485434738408321025
1485433645762748417
1485432247620706308
1485431786335522817
1485430980102209540
1485430650622849025
1485429785345941505
1485429278351437826
1485428022039564288
1485427428772442112
1485427421147201537
1485425739776524288
1485424237519446017
1485421332435451905
1485420523589095427
1485418483437367297
1485417632937680896
1485417241680424960
1485414644840022017
1485413761809027072
1485413300217122816
1485413084953190401
1485411300834680832
1485410782016045058
1485410153789030400
1485408896764153856
1485406097016262656
1485405764496027652
1485405023966482432
1485404707791466497
1485404491490861059
1485403949381615617
1485402712166768642
1485402126989803527
1485402093649526784
1485396022369349633
1485341697114767360
1485338319739588608
1485328232660766720
1485313990188220424
1485310115058446337
1485297117333962752
1485291727514910724
1485291707705196545
1485291538347626496
1485289444605595656
1485284560841883648
1485282041222799360
1485280804515495937
1485279839380992000
1485275799011962881
1485273981871882242
1485271991447810048
1485270701296988168
1485268222996000771
1485268164942663680
1485268037255430149
1485260469258813440
1485260425898135560
1485260190593482753
1485260123706916864
1485259747406520324
1485255403177123846
1485255258951413760
1485253946193362944
1485253607989850113
1485251732103786499
1485251232986189835
1485245891548430346
1485245533895925760
1485245299207852034
1485242770159968256
1485240983612981248
1485240366123319299
1485239657407258625
1485239396790317059
1485235763386396675
1485234973460566017
1485234572929691649
1485234543280164866
1485230859263561731
1485230848072826881
1485230147531902976
1485229951309991936
1485229840181587970
1485227121924767744
1485227100177313792
1485227098327613441
1485226955557720065
1485224288798253058
1485223435605520384
1485221916957081608
1485221535975493639
1485460223246872581
1485457737425494017
1485443925171384321
1485437871729561601
1485423855363817473
1485422642983497731
1485422637866418179
1485421066277515265
1485410288698785792
1485406790225637377
1485402702268235776
1485402628989276160
1485342231221395457
1485338669766836224
1485289843722981378
1485281749697699841
1485275908088819715
1485274253310464001
1485269279734116353
1485267837149401088
1485266981704310784
1485266835851608067
1485262409120247811
1485259611305574400
1485250230828548098
1485245529139597318
1485245524903350272
1485243840567324673
1485243554490613765
1485240306790727689
1485239784641826829
1485238919344324610
1485236712368644101
1485234762583535619
1485233924796076040
1485226961475899392
1485221980123312136
1485220749883633666
1485206795564232704
1485204572922851329
1485203421518970882
1485172713811775489
1485171498688323584
1485169586266054661
1485168901692719106
1485163276434817024
1485161035984257029
1485157001827348480
1485147848383807489
1485139032296550402
1485132319958929408
1485130442185781251
1485128751826743299
1485122574959116289
1485122437822185473
1485122211531096065
1485118222332735491
1485115159857475585
1485105924306087938
1485462713568530436
1485461057284222977
1485460276518727681
1485459524035432450
1485452769066876928
1485450746086985728
1485447334733705221
1485438757780217856
1485432380865548291
1485430647779119108
1485428905813360641
1485420820373864448
1485420379640590344
1485297235827265536
1485234477714784271
1485228067132145672
1485219097067798533
1485214532301893634
1485211587355246592
1485210346856284160
1485209530556645380
1485158936831737856
1485150641333104643
1485147878221926400
1485146062738567170
1485139335788003330
1485132884734521345
1485114074786455557
1485107166185136129
1485437854012510208
1485416485078065152
1485277862488068097
1485255704688869379
1485234409846747144
1485091996423581698
1485456981360275457
1485444456602304512
1485442423342120960
1485423595014987776
1485284805382406144
1485259064481546240
1485249911763648521
1485178000404803593
1485159329049477127
1485453341564243969
1485447022560034816
1485439335004774401
1485435906064789505
1485428276713902084
1485408348300324868
1485389013758320640
1485387633333133312
1485255304300613637
1485245219969069056
1485208119571410947
1485190611569369091
1485184180711739397
1485179218833317894
1485176612559925250
1485145327086841860
1485142431905374208
1485140247423995910
1485133517017202692
1485132298471284744
1485130228280274945
1485129633276493830
1485127391869825024
1485127276970786823
1485119169691779074
1485119082580094979
1485108196595597313
1485105663802232834
1485210295924830212
1485209576895295488
1485180991539154948
1485297790310031360
1485216991355207683
1485213426301693952
1485149727624949761
1485131676548476933
1485209873801682945
1485207628485906437
1485199533499981826
1485171366878150656
1485171282736185346
1485171197583425537
1485170785744752643
1485169924587012098
1485163271397478401
1485163240623845378
1485447154466701314
1485439227496374275
1485314140826931200
1485407390258573314
1485185311491899394
1485141306674679809
1485406235847688193
1485292762979536896
1485288919931691009
1485258881601511426
1485157733217497088
1485130762903240710
1485460653435662337
1485457762373226496
1485299604753350662
1485237749133488131
1485210261824933888
1485113706728280067
1485464795847733252
1485384982785060867
1485203529438724096
1485168939051417605
1485126451623981059
1485117648895905793
1485110828508790786
1485456343427596302
1485447534160285698
1485418803265961984
1485331210650144768
1485207182274854914
1485253863783690240
1485262418569994245
1485239865990324228
1485258261452722176
1485241564591190018
1485453967165652992
1485449610709864452
1485449370413973505
1485447989401645058
1485258498309226498
1485120760360611848
1485434893702434816
1485432636801961984
1485248859714748417
1485203892292165632
1485189185544003584
1485126481227689988
1485142230356852736
1485301987088695299
1485215133219823617
1485208851633025024
1485396655361105920
1485208424157954048
1485414686476881921
1485208663241674757
1485387077802139653
1485377556530532359
1485293610421874690
1485290912553271296
1485203518990741513
1485199788719362049
1485196130216738817
1485191496794255367
1485188285060501505
1485141836616593408
1485420472728973314
1485197033975984133
1485143180622561285
1485303970616987648
1485313502197981184
1485279257874268164
1485267226639085578
1485267118543499268
1485132807601270793
1485242151604985858
1485234557427552256
1485226804415987713
1485151070594953221
1485146309031911425
1485429863964377090
1485421780991082498
1485374269635063808
1485367680655937549
1485204256085151744
1485441292914274305
1485242972702920707
1485240169867677696
1485173112476172291
1485136568264585217
1485117263779098627
1485114750426316810
1485464080249163776
1485434925595914241
1485413954629545984
1485413739210100740
1485401776618500098
1485273189127430144
1485251113339461634
1485234596526845956
1485233818894499843
1485227286169530372
1485227102538715136
1485206695588417537
1485195971181314051
1485180482383859712
1485156345271623683
1485120806414073858
1485118833606422529
1485116122152472583
1485255218279649280
1485176512257347585
1485169637692407816
1485151689791672321
1485121366861189123
1485111656917381124
1485281454607450115
1485367075652894720
1485263280038092800
1485389131307962376
1485210567552147462
1485468583237156865
1485290287673274368
1485282164925435905
1485446031592800256
1485443379769266177
1485321754570797057
1485257601399267329
1485233909944430593
1485221605852987395
1485219462525894662
1485161801826418690
1485469549944541188
1485451203429675012
1485443188798398467
1485442579114373120
1485437690208452608
1485427726832238595
1485427100563783682
1485408052455313412
1485406748752359426
1485229095223201792
1485189727389372417
1485186245190098952
1485182386849869824
1485154249562804224
1485139944071131137
1485284705809633281
1485202478123855872
1485273677478662145
1485341872059219968
1485467493506318336
1485140174745247750
1485161756871868420
1485453472036429824
1485277103210000384
1485154134223634437
1485358173272023040
1485277027477630981
1485154601888534531
1485154495151874050
1485154741470765057
1485358047082201088
1485185097532047360
1485184790496227328
1485452996071026688
1485452991989972993
1485357923727724544
1485277534573203456
1485276671943278593
1485275729080172547
1485275728287768577
1485175273796804610
1485154399723089920
1485153955797958656
1485153644991627264
1485447427075506180
1485417213008162816
1485236872901455881
1485175618816057344
1485145519681073159
1485115544789733378
1485243394146586624
1485182891554643974
1485342880579612674
1485446735300157445
1485442065320521736
1485387562298777601
1485214265422532612
1485463622377963520
1485463260812177414
1485451465556897793
1485391776324395010
1485237122605121537
1485207296871665669
1485180220915482627
1485148923308441600
1485120660045287430
1485115692534083584
1485428376278298625
1485360945627119619
1485144582384132105
1485141422760431616
1485134694463131652
1485122824901918722
1485122772385034240
1485122010401611777
1485468138661507072
1485240741643567108
1485468810601975813
1485405837636280320
1485318061490323457
1485236148700315648
1485230981439430660
1485176353611681793
1485149782935240705
1485122187740971010
1485445810632667141
1485322094703689730
1485226048006782977
1485221293452853256
1485208349310619650
1485451350830120963
1485462746938642436
1485228973651300354
1485227393300451333
1485295619149545474
1485462399935483904
1485442463099547649
1485217214517354500
1485158440381022210
1485467707948814338
1485461030914478085
1485434632279834627
1485398677535739904
1485285140696018947
1485278481370214401
1485267592818618370
1485267489580019713
1485259381365415942
1485258791465922561
1485251384903888896
1485164049260511235
1485135434913312769
1485133941413924865
1485459231130415113
1485426073773178881
1485252635490136073
1485237778766249985
1485237712403955716
1485221708076576768
1485217435871739904
1485208901226463242
1485200014939160577
1485188446872227841
1485170660205015042
1485458063213862914
1485454716280918017
1485434615049629700
1485414182535438337
1485284429417553920
1485272107345149955
1485253602470146059
1485234387881201665
1485152849583833093
1485435685956100096
1485427814799396866
1485410945052848130
1485395995836174336
1485395733583110144
1485395669561278464
1485262887140859909
1485255874906308610
1485222604546146305
1485422379686051841
1485419502204776449
1485287438327197700
1485260917319544833
1485223227316383747
1485237212468121603
1485120438728818694
1485448060570578945
1485443493464264705
1485419045520551976
1485393943521292291
1485387523254022146
1485281476782473223
1485263974690078720
1485256533474934787
1485254645903917059
1485228119845859330
1485227770171256834
1485223015625662468
1485221846014652423
1485218615058378752
1485200656881577990
1485192689452990464
1485161921171300355
1485157411220750337
1485156902917251078
1485136406192488452
1485120186059726850
1485120160247984129
1485209174799958021
1485465181346217984
1485448844699901952
1485446810898690051
1485424877171802112
1485409427775967232
1485330248149647360
1485312061097881602
1485309035121623043
1485306823024713729
1485290700547964928
1485288912499408896
1485281613907099651
1485273497454911492
1485269008819834881
1485263627347456003
1485255447087284228
1485241399230763011
1485232861611720707
1485228726929747970
1485220696985059329
1485207835734867969
1485194818347487232
1485183801383071748
1485167932644929544
1485162100087738372
1485156999306555394
1485155081490415616
1485140767832444932
1485140312062574592
1485132730417676288
1485469780178255873
1485467659101966337
1485464428472840192
1485444253778325505
1485441857979318272
1485428541676146689
1485421059923116032
1485355559821799424
1485310624187904001
1485289533831024640
1485261210597859329
1485241704802578432
1485221053466963973
1485200232623542275
1485199527200305152
1485178886036107266
1485171368337772547
1485163011069583360
1485156682514989056
1485150166034567171
1485131224918028288
1485131214402973697
1485442884190957570
1485428554053853186
1485312654986067976
1485255147144232965
1485218627066687496
1485211205811982337
1485385841170333696
1485263345796087809
1485259342798811139
1485124292300128256
1485220698679558148
1485179791477448704
1485236560878796803
1485176758878244867
1485464870070161409
1485441303232262148
1485310656291041285
1485310651027189763
1485220278318043141
1485193211023093761
1485169059276668931
1485167516523634689
1485131188117274624
1485166149449170949
1485456987387490306
1485447606847537158
1485229562296672258
1485228785738055680
1485225332768899073
1485435757116502016
1485282797439041538
