1480027404051660801
1480022167815290881
1480021434713849856
1480017067436699648
1480015391329902592
1480011631614697473
1480002115892224001
1480001525241892868
1479999593110597633
1479999044336324613
1479998403421425666
1479995109982674944
1479991931690053633
1479991391245660164
1479991164724035585
1479981170406436872
1479978658320117761
1479978405919531009
1479969888718376961
1479969755222007812
1479969653753622528
1479954960850710528
1479926912914845696
1479913483600752640
1479910887175892992
1479910406529650690
1479873991745572864
1479857677949829122
1479857077874925569
1479848800915116033
1479847957989974022
1479847463171231748
1479846291521761281
1479844358606049280
1479836816349876228
1479834748616773632
1479833842513231874
1479832518622863366
1479830712995901448
1479829119328452613
1479827542823477248
1479826196590329858
1479821461275643905
1479821335073210370
1479817691804307458
1479817026130432001
1479814058828124160
1479813688840183810
1479813527795748865
1479813502294396930
1479812746342387712
1479809398662860801
1479805985925451778
1479802851891159043
1479802046740008962
1479800135164968960
1479798749656276993
1479788946196291585
1479788942861864964
1479785768327344129
1479784280565813252
1479780768201129986
1479779033399189504
1479774668898717696
1479774083432681475
1479773871427371008
1479773159679221761
1479773148501491716
1479772097673003009
1479769616184328194
1479761148098461698
1479756157321302016
1479753688436539392
1479752892596703232
1479748614612144130
1479744775603453953
1479744493188378626
1479743553467158528
1479734732824793088
1479733364827377664
1479731591123398657
1479725010264608774
1479724586874802176
1479721924225748992
1479721808911745025
1479721444019822594
1479716618989031424
1479716536797433856
1479713165730463746
1479710837862387712
1479710575055622149
1479709778913808384
1479707136053501959
1479703959430258691
1479702242911424513
1479701992922443779
1479701584451751936
1479701316217700352
1479700301917523968
1479697340193652737
1479694731009396740
1479692323357224963
1479691147781959682
1479683032449568769
1479679816123105283
1479678549896294401
1479676835566817280
1479674771822370817
1479667309589385221
1479665224504393730
1480024660628627456
1480016927153999874
1480015215026601984
1480011385358602243
1480008870487474179
1479998368336154624
1479993379110879232
1479986424757710852
1479986417644105728
1479967591376449539
1479941890661257218
1479885873856479234
1479861777093443584
1479836008443101187
1479829634468311044
1479826250721943553
1479822851049881601
1479818943527223298
1479802143494139905
1479800300043075589
1479800177800056832
1479796979681030144
1479794494673276930
1479790279469137920
1479786252723388424
1479785796328562689
1479784325629444098
1479781152185458691
1479776228210974720
1479774265138290690
1479769137517785093
1479764843662041093
1479763471076003842
1479760782975897602
1479759312465530880
1479748869437091840
1479734536057470980
1479733121553551361
1479713044120977411
1479701844859371521
1479701022691901441
1479697410163048451
1479679429936762880
1479676815371227140
1479665917357432836
1479665265340297221
1479749974195773441
1479702387941986306
1480009255939817474
1480000507179454465
1479989938930151425
1479989703667433473
1479982360703946752
1479980785612386306
1479976526607097856
1479903716136431621
1479863475300016131
1479835009779322885
1479801146948554757
1479788119922655233
1479774354682511360
1479761660793397248
1479759940294103042
1479758491795349508
1479758314275676160
1479756359834816512
1479755188885803008
1479753084989427712
1479751869291368449
1479746809907998722
1479745564799488000
1479744284819480577
1479743961841364993
1479742586214514688
1479728499732606977
1479724886042058757
1479715164354084864
1479687975793426434
1479682309339049985
1479680323709399040
1479832314725081090
1479799434842030085
1479788308334927874
1479747161642258434
1479735237961662464
1479671248888078339
1480009341755215872
1479994094017396740
1479989574499586048
1479836444349038592
1479817548774264834
1479811479297662979
1479810980913704960
1479775108638011398
1479774762150682627
1479771911160664065
1479766664073781250
1479758051192164352
1479754008608710657
1479748754164969474
1479734968649543681
1479716654321790976
1479705319756361729
1479702839257550848
1479701758699991040
1479701537299464193
1479697528958320640
1479680677880557569
1479671575636971520
1479666551573811201
1479655723185311744
1480023208757661697
1480019834746277888
1480015838199517184
1480007636061876224
1480004150196903941
1479993671256662017
1479993318142476290
1479989914586341379
1479986546946162689
1479986538066825216
1479977892062777344
1479970721002815488
1479967039426994176
1479966721641385986
1479947348746854401
1479942133528154112
1479941143232393216
1479889230985711616
1479884049174851585
1479862576754282502
1479858158575046659
1479857580117692419
1479850681531985920
1479848868112076802
1479841823304519680
1479840670009344000
1479834670728560643
1479832772080377864
1479831801354850308
1479830650404278275
1479819720081637376
1479818777998946304
1479817914811174912
1479815533587406852
1479813185171427328
1479811474633547778
1479808171103293443
1479802314684657664
1479798328632111109
1479794038567964672
1479791113439301636
1479787181648465920
1479782683903356928
1479781726863777792
1479780228821962752
1479776727123382273
1479774908435492864
1479774394188763144
1479773759649161218
1479771198888185856
1479768027184779270
1479763652806803458
1479755703669518339
1479755292850098178
1479754228050448384
1479752698698166274
1479743952295104514
1479742482850013184
1479740608629534722
1479740132378898432
1479738116525019136
1479733367172222980
1479730275160449025
1479729557728944129
1479727139565961216
1479726849718583301
1479726063617937408
1479725775938985986
1479724393462784004
1479718602622181379
1479717604033916931
1479717371342319616
1479714161063985153
1479712098057789444
1479710132451758080
1479707083654066176
1479705089522601984
1479702923756015617
1479700497959251969
1479689468906856453
1479687417770639360
1479686825992077314
1479686184217440257
1479685010726658050
1479683961584439296
1479682204997324804
1479679492394127363
1479674939187806211
1479674124624486401
1479671241652928513
1479669931578855425
1479669481542537217
1479668116607025153
1479667585473933313
1480027090372096001
1480025251006189568
1480022503594545153
1480018780923174912
1480017331233325059
1480015140388950017
1480009024510726144
1480006959906451456
1480003593629417474
1480002928509263876
1479997557661048833
1479994006494973952
1479988093453176832
1479985186343317504
1479981565371420673
1479961033917681664
1479960215650852864
1479950879704817665
1479943943638843392
1479939534573867008
1479929352443682816
1479872646342864897
1479871960062455812
1479854241044779009
1479851013305602049
1479849784987037709
1479847910846070785
1479845192756699143
1479836446647205891
1479835477444337665
1479830344689876997
1479826814415474693
1479824458877595654
1479821074992754688
1479819736728801281
1479819408574849024
1479818526265274369
1479816914255843330
1479816913349799938
1479813692728303617
1479812675546669058
1479810501253029891
1479809416719265795
1479808624260116482
1479808159338229761
1479808145400549383
1479807123626201089
1479806810106171399
1479806697648492547
1479802842047074304
1479802389649522688
1479802224725221379
1479801616928706560
1479793357190664193
1479793305667862535
1479786222511816706
1479783105598668800
1479781345974915074
1479776623922540544
1479771311719141376
1479766288964591617
1479764427490545664
1479763671450460160
1479762099223945216
1479760492474224640
1479757287841431552
1479755750956101639
1479754496368545794
1479754336422957056
1479753939138408450
1479753711240966145
1479752324448804864
1479751100789968901
1479750930484527105
1479750408218177538
1479749929593544705
1479748753384869889
1479748055997898757
1479748000473772032
1479747751046889472
1479747495890587649
1479746707659255809
1479744761795788800
1479744381414350849
1479744135019917313
1479743304275087360
1479741572270878721
1479741549126717441
1479739426716618753
1479739077452697600
1479737630208114689
1479737357792251904
1479732880406245377
1479730760286277633
1479730565351804928
1479728906978553858
1479728676820242434
1479728277845463040
1479727553891995649
1479714612295585792
1479710848348147715
1479709546322927622
1479709385270071296
1479709120726908930
1479708544542801920
1479708210269343747
1479706269728468992
1479705885450457089
1479705882501943297
1479705660040179713
1479705499352190979
1479705100050255872
1479704681081278464
1479704255023910913
1479704067655954432
1479702278739152897
1479701656216354816
1479700013114486785
1479699533709787136
1479693569308852224
1479691603962859523
1479689098642092038
1480029103226966016
1480028472906903552
1480028132904218641
1480027213080653826
1480026931458236417
1480022252217270273
1480022207505977346
1480020493159731202
1480019370994638848
1480018957071372288
1480018532481990657
1480017495461294081
1480017212006023170
1480016654566232065
1480016253062242304
1480013727055241218
1480013592833314820
1480011457630654465
1480011452664762372
1480008520246304775
1480007486287454208
1480007182095503360
1480005913058578433
1480005516063494144
1480004922745626633
1480003504630484996
1479996347130466305
1479996333578723335
1479995970616057860
1479993374899781633
1479992831368318979
1479991388401926146
1479991188287639554
1479991108125880320
1479990821319426048
1479986292033142785
1479986284860899328
1479985872384630784
1479984750911639552
1479982892071616514
1479976978190987269
1479971998004432896
1479969089258811393
1479968172975411200
1479967636729393152
1479962034875682816
1479961045372448771
1479957719477940224
1479949660781309955
1479943448258129932
1479924185547743235
1479917940111659009
1479910882805424129
1479909185491927041
1479907249124298752
1479893977050406914
1479891807383461888
1479890987858096128
1479887140515311617
1479886735085486080
1479874201574019075
1479873745095331841
1479867048175943681
1479866324708773894
1479864743590449153
1479855646577025028
1479851972987539459
1479849211587923976
1479849069849628673
1479835158505144322
1479833116273364997
1479832787196604419
1479830248518602756
1479827936207204356
1479827373537202177
1479826243415515136
1479821273035276290
1479820694145822722
1479811484368932867
1479807332297048070
1479806241090142208
1479802620923551748
1479801302137729027
1479799436221976577
1479798623525163010
1479798482768596992
1479798413403164672
1479798365407698944
1479798295165689866
1479798251100389378
1479794275462180865
1479793812817920001
1479793164626149379
1479792803743862792
1479792091903377411
1479791052730994689
1479790988532994048
1479788321232416770
1479788235115040771
1479783823906902016
1479783169163362309
1479781803649290245
1479779668978851842
1479779411909955584
1479777491279507457
1479775815113986049
1479773101739048960
1479772005469593601
1479769416740999168
1479768025381310464
1479767859412680706
1479764845960445954
1479764093351260165
1479763257581658117
1479760460194856960
1479759858916159488
1479758527992266753
1479755520307183617
1479754784320233473
1479751498812825601
1479748712385572866
1479747355595268105
1479745623360294913
1479744774965850112
1479742902792167424
1479742634641874950
1479742118834974720
1479740337656528896
1479739205303422978
1479738380686483456
1479738107964526593
1480018136497725441
1480015109837647872
1480013908593156097
1480011784496955394
1480008833258778628
1479996126694559747
1479986527727808512
1479971932678225922
1479970361177362433
1479956242759962624
1479947764800708608
1479938818702594050
1479934874874101761
1479908055168925702
1479881647365378048
1479872783785943042
1479868334980149260
1479861571207659525
1479851204087726081
1479848698020450304
1479838030504493056
1479836718312267776
1479821333923909634
1479816393428144131
1479815855802228736
1479798999443918848
1479788780680716293
1479784542449725441
1479773385529847809
1479773264561930240
1479770378541043712
1479768737368576002
1479759286905360385
1479759225144315906
1479758941168934912
1479755381156900865
1479752439909666817
1479749456203448321
1479745721565802502
1479745344019730432
1479739923900952578
1479736271442378752
1479732640039129088
1479728420950929408
1479721548160270336
1479721374738370561
1479713424598704128
1479711356852994050
1479705679363555333
1479687575644352514
1479687572045578241
1479686537415561218
1479681623180210177
1479678574428753920
1479672284113604609
1479671972237770755
1480028939774951424
1480016411154018305
1479995315952390144
1479979573387284482
1479912790026424323
1479858983837921281
1479857225774501889
1479852376928317440
1479838153468874754
1479828789437763584
1479826184493928456
1479803367878631424
1479795852235268096
1479794061884018690
1479786461134090240
1479771493244358658
1479764530687135744
1479758374841450497
1479752486881665024
1479736365671587846
1479713100433555458
1479703411167617025
1479699088576708608
1479691608031625217
1479690960908865538
1479686777690419207
1479683691492245504
1479665010276139008
1478428421147410433
1479727639371804672
1479679222108983297
1480012512376418305
1479991793378725888
1479950338761183232
1479871125496623106
1479850593145409536
1479849686831824902
1479838350445924355
1479835216667549700
1479781777375858689
1479778579969765377
1479696870481879041
1480028103246172161
1480021723076382721
1479988775052660738
1479973174590664704
1479947869423476736
1479919930749247489
1479891122113507329
1479846584661643266
1479834254909468673
1479834206884614146
1479823388361170944
1479817564293324805
1479808499714568200
1479802273123352577
1479787888577495040
1479787411735461891
1479766032851947520
1479749166666379264
1479688414945427458
1478988981823938560
1480027844314947585
1480026554931499009
1480024525483823106
1480017484061151232
1480015096264888320
1480012869714407425
1480003795299954689
1479881440993026049
1479881396269158404
1479853054534979586
1479851057379487748
1479850485221785601
1479843114898518016
1479830184706539522
1479812858321932288
1479812217902043138
1479804558003957762
1479778163441881088
1479771558805528577
1479765882368716800
1479755329290203137
1479744633554882560
1479735668569821184
1479728960422363137
1479716251664412675
1479706290028908548
1479705322390388739
1479700576925487104
1479691720388341760
1479691533171314688
1479686180228591619
1479679381345693697
1479677672519188480
1479965621810913283
1479751764689637377
1479687662034296838
1479955950786289664
1479978486559350786
1479699938426580995
1479687403317063683
1479852898875887620
1479805116974698499
1479828462575620097
1479789353727447043
1480007146075213826
1480007143545729026
1479888938185625602
1479819971840471041
1479796255005892608
1479745998368821250
1479740169200672769
1479730776002359296
1479727048759201793
1480011487213064194
1479990359421714435
1479869837782368259
1479756708440264704
1479723480102805504
1479961202813857793
1479824110570016769
1480020245360177152
1479846420454600706
1479836163628158976
1479828935068176386
1479800268086595584
1479755528255336448
1479688221235695617
1479688041555890180
1479673615666712578
1480026281651556352
1479893521523871745
1479709980341198850
1480000223619403779
1479973233336094720
1479835297336606722
1479806696771895297
1479783228701433856
1480025446272036864
1479991524540641280
1479803554856517632
1479831594718298113
1479752315439439875
1479976151183687682
1479891046909693961
1479813946596990976
1479742149151191040
1479883061613367298
1479809861055508482
1479791735572103171
1479747899076407297
1479729543782879233
1479729269685186560
1479962362979385344
1479816670491254784
1479804947885559809
1480020150233354241
1479792068318818307
1479721918898970625
1479719429915119617
1479673247725604865
1479672575890374660
1479832711405588482
1479836293345411073
1479677523290066946
1479671441838673920
1479983315071352832
1479883402501255168
1479738070555508738
1479824881545924610
1480008222345891844
1479981348253097985
1479785933679783943
1479686375184031747
1479984399315718144
1479805921526108162
1480031903201644544
1479824876517015556
1479805067637125122
1479763422237450247
1479722766798442496
1479696483498692610
1480015491825487873
1479766900527689728
1479684381761421313
1479673956042825731
1480033503269949440
1480015609567977474
1480014020476166145
1479775296584773635
1479751534757888000
1479751527585632265
1479751520438550528
1479750036326010881
1479741992263294978
1479886486568726532
1479869032392130561
1479987134287134723
1479704033682026497
1479702215497437186
1479984458400874501
1479995125598093315
1479973324755136516
1479873410662645767
1479956378668056576
1479825206688448517
1479744327823740932
1479931680999702530
1479738023025602560
1479737580182650881
1479778123012984833
1479768808113917952
1479754760299425794
1479687290972631042
1479992570029559813
1479867874852306947
1479866249442054147
1479824797840248834
1479824775794987012
1479818936937947139
1479801113557622784
1479793007566020611
1479792916633587715
1479792886895939587
1479782293078085632
1479703563353747456
1479700755615391746
1479686805825875968
1479987597560594432
1479958196437405697
1479973884908630016
1479820177155887105
1479723998170648576
1479688385279135746
1480015919661268996
1480022108885319686
1479809060828450818
1480018698614104065
1480012319677575172
1479852253833953286
1479833712644616196
1479782907002900483
1479712387728957440
1479706633768894468
1480030794970238976
1480021422961397762
1480015470514216962
1479798351835009027
1479701160428662784
1479690764665835520
1479764593224286212
1479746829910638593
1479735512139141121
1479724543077851136
1479736981097783296
1480000051086708737
1479784403127574528
1479685071065911298
1480035754663624705
1480004430623764480
1480004014515179523
1479790505240109062
1479763623039803403
1479678651075489793
1480007945442103296
1479995520244498432
1479972855462858753
1479796308273557505
1479737418618183682
1480016574987726849
1479781487830437888
1479764758064553985
1479838032178003971
1479794695433715714
1480021233458507776
1480026740894289927
1479838394117095427
1479831099539095553
1479730486956101636
1479741877414813696
1479731694529773568
1480027233448198144
1480023662476476417
1480027443213729792
1480027127021899779
1480026654684581888
1479830951064911872
1479830272258752513
1479828821197332481
1479828821016981504
1479765048704716801
1479763330956886016
1479731173425233920
1479730598075793410
1479730375274348547
1479701060738433030
1479821732718469132
1480029652517224455
1480011358884093955
1479997530964303875
1479993900194435073
1479981356117413888
1479973660186210305
1479951150094848000
1479801221300961280
1479773979011284994
1479759388789198851
1479758235108143105
1479739769621868546
1479709571186774016
1479679524639948800
1479848431275237381
1479843170284306432
1479831979696611328
1479760752630124547
1479696261699682307
1479998836110098433
1479679997090562049
1479715410425499648
1480003958659706881
1479984957292302337
1479981511499677696
1479960210261176323
1479866954739453954
1479850425763303427
1479787969053560834
1479765953600634881
1480012226060865537
1479804055006318598
1479786787694202880
1479753797647749121
1479746377106149376
1479741994893070336
1479736820430618627
1479728670419800068
1479712848276168706
1479686479886442498
1480030841216507905
1479982940012486659
1479982819661148165
1479963170793873408
1479859056139513861
1479836857173118978
1479836644718960644
1479835975001931776
1479821987950186496
1479821762451755010
1479820038790017025
1479816167711592461
1479801552701300743
1479786826596454400
1479776269948448769
1479733001848123392
1479725170008879105
1479714336641732608
1480013978667393029
1479931943403749376
1479872614185144320
1479867734728982528
1479834595465957377
1479788090096951296
1479727496111165440
1479853984395382790
1479852005963141121
1479831777887723524
1479732931627151363
1479712123294941184
1479996917190774786
1479696892279734272
1479692794977402881
1479692773133488131
1479692685392842754
1480006820202573827
1479840768193822726
1479748023294910465
1480005565363359745
1479986208629571584
1479892913769246720
1479798052361621507
1480026382042206209
1479840356510273545
1479811403993137152
1480032710496161795
1480011574547202052
1480011261664391168
1480010311205732352
1480004932665184256
1480002645297221634
1480002030164844544
1479974424350650372
1479930265627598850
1479810149921726468
1479796138500714496
1479793337427120128
1479731924675354625
1479706204536549382
1480038612028702720
1480029040543080448
1479832122034569219
1479812155264229377
1479770653179801600
1479768299877507075
1479697018469568516
1479962981773545472
1479782417380503552
1479753737425936387
1479752737898131456
1479977255220629507
1479859623121227776
1479820886773428229
1479794300942643200
1479776577042870273
1479768681609449473
1479766882601295874
1480041822776868866
1480017033932652546
1479886534744576000
1479852195457617921
1479777849007509505
1479775720062603264
1479764573230145541
1479749558271758339
1479745939287855105
1479690428181979137
1480007058300694528
1479908112400146433
1479874218409926656
1479873358548254721
1479858654950035460
1479812531132809217
1479811115416571904
1479796470815412225
1479782869203501057
1479743442867523584
1480017884533301248
1480007196654006273
1479987952776216581
1479863305468452865
1479838353746894848
1479804933440356354
1479793181084450816
1479779454209585153
1479774165850673156
1480022531369148418
1479976969508835329
1479943324286869507
1479836009781088259
1479692713582686208
1480043825745694720
1480038411452911616
1480027897301635074
1480025269242974208
1480022672759091206
1479990352324952065
1479973370284232704
1479841646711767040
1479841178195353610
1479830000584978434
1479826671070892032
1479823022802440192
1479817141654274050
1479813724210794496
1479809508847144962
1479796682720047105
1479776350185553922
1479775617180594176
1479773517709078528
1479752692012486656
1479751197682634754
1479750298348711938
1479742678208180224
1479742499673370624
1479725743911235584
1479717118958395393
1479716271528706051
1479841849166614529
1479839180410736641
1479714452639342592
1479682755751415809
1479982953404911616
1479681838381629446
1479991903865114624
1479709280517296130
1480032829534720001
1480026786901606401
1480017142544097282
1480005929353420801
1479970273939968007
1479918026094878720
1479858057051996169
1479855219743809537
1479804669161394179
1479785848035950592
1479784335276347392
1479767412429914112
1479742388243337220
1479716810073296898
1479695572013510657
1479684926186266627
1479831878135914502
1480034030641094656
1480015319548645377
1479992705782411265
1479972792787341314
1479972476406751232
1479969108078718977
1479884593075396610
1479843119680024578
1479839925688479744
1479836599836090371
1479831920280506369
1479778824791343110
1479771596822761473
1479756987478859782
1479749703717642240
1479743206069735427
1479742455733907457
1479712371157331969
1479698178454667264
1479697486889435136
1479683403528040448
1478624065015275523
1480023320225619970
1480018436574957569
1480012222361260033
1480008653809668103
1480002506193350659
1479951507353223182
1479948613899984898
1479906501674385413
1479864559888486405
1479856081291513856
1479848335217291264
1479846690009935877
1479833461003145222
1479829227063037952
1479816554783002624
1479807127048753154
1479806443708510208
1479798340212510720
1479793226525863937
1479792754922115073
1479792564324560898
1479792188431093763
1479788318950772738
1479778567424675842
1479775215278182402
1479759731379957760
1479742217346379783
1479741986361921538
1479720555733405696
1479696735714754560
1479690957490556929
1479688951589847042
1479995059093184513
1479772178333667328
1480039724282568704
1480013947096891395
1479865401265643522
1479804419218698244
1479699258328510464
1480036157350191108
1479863476742934529
1479843544412168200
1479835827907694592
1479820607999160328
1479784907748610048
1479779727124533248
1479712846460203008
1479983074599337985
1479936271271096320
1480047225405280256
1479826669607084034
1479748340266921987
1479955496001937413
1479771673763012615
1479808528634109953
1479926419400511489
1480002977553215489
1479848465483976707
1480004885944754177
