1487996326138638336
1487994587385790467
1487992988316106752
1487984147104735239
1487982533039964160
1487980326374686720
1487978708317405185
1487974165886160901
1487973775631028225
1487970689194020864
1487961782568116228
1487959864500436994
1487953784902930432
1487953782101225477
1487933371867369472
1487818477293703168
1487815813268533250
1487779266817261574
1487768897000734722
1487768510012944384
1487768373672902657
1487757864865505282
1487755301357260801
1487752177028599812
1487737669610504194
1487731227750989826
1487730556754612226
1487721782757195776
1487704932958760960
1487681578130370563
1487679432781602817
1487678063463002118
1487677446195654659
1487677147397652481
1487671106928807939
1487669277138497538
1487663633244909568
1487650282498834432
1487645726633242625
1487638945710362627
1487999039576883201
1487998754527477763
1487994474940747777
1487986162069573632
1487979950326321153
1487977199844335617
1487970668855857155
1487970659011465218
1487958056755675136
1487956365872361475
1487947624632446976
1487946311722749952
1487942739744665601
1487919327424749573
1487919301466238980
1487891514898657280
1487853481881108481
1487845574070075394
1487845380264181763
1487844947789185026
1487808130407108608
1487804539399204864
1487800844208963584
1487793760687828993
1487785374000705540
1487771186721607686
1487768862284140548
1487762550083272706
1487744100048637955
1487739995997687808
1487738484139954177
1487731623361531905
1487731569364070405
1487728972368855046
1487723658932101120
1487716973719207939
1487709896036728833
1487709884150091780
1487708328381882371
1487701341359456256
1487693005473841152
1487679942754455556
1487666724606713863
1487664376140107779
1487661520851017733
1487654071926652928
1487646007215403010
1487639426188845060
1487967221762519040
1487997396743495682
1487983567040757760
1487971793482969088
1487968629438414848
1487958259491229698
1487952298038808579
1487950053142523904
1487922488629940225
1487919873661440002
1487914009756332033
1487880112875868162
1487844007912751105
1487831274756919296
1487827490118971396
1487806734026477573
1487803843950039040
1487801398716952579
1487793669969444871
1487764252526276613
1487749526719184897
1487749406283612162
1487748631679496194
1487747179674738689
1487744026442821634
1487741203944644618
1487738646996283396
1487688854110982145
1487687580766605312
1487678288256401410
1487669883022487552
1487659946393370626
1487650072058036224
1487787205791604740
1487722027079593984
1487688856119889924
1487979176837939201
1487953825394614274
1487839208391983106
1487780912859209730
1487767011275190280
1487734469276536833
1487719737085726723
1487679586569633796
1487669495590432768
1487663530908127232
1487659932006510593
1487659924247105536
1487996626858049537
1487995809174269954
1487994594659029000
1487992202307325955
1487991535597940736
1487975568901476354
1487975495249448960
1487972653394640896
1487972526424989699
1487971871756894210
1487969263591706625
1487969259355787264
1487968824628760576
1487968614091464705
1487967855153127425
1487965026656735232
1487955980444844034
1487954167960596480
1487951669740531714
1487951114037493760
1487948082142932992
1487936729310924805
1487908528312496129
1487859336122859521
1487857101104087041
1487839860761137157
1487835406603554816
1487831535369682944
1487829278003970049
1487828409191665664
1487818228466601984
1487813803504922624
1487810970450010114
1487806941032181763
1487801762350206976
1487797137375391745
1487791846809997314
1487790066219220992
1487788704479469577
1487788102697746434
1487786816123990017
1487784990696165381
1487782164603101186
1487779211985108994
1487770605135200256
1487766052302114816
1487764240714788864
1487760924144697351
1487760490793107459
1487756100934201346
1487747699751329792
1487745565299396609
1487744648013434888
1487742095096184834
1487738203646103565
1487736812806176769
1487732710067949568
1487727746084405250
1487727535765200898
1487725139601293314
1487712342830125061
1487702885534035970
1487702009927311363
1487698684444045312
1487695334394368002
1487693083839852545
1487691550566281217
1487690774296756225
1487688255617499139
1487683684560162817
1487682102300610562
1487680040842133504
1487678511154606085
1487674619163291650
1487671505798713348
1487668728313499649
1487665151646257155
1487663132059193348
1487659928290742273
1487646425424941064
1487645724687073281
1487645008325124096
1487641848755761152
1487640276944359426
1487638071147302918
1487727325219328002
1487714313968046082
1487999002578616322
1487995684582473735
1487991577540968448
1487990611919917059
1487988878682505217
1487986486133727233
1487983651522777088
1487983433012092933
1487983033219416069
1487983026982187010
1487982470847152128
1487982435992502273
1487981517288914944
1487980516406022150
1487979753198190593
1487977950641537024
1487977518371983360
1487977094986747904
1487976895891210243
1487975607485214720
1487975371735965696
1487974868285272064
1487974515280080896
1487973979826843651
1487973378648870913
1487973096149889026
1487973009386180608
1487972398003486723
1487971544618123265
1487970912183799810
1487969614508167171
1487969293153177602
1487966937124851718
1487966125589549063
1487964754392264707
1487963378333384705
1487960963445788675
1487959495141900288
1487959139209072643
1487958871444365312
1487958165841117184
1487953542790848514
1487947212222910464
1487938402687533056
1487935026234863617
1487933584824737793
1487933418981584896
1487932902008446978
1487928493849853954
1487912170377859072
1487905950241472512
1487856656960479234
1487846247603924995
1487839617810194434
1487835259190521856
1487833430150713346
1487831730694156289
1487828624363307009
1487827135720923137
1487826750092746753
1487823444523700227
1487823435698872321
1487823425938739201
1487818445819609094
1487817867118923778
1487817672784248832
1487815148752764928
1487814851082670081
1487814558358343680
1487812412396822528
1487809781897494529
1487808185474097154
1487807799128391682
1487805002718810113
1487798142221586433
1487797149249445894
1487796641017262083
1487796540735639552
1487796083321229316
1487793192372035587
1487793168716206082
1487790705850269700
1487789919489896448
1487789558163214338
1487789117471879173
1487783937204101120
1487783345677561858
1487781289583575043
1487778915708182532
1487778849173938177
1487777467540844544
1487773144589139971
1487771704105791488
1487770857707491337
1487770691919355911
1487769726117769216
1487766403134353413
1487765465275723778
1487764926991339522
1487760821019049986
1487760508992192512
1487759473402073092
1487758847838416898
1487757517430341636
1487755339345063938
1487752367445401602
1487752181113524231
1487751948409266177
1487750923300470786
1487750007511990272
1487749910082764800
1487748179802341378
1487748012252499974
1487745923178692608
1487744559413366787
1487744052636258304
1487742287358484486
1487737128985395201
1487735734769356800
1487732971692236802
1487731619024629760
1487731101002960896
1487725404353748992
1487999096430411781
1487997450254270467
1487997358780878849
1487995746963976197
1487994574337634304
1487993111163060228
1487992822225846272
1487992133114294272
1487991257196826624
1487990231974363143
1487987475322933253
1487986646616539139
1487984083179573248
1487980551579439105
1487980249573097473
1487977186166738945
1487973113589825538
1487972161042087940
1487971900722921472
1487971103486377985
1487970702556741633
1487970623314067456
1487970321529401349
1487970312511639555
1487967974598135809
1487965348565499905
1487964935208730631
1487964711631011843
1487964328062259200
1487964200420855810
1487963777525968896
1487963155401613313
1487960946916356096
1487960868684181504
1487960547492790272
1487957617901146117
1487957553048870921
1487957326204407808
1487956183507869696
1487955929509236738
1487955479456550914
1487955097611309057
1487951855716270080
1487951335110877184
1487944006847791104
1487943328893079556
1487938311519756290
1487937013890252803
1487933368423809024
1487930020823584769
1487924361877094405
1487915411383664641
1487859506550026241
1487856069770907648
1487851240793190400
1487847523217973248
1487837248728944642
1487820376982044672
1487819596086198274
1487819283254362114
1487819151951667211
1487815753004838916
1487814136340029443
1487812527165689861
1487810166544560129
1487805394370314241
1487804116764364803
1487801676778344448
1487799880412106765
1487799545702404097
1487795493816397829
1487793188739764224
1487792911475703808
1487787650014580736
1487787470276026369
1487783424865624064
1487781550523822080
1487781237465174023
1487779599975329793
1487776241491263488
1487774358328135680
1487774358000988160
1487774212299317252
1487773928680718336
1487772881840787456
1487768175303602176
1487764924814139392
1487764246771474437
1487760698222727171
1487756192138944517
1487755768674025475
1487753413463257092
1487751602278522881
1487751062303899652
1487748497302425600
1487748045424893956
1487747840730230785
1487745510358548481
1487745452548116487
1487745403441205248
1487742893276426240
1487742888205185026
1487742068785319942
1487741347801239554
1487741299499229187
1487734799410561024
1487734456064823296
1487734353132019714
1487733164122329088
1487732887978123264
1487731478356054016
1487729346529796103
1487729057529999363
1487727940737671168
1487727274531377157
1487726033080139776
1487725511250157568
1487723710782279682
1487721609032962051
1487715138991915009
1487997727883808768
1487973105536745472
1487969267282694148
1487956819150397440
1487950754027806724
1487948988586553344
1487925360985616387
1487855192297308160
1487831546212282369
1487820590732185604
1487817885976186881
1487806751424475137
1487806151303790594
1487800667658133511
1487800508500742146
1487800282687815682
1487791397642342403
1487788649299300360
1487775676597899264
1487766662539464706
1487757398886744065
1487741614264971267
1487736814362570757
1487736486808416259
1487711769267113987
1487710975528562693
1487698066568138755
1487697354186969088
1487692170190798848
1487689834538102791
1487686430440640514
1487682053772611585
1487666707644952577
1487664595334758400
1487664355491651585
1487663144055222275
1487652590523355136
1487726957223878656
1487999449594953729
1487979130918699012
1487970942953275392
1487950766946263042
1487947381052039173
1487914128828088320
1487794289619136512
1487779650604797958
1487748143974596608
1487650826894344193
1487714507174875136
1487994582348763138
1487994577264865283
1487983990615248898
1487982914126049282
1487981117022281729
1487969828598349824
1487943274967056391
1487926571411582976
1487781121987604481
1487756851102240770
1487741231950331905
1487741124080910337
1487740309287370752
1487709652322177027
1487674985229418497
1487674835933138945
1487662683923140608
1487654173147500544
1487651101310533632
1487767876245147648
1487718350847307782
1487698822637637633
1487689121284132870
1487677100329156608
1487690244720062466
1487680377896706048
1487720018691629056
1487717389731246080
1487725025738166272
1487698166791114757
1487696478990929923
1487690795553800198
1487680041349939202
1487679071643648000
1487677783329308678
1487667468222877696
1487707719717236736
1487766726976552960
1487688239888859137
1487676213233532931
1487639854725070848
1487639199700320258
1487989116113354755
1487737018083733504
1487709241138102283
1487824384786001923
1487699015927951363
1487993116410118144
1487961757893087234
1487960210883092480
1487951184459558914
1487756124246130691
1487718317171228672
1487661711104815106
1487806437548244992
1487806208287592452
1487798095207616513
1487775693144424451
1487770258803163136
1487762254179475458
1487755209615241223
1487642416685645825
1487997611630280709
1487991531977920512
1487984233973161984
1487850767377891329
1487774531187970052
1487757829574656006
1487751071422304258
1487743009668370433
1485579567373111298
1487990807840043011
1487853423592886272
1487816429827399680
1487778596932313092
1487733566276464643
1487719898440937473
1487760526859915271
1487738150495481859
1487678202323550209
1487692478756974592
1487994034115121163
1487984604044611585
1487681252681748485
1487726357983350785
1487955806062452737
1487913380681641985
1487673374096883712
1487835924633632768
1487777841613656067
1487754162297540608
1487749334850748418
1487726930128666628
1487723116810076161
1487978722883895296
1487845160960786432
1487694660927881216
1487679595126345728
1487956664535891971
1487972923977924608
1487957870230401024
1487699647003238400
1487720103903133697
1487970316647165952
1487758449819942915
1487999412408565761
1487985572043902979
1487728991956258823
1487720443905646592
1487720431771549696
1487719768392036353
1487649965782728705
1487979967086415874
1487680243884490753
1487782030377033729
1487720130477846535
1487999253108899840
1487932079585198082
1487925778960506884
1487787097042075648
1487970073973489664
1487903830083731458
1487900250371100673
1487734447717769217
1487699595933417475
1487777668162813953
1487937891527720961
1487800124650582017
1487799643677540357
1487799501276413954
1487787105774301186
1487773369835847681
1487771565655990277
1487725460767133696
1487725441808928768
1487682997268541441
1487673616116244483
1487665377651871745
1487705860139020288
1487671145461551106
1487730766574682112
1487962964971999233
1487822113587470338
1487767279521583108
1487686214753079296
1487676482495283201
1487927856160452608
1487777178599456769
1487764388182630401
1487742532696313856
1487731747173195776
1487690885827817472
1487998902825779201
1487965382564790274
1487947918245908482
1487690364488065028
1487686199959785475
1487654296372277249
1487999385518567424
1487955700294713345
1487941359332130816
1487856359333036034
1487827268869099522
1487693575941165056
1487691215592357890
1487680124271357952
1487998328805543940
1487816904722960384
1487823140671848448
1487659125794213890
1487823027635363843
1487687273621561345
1487992041015427074
1487979025088020480
1487784208672387072
1487784195447726083
1487783451587919872
1487783115779358724
1487658951248252928
1487658800798928900
1487984398452805634
1487962144352370691
1487954065036230658
1487923785424510977
1487789357809664003
1487778790231076868
1487772701825507328
1487742490077659137
1487712443027828736
1487683243709140994
1487651918394826753
1487958856353255424
1487950506316214273
1487947544164544512
1487788367668334594
1487745963372736515
1487684897729040387
1487992987489832962
1487954467362598912
1487693049031376896
1487672121132482562
1487667958847447040
1487662688566378497
1487996813839798275
1487968584328691712
1487784697296203776
1487745153867468803
1487723766419394560
1487691387927556097
1487678629714620422
1487674503727837184
1487672083358560258
1487666837080838151
1487664047705104386
1487662235208286209
1487998286837411841
1487998116909699074
1487890492906000385
1487825698026754052
1487785833528582145
1487774941504487426
1487750058464677894
1487717098826592260
1487704030339948545
1487953538328444928
1487749549292933125
1487941727583301632
1487459478848999427
1487796866800488459
1487678157562216452
1487765932546035713
1487775990562848772
1487765638605316098
1487758721669541888
1487757382088560649
1487729290611359745
1487682353581674498
1487985918111887366
1487976662721789952
1487986155153166336
1487754208980135936
1487747664343351299
1487732277417492480
1487997504444825600
1487824879089250305
1487810146822623235
1487800644870103043
1487792737835708428
1487674865905967104
1487824271351037959
1487879266947665924
1487877813575172098
1487869736260366336
1487810164640022531
1487768837999435779
1487693570480144384
1487660040806830085
1487653060872896518
1488001731300839426
1487968941628882944
1487964440578621440
1487946727537594369
1487929146034757632
1487796750182412289
1487760193123655680
1487749473694486531
1487714223870595073
1487670872911462400
1487660990963793922
1487659723289624576
1487647211131342850
1487647087223181312
1487995330670981122
1487957660976566273
1487759647020707840
1487748502608220162
1487747635583008768
1487743579011563520
1487738820179394561
1487737993611800579
1487736454755553280
1487690638623576065
1487686245803343876
1487682808097423362
1487665759283462144
1487665742224838659
1487654952889581570
1487978598182973443
1487766999568506880
1487649282958462976
1487979835758546947
1487682502831476737
1487986012898820098
1487963224498929664
1487938985062064133
1487938493322248193
1487938435268886528
1487938171773984769
1487938080539815937
1487934710407860224
1487767496027361280
1487753232864595972
1487668138997010435
1487646549886730240
1487985712855412736
1487957557528334338
1487918340077076483
1487778826478563328
1487750534518165506
1487739872136036356
1487646282684399619
1487773908199940096
1487746615578271744
1487997603573014528
1487687878885134339
1488001731698913280
1488000598381588480
1487995025879597056
1487982111826931717
1487977239769595905
1487971112726429699
1487818424281559043
1487810533839413249
1487769728882180102
1487760125788303361
1487755076441878529
1487748932151099394
1487744058898677760
1487741585647292416
1487710292285222920
1487705649618120708
1487688468373569537
1487685872128454659
1487676380720828420
1487668400012726275
1487667794606903303
1487660342214012928
1487659123550621696
1487656778943037442
1487648972374085639
1486310427600781312
1488005319682707458
1488003382162132994
1488000407930830853
1487989419676094466
1487986303908007936
1487986301295271941
1487986094142812160
1487981871611154432
1487967427816484864
1487963787311616000
1487957027540197387
1487948630602366981
1487945273972195330
1487932130533408769
1487897373460160512
1487806274419195904
1487770239219625985
1487767880712089601
1487763780448632836
1487762454381797379
1487762253613047813
1487760727238918144
1487754424324079618
1487750364229414912
1487746608226004994
1487743881345396736
1487738222407188482
1487731969593004036
1487727957603123203
1487709558910775300
1487707327012560902
1487701413161357315
1487698409792602113
1487692266257121291
1487689163583651841
1487676288051838977
1487674649412468738
1487670829169397761
1487658599803281409
1487653224383352834
1487649871674806274
1487645625777033217
1487640298842820612
1487974759975448576
1487962971892449281
1487954540326371329
1487934275349811200
1487830521661083656
1487829250392887297
1487772191248715776
1487766491307020291
1487762582790311936
1487762481871470596
1487759837413134336
1487753981523030016
1487747998037999617
1487742018168131588
1487727710365433860
1487701273604497408
1487673728129372163
1487423536184496134
1486620695341584384
1487779167944937475
1487771449796403200
1487751723729158145
1487746329871003648
1487720748420837377
1487685163417206786
1487667022662029313
1487825964973563904
1487651324116484096
1487687940117774342
1487999492050014212
1487686819055808512
1487789381314179072
