1480392265994752002
1480391836468350978
1480390250467786753
1480385046401798147
1480379791610028035
1480376891525660672
1480375262550265858
1480374041525596161
1480373882389413888
1480372733003251713
1480372547099136000
1480371886718537731
1480370396780130304
1480368498261979136
1480367841668833282
1480364290498449411
1480361925343014913
1480358063550861317
1480357494065025027
1480353913027330051
1480352164123795458
1480351915435503618
1480349950605103104
1480349098846736384
1480347884822282241
1480346279506898945
1480346263551762433
1480345298320850944
1480343628224548864
1480343587472560131
1480343335206150151
1480342768610209793
1480339459480559616
1480331465955045378
1480329629202145280
1480328573072326658
1480324950535725059
1480319114581209088
1480279299999608838
1480252716681240576
1480232649167753217
1480226861443522562
1480222294639185927
1480214538863607817
1480210513632002048
1480207907463393287
1480206369026281475
1480205449861296130
1480203553666834433
1480199282942611459
1480198941987594241
1480193783140536323
1480190194141708295
1480188225310183425
1480185642860515329
1480182054952177666
1480181356076273665
1480181272034959360
1480179574344282112
1480165274569428996
1480164799660969986
1480163819859054592
1480163056755773442
1480161950155771904
1480161202902736899
1480159836796964868
1480153801759678464
1480152692647366659
1480152319438123009
1480148440889716739
1480145729142198273
1480143455355473923
1480139550194159616
1480138038743232514
1480137422084001798
1480133403403898880
1480131274975051782
1480130740423573505
1480130518356140032
1480126974316056578
1480123315729567748
1480119282470055937
1480118788473298946
1480117468056068100
1480109893046583296
1480109605443284993
1480095181516853250
1480093790748610562
1480090548811796481
1480089895972470784
1480088344532905984
1480087571006775296
1480081124055343106
1480078935970877440
1480077930864656385
1480077313056272384
1480075878889492488
1480072924321042432
1480072664630784001
1480071256862982144
1480067876941746177
1480059972939497473
1480059099957981185
1480055308017811457
1480051787579019266
1480046564882075649
1480045770791272448
1480044312859611137
1480037924099874816
1480033307664347139
1480032575674486789
1480031817679851521
1480029960970506241
1480029906784325632
1480386431805648897
1480383376821420033
1480383103206109185
1480379846668791810
1480374526038839298
1480374095501926401
1480373445980409857
1480366356985880584
1480361569578070016
1480361555212394501
1480361026335821824
1480360074031689729
1480359879323750407
1480358565021769728
1480356417722892289
1480356409225007105
1480352213725691904
1480347088084815874
1480344783759548423
1480341597480968196
1480341139072819200
1480335149829029890
1480334579940700161
1480332239208476675
1480332048304730112
1480327828440686592
1480324049184051201
1480323747076730882
1480317774161448970
1480317751927394311
1480301913333637127
1480296751718354944
1480256949249736705
1480247227964862464
1480198471239880706
1480197883307560961
1480195896620896257
1480193704027582470
1480192769805078534
1480186330470518788
1480179212757569539
1480176852744347649
1480173394737782785
1480169529929973760
1480161778147364865
1480157156867334147
1480154687793876992
1480151898166640641
1480133786880778242
1480132983646347264
1480126276320989184
1480122355976310784
1480117204167315456
1480108975110586368
1480098758398337025
1480095180665589763
1480091445457743873
1480090827506417669
1480084760865161218
1480084261906567168
1480074100080996352
1480072829911519235
1480072721442562048
1480071199019331586
1480065649741160448
1480063629302980609
1480055458467483650
1480047109587947523
1480045599021953024
1480044790544666624
1480043779633549313
1480129802581733381
1480383904854986753
1480379937601114112
1480360532251013122
1480358011025584132
1480357213231222784
1480342906053357572
1480341645371400193
1480314034876387328
1480207975302062080
1480199055355514880
1480187242626752513
1480186299264880642
1480123644583964672
1480121979227172864
1480116341440798720
1480102965125910528
1480061848036671491
1480059380267556866
1480047144413188097
1480036522380316675
1480033021981966340
1479333691797110786
1480373508471279618
1480339565864894467
1480315431332171776
1480202491450986497
1480391684965949447
1480390826781921280
1480362063293673472
1480357613036474370
1480352088806752256
1480344770161508353
1480330649084911616
1480330469237424128
1480316962081173504
1480309756786925571
1480248424268111874
1480199672572506113
1480194643421655043
1480161311560388611
1480154789140860932
1480136617671086080
1480135574048575489
1480128911920951296
1480125677386883075
1480112542194159625
1480095928266604545
1480062995442987009
1480059273405104129
1480057319979290624
1480043970021376000
1480030717627097090
1480029741608435717
1480393983410929666
1480393543633948673
1480393354718302212
1480391885210349568
1480389092420448258
1480388471717969920
1480388051218026497
1480386868453597185
1480386457684496391
1480385663069405186
1480383368382476290
1480382924046278657
1480381980713701377
1480380773391761409
1480377522353176578
1480375687529869313
1480374523597709315
1480374475921100801
1480374021401165827
1480373843248259072
1480373640117964800
1480372235978215427
1480371658665828356
1480371016513638400
1480370785650839565
1480369721732042752
1480369481561956356
1480364568723345408
1480364559802114048
1480363907776581634
1480361102827343873
1480356419069038599
1480356302937153540
1480352069735247872
1480349191314444290
1480346398293774338
1480344817603211267
1480343630443270146
1480340294113529856
1480330770086445058
1480324472578084865
1480321589438603264
1480319942280945665
1480313582734622726
1480312610373324801
1480312436188016640
1480309501722988545
1480309401961467907
1480270347609915394
1480248548037775366
1480236928712773636
1480236053248180229
1480227355230556160
1480216911732297730
1480200677989126144
1480189643719000068
1480189052988968963
1480186880964452356
1480186045555625987
1480181859275317255
1480178154136215553
1480172678820417544
1480172677172137984
1480172675133689856
1480172673112023046
1480162272844529665
1480158761096400896
1480157614709170178
1480152040785412097
1480143585940938754
1480134431566299139
1480131452058488832
1480126035651825666
1480122100811583488
1480116281101586434
1480103698814492672
1480096698177253379
1480096219934326786
1480090709172518916
1480090389394636800
1480079399638732803
1480074144167260161
1480070609463758848
1480066370192642048
1480060893631111171
1480057137040556034
1480056330874679297
1480054364069036041
1480050703934447617
1480049592548790274
1480047027304087553
1480045128119115779
1480042672718897152
1480042350240202756
1480040101618933762
1480032167442796544
1480031043356807169
1480376306269179907
1480375112733917187
1480393700937134080
1480391381512122368
1480390242330841091
1480388713330839553
1480388433084227584
1480385289419849728
1480384948364189699
1480384880026406914
1480384347525894147
1480383537631035393
1480383145023205377
1480381901206552576
1480381636046819332
1480380679087034370
1480380018517688323
1480379498348511232
1480378874554765314
1480378458664439808
1480375504993615876
1480374289652088832
1480371709114912770
1480371613912633344
1480369162966818816
1480369073795993603
1480367471584370688
1480367117077647362
1480367035100008448
1480366663765614593
1480366584468176901
1480363274990325762
1480362570737278978
1480362540404068352
1480362507608989701
1480362358807486468
1480362257137557504
1480360785574436864
1480355976209334273
1480354856539881472
1480353939979595779
1480348937491935232
1480346937035395076
1480343820038557696
1480339342899826690
1480336803945070592
1480335301000138753
1480334327976136707
1480333778060861440
1480329649926250498
1480328611056033793
1480328020162330628
1480325672782364674
1480322806768300032
1480322215170097152
1480321284391141376
1480320978072834048
1480320969344528387
1480318920401645574
1480311148582879234
1480237036946616326
1480212040144674816
1480211596538380293
1480205767810580481
1480204644546596864
1480195768623370243
1480195358139371526
1480194697796546564
1480194100754214912
1480193668371804161
1480192518104891395
1480190600854917121
1480186532275187717
1480185509213138948
1480184685464457216
1480180847353335812
1480180782329040899
1480180759356870657
1480175991351742470
1480174600705089536
1480174075074908166
1480173570864992257
1480173313217359873
1480173275816677377
1480171204547809280
1480166769587200000
1480165871469268995
1480163273957724163
1480158753219432448
1480157084863717376
1480156948515328000
1480155006640607233
1480148287403413509
1480144923991031814
1480143825892872195
1480142012254855169
1480141652337463299
1480138540583297024
1480133648259026945
1480132552899891203
1480129823464820741
1480127648147775489
1480122589775228929
1480118398595960832
1480117475312238594
1480113758437613568
1480108488609001472
1480102835995897858
1480102667187724292
1480100842355056643
1480098930796814338
1480097343433154561
1480096386427150338
1480094781028159489
1480093271590203397
1480088731298131972
1480087815371169794
1480087439129600001
1480086851251683329
1480086479703457794
1480080382716354563
1480077672638074882
1480392350681559041
1480391594683424773
1480391514148638720
1480391379159117828
1480391255699853315
1480391133389676545
1480390298710654978
1480390211997937668
1480389760614993924
1480389591475826688
1480389368749588481
1480388507734405120
1480386678569115650
1480385927222493185
1480385571826515968
1480384281574707203
1480383827541471233
1480383695076749315
1480383661736226819
1480383364565659651
1480382095700623363
1480381144692518913
1480381027876884481
1480380831965204480
1480380681188347906
1480380519774777344
1480378786113748994
1480378424971591680
1480377742151458818
1480377194706657282
1480376890124767232
1480376885817208832
1480376883225055232
1480374703856308225
1480374456807661568
1480372906874003457
1480371941114462209
1480371940564955143
1480371711681785859
1480371254448168960
1480370854089601024
1480370610731565063
1480368957009784832
1480368599915130882
1480368134657765376
1480367296627744770
1480367135297716231
1480366154195476481
1480362278583033859
1480361706375188482
1480361489387036675
1480361091620171776
1480360072265961474
1480360068142952449
1480359852681547776
1480358823013634050
1480358581803249667
1480358442778857472
1480357706028314629
1480356719071014919
1480356308343611392
1480356299959242756
1480356237321531393
1480355477653393410
1480354667116724224
1480354466985480195
1480352867030601731
1480351232543789056
1480350438247395333
1480350345662324739
1480349283224281090
1480348221318647808
1480346674161537025
1480345867546599427
1480345864975499264
1480345812244709379
1480345402935177219
1480345162962276354
1480345050047340544
1480344825492750337
1480344822871322626
1480344773932191745
1480344579266138115
1480343648239702018
1480341498423955458
1480341128947724288
1480340930032857091
1480336795204128768
1480336597694308353
1480336318743728130
1480335233455214593
1480334887978627072
1480334530028343298
1480334451712294915
1480334222258683906
1480334150578028544
1480333540445212678
1480333539274944513
1480333443930091526
1480332787819368448
1480332409656774665
1480330883521409027
1480329597002530816
1480327518691348480
1480324317640421376
1480323095567093760
1480319341149052928
1480313448026288133
1480312320664297473
1480306779921661952
1480262147934277633
1480245143257198597
1480244374785171456
1480236530434195458
1480234270706724870
1480231621886296068
1480226525886570496
1480224380181381123
1480223753993076738
1480223648212729859
1480223415944376323
1480219360698404867
1480394170288066560
1480385810453053443
1480371116052922369
1480369685728092165
1480365919738073090
1480355374079250436
1480351779158061056
1480344553789931520
1480340849787498498
1480336136664797188
1480333472950415362
1480325211752783875
1480268800557826049
1480256158250143747
1480228251175829504
1480228113837531138
1480219511588483072
1480210677981609987
1480209004382998528
1480196018612289537
1480195004249174016
1480191647128309762
1480190537583902725
1480181582778417152
1480177278873051143
1480176636507029509
1480174831223988228
1480173308813266946
1480172800081993729
1480172695346040833
1480170098555977728
1480169533352525829
1480169023581003776
1480168716222570507
1480167145824686080
1480166957768851460
1480165556099551235
1480164932855365632
1480164581079240707
1480162183325511680
1480161403252129793
1480157086541516802
1480155425198673922
1480148008624967680
1480142192324722689
1480140965373353985
1480137522814410753
1480136984542670848
1480133551467028482
1480127331523960835
1480125407764512770
1480120867149410304
1480091870478811136
1480090824872398850
1480083952199106562
1480081547994615809
1480075872514166785
1480064151615541248
1480063581173563393
1480062304179814404
1480052981277986820
1480051317439545344
1480049114154881024
1480042985567842306
1480039599074209792
1480031523986305025
1480379682646151169
1480378348693954565
1480370121390522368
1480365422432063491
1480356434013343748
1480353066171858944
1480352771933016066
1480352341924605952
1480338473433190400
1480336186942001152
1480316872390156291
1480268451381874689
1480233249590808578
1480210646905982976
1480207884998754306
1480207408131559425
1480204750553452545
1480204141695684610
1480200202745122817
1480172171599040517
1480146079152685061
1480128700016300032
1480092764700246016
1480048125909745669
1480035332120711168
1480031439106166785
1480218574773964808
1480141862975328258
1480117560439836672
1480191597685862402
1480339858979577859
1480113776540073989
1480346750447603715
1480330613198450690
1480124066681950208
1480123057272287232
1480092249568395266
1480037394946555908
1480393208118996996
1480376950380130308
1480328013266833412
1480298919858892800
1480226548372295682
1480221095579963394
1480200478164422656
1480198983062409220
1480192523280678912
1480186799058083842
1480169746897137665
1480169203583754245
1480160075113066499
1480153900766228481
1480139886657040389
1480134062354223104
1480118285983117312
1480111787190067201
1480109172138004485
1480092295391105024
1480080818072481794
1480076367949492224
1480058290088431623
1479369268256927746
1480394267453374465
1480392909438390274
1480391916885663749
1480391717505290241
1480388976271835138
1480386891362959365
1480381014358716416
1480377713378480130
1480377605496836102
1480376622993739776
1480375726993907713
1480375707444211714
1480375105553375236
1480373919299383300
1480368258268106752
1480366485268697092
1480364633131085824
1480358588010975233
1480343475623137282
1480340264342339584
1480337817280466947
1480333384370954242
1480327756218978305
1480298369570713602
1480206676279980033
1480184452894498819
1480181745215361030
1480161583439364100
1480159922318819329
1480153051520401411
1480152620446609408
1480149293608562688
1480138670225051649
1480132397618237442
1480115315388338182
1480104588900323328
1480099299589439490
1480094900767141891
1480087514689859584
1480086837926322177
1480084561790849025
1480081438993117186
1480081267559305216
1480077088048701446
1480075246090612739
1480066300471029760
1480065357322731525
1480063119917465606
1480057389806141440
1480369237340221441
1480070053798187008
1480095045529206785
1480385031084199938
1480195601635561473
1480044253883498496
1480387672631767043
1480195810365083652
1480126654903115778
1480234062182707203
1480142912943886336
1480141633416941570
1480135586753114113
1480134508334628864
1480089876397637633
1480069176500776960
1480284511531409413
1480357635618525184
1480353130986360840
1480165742968401923
1480156096031428608
1480136199314370562
1480082839836053505
1480060048231395331
1480055944167899136
1480034626064183297
1480357176795226115
1480134970660196353
1480138881768980487
1480368611801714688
1480361230887907330
1480215464680722438
1480161724397330432
1480151768776413188
1480115645786116097
1480393027633876993
1480380556521062400
1480356063056515074
1480176625673068544
1480387574745088000
1480387569439240199
1480342176953344002
1480342166429782018
1480342161128235010
1480342155772059648
1480296502585036800
1480296465461219332
1480250792028172290
1480204748393353216
1480204743083315200
1480204737681117184
1480203978981855234
1480195189343866881
1480195008028233733
1480193118817636357
1480159080731713542
1480113541545746443
1480104804730822656
1480093601057042433
1480090639366692868
1480144599389597699
1480080467093168130
1480156139442503680
1480378280595247105
1480249808946221057
1480092351653498882
1480074330599948291
1480142926340509701
1480056940864540674
1480034184794030086
1480111033377333248
1480388769001865219
1480387174394576896
1480376083987853314
1480097053589970944
1480075338184998912
1480070713486675969
1480048869261987842
1480377705010892808
1480256303192625154
1480196112535277574
1480166471166615553
1480151385102446595
1480119071198756865
1480034718640922625
1480388781425369091
1480359497591754754
1480374712207216640
1480137517999419392
1480218272297467907
1480180442925985792
1480134434091253760
1480105098688614404
1480373127670427651
1480358951661162498
1480324800501334016
1480322347718508545
1480177298712117249
1480172090414141441
1480151965124345858
1480110852019605510
1480106847809904643
1480106838150377472
1480086927315406848
1480086852040151040
1480366292112588802
1480288386501922816
1480217393381052424
1480212861745971207
1480129546452029441
1480061391486607362
1478153904739127298
1480391102028869633
1480368298290073601
1480134570473185281
1480199647004008449
1480119854539558913
1480397692207464448
1480352221162192897
1480325813333422084
1480208195129802753
1480176425521012738
1480140513021874178
1480083445237764099
1480324473911840769
1480061672744112129
1480069442851651586
1480384956127854592
1480140305349283840
1480112191252537347
1480391683380449280
1480293472972132354
1480292945253126146
1480201520847077382
1480144287119523840
1480048051519557633
1480117977743720448
1480389511481724928
1480385164505059328
1480180529781612548
1480398831388815362
1480381411072700417
1480367873507819522
1480363849005953029
1480282967310143489
1480269961599733762
1480229982114701318
1480192819822092289
1480192671318634496
1480175649046237184
1480168637155606533
1480159089770438657
1480159087182553088
1480158913836113920
1480093046280650752
1480060769144217602
1480112935535976449
1480353623129219073
1480170277170343937
1480128456918650880
1480125218009931777
1480070166289342464
1480068318992257027
1480282469899243521
1480145685223641090
1480397947565002753
1480340351722291201
1480192708786360321
1480085266656161792
1480357554085634050
1480209805918629889
1480144429188976640
1480364643893661697
1480370139568635906
1480364140958945281
1480308591709995008
1480128340308627456
1480120553960706050
1480113648173527040
1480038003620052992
1480357603326660608
1480213845104685056
1480202107181408256
1480147792987234305
1480369542170017792
1480357797032202241
1480208225777512454
1480201972984647680
1480178908616003584
1480138858394120195
1480091139403358209
1480072094062764034
1480087719027961856
1480389963745136641
1480204184536293377
1480207216594456580
1480206326789599239
1480209346172633089
1480209223879299074
1480208502400319488
1480350954251689985
1480207946894086147
1480205590655733761
1480205235679334403
1480389767233560578
1480352821295804416
1480343477716013058
1480204087165472769
1480203456711249923
1480203349190270976
1480203235172388869
1480202117205741571
1480201462659518466
1480090547826016263
1480404537806503939
1480392190375317504
1480377871881236482
1480148132369297408
1480134341917175809
1480130989477167106
1480106871000223744
1480102151296720901
1480074446119452672
1480072079101726721
1480041785011277825
1480381812757065730
1480240296734576642
1480160595315871744
1480158369923035136
1480144430094950400
1480058689427947521
1480228236923531264
1480173912075816960
1480396010480230401
1480350185985220609
1480345899012292612
1480318634547290112
1480159342963789825
1480144924506947585
1480144729622728706
1480139088757805057
1480138654660001792
1480132491486711809
1480125942764736512
1480108069782634497
1480105216468914177
1480397266775019521
1480376646234304512
1480365633426522113
1480361754362511362
1480339943973011456
1480310147117314051
1480303875189972992
1480302087720210432
1480301356262969344
1480300616249270272
1480180155935260672
1480165847742103556
1480150564189052930
1480146917866700805
1480100323507138562
1480096119992426498
1479757802327314432
1480379213249011712
1480377825311920128
1480327031724261378
1480326461898702849
1480307585714737160
1480282145210142720
1480192333509320706
1480175820517699584
1480059238919458830
1480042468703830018
1480393273042616321
1480343366114033664
1480147723739303936
1480126102483783683
1480119334777221120
1480081860176740352
1480319159007264768
1480133535256104962
1480125191149670401
1480302330582953989
1480179523928743936
1480058583332966404
1480325624229085191
1480105108801155073
1480218287275331584
1480216591224610818
1480078367135133699
1480168659918094340
1480230980329906187
1480407617943977984
1480376695618105344
1480204476522790912
1480323628621123584
1480230824633147398
1480064787786600451
1480059391176953861
1480203489116491781
1480202678617530370
1480255374359883777
1480168398910746627
1480134431591440385
1480224696679342083
1480407603926630401
1480402757999808519
1480136510854746112
1480408946347184128
1480396900452896769
1480394714570313736
1480386344064978947
1480327728909807619
1480274010558500864
1480191455024988163
1480190481610932225
1480173336042741761
1480167758142734341
1480160053948661760
1480117519666929665
1480117351601238016
1480113359122952194
1480113357596200960
1480363763148595200
1480198047384539136
1480156462018035712
1480151364906864640
1480144855443468290
1480113362205691905
1480104040331579392
1480408615240728586
1480362025079300097
1480141456652128256
1480097756899205121
1480179999139241984
1480186929308045313
1480067429795450882
1480057781218545666
1480392828681285634
1480330756425601024
1480219894000271360
1480206670777053184
1480180229628776454
1480170970404954112
1480164269689765889
1480163495601524742
1480163392736280576
1480156028788363264
1480148121116037121
1480137469517459456
1480102120351092736
1480062560971882497
1480353174695256065
1480352784511733763
1480163963786518528
1480133887732838403
1480051707400781825
1480182178050756615
1480179364784267268
1480173747290230787
1480164129096683520
1480166766500204546
1480107274437742593
1480365931373105155
1480400341946429441
1480382605203685376
1480371744699404291
1480370704239390728
1480359766694060037
1480358843498786820
1480352177579122688
1480352134587580418
1480352089842667525
1480351292971126786
1480341436637741058
1480337374798356481
1480336395042373632
1480328234025701376
1480326439253598208
1480215625012166656
1480200755244007425
1480191756373147648
1480171596060917760
1480165280454098944
1480149434512019456
1480133875758104577
1480130384662708225
1480129193442562049
1480117976711847936
1480117819584892928
1480104545011130368
1480099258191605766
1480083656882339840
1480082638283022341
1480072714924670977
1480055071757201410
1480054673629278208
1480398044537389057
1480391289854050308
1480376661635842049
1480364234793906176
1480351400618074112
1480185622761394182
1480105197816795136
1480094854424117248
1480090042542395392
1479793205872758785
1480378072855498754
1480369074890674177
1480402626588004356
1480244326986760192
1480407392009404425
1480404236189908994
1480397093575397379
1480395947481858052
1480390280264110081
1480373083575709696
1480346223697543170
1480321681096802305
1480321263662891010
1480320478631772160
1480299915649687566
1480245173820870657
1480187466673913864
1480123081246982146
1480114757239590914
1480103127776854018
1480102172259864577
1480051453448179712
1480047409841549314
1480180023516491776
1480398843384504320
1480394877284196355
1480378913628954626
1480377760782569474
1480376845384093698
1480358022769610754
1480354151993204736
1480347230036844548
1480332296595165190
1480172186883309572
1480118840415588352
1480110558313476097
1480065463094632448
1480050340720349184
1480378809858027520
1480360260669902849
1480353068122140672
1480336063336169472
1480326094884507648
1480316328669954053
1480313520117796864
1480259536191557632
1480246194161037320
1480211969265348609
1480190757252308996
1480183559755378690
1480162877470171136
1480154579224481796
1480154567572656131
1480151990189498373
1480149655551836160
1480146851642830851
1480137292136140803
1480137012363481090
1480128240500969477
1480124274421735426
1480118310725242880
1480109551370207232
1480105974702690304
1480067667687981057
1480067087473147904
1480064062209900546
1480061813425381380
1480061285240918023
1480408317084061700
1480386119816544256
1480338225164021764
1480216555195551745
1480215149952733189
1480210499501375489
1480183231492202595
1480179075981320194
1480173568222584832
1480207388900659203
1480121985917067264
1480101403230015488
1480076566101069826
1480063102695604228
1479749068087709698
1480190535012810754
1480175676749586433
1480377569413595138
1480332248415039489
1480325433421819904
1480187846912876546
1480060200899907584
1480381220240248833
1480379098375819268
1480371565988511745
1480141044574425088
1480107769378140160
1480412010340765697
1480409831752171520
1480351905620508673
1480351903313633283
1480351897076723712
1480117222726987777
1480117220042674177
1480117213696692226
1480405678120321024
1480388845363290112
1480366123040198658
1480161970955247625
1480140183425060865
1480406801363263490
1480356078692884482
1480135804902989827
1480088762893828100
1480404682551926786
1480212603343228930
1480148644669976578
1480144928202129409
1480165856780984332
1480163636651909125
1480162957136826368
1480162339815051264
1480354270134214659
1480344485963841537
1480358247601041409
1480288744951279618
1480215927677284355
