1481471077218152456
1481470286692491265
1481470186360573958
1481468900915449856
1481468859567972353
1481465402668756997
1481464714479935492
1481464676940914688
1481461326039990273
1481461277763731459
1481457397302718467
1481453915967471617
1481452660838797313
1481452095157202945
1481450324762456065
1481450041189363714
1481450022160191488
1481449143747096577
1481448197151420416
1481446034232721408
1481442656081559552
1481441630280622080
1481440271032553474
1481434438332747777
1481432622836633600
1481431045769940993
1481430911367323648
1481430814403530756
1481430367467085824
1481427194765516800
1481427020416692225
1481423619200847875
1481421568144461825
1481419472040869892
1481412148102574083
1481409809803280384
1481404952623063040
1481400866200510467
1481398844097441793
1481397598154276866
1481397041867935748
1481382090604421121
1481372254617616384
1481353148728246272
1481351616666415104
1481345122487115779
1481339422071472129
1481314825305456640
1481311730425012224
1481308681560293382
1481300789973106688
1481299942723694595
1481295637606170624
1481293022059188224
1481289793120391170
1481280568692129793
1481278269626662919
1481277640673996801
1481271945312505856
1481271366011985920
1481271192665616384
1481268167322513408
1481268014951862272
1481267225856442371
1481264802232414211
1481263318753230850
1481260583660179460
1481259779251388422
1481254008639868928
1481253486926913538
1481253456468148230
1481246079723405314
1481243770469650433
1481241206034399232
1481240695075917826
1481238446173986824
1481238297565409281
1481237625403211782
1481236616748597250
1481228961229471744
1481224710973431810
1481222164083015681
1481221117050503169
1481216515714457604
1481213504925634561
1481211646077173760
1481209632869990401
1481202712398413824
1481197465474899970
1481195703154384897
1481193293845504005
1481193043428798466
1481193041193242633
1481193034360721411
1481191248685895684
1481191029399494656
1481190753284292616
1481190700041793537
1481188784708685826
1481188462103769088
1481181095387611138
1481180701374693378
1481179672599994370
1481179112840794116
1481178637361905667
1481178580596183040
1481176324991758343
1481169899821355009
1481167985088012291
1481166834896408576
1481163637767417857
1481162794552926214
1481158892113768448
1481155256801435648
1481151454153175040
1481150360966529024
1481148785204273152
1481147974722125824
1481147717980418050
1481147713542836224
1481147303880966145
1481146764539629568
1481144067086221315
1481143657717985280
1481143605356265472
1481142642050473985
1481142207537381378
1481141796067766272
1481141485441806344
1481141006749745158
1481135610610221058
1481133513877639169
1481130437846401025
1481130251124350977
1481128809617309696
1481127520124936195
1481126788944310272
1481471835124670466
1481468409431101446
1481467066503016452
1481466398010269696
1481464696893239300
1481464455863373827
1481458890063892480
1481458584286539792
1481457440206225408
1481455165492596737
1481448467008724994
1481448435262046208
1481447797836873730
1481447427156570112
1481439421916651520
1481438897309876228
1481434668247441413
1481434470041665537
1481432309887029250
1481430252970979328
1481424874677669888
1481421803923046400
1481416405459570692
1481412555327213568
1481407541506899968
1481406780026810369
1481403370997190656
1481397460786364418
1481397442075635718
1481381286518616064
1481349049773334530
1481341587997495296
1481329463392710660
1481303037868376065
1481296026493657089
1481295471507566593
1481289737348726784
1481282957998694403
1481281223851122695
1481280042600919043
1481277977350766592
1481276904573648897
1481275809625427970
1481272416014069760
1481265426319691776
1481263420486057991
1481261262000762880
1481258844999553026
1481257693726011393
1481257691100381186
1481257681495404546
1481256506901565442
1481255633857159168
1481254874872684549
1481254317143527428
1481236094817644544
1481232126746202114
1481226937687486468
1481223380669898753
1481223178638618624
1481220383030530051
1481219404679598080
1481210043555282944
1481209477957550082
1481207182972850190
1481204744110903297
1481204582529527808
1481203001167867908
1481200128719745024
1481199271114280962
1481198415308800001
1481198093282717696
1481198006301261824
1481197649881890822
1481197412912103424
1481195975247273984
1481191408790822912
1481190739052986368
1481189956471394304
1481189420426760197
1481187319235616773
1481185178232188929
1481184227710599171
1481183430453100544
1481180786686664706
1481177399593439232
1481176526398029829
1481176507293003779
1481174087888404496
1481173534152196097
1481172159997558784
1481170954995011584
1481167853621747713
1481159587919437826
1481142776163098634
1481140715518566400
1481135600359317511
1481132581458432004
1481129701511147520
1481307627217104896
1481219732745633794
1481215638106431490
1481207838911664134
1481207042170064898
1481199214730563589
1481177476390862855
1481135246364274689
1481126035278413824
1481471403035885568
1481470642558234627
1481467909759447044
1481464533143396360
1481463895717990401
1481463205507760134
1481460828520038406
1481457153160396801
1481454380062760967
1481442245756989444
1481440015200972801
1481435638696415232
1481435536481218562
1481432843540889602
1481430657524183040
1481426111011909632
1481410777261424642
1481393100367208452
1481374599992713218
1481349286613123072
1481321356130414593
1481300089750827012
1481299169830895618
1481290520043601922
1481285663651934222
1481285550233780224
1481280650552680455
1481274059887628289
1481270619782381569
1481266838625722368
1481259937594769409
1481246919737643014
1481246178142724103
1481245422203318273
1481241224816504842
1481232831355719681
1481219869249261571
1481219521537282053
1481218570055208962
1481213915443122176
1481198651993395200
1481196578040074244
1481184714601996288
1481183955034513409
1481180367788732420
1481175335924568064
1481169458878382082
1481163714950995972
1481163347898765316
1481161385480716289
1481159250097614851
1481157317572071426
1481149682131021829
1481147458915045376
1481133821076852736
1481133486748872704
1481130963916976128
1481130874053664769
1481126899535716358
1481124911519518721
1481463914886230016
1481457142356135940
1481448355889033216
1481448336939163648
1481399616419819523
1481327348339200000
1481238776928411649
1481215749616447488
1481140564426821633
1481125253384671232
1481467916109643778
1481462716359639047
1481459254251102210
1481459252258816000
1481459249796743169
1481450800656576515
1481449329236013058
1481447419954958339
1481443772953206790
1481437490297044992
1481432038855315456
1481430699467218947
1481430686841982976
1481429861013102593
1481425246834270209
1481425213401485313
1481417840008007680
1481416679821557761
1481409171559882752
1481407450607919104
1481372753421021184
1481273382046167048
1481264866170408961
1481254946989547522
1481244842160230400
1481244678561607680
1481244582767915009
1481242502695108613
1481236715222478848
1481225491709575171
1481222174644273154
1481221051463860224
1481216189011730437
1481215019404886017
1481215019010633729
1481211855909441538
1481211821734658050
1481210738283020290
1481209803477483520
1481206575864094721
1481204469107150848
1481204420637782020
1481202187032469507
1481201495068803073
1481200529636134912
1481200471507632128
1481198708293537793
1481198281699262467
1481198136731512837
1481195676172447744
1481192349191778307
1481189526379069444
1481187399502036993
1481187388731060225
1481185018072694788
1481183501982605312
1481183226030964741
1481181793898295297
1481167466583805952
1481166555346051076
1481163616917532673
1481163606683267075
1481160856830640128
1481159007381319680
1481156405755269121
1481152247220535297
1481145224089206784
1481140293655474180
1481137680427753474
1481136938451353604
1481135178278121472
1481129658536329216
1481127649343053826
1481126849749352450
1481476107794894850
1481475398034923526
1481474951001821187
1481473098537119745
1481473052999569410
1481472880072626184
1481472562375049224
1481472190684209165
1481470518893346820
1481469876040790024
1481465083301875715
1481464615225933824
1481463068878323713
1481461005645451266
1481460997743419398
1481458573276499968
1481458404082479105
1481456950747734016
1481456526015762437
1481453877627359233
1481451094861828096
1481450929287168006
1481450839755862019
1481449183349739522
1481447992980873216
1481447258109657088
1481446536018292736
1481446293411332097
1481445817773076481
1481445711816593409
1481445621039255552
1481445485873627139
1481442243722752000
1481440370907312131
1481440013758115840
1481439249312681985
1481437753493815303
1481435829864071171
1481434571426172929
1481433887389937665
1481430503656165376
1481430090877927425
1481428775913291779
1481428545281064962
1481428097031639040
1481424075490738176
1481421152295989248
1481420490380312579
1481419748420513794
1481410632042053632
1481410467247837186
1481403487594622978
1481377863660359681
1481364517502464000
1481348783313420288
1481344842982895616
1481342553631096832
1481342483879829504
1481339144635031557
1481338979769548800
1481315686286708739
1481304087455215617
1481295154438934530
1481291666493702144
1481289391108616196
1481288459222646784
1481286058717618180
1481284965564555266
1481280577936699397
1481280058522505223
1481278280292769794
1481277712908316672
1481277710450442243
1481277270698659846
1481276052697935872
1481276050370105344
1481276044074455040
1481270926104985602
1481270648253075461
1481267524130209801
1481265101454077952
1481264647613607941
1481262934248792067
1481260241035890693
1481259040303099910
1481258517642493958
1481258027621957635
1481257699849695233
1481256154399666176
1481255947423338502
1481255757819822088
1481255336044822535
1481253177614020611
1481252600603619329
1481249154156621827
1481248509135568898
1481247318292971522
1481242375683186692
1481242158665723911
1481242127787237377
1481240775740788744
1481239863882321925
1481238664533651460
1481238632464007170
1481238208436641795
1481236960559890433
1481236542144540675
1481236267077881859
1481234677746876418
1481232112061943812
1481231495360819211
1481229384245977088
1481229235729879044
1481228131822612481
1481227825130905601
1481223519153561603
1481219265433071617
1481218928403968006
1481218550631403526
1481218003027267588
1481217129517305856
1481216744920596480
1481216451449335812
1481215305552916480
1481214977122107392
1481214975335362563
1481213663378034691
1481213543441903619
1481213530942885888
1481213263593771010
1481211883126689797
1481210118037729281
1481476095300018180
1481473938295517184
1481473873732599809
1481282696672575495
1481265689201876993
1481145158288949249
1481476357796528130
1481476110030630916
1481473914895495170
1481472719006973961
1481472050930012166
1481471538197311489
1481471440507764741
1481470969550376960
1481470913770311682
1481470176982110209
1481470176764002304
1481469256168804354
1481468846985072640
1481461869680676866
1481461715753893888
1481460829518462981
1481459046037475328
1481458918933278720
1481458394934685705
1481457549614403584
1481457030225600512
1481455372204638209
1481455017161027589
1481454264316997633
1481453876108996611
1481452895866601475
1481452243304194049
1481451508189515777
1481450723329986561
1481449523386138624
1481448510973423617
1481448505931866113
1481447850978725889
1481447244771774467
1481447031529172992
1481446891703668737
1481446349447245828
1481446323266400257
1481446123516891143
1481446095243063297
1481445592899670016
1481445389660471299
1481444847492149248
1481444630688415750
1481443603813908482
1481440857731776513
1481440800139804672
1481440613040287746
1481440554173210625
1481438330453917696
1481438242671312898
1481437300072796160
1481435319300136961
1481429721682702337
1481429250217750530
1481425909374541824
1481425365990252546
1481422302562877442
1481422170282553344
1481419234487930883
1481419003197558784
1481412052921241601
1481408882048368643
1481406648618926080
1481403423002361857
1481394643812360195
1481380868598153216
1481334792247738368
1481324952809000960
1481314261548748800
1481302721659834368
1481298407679733761
1481297748511330306
1481297547910324225
1481296312843014144
1481290441962450945
1481289674950049792
1481287610928701442
1481287280149274624
1481286475887296514
1481282913388081152
1481282753014669316
1481280708803186695
1481280373154021380
1481279880629452801
1481279580451315715
1481279334606581766
1481278478029058054
1481277684269588485
1481276438548742145
1481276264824852485
1481270004327026688
1481269960790126593
1481268206241464328
1481267878230126602
1481267553779732480
1481267486867611648
1481266527458721796
1481265869888299013
1481265092344057864
1481264086277320712
1481263641500749825
1481260289299746816
1481259804807299074
1481258835985965060
1481258269780119552
1481258112795684865
1481256043862577156
1481476243799556096
1481475545385009156
1481474194961481731
1481473414145921024
1481472669283655683
1481472385971007490
1481471437127168002
1481471434937745408
1481471431783247875
1481470363016241152
1481470078940233729
1481466568928161795
1481464518911791104
1481463904618180611
1481462218134679553
1481462054410399755
1481461844166713348
1481461144640716807
1481461085102546952
1481460743908126720
1481460593471397891
1481459906536677378
1481459731940392963
1481458890336538625
1481458488928702465
1481454879910809600
1481451851786891265
1481451688523624448
1481451192999763969
1481450457210175488
1481449706782085121
1481449670975143938
1481448338000166915
1481448297542066177
1481448284044820480
1481447893764812800
1481447541837373452
1481446920128450562
1481446651776897025
1481445978893058048
1481445976141594624
1481445658338869249
1481445173960019971
1481443916235026432
1481443571333218304
1481443219758268416
1481440623949275140
1481438895388921864
1481438890838093826
1481438615204864001
1481437733000445955
1481436920874160128
1481436589452849152
1481436520519434240
1481436502802722822
1481436375136501760
1481435288379756544
1481434042642092035
1481432902097596417
1481432793460932608
1481432431039492097
1481432100402515969
1481431810932310019
1481431011791876096
1481430870238052355
1481430798414667776
1481430211245731841
1481429400562597888
1481428567456387072
1481426716996554752
1481426068410351617
1481425288915730434
1481424599426691077
1481424182831644672
1481423456566902784
1481423454171975682
1481422586990968842
1481421372404342785
1481420551264833539
1481420007548792832
1481417398234513409
1481416890346250240
1481416888051974144
1481409548380688385
1481402993212014593
1481400751222325249
1481397002395136000
1481385560019243010
1481371196616851458
1481354582114590721
1481344838931206144
1481343376859758592
1481335757264809985
1481314392876752900
1481303372456415232
1481297827670392833
1481297740596662275
1481297731327238145
1481297307991564288
1481285944276045825
1481284610495758346
1481283659428937731
1481283165763350535
1481282181855158279
1481281705965146113
1481281537077563396
1481473736306216960
1481463540053868546
1481459293178441730
1481451283999784960
1481451166630572034
1481449337733492739
1481447844355936256
1481442121446227969
1481441633480884224
1481435926656327680
1481433242171752452
1481411392565833729
1481406047931625474
1481319722809700352
1481313578036887556
1481286933829799936
1481285528918294533
1481283355471663105
1481279942210261000
1481272396250501132
1481269333452292096
1481261435242295299
1481256432830132225
1481249385195634693
1481248966108798976
1481247533876002816
1481243520782712834
1481240180174749700
1481222527745937418
1481220677093195778
1481213185277718533
1481211992484757510
1481211079133134849
1481207004165451783
1481193038609514499
1481176923749650432
1481173594017517577
1481173017757908994
1481171287339077632
1481168167057899521
1481165910543310848
1481165118545461259
1481161318241812483
1481160859573694465
1481150695713931265
1481148520346578946
1481145639572766720
1481136986690060288
1481131643230306304
1481130995038695424
1481130110325772288
1481129836517429253
1481128095537319937
1481466328276148224
1481457731639078912
1481450719043801088
1481444824167620608
1481431893556236290
1481403878700896257
1481319980369330176
1481286030427037697
1481279306177613830
1481273289331077129
1481248400532246533
1481246656893177856
1481243823254777867
1481234946169933824
1481229875466088450
1481228912126750725
1481227693794471936
1481225818160640000
1481225316484141061
1481223998197596160
1481222064967421955
1481221903297937410
1481219934298382337
1481215456468172802
1481212580203237378
1481212048638083075
1481207722750398471
1481207317219921925
1481206193641365506
1481204897924382721
1481199495501475844
1481199095541014528
1481198285562032131
1481198224795136001
1481175172933894151
1481169926316769285
1481165542832893952
1481163026888032257
1481152941860212736
1481277221142728706
1481210718091423748
1481449452548530179
1481352630094168065
1481294336952520704
1481290363545731075
1481258762631802883
1481214389433044992
1481207001971838976
1481168401766952966
1481473144909332481
1481470047763972096
1481460886724550656
1481454836432388097
1481453969960730624
1481452973448482819
1481447136864911362
1481445786802331648
1481445233040982017
1481427929393696769
1481341102850715648
1481309145060233216
1481272220475588610
1481264424355008515
1481258354198851585
1481224113616465922
1481223113425944576
1481218426178015232
1481218299166081027
1481181072625143809
1481177241132630016
1481175017279098881
1481153057044189185
1481133941503696897
1481129282483400705
1481453999627079689
1481440212912046080
1481438243745046529
1481425793998008320
1481425790596431872
1481424951555280897
1481424266100764672
1481422179216801792
1481417596821929985
1481333955156914176
1481264981689909249
1481263439087812608
1481262119148744705
1481259045696983046
1481251784484356110
1481237026435391491
1481235050872115201
1481234900057718791
1481234545865330693
1481226280419098631
1481215935239589898
1481214132586041346
1481208980102090759
1481208032365543424
1481205499853180928
1481201222929780736
1481199708530176003
1481186973180391428
1481181752853155840
1481180833239252996
1481179295746002952
1481160219862659078
1481158977623052288
1481152562825154561
1481146233637208064
1481145115255373825
1481144336876474375
1481143906356056067
1481136829063901186
1481136826664755204
1481134391997104128
1481132407059550212
1481131709639053316
1481124956272721920
1481164372026486788
1481473780392525827
1481469300125110272
1481313608676278276
1481131540424065027
1481473262026899458
1481236193555914755
1481200922533707781
1481198073116491778
1481135751262015488
1481236988808560647
1481131088538144768
1481128490150039555
1481165563825393664
1481144371240370176
1481422531529932801
1481421804577378304
1481467749964877824
1481456249052880897
1481215227530461187
1481192434067734529
1481145030299758593
1481130710543249410
1481256958363635715
1481203018154786817
1481233283803676676
1481157177843023877
1481137706239664129
1481471771723579398
1481306625319518208
1481228431841173505
1481213155514925056
1481176622044631040
1481161435569074179
1481156800057856002
1481156418183262210
1481141653314633728
1481140000494583813
1481315517067857922
1481248459483394050
1481241665033875459
1481199696706404352
1481163788997238784
1481457707958022146
1481204553286660098
1481463826700972040
1481456800302272513
1481424903111065601
1481282270346760201
1481278201435680773
1481202994620559361
1481411519938428929
1481477610651947009
1481250847116136450
1481223166555222016
1481133325033291777
1481479649939292163
1481465486877814787
1481450359566761985
1481208609212334080
1481173097948803072
1481143369036607490
1481137836414083072
1481457027482550273
1481456497226051587
1481430085362413570
1481257749719957505
1481211916353966081
1481155524762943488
1481135647603978241
1481434053035311108
1481433810663534592
1481348365116112896
1481308345613324289
1481406653908287488
1481136204334927872
1481281778786586629
1481415694164303875
1481300833702936580
1481267963890376710
1481219901843214338
1481197590398275585
1481466506009772032
1481147591182405635
1481190799367077888
1481213580066553859
1481212169597636609
1481247481891790849
1481204206526959618
1481202476150038529
1481200406349099009
1481195332205948935
1481143854737027077
1481284435777843201
1481209113506099204
1481159088537243660
1481450792754114565
1481415550140317697
1481213582344073216
1481213576002293760
1481213569463365634
1481206047377604615
1481191579700592642
1481149392120086528
1481133435754532864
1481138085174087680
1481134140456312833
1481257590604857345
1481192186385661953
1481187407634780162
1480892243397382147
1481457829655769088
1481266863544107008
1481257686666977280
1481188245518295046
1481171964429762560
1481232160434847744
1481256016612265984
1481176639547797504
1481460632314855428
1481424648319664128
1481421690882392064
1481372696738811905
1481225414823804929
1481195313734258691
1481191288259375104
1481152431878995970
1481438485169213442
1481434922833571842
1481432056928546817
1481428319417827329
1481372424440803330
1481148088643616769
1481472994472079361
1481460904437100546
1481455548528611328
1481454802026774532
1481424166696157186
1481419707018522630
1481402868003491844
1481385116991893508
1481283089947332610
1481282949916282882
1481271923493732355
1481253113093038085
1481241086018584576
1481228141536608262
1481178238533902336
1481173427977592841
1481154732786069504
1481151456916897793
1481141798454325250
1481453648446394371
1481313847739035649
1481246737222496259
1481224047547785217
1481201851546873856
1481184898325319684
1481475465848184834
1481474071389155329
1481472678339182593
1481483428902346754
1481432373615300612
1481425577907462145
1481274275445481475
1481252673097969668
1481203438046552072
1481466622057775105
1481469022923554817
1481293697979674625
1481253655705944065
1481190337117040640
1481151988486537219
1481136555016474627
1481427291314208768
1481415144051998721
1481286702203555849
1481182211999432705
1481400606086483968
1481458013752139777
1481301023172214785
1481288411931725829
1481227154478497799
1481173365033676802
1481169237880487939
1481137823189454848
1481288268943884290
1481271695499722753
1481269306654871554
1481264816958603269
1481262909909245953
1481235464371982337
1481159702079995904
1481155092523134979
1481450277731405829
1481302434794586112
1481214109178032131
1481175548709777408
1481175532158996483
1481175509291708420
1481290760263991298
1481234910589636609
1481230617325207557
1481459657382465537
1481235947333496834
1481243718154088449
1481262630547619841
1481250051037237252
1481157312912175104
1481265835717312513
1481486854465912837
1481270791040028672
1481264739015860224
1481173998239383554
1481273225795751939
1481272954277490689
1481272703139315714
1481274192817700867
1481270950171918337
1481266214827864076
1481265278902476802
1481263947412275200
1481470254543163394
1481325188474183680
1481273683880849408
1481264293547245572
1481263748644208643
1481272173226774529
1481486760941338628
1481486461468024833
1481430832229523456
1481271315508371461
1481270530062024705
1481269605478076418
1481269604240728065
1481264990191763463
1481264635110375425
1481264418252275714
1481264106368024576
1481433196495773698
1481264206905491464
1481462285235548166
1481440875842801664
1481430895789998084
1481419832549855233
1481403705056727041
1481328907936751617
1481277790582603783
1481249724703580160
1481226776844324866
1481221318997835785
1481221271702896642
1481216666461929474
1481197421891784706
1481159670551269378
1481159083646660612
1481469805094141953
1481455764271407104
1481361600846000129
1481302303282176000
1481210708948033536
1481155870197424129
1481152458613489665
1481446477042163712
1481462382463696896
1481449611206475780
1481275756148051969
1481462675867836416
1481462457965359104
1481450898509660160
1481287886251380740
1481279850183032839
1481239640183308289
1481214973682786305
1481213906526031873
1481160042321969158
1481139100896088067
1481474907905347585
1481285868367532041
1481220367687503872
1481210338427416581
1481187066323034114
1481175681262583808
1481473316670291969
1481464391631802371
1481463941893337088
1481463863422111744
1481415939736363008
1481365625259929600
1481361798599426048
1481341183339208710
1481311803082694658
1481299394477674509
1481298771720175620
1481282323031400448
1481229209498714117
1481209422747947008
1481191290541084674
1481189942084927488
1481141078174871553
1481480354909540359
1481429343717171201
1481394088293601280
1481175502970925060
1481151595954184192
1481213321722609664
1481203712207233026
1481468325473697801
1481463241067106305
1481409837649264643
1481361603681558530
1481266697223151616
1481225020558901252
1481163166814212099
1481475868224782339
1481257809623023617
1481186565611474950
1481271618546847746
1481227188464926721
1481480088424427521
1481145682472087552
1481448556028657664
1481261921102106625
1481164910671261696
1481416864236720128
1481272512030064642
1481261484852531206
1481261012368367616
1481235266744754182
1481231974526496770
1481221955890343936
1481218973555621890
1481204849480208390
1481151150745616388
1481150022515585024
1481139848627240966
1481461164878045190
1481454016559476739
1481419736131207169
1481413243218595840
1481256484000649217
1481220369298374659
1481181700751491074
1481180245252362241
1481165136509677571
1481145000713134080
1481155870256144387
1481164058464174080
1481464318529253376
1481438150451167232
1481424155136622592
1481273293852516354
1481239753987342339
1481229586889592834
1481220768478666752
1481214628718059520
1481207333472845824
1481206608533540864
1481147100587245568
1481477365352263680
1481466699312660480
1481449770166419457
1481446316119142406
1481286449417064448
1481248431066972164
1481227397739745283
1481222042867634184
1481214029335261187
1481196259319107585
1481183856128851970
1481172846017933312
1481157178946121732
1481157050432634882
1481149250285498369
1481146480908181505
1481140004936368129
1481473466146508800
1481464841001140225
1481435997653323776
1481329812828532736
1481268267188695040
1481252075967492098
1481235184565776384
1481222339639783425
1481221202622693380
1481206903212736514
1481204807717507072
1481196067433881602
1481192810540077060
1481192754869063680
1481191944256888834
1481177640270987264
1481483695794298887
1481454942259118082
1481400246601416704
1481285601882443782
1481261153775136771
1481252016957853701
1481241562298593280
1481168146484822017
1481159002801438732
1481222375975038977
1481206378220109825
1481489504276205568
1481488363953987588
1481488323336368129
1481486334770704391
1481479925261795333
1481463488078057475
1481458137928732674
1481457175201398785
1481445013469155331
1481443807673860097
1481434198137360387
1481421171082293248
1481255962422169607
1481251056168607755
1481243908277673985
1481240565547401218
1481231605004107778
1481229815579836417
1481219476276547585
1481174659005816833
1481152779238645764
1481458613764112386
1481443789638098946
1481430789871239168
1481426337630126080
1481422940839505922
1481351157171765250
1481345117579530244
1481219310475706370
1481183545905549318
1481180981705211907
1481177966466187264
1481177510301908992
1481465821662973952
1481443028120514565
1481426768418721798
1481225917783764996
1481225232031825922
1481270881389531137
1481176807231848451
1481159382029447171
1481478061401186304
1481405438445109251
1481276251579248642
1481275203544322051
1481270437586018306
1481255297696276480
1481234708608724995
1481231618761424896
1481213030390444036
1481189136136814600
1481176915650445318
1481176835795070977
1481176747156844547
1481174436862918661
1481161765849550849
1481144044965482501
1481490155668385792
1481481452386926594
1481455740527120390
1481453097042182146
1481451555551612930
1481410780373217280
1481394354598322176
1481306145369518083
1481302909799505931
1481279317963608069
1481278703950778372
1481255039213907970
1481253622151540742
1481247817150922752
1481233110738280448
1481227198505922561
1481223287359549443
1481213445559271424
1481205555389931521
1481204595741577218
1481202513470955525
1481196661380890631
1481195826118807556
1481183298106064897
1481167147477123074
1481146074656313345
1481142650992353280
1481140938953326592
1481140473389776896
1481489560026910720
1481488071451422723
1481480014067826689
1481443898308571136
1481443742255296516
1481437581841952768
1481433596183584769
1481431403737010176
1481421113716781056
1481408529781370882
1481404948428767233
1481357823812460547
1481339363804037122
1481314609952964608
1481312958735081476
1481309651585183746
1481308113961631748
1481306415591735296
1481300868955885568
1481282204210991107
1481276687547772931
1481259710778994690
1481254491123236866
1481237004872388611
1481225076049838086
1481224694485626883
1481223659268501506
1481216381937123330
1481208123209977856
1481194392342118401
1481181219291373568
1481176826085273601
1481170416131768322
1481169768480653313
1481161379923238915
1481143758947512320
1481494675500707840
1481434511573336068
1481416632346226690
1481278176580218884
1481273639752585217
1481223126562258947
1481197522614124545
1481194512286633984
1481241459471036423
1481235125379612672
1481270246770364417
1481268417743429640
1481262491434991616
1481248786156781575
1481192320754417665
1481190130031411201
1481185164885585920
1481179558368129026
1481176877788467201
1481145557036855297
1481401462454652928
1481238076731326466
1481291033975857153
1481251925316501504
1481247962093465600
1481157345246089216
1481179519247859716
1481167493469458432
1481488523564032001
1481199911639347206
1481455005152722953
1481242154429476864
1481465982430629889
1481181529120571392
1481276002097516544
1481160454189854720
1481253196060315652
1481248125595811851
1481198835422883842
1481446798892093441
