1478233104993042432
1478232505299857410
1478227362428829696
1478227121554165760
1478227033293426691
1478226992545742849
1478226328436445184
1478225864361799682
1478224922300149760
1478224920152731648
1478224386616221697
1478223791809437696
1478218945085665283
1478218916837027843
1478217703739432963
1478216836705566724
1478216287859838978
1478216283183194112
1478215037827235840
1478212886778449920
1478212010848391168
1478210194991566849
1478205948359413760
1478199666021969921
1478199552339419139
1478194715757785088
1478192873849835521
1478190023619063813
1478188528534126593
1478186402877632515
1478185463835885570
1478183372119707649
1478181619731079168
1478178407091359745
1478177142357721089
1478169393225887745
1478169271763193862
1478168768509452288
1478162445495455745
1478162087264206849
1478160161705398273
1478159935439446023
1478159933266792450
1478154995354664961
1478148105165967362
1478134675746877440
1478105021103357957
1478103701357215748
1478088219967193090
1478085177217728513
1478083160638320641
1478080934792470532
1478079314507669507
1478075849395998720
1478060235797368832
1478055670578569217
1478053502244909057
1478051063122968581
1478042797118668805
1478030598975361025
1478029291703046144
1478028567615193090
1478013161022185475
1478008923219132416
1478003586432835589
1478001087688839171
1477997685680459779
1477995878111539202
1477991433143422981
1477990231479500801
1477990229663354882
1477988813523746821
1477988675115831299
1477986578152640521
1477986383549526016
1477986227525767171
1477985615136186370
1477983175515148290
1477981990183833602
1477978985107623936
1477978399066841088
1477977622713827329
1477976039422775298
1477971242846097408
1477971239218020352
1477970201647878145
1477969993467777024
1477969573991182337
1477967276393463811
1477966263133491201
1477959246868189184
1477944545866178562
1477942855800954882
1477938531766980609
1477936745513512961
1477936436414353410
1477936046096535552
1477935649420316676
1477934626928672769
1477933482231750656
1477933444235939846
1477932284686659585
1477931380445093888
1477929507554095105
1477924869543120896
1477921619372691457
1477921192010911744
1477918343747170304
1477916219453833219
1477916179721302016
1477913469433245700
1477909281458442243
1477908894189907971
1477905156142292992
1477904176214544384
1477901792352489472
1477900556391776257
1477900417648394243
1477898406915833858
1477894534885347328
1477894188607836162
1477893936853110784
1477893817948794880
1477892898490228736
1477890570357936131
1477890300316053506
1477888193865269248
1477886253257269250
1477882863068450816
1477882687977254916
1477882402122854400
1477878934583001089
1477878161828646914
1477875806265229319
1477874473122484226
1477871822964080641
1477871210931183621
1477867330776485891
1477864294368698368
1477863240398872576
1477859626028711937
1477859310369599488
1477858616421982209
1477857541728047104
1477857172667056128
1477856162548633603
1477855093860954119
1477853231120359425
1477852439151669250
1478232565203058690
1478232054739337216
1478229419273568257
1478228630018818049
1478228578592378880
1478226156440621060
1478224603008757760
1478220918535065600
1478220089748951041
1478214446182850560
1478212923977658368
1478210436097056770
1478205879442755585
1478203169943408644
1478201016537411584
1478199214421151746
1478197000449396737
1478193148752896000
1478192741825667072
1478192733856493568
1478189287455686660
1478189039727439874
1478184374814195723
1478184178684346369
1478183449311678465
1478179427372527617
1478178500733399042
1478176035904450560
1478165359383375872
1478158032555044864
1478150235721388032
1478142848079831040
1478135078270210048
1478135061643943937
1478054729699577856
1478017753218838529
1478014923896729602
1478014911271870470
1478014677950996480
1478014459163471875
1478012251613270017
1477994015245012996
1477992185916112900
1477990550506598400
1477988271573635078
1477983719143051266
1477978119814348801
1477971232574173185
1477971225691394051
1477966844182941697
1477960909142523909
1477960902112464898
1477957275230912512
1477951025612918784
1477950932792971264
1477950644178718720
1477950272731115520
1477949830617989121
1477949803430498307
1477949390207602693
1477941070109446146
1477937071465512960
1477935612015480832
1477932469630357506
1477918259957551107
1477915802850316290
1477910335780651008
1477908018498965511
1477904405962051586
1477903757027340288
1477895821299380224
1477894469336764417
1477889218680541184
1477886437848612865
1477886087947173888
1477882559228891139
1477872295821471748
1477869626914586626
1477865256483373059
1477859892069163012
1477858205011038211
1477853894201929728
1478232513982066690
1478204657583333378
1478191988109287424
1478190173141684227
1478189254949826561
1477990227117428737
1477890092467376129
1478232152525336578
1478224277576949761
1478213140076646403
1478209390415351809
1478207205157392385
1478205469407657987
1478205011960086528
1478204344742809601
1478203997316128769
1478202694695145473
1478201144484663297
1478201082480250881
1478196175396167682
1478191955058184193
1478189470314754051
1478188767529684993
1478186972011118593
1478185391949635584
1478185066048090113
1478181580388683777
1478174513661575168
1478174474998403073
1478174076631863298
1478167333768085506
1478161651090087936
1478151204181983233
1478145880200921088
1478145127243649024
1478055513497604098
1478051045188116481
1478024290914078720
1478021011660439558
1477991165106348034
1477989965434818561
1477983727120629760
1477969416700661760
1477967982982619137
1477955242100551680
1477946358308900864
1477939676598050816
1477935761533988866
1477935740310855680
1477935547238649856
1477934577356140545
1477934470166560769
1477933493103382533
1477933282507456516
1477929190859051008
1477926553832988675
1477926229554515973
1477920860115636225
1477917084482826241
1477916914164797441
1477913152335532033
1477911528305213443
1477911230408916994
1477910684692144129
1477906311220109314
1477903020079796224
1477900706908569600
1477896263504785409
1477895419870924800
1477894507689492480
1477893636847112193
1477893199125356547
1477892027454947328
1477891837343911937
1477891508690849794
1477888311179898882
1477880754470146048
1477877087885164545
1477876164219715585
1477875171562180609
1477875057493901312
1477874893744066560
1477873078046658563
1477872266805334016
1477871125451264002
1477870278172561409
1477862515799302144
1477861629920362497
1477860834973937665
1477859190831910914
1477857727447658499
1477855771215892481
1477934418706636802
1477897003392667649
1477879501019172866
1477854688204636163
1478233034809692160
1478232176797708290
1478201413792526336
1478198713306603522
1478198586202419200
1478191069661593601
1478190649488777219
1478189954723299330
1478188207107817472
1478185066438094849
1478052351428612097
1478033072939360258
1478031173267853319
1478025778889588736
1477971241243869184
1477964820116697089
1477950367258320896
1477926462825144321
1477920371760242688
1477894701592182785
1477890659977621505
1477882951283056640
1477879571332550657
1477874385499267075
1477869740320169985
1477866426769698817
1477866072539746305
1478233765117784064
1478232546999603201
1478229296171089926
1478226775259836421
1478223477773533185
1478222529797844994
1478222263455391745
1478221172638507009
1478211022162837506
1478210357327917057
1478210233906307073
1478208200373465089
1478201104127037440
1478200486037647360
1478200030922039297
1478199514620219398
1478198899735105536
1478196161685057537
1478194754764615683
1478193692628242432
1478192032636018690
1478189140847984644
1478187423586676738
1478186511803850758
1478185215696592897
1478177604913926145
1478176965832044544
1478175623247925248
1478172844676698114
1478167944601370624
1478165218026872834
1478164131832221696
1478157143626993665
1478152436485214208
1478149615778033668
1478143544996941826
1478142325230505989
1478140075380645888
1478117591851810817
1478062209385533441
1478040306960322561
1478034396938604546
1478032984133406720
1478032647423098880
1478027341443977220
1478022687037345798
1478021349427671043
1478018648354689029
1478012411051274243
1478011060569317376
1478008906584518656
1477997739321425921
1477996364961177606
1477995916699193350
1477995381552156674
1477988391362854913
1477982999555674112
1477980956350763010
1477979195435147264
1477977598240038912
1477977210833502210
1477971778530004992
1477968264047202305
1477963882102546436
1477957313545658370
1477956847856328704
1477946836316872704
1477944857289129985
1477944797557977088
1477930462454566914
1477929739494985729
1477928148482551811
1477926337176379396
1477924121501569028
1477923224738361344
1477921935765897219
1477919261737857025
1477917696884834304
1477916389318881282
1477914264748773378
1477910412360224769
1477910009820303360
1477908609413488645
1477908607538634754
1477907114328616961
1477906857595260930
1477903135091740674
1477899112435511298
1477897175946330112
1477896620033204226
1477896322912952321
1477896106935607296
1477896026702843904
1477896014443028482
1477895781080178688
1477895769826881536
1477893841428488193
1477892293575122945
1477889530287984642
1477889242801967105
1477888193827512320
1477887488714629123
1477886137670639618
1477885671276572673
1477885126830800897
1477884540555173888
1477883033520730112
1477881745194176514
1477881706103201794
1477879332307570688
1477873176507940870
1477872104204750853
1477871141519724545
1477868539071451136
1477868053161332736
1477866603391815680
1477862067864412161
1477858594724802561
1478234245604675584
1478233198089834496
1478231426097041413
1478231264503033856
1478230694660771845
1478229362977619971
1478228772197642241
1478226887360987137
1478226003944038401
1478225515811012609
1478224904986103809
1478224727973916675
1478224011427385348
1478223515853672449
1478222550870102018
1478221102925025280
1478218719054630913
1478218139208802309
1478217615520657409
1478216291668267010
1478215467248472066
1478215265565298688
1478214515334397954
1478214215605231617
1478213247442456577
1478211734884143104
1478210912880238594
1478210777592987651
1478210313463885825
1478209647722909697
1478209333309566979
1478208729388490752
1478208703845203968
1478207124224290816
1478205872543129602
1478204704999964674
1478204327835496449
1478204256859557893
1478202968482537474
1478201428300554247
1478200938187800576
1478200192130113536
1478198944396103687
1478195609618112514
1478194939708076034
1478193254420021251
1478193136279064576
1478192004299321349
1478191949471358978
1478191299240939520
1478190263419899904
1478187828328599553
1478187748188037122
1478186845112442887
1478186441528070144
1478185965050994688
1478185562821390337
1478182595804291072
1478179518078615552
1478177919973396480
1478176267983675393
1478173598799958019
1478173501898985472
1478172878096908289
1478171013561024515
1478169403371917313
1478168075190947840
1478165694390751233
1478162082109427712
1478161350165614595
1478160510256578563
1478158024480940032
1478156195055554561
1478153890793017344
1478151956493479937
1478151778612891649
1478151607535632384
1478140133987676160
1478126302687219713
1478120595510333441
1478116139922501635
1478072522574688256
1478071483825938433
1478056457870319618
1478046338176544769
1478043413001883652
1478042019134017537
1478041787147030529
1478041681094012938
1478040245517963266
1478037839258394624
1478035594815049730
1478031594052984836
1478030058614706179
1478028354511323137
1478025486454308866
1478025000057638913
1478024774336933888
1478013758131736578
1478012848760496128
1478012723510140929
1478009296730263553
1478008124824961025
1478005589959581700
1478003609732222977
1478002100630032384
1478001814855307267
1478001053505232898
1477998145728507908
1478235252829016064
1478234801563844608
1478233594367676416
1478233184567369728
1478232704025911296
1478229781057474565
1478229052108406784
1478228557201436673
1478226608792260611
1478225245630701569
1478221589086887940
1478221190535647232
1478219944957382657
1478219333541105665
1478218964962463745
1478218871878275072
1478215889166102529
1478212589138022406
1478212587275784192
1478211258578989057
1478210537896828929
1478208192530169858
1478208102428123137
1478205169116450816
1478204030010626049
1478203279603503104
1478202490222825473
1478201450429779968
1478199513705852928
1478197053628895233
1478195986254086144
1478194181432610817
1478194001194852353
1478193743417151490
1478192627749056512
1478192619318497282
1478192040231849986
1478191720453922819
1478191590069784579
1478189750007721989
1478189299363315714
1478188114535272448
1478187943537692672
1478187770648555521
1478187527022551041
1478184909936103428
1478184657099235329
1478184514883096577
1478184405977812992
1478183301953175552
1478183220306796545
1478182828630102016
1478182358264156161
1478182354539716610
1478179258316976128
1478179044281618434
1478178646657421312
1478178496622960640
1478176699854458882
1478175757180424195
1478175656953278466
1478174415875575808
1478174325689630720
1478173435234684932
1478172090771644416
1478171146788896770
1478170769590943745
1478169572909879299
1478168000100384768
1478164345695522817
1478164142863253504
1478163442846498816
1478159930397913089
1478159880330440704
1478159875381219328
1478159415148630018
1478159406474817538
1478158621405954048
1478158253422886912
1478157309423407105
1478154400417808385
1478151388957794306
1478149558576160768
1478144654335897602
1478139499443998720
1478138708217892865
1478109730992115712
1478108212444336129
1478099565857304577
1478088624654589953
1478086059414237184
1478080804035051521
1478074291266547712
1478072922568806405
1478071730270707713
1478070672882429953
1478058259676217350
1478055402193309696
1478053303338500098
1478051186515214338
1478048377921146881
1478041470590328835
1478041451665649664
1478217779350179845
1478217055472029696
1478216078543450112
1478213378787053571
1478206373238243330
1478205435874217989
1478205373551046657
1478199506684420098
1478182326840401920
1478180749266206727
1478178724243652608
1478175005062025217
1478174334623498242
1478169813394460675
1478168589714657280
1478163199350296576
1478092264752627717
1478075703946010624
1478054747848396807
1478053505885630466
1478043598868258818
1478033702680547328
1478027093938114571
1478026667943550981
1478025803380133889
1478024226095321090
1478020536907096065
1478020230173499395
1478016550963580928
1478008033301041154
1478006589600768004
1478000760277258245
1478000364179767297
1477998968898408450
1477998127013453826
1477995830191685632
1477994161949196290
1477988460367515650
1477969039406239744
1477966868421873669
1477960499241259008
1477946852959932422
1477941658918395904
1477938055126208513
1477928150373855234
1477917932210376706
1477899975694512133
1477899373031792640
1477892187803172866
1477882759477534720
1477871165968322560
1477853802178879493
1478232827330121730
1478230826345140224
1478207736064081920
1478200613770915840
1478199649265614848
1478178397893246979
1478174760857006081
1478168335149776896
1478162263160737796
1478155007019028480
1478142900089151489
1478127503130566659
1478018041224982528
1477998445675696131
1477993299759689729
1477990346315296769
1477981374271213571
1477976186374422529
1477966932900859905
1477964583180582913
1477962142963802117
1477959241398816769
1477950177654624256
1477944197806129153
1477944117761953793
1477921102361935879
1477920946723831808
1477917343409868804
1477913666703949827
1477912898907291648
1477908290034044932
1477906726640705537
1477906272720588802
1477896786299789312
1477896693735731201
1477890222528483330
1477870092784263175
1477867286828490757
1477862473717858306
1477857040965910535
1478159503291916288
1477893212001816578
1478072439275806724
1478230207987269632
1478145654408966144
1478011535574274053
1478002559851786240
1477993050102194176
1477982422645940225
1477951584516591617
1477901210979946496
1478229080541577220
1478219555990241280
1478209048038109187
1478203155712458755
1478200811230433287
1478153039265480705
1478150342692925440
1478148100791300096
1478111413209997313
1478092139368120323
1478083656031694849
1478053666120556548
1478029151231565824
1478025331646730241
1478011879796535297
1478008008252661760
1478000574352158720
1477999533678157828
1477994341251440640
1477972979497660416
1477971588247359489
1477964050029957120
1477960808621510656
1477950543037276160
1477949933655191553
1477941670482087936
1477938992779649024
1477929101314838528
1477921971782307841
1477912942540738561
1477903634344017925
1477901594918199297
1477898349944528901
1477891948845608961
1477881824755867650
1477865651251425281
1478226936455258113
1478224912196116480
1478206771437006850
1478194673764077569
1478182118589014016
1478160507659980802
1478160471681212417
1478158062611361792
1478151198234476544
1478139564686381057
1478083039150284802
1478073713392115713
1478038021924548608
1478036965547122688
1478031942012391426
1478031886261702658
1478018537318871041
1478012248610148352
1478008655102373889
1478005619231580162
1478005124907683844
1477997945152688128
1477997571897376770
1477996840691793921
1477995173741096962
1477991886786809860
1477986955870842885
1477981557155459072
1477965132005208064
1477964521952088064
1477963335391846403
1477960069987897347
1477952187477020673
1477951290537758725
1477951274913918978
1477950910265397248
1477938501148561415
1477934216507629568
1477929618061422594
1477927623074353152
1477925609732907011
1477925431848230915
1477925294551941123
1477919842971750401
1477914983031709696
1477914329815027712
1477913979401818114
1477906982531182599
1477906400084783108
1477902945672851456
1477901488999460866
1477898964540088321
1477897485657919489
1477896362305855497
1477896275273998336
1477892587864276993
1477890393656074243
1477885028398866432
1477883149824806912
1477882318144655363
1477879196567310336
1477871939859337217
1477865977354223620
1477862429329559552
1477860069681205249
1477857048196964352
1478095893580722176
1478027507945201666
1477900539086008326
1477924814794858500
1478187813976027138
1477941126891855872
1477901592229781505
1477880441361231873
1478138840774811648
1477973591652110336
1478222199202869248
1478032031669882880
1477950814568128512
1477929869807800320
1478002910755627013
1478234854751760385
1478226940964139009
1478201272398319616
1478063196321685506
1478048797322215424
1478022988184260610
1478009873862303745
1477982472335884290
1477962378754936833
1477910920131080193
1477894431575769091
1477891053390757888
1477856552291733504
1478193560990015488
1478193209373179905
1478146858669150208
1478057021836460032
1478020493194059780
1477920693480312837
1478196696869838848
1477984772437602306
1477865373449945094
1478208316807401472
1478229658713743362
1478174588148142081
1477983773098602499
1477958392559722500
1478170359891255298
1478021518844043272
1478014092782624776
1477982623376953348
1477957760117403651
1477938293656326148
1477924790409187328
1477877013641777152
1478107841646845953
1478039309684928512
1478016915712868352
1477966303444885504
1477917682141859840
1477885627777445890
1478206651509268482
1478037836691488769
1478202730183155714
1478046234325647362
1477920835083988996
1478092913829724164
1478026684309725184
1478011144073723904
1477990789313544192
1477977095540117504
1478030279277121536
1478025725928034304
1477965723444023298
1477930864201793537
1477893744108060682
1478171524737605636
1478014522161975297
1477924541053632513
1477862992377114625
1478011608802619394
1477994099827376129
1478233376268046336
1478224380643528705
1478143909318463488
1478096062548086784
1477996015189827584
1477937921504071680
1477921177351847943
1478215278689357824
1478195327328944128
1477967518002139139
1477949298083983360
1477876894536138752
1477868925551403015
1478062287608975362
1477879843916111873
1477935554087960577
1478023524417634306
1478016034674122754
1477880877992448003
1478001803962683392
1477882661494427651
1478237107411820545
1478221920327782400
1478206804077080577
1478206802424569856
1478167638232551424
1477961507526742019
1477934068180262913
1477928810070740992
1477924838077566976
1477919265848127488
1477909043477766146
1477908700589289474
1477895293131657216
1477866900533223424
1478173517573066753
1477999835890339844
1477960676001734657
1477892196934160387
1478200554501206019
1477915341875343360
1477893887544811523
1477858151659552768
1478163360893915136
1478029288536297472
1478223545641488390
1478200189030580227
1478197752609660933
1478183945334255616
1478180076059381762
1478154159694106624
1478045833148862468
1477996289627357186
1477904932195823618
1477884117270237186
1477882391196622851
1478223064358060039
1478203916336590848
1478189741002485762
1478153561506598915
1478039794638680066
1477921077128941568
1477906156039262214
1477896659006672896
1477891671656304640
1477877223839256577
1477866399766880260
1478185816698413058
1478184204533784576
1477945867520778241
1477942577458384896
1477942573255716866
1477942568323194881
1477883953381920769
1478216205777321984
1478205755413041153
1478193601767112704
1478046370585931778
1478029609165750274
1478000504999346178
1477964723442257920
1477922536918695940
1477908568841986053
1477899381802078208
1478038446127992835
1477925124225392640
1478234676451954689
1478220595791753216
1478133766400798720
1478133762634383361
1478211342930567168
1478185746498404356
1478157696264126466
1477959547947913218
1477959440296857600
1477967305690648576
1478211324085616642
1477899774011473922
1478215559766425602
1478194935694200836
1478057061712031744
1477953993590513667
1477911385082191873
1477904470260387840
1478216194758828036
1478183293061242884
1477993815008899073
1477993605398626311
1477987521854201856
1477973283244892160
1477972941702713344
1477968494461288452
1477956281059065856
1477915939538550784
1477913201291370497
1477912619600154624
1477900140891426819
1477879580413153281
1477878192064978944
1478187897241014273
1477994238985916422
1477993917387706371
1477914444894195715
1477936792380739584
1477882451330408450
1477865268357451777
1478066145802420225
1477983370672242688
1478098053097660417
1478059039342809088
1478162138413760513
1478016059068149761
1477906438957649921
1477889793555980288
1477920884564258816
1477917160794038273
1478021498451333123
1478166831139491841
1478154666156326913
1478142089133060099
1478016426392784901
1478007475966124032
1477917120646107137
1477860938724249600
1477916858619764737
1478215012497850369
1478189541651406851
1478155256584228864
1477968495744745473
1477901772152664064
1478227162230517760
1478204754304004099
1478170432054329346
1478136536747024386
1477914030513741825
1477890261506146305
1477889927551410176
1477863319444725767
1477933606622220289
1477929644980510720
1477914019881267202
1477914016999620609
1477913992878333956
1477884555658887168
1478135308805836800
1477940257509163011
1477867278364385281
1477937262146953217
1477913987505397761
1478239253750497280
1478031257384603649
1477880617152831490
1477918257470443522
1478242536590569473
1478241265905184771
1478175028101353476
1478208205368872960
1477886329488752642
1478197720904994816
1478175377784664067
1477971595457019906
1478241985190572034
1478239087509536770
1478174914829901825
1478031937864232961
1478031335402868737
1478031335155322881
1478031190573522945
1478016275221680128
1478020559317307398
1478199920519647235
1478178653485731840
1478142035165016065
1477995227810041861
1477988205941059584
1477958292571766787
1477954063312429057
1477931839805276163
1477931761883435010
1477898022436491264
1477895727921582081
1477886717038268416
1477875176188493825
1477867440193224705
1478218184746430468
1477915299164819457
1477877680573861889
1477965994911879168
1477990581917794305
1477954114571026432
1477946712266207236
1477903347675918336
1477886407192375296
1477885592180441090
1478195758671089667
1478220180719345675
1477921700473819136
1478222007087030275
1478171219014787074
1477944270510190593
1477914200538181636
1477876583310495744
1477876510249816068
1477876503392047104
1477876499302649858
1477876478335279104
1477875944761147392
1477875070521405441
1477874917643206660
1477874850236538880
1477874321276104708
1477873299598180352
1478237031952109568
1478193938854862850
1478188996022837249
1478096829501906951
1478016315021357056
1477987974151225345
1477983096460873729
1477954560266149896
1477926370097254401
1477886693093089282
1477883668165058561
1478231688534638592
1478204806237806597
1478189068772986881
1478188843266310150
1478188403577421825
1478151181243322370
1478117344207679490
1478045606895669255
1477998489942380544
1477988144083456000
1477924257149583361
1477916846636503041
1477914995904057344
1477911819272343554
1477911598291292161
1478203180840148993
1478176259154726912
1478172959420207107
1478029031404490759
1478022661364084739
1477890159127400448
1477866642205855746
1477974388532154381
1477908194349355010
1478222941896658944
1478138836844695552
1478062444572393474
1477941470652866566
1477906201614557187
1477372789950713859
1478220860582334466
1478214249067397121
1478148686810992640
1478042824880893955
1477982808417075201
1478216118430953473
1478057069471154181
1477970113139658753
1478033957975650304
1478245807660810241
1478232691505913860
1477864768195022852
1478021043591659520
1477918219939708928
1477872206071750661
1478015286099861505
1477977256274235392
1477973140110073857
1477968632105734144
1478241439901310977
1478055913097289729
1478006270661521412
1477926067994169344
1477994827895558147
1477980286101032961
1478023980640464896
1478245578135928832
1478217050099093505
1478215515432574976
1478214429833531397
1478194073940815874
1478155116343541764
1478048690677813249
1477978527785906178
1477945515455119362
1477887071578558468
1478201343374356481
1478182298470080514
1477928271459151873
1478244466049781761
1478173172285382656
1478056179188187138
1477930824636854272
1478197787334373376
1478183911716896769
1478143594099720195
1478012183082459137
1478011390765928449
1477985776268820480
1477959468277121025
1477912849800302595
1477885308519665664
1477927680196550657
1478221560552976384
1478219288406151168
1478168734321688578
1478051258317504512
1478049450106834945
1478038231409049607
1477951489515556864
1477944894551314433
1477943773397020672
1477935673076113408
1477867808713105411
1478182292023439360
1478152423956893697
1478033818103672833
1477998810479534080
1477992707628826626
1477977613956050946
1477875701818687488
1477255966307483649
1478231667806388224
1478195187381784576
1478168908192387077
1478147519238402048
1478123550653353984
1478121270680166403
1478020821088038914
1478005503162601474
1477962340947542018
1477954148725575682
1477929755005448193
1477924181215825922
1478229673091874818
1478207555155345413
1478204929386835970
1478202334668726275
1478198110388043777
1478175928672915456
1478157352763224068
1478149149883191298
1478129287542685697
1478044260180004866
1478035079561551873
1478022681131831299
1477984152389513217
1477970648123072512
1477967447965650945
1477967238430744579
1477966135173607426
1477964596828803073
1477952785186312193
1477926358630027269
1477888472509661184
1477877499161812994
1477867837041479680
1478242645612765190
1478222161290559491
1478119559185895424
1478037522290647043
1478037231436644352
1478035258545115136
1478034328080699392
1478033327420440578
1477995100353359874
1477966415030149123
1477888016836218880
1477879753520545795
1477876436677664769
1477868019682398208
1478240414784110594
1478235420483743746
1478234702620213249
1478220113660682240
1478026860986437637
1478024382945529859
1478019171833180173
1478000328184242178
1477971057860513792
1477934598243819523
1477917778111696896
1477913063554568192
1477868930601422849
1477975136275886082
1478052632677601281
1477970366580461572
1477893200060710912
1478245863491207168
1478212289417277440
1478211946847424512
1478195552059756544
1478194224940007424
1478131193400811520
1478050206096650240
1478049787165380608
1478026564314931202
1478020303477297153
1477979637867106305
1477973729095290884
1477973044190613506
1477910523421159428
1477905939487285248
1478249106812203012
1478238820441026564
1478237195211141120
1478225434542182401
1478200144138883073
1478034444409659393
1478004276240654338
1478003282744250375
1477984204541415427
1477976802811207680
1477976212760793091
1477948933309546498
1477944017492983810
1477942275162263552
1477934702384205826
1477928479370874880
1477919884470280192
1477914687203610629
1477895006874587137
1477867981778472964
1478235328016109570
1478218108946898945
1478205885570715650
1478204233195261953
1478158295311388675
1478150695224152065
1478125792202674177
1478125728055152647
1478097673752252416
1478072592946901000
1478049336823062528
1478034727206461443
1478032454560600065
1477997884893065218
1477985704386781187
1477984612768903168
1477975812104232963
1477963667052269569
1477946663557758977
1477920326017118208
1477919882725445633
1477914273003147267
1477908476735078403
1477904961216253952
1477893938128113664
1477892875975159808
1477882729920221184
1478229733586440193
1478217365208768514
1478179342937047040
1478179164465221634
1478024287848058880
1478017409638297601
1478015643303636992
1478013489431998465
1477995931077201920
1477966798603489281
1477927663423705089
1477913665886375940
1477886633810661382
1478239173173780481
1478213330888134656
1478205238964150274
1478205070646792203
1478204699236978689
1478016125283684352
1477944545824292864
1477903757803356162
1477874072440619011
1478011826776403970
1477993612134604800
1477971059592757250
1477953989194878982
1477926042144673793
1477917723925499904
1478180545376837632
1478146398159708160
1478010547517870081
1477980902609330176
1477971299238653954
1477941775255977985
1477903389530865664
1477881396022562816
1478172071951622146
1478155034860785664
1477947181860409344
1477919887687401472
1477918296007593986
1477882649347719168
1478249631439994884
1477897009151430656
1478021482231914497
1478006705296273413
1477895438573338624
1478029344341512192
1478028621302304773
1477914953679978497
1478041746890055680
1478040822729695234
1477938019478880258
1478024614529830913
1478202597353955330
1478181348233859073
1477967347482718209
