1484373580595236866
1484372616026935296
1484371316740603906
1484368712941838336
1484366366195204096
1484366115585556481
1484366071738306561
1484364702394482688
1484364619666051076
1484363877207146497
1484361055984058371
1484361013466378243
1484360435004362757
1484359000343072768
1484358302025011200
1484357628214280194
1484356990902370304
1484356934329565185
1484356670096809984
1484356280928321536
1484355686465421314
1484353503003025412
1484352628473856003
1484352155645808647
1484351791114637312
1484349463884083200
1484345894019674113
1484345094706630657
1484339538537611266
1484337789856796672
1484335417604603905
1484334000206643209
1484333039924969472
1484332824245469188
1484329887515111427
1484329332629970944
1484326421917212677
1484324973120737280
1484311440060469248
1484267509083930625
1484248345619361795
1484243845374447617
1484204110195064832
1484196410107265025
1484194645177671682
1484190608621453312
1484187494384308229
1484179596295962630
1484175798173335558
1484173820374454280
1484173423035265025
1484172171161513991
1484170681482985476
1484170216318078985
1484165882431836160
1484165093701357573
1484159951853752324
1484159946606641152
1484158688151883783
1484158296865243137
1484155205784842243
1484154644439961600
1484149702400811009
1484139775770898433
1484138062162857989
1484137904725118977
1484137018619994113
1484136900411936768
1484136894254694400
1484133609443250177
1484133496138649602
1484133164696354818
1484130128309669893
1484128580015693826
1484126279851180032
1484123783992872960
1484123606225666052
1484118164866990080
1484116575209005059
1484115065028907009
1484113310933200898
1484111238192037888
1484110497247277060
1484109090133618688
1484108575773724673
1484108283816595458
1484108031382409228
1484107684739969026
1484106678165721092
1484105709424119811
1484105047462256644
1484103837342646274
1484102877304209411
1484102619434217473
1484099077386436611
1484098654592172033
1484098031268274181
1484096693595688960
1484096655930826756
1484096055444926469
1484095867510718465
1484095178260754434
1484093367206445058
1484092741126881285
1484092083048693762
1484089608044691456
1484089085694464001
1484088696500801537
1484088649352298496
1484087891328643073
1484086801828839426
1484085117387931648
1484084105914773505
1484083646164500482
1484079131185000448
1484077304750145536
1484076911932620804
1484074808409493505
1484071133460963328
1484065202048217090
1484062568281182209
1484060252316532737
1484059699725348870
1484059301819858944
1484058759999950849
1484058056837431296
1484056594401079296
1484055849345896448
1484054716917366789
1484048685713412096
1484047049913864195
1484042919082618881
1484037674172579842
1484034528612352000
1484031969885560833
1484029605598367745
1484028452621942785
1484019026032754688
1484018318197817348
1484016595051872257
1484014492162093057
1484181983819608071
1484373049277579266
1484357877229707265
1484357389512245251
1484349146383659008
1484346480895098881
1484345484068417537
1484345476510273538
1484341993757376519
1484341253248471045
1484336659668025344
1484336253315137536
1484335462055821312
1484331815384989701
1484321689005887494
1484295248549449728
1484295228270039044
1484245105863446531
1484195582818529281
1484177496723832832
1484169876075855873
1484169012674457603
1484168558418739202
1484166757187485698
1484162147559038977
1484161531378085889
1484160606584414208
1484160599789826050
1484160135161331712
1484158424023719940
1484152867238051852
1484140067409252354
1484135973835657218
1484134064659611655
1484125791663591424
1484125782331265028
1484121666909523968
1484116550865289216
1484110347015700480
1484104331540692992
1484102279594909699
1484099461697916929
1484097589951987714
1484097249517121538
1484091934549614596
1484090644197158914
1484086243692773382
1484076609674137601
1484072265864331270
1484071654854639620
1484068727351959554
1484066231829544962
1484065934486941699
1484062733180227585
1484061822680711171
1484058767599800321
1484057501830365185
1484054609316687873
1484050885705867266
1484035035905011713
1484030784269070336
1484021880697024513
1484189964648972294
1484139901725515784
1484133610462806022
1484073629855932416
1484059760253345801
1484374000289849352
1484367997376495617
1484366906643857412
1484366510101794816
1484359256552120320
1484356783481110529
1484356657149018113
1484356034810449927
1484352809462300672
1484333797193949185
1484314939107905542
1484159181464965120
1484149011301158924
1484146593628844032
1484145458159456256
1484143841686933504
1484141991718166528
1484139455997186053
1484133240684572674
1484125285331386371
1484115068770197513
1484106975239884803
1484102286385479685
1484101793424756737
1484100974986039298
1484099473047691265
1484097591776542721
1484097587586408458
1484093950088871936
1484090220958330885
1484089687979720704
1484068429724524544
1484066034722439168
1484060545070546950
1484048009801306112
1484040142914744320
1484035115747803138
1484029205692448771
1484027051984429058
1484018647559737349
1484363269897072642
1484361244606070785
1484322812995452928
1484185543089209346
1484130369779941377
1484128450516779013
1484128236594417665
1484117444814061569
1484117442733707265
1484108484472098817
1484100751890989057
1484087738433703936
1484375363639980034
1484368815433871363
1484363281829867525
1484362597625634816
1484361442963107840
1484361035347730440
1484356366127202307
1484348886194212864
1484347766793195522
1484343390632542208
1484342749478686721
1484342368845271040
1484337057065730052
1484331437130395648
1484330663369404420
1484326424089882625
1484325983662776326
1484324838735224833
1484317733437472768
1484300483904770048
1484300323963674624
1484300301423493123
1484174406158983171
1484172539543048192
1484169843926777859
1484160726239690752
1484139147250266114
1484138137064730627
1484137443414937602
1484136001929093123
1484133515440664576
1484126541026304005
1484124246532300800
1484118669622124545
1484118453296709633
1484114525494595591
1484113487584391173
1484111796160335882
1484110960139071489
1484110957693771781
1484110220204724225
1484110063786774529
1484109348721020934
1484107144140328960
1484106730464489473
1484106614471032838
1484106581004406784
1484106267841163266
1484106189335977985
1484104987722457088
1484104373588627457
1484103986815078400
1484102288604286978
1484100456389709830
1484099858177085440
1484099788127748101
1484099694385307650
1484099060030373894
1484098737165471746
1484097138070278150
1484095914994462722
1484093376496812033
1484089308705615876
1484081953364389891
1484079872481939457
1484076686845280257
1484074805167271936
1484074432440246274
1484062195059400706
1484053049752449025
1484024087953678339
1484023998333976576
1484016660797620224
1484374821228388353
1484368854503796738
1484368387983966208
1484367114366779399
1484365134391025664
1484363874132447235
1484361385928978436
1484359766885695488
1484358738412998662
1484357133260886026
1484356701663145985
1484356635053400064
1484356323667890176
1484355888622505984
1484352550270734338
1484352112087937024
1484351102564765701
1484350287171440642
1484348418571272192
1484348395087347714
1484348322462990342
1484346525014949890
1484346312867086336
1484343585663483909
1484341180465037315
1484341129537818625
1484340172435357697
1484339027361042432
1484338603740508160
1484338482818719748
1484336640089006086
1484336285699678209
1484336076907245568
1484335952751661057
1484335356392906754
1484333932678385668
1484333674657157120
1484333443890974724
1484333261392584704
1484333037449973765
1484331141373267969
1484329645059473408
1484327486028922885
1484327398342819842
1484326797332615176
1484325461593567234
1484324707059269634
1484322610439946241
1484320842897326082
1484320841462857728
1484320745211965445
1484319855411339266
1484319401742860289
1484308700320137217
1484288657880399875
1484270846051237888
1484248126865043457
1484245487259889664
1484243356926738432
1484237926515232769
1484229708590219265
1484224213607415808
1484213819815899136
1484202133432193025
1484195698690396161
1484191168909168640
1484188812222038018
1484185321877106693
1484183410465992704
1484182767277854730
1484182565095616516
1484180450017181696
1484179503253692416
1484169548446433281
1484165318608306180
1484161112082120710
1484160642303295490
1484159090448568325
1484158364922036224
1484158184289980423
1484156412062502913
1484155198692278279
1484152528795148288
1484150237812129792
1484146817164275714
1484143909072957442
1484141848944070657
1484141391844634629
1484138867737645064
1484134651036041218
1484133882169806851
1484132219849691137
1484126948532301826
1484117395526406144
1484116972585754626
1484116263433830405
1484112097281966081
1484111749288988678
1484111608154824705
1484111580875100164
1484110954707431426
1484110762943651840
1484110758887964672
1484110634921132038
1484108116900081666
1484106427354341383
1484104383961137160
1484103836990308352
1484102783628644352
1484101614369906691
1484100011671851008
1484099820273160193
1484350208104603650
1484341189604446208
1484280336620027905
1484239380969668618
1484166231192403971
1484085816632954882
1484049921858801665
1484047846773239808
1484044787095605250
1484375463946776579
1484374973473239040
1484374076143845376
1484373678548975616
1484373054079733762
1484371962940227588
1484371566670790659
1484370987047321603
1484367260278231041
1484367007663652864
1484366791237566464
1484366335232856067
1484366100641234944
1484365518132092931
1484365426490765315
1484365125348134920
1484364468763389952
1484364014482501633
1484363951660220416
1484363335714107394
1484362795689078796
1484362779998195713
1484362640692776961
1484360971573665792
1484359601948852226
1484359416736813056
1484358529800871937
1484358091215085574
1484354451968167938
1484353910219636736
1484353312053141505
1484352562283577344
1484349778775670786
1484349761352536065
1484349683090997248
1484348527224696832
1484347943553757185
1484347900532772869
1484345595351699456
1484344660340645892
1484344397714325507
1484343604915359744
1484342999106527237
1484342091870502913
1484341624587288576
1484341553757782024
1484341205123350529
1484341181614288896
1484340126042189825
1484339953043910656
1484339951521382404
1484339302083760132
1484337450197606400
1484336551861829633
1484335960850845697
1484335650552041475
1484335508583247876
1484332750639616001
1484330498449358851
1484330187060031493
1484325432262807554
1484325320010256384
1484324704274239489
1484324121572184064
1484324116778065920
1484322831819509773
1484320647484669954
1484319265646067719
1484316936133492737
1484316490283499521
1484316422323187719
1484315544308559873
1484313580115984387
1484313428999442433
1484310024251867137
1484308120126234625
1484307158779195392
1484304394678341636
1484291594694307841
1484286225368313857
1484282713037500421
1484247407567470592
1484235087655108608
1484228839471718400
1484222119856975872
1484221267100450816
1484217867155705859
1484202957445144578
1484202383471120385
1484199795585875970
1484197897390669824
1484197303665979392
1484195150989455362
1484194788144717825
1484193816429338626
1484193055477755906
1484192789139460097
1484191801800278017
1484191626499325952
1484191122188804098
1484190457802690561
1484187906210107395
1484187632209121282
1484187035955261440
1484186850936111105
1484186617573416961
1484185508939186179
1484183151509671940
1484177367300186113
1484373233084567552
1484373157771620354
1484372917161164804
1484371173953925120
1484370977362706439
1484370806155378688
1484369577614409733
1484369364828962821
1484366973949853700
1484366834367610883
1484365825587167232
1484364624711409673
1484362997003059200
1484362953873068033
1484362151796297728
1484360787330498563
1484360123564716033
1484358871712165888
1484356746592518145
1484354980459184128
1484354631581204480
1484352633548992513
1484349467063365639
1484348773975289856
1484347830399807488
1484347449364070402
1484345359183015939
1484345299238023168
1484345288949403654
1484344319045947393
1484343997615456256
1484343541845626880
1484341336346341376
1484340733310304258
1484338686787747840
1484337975391813635
1484335964340162561
1484335949966282753
1484333974902415364
1484333974738857985
1484333434369560581
1484333231915020288
1484332408350867456
1484330919422955523
1484327657403990021
1484327429300973569
1484322103587663872
1484320586675666944
1484319902383349762
1484318888519421955
1484317906678972416
1484317772578713602
1484317553426300928
1484316444834021376
1484314722480844804
1484313707740286976
1484304456946970624
1484303436296654849
1484299348343402498
1484294159095984129
1484291859837222913
1484287515859492867
1484218931426611209
1484191492352913408
1484188070614568962
1484187854553362435
1484187183049482245
1484186516700418048
1484184251461681155
1484181076519968770
1484178371643080705
1484177501606014979
1484177446526394374
1484177218238844928
1484176907579310081
1484176751723159555
1484176391365357568
1484174398470848513
1484174277259984903
1484171269587230721
1484169159869370375
1484165085589544963
1484164481135816710
1484164189426163712
1484163827487109122
1484163827092815874
1484162978329280513
1484162561838776327
1484162532197953536
1484162288479539209
1484159670847938561
1484158984097796096
1484156772885868554
1484156710197825540
1484156061515141129
1484155415185272835
1484155256376545280
1484155187837431814
1484154834425110529
1484154330861416450
1484153799174688769
1484153466067243011
1484151958693101569
1484151210231877636
1484151145237221379
1484150507057074181
1484149102455656450
1484149095446966274
1484148936076054534
1484148713253748739
1484147836183019526
1484144981854257152
1484144698965258246
1484372836286611459
1484365058016636932
1484364670903676930
1484357892547690498
1484357795747364864
1484356329091506177
1484340261941817344
1484334675871289354
1484327277169356803
1484326636351012864
1484326425914392578
1484318439607255040
1484312164236402689
1484263246097960963
1484220843534479362
1484216191090835456
1484215727897059328
1484215669336211457
1484214936679366656
1484191886521020420
1484188535758659585
1484186706983415810
1484185137357402114
1484183846841352197
1484182173041438720
1484175422149783562
1484173128855355397
1484163831828217866
1484161067269832709
1484155286332276745
1484151484757741576
1484151420622618624
1484149697258618880
1484149297105235969
1484148965331595269
1484148657549352960
1484148295891288065
1484147973491953667
1484147272825081857
1484146494685192193
1484145207000330245
1484144773997154305
1484135139706048514
1484131431341510658
1484126241934708737
1484123022995128321
1484118801520406528
1484118362003480583
1484115369489223683
1484114089588977669
1484109713331867651
1484105142836535298
1484093266958352386
1484082186659962881
1484075330885545988
1484074700536180737
1484066961395171328
1484059499594141703
1484058653603012610
1484056603209117697
1484055551923597312
1484055002931154947
1484053964580876288
1484053041817198594
1484051720036823045
1484045295642353668
1484045037722038275
1484036220485509122
1484021580766531584
1484014556636921859
1484373807238238209
1484367678504837123
1484359668067860481
1484349927501500420
1484349245084041216
1484348773820256259
1484347133537169408
1484334865499955200
1484332758357143553
1484322307887988742
1484320588537942016
1484310926656696320
1484300279160111104
1484284645839716353
1484235777983000576
1484210098763628545
1484208206943756294
1484184934072094723
1484171747754590214
1484167189146247175
1484163833405243398
1484163831396024324
1484159100392980483
1484155187736776705
1484148837111730182
1484143223199395845
1484125106494672897
1484124811773112322
1484124647910436867
1484123309801238529
1484122802131124225
1484114190344536068
1484106350007586816
1484106345226063876
1484106186676912132
1484097914037481472
1484097709498060800
1484097474600239110
1484095764725121024
1484095754402938881
1484075672335429632
1484070445578338304
1484064468703518722
1484057677588312064
1484056139654627330
1484043852470099968
1484040244643401729
1484168137905901569
1484113024789061635
1484359873156780033
1484246433029320705
1484199496880132096
1484181981827317762
1484176587642011648
1484176381445828610
1484149116074889216
1484146950010445824
1484137333368967169
1484128159356551169
1484085950636789760
1484067855092318210
1484041995505250305
1484371604847366146
1484364235048374277
1484339527405961218
1484333052184924163
1484293065389260803
1484285430174740480
1484260969945890816
1484214781024550915
1484209514669047808
1484203364481368065
1484172967265566720
1484164454791069701
1484153766320705537
1484152372662513666
1484152129325768707
1484148669658316801
1484139039318241282
1484130304659161093
1484120553627832324
1484113361235288064
1484108301424275458
1484107499301380097
1484097758177153025
1484078511597838339
1484075866783379459
1484069255914356737
1484063173322100738
1484053626331230209
1484027976857821186
1484017345157013508
1484375223310839815
1484371609364631555
1484369265629478913
1484351449081339906
1484345555929407490
1484327454022205441
1484320654665347075
1484319460500832264
1484313835284877314
1484311338877087745
1484300028097495043
1484298179327979522
1484291339068276736
1484254503235092480
1484227627003293696
1484154932936974346
1484154456535367687
1484140558797127680
1484127581087879175
1484122913158864900
1484106686332010498
1484099040719818756
1484092474884640771
1484084939230691329
1484062879246856193
1484060711727042561
1484026432774889475
1484235768742973441
1484225392810819585
1484193347359363073
1484134687149015049
1484091560572899329
1484198179197558784
1484093482566250496
1484058130816593923
1484030191425191939
1484340688066334720
1484200845889916933
1484129336383119364
1484055415818182656
1484377962556588032
1484181184452378624
1484154493592043523
1484119065136623627
1484043930207678472
1484042793136046082
1484356606750248961
1484296715817873412
1484371688108089348
1484151116132909059
1484131185349771275
1484092679760007171
1484086706228035589
1484376710455775236
1484374457871659009
1484330511556542477
1484166675985760260
1484086704638427139
1484370665230970880
1484367365991448577
1484355292133728256
1484341534942449666
1484139487555100674
1484115037916921861
1484094793668268038
1484086708060966917
1484076123042775040
1484374944427683842
1484339654187188227
1484122636599050243
1484090103526227972
1484079329558818816
1484071089600753664
1484372702391848964
1484059613578555392
1484312128534478849
1484277958365921284
1484063163956207619
1484371449385451525
1483988309458456577
1484069115132526593
1484351505176346626
1484134479140909057
1484089482064560133
1484121910103650308
1484092885532553216
1484024957114150913
1484074371111321600
1484184834595770370
1484153954288418820
1484132233988698113
1484375285739167748
1484106073938481156
1484074207948709895
1484057619518345218
1484031731804282881
1484017188201988096
1484373547468263425
1484364809676402696
1484251204159143937
1484100944577314816
1484048018693582848
1484303501597749248
1484036769633177605
1484193145118420994
1484141349243068418
1484324075418058756
1484075410162057218
1484060584245084166
1484039243773411329
1484110961175072771
1484099637279866880
1484063539078000642
1484031565168771072
1484359949014958082
1484165407640793090
1484079214882353158
1484077240879312896
1484355957211942913
1484099572494630916
1484023458032132097
1484359292044328963
1484316926231068675
1484198517782757376
1484106311466102785
1484106305078165505
1484106297507463173
1484099519763853313
1484097242508439558
1484072061735956481
1484304980378992641
1484182976623951873
1484347491370037250
1484170796801327107
1484070443942563844
1484128567332007938
1484094489996439555
1484048269118668800
1484349148975755265
1484337135750889472
1484072348550860804
1484329923917791234
1484151457092112388
1484109764619829257
1484345776629481474
1484302496633790465
1484301302230241282
1484277551682179076
1484121501821698049
1484379791898079233
1484348018878988288
1484177359540744193
1484120207585329153
1484100027471757312
1484081071365177345
1484063647668523008
1484054737867927554
1484032483327111169
1484193828295036931
1484156654270791691
1484156329610870791
1484151463509368833
1484150511087808514
1484145640678789124
1484144338653560834
1484141220826091523
1484140787759992835
1484120767206166532
1484112036766576645
1484228038435143680
1484146432383004680
1484104099713130497
1484317561521336321
1484169874125778948
1484128379263918080
1484116004666220548
1484115353731203074
1484087608250703872
1484052434876252163
1484375073767444485
1484050133524545538
1484373828432441344
1484052613557809152
1484167512820715524
1484347856635195395
1484322681822810113
1484151828862627848
1484113364079222785
1484109401384701953
1484060003741089800
1484051249255223296
1484043373418024963
1484026140176314370
1484381098708979714
1484368092386181120
1484364118740316162
1484320860890873858
1484213085359718400
1484187744662597634
1484156140300636162
1484147333055258625
1484112298470178819
1484103029528096769
1484102168101920769
1484096105613000712
1484071904927686658
1484065027095408640
1484062134091001858
1484048994712309760
1484045101597077504
1484025052865888259
1484372066271113218
1484158371758735362
1484157904542642177
1484077396332785668
1484074686740938753
1484074665349988352
1484351957901123584
1484205545167138816
1484180495361798152
1484237218520903680
1484044612826431488
1484288249996902400
1484162244263165952
1484352343210860546
1484174570055946243
1484174491995750400
1484353015868170244
1484352887056924678
1484352226894442499
1484352124997992448
1484175111116947457
1484166924871561218
1484166924624080904
1484166923487449093
1484166306467565572
1484168995020632073
1484373956149018626
1484362607801028611
1484351198786646021
1484329975692283906
1484300362710663170
1484234837624225792
1484150059218481156
1484149380714496001
1484142476256755715
1484104142700544008
1484088840516403205
1484086609213800449
1484058358353371137
1484047241354817539
1484028030658179075
1484027478046052353
1484371658320519170
1484371554708656129
1484340036628021252
1484202855833927681
1484368482653261836
1484330052905234436
1484342050070097922
1484100661449211912
1484308165613469697
1484219927796289536
1484200600468586497
1484168974418214915
1484162865729007619
1484154360750047235
1484127155848355846
1484098635855851521
1484098582386905095
1484098535184158720
1484098488203763715
1484098432155340801
1484098383685980161
1484098333958238212
1484098277402312704
1484098232338685954
1484098193654632448
1484098130928750594
1484097470808281088
1484097360091246593
1484097303895965696
1484097178641465347
1484041557825421312
1483413333416230926
1484367734909845506
1484366407324553219
1484360606325288960
1484354887781859330
1484164675696996352
1484139421872304129
1484101144326868992
1484068690891251712
1484062737840095232
1484054970789888005
1484340361208434688
1484326585537040384
1484312383699156996
1484311272397348864
1484291590697132035
1484264014469292033
1484241006597918721
1484211651687632900
1484206082965008385
1484205295249530880
1484203340703858690
1484186999594848259
1484184569306034181
1484183867024363523
1484181512241451011
1484180636391047170
1484180121246658563
1484174370163818496
1484173395340435465
1484148410571964420
1484148310047096836
1484143766756016132
1484129159966244865
1484095265242247176
1484089315613634560
1484072462497513475
1484072159224164353
1484040782374129666
1484040601117290498
1484039914597777408
1484039663518367744
1483774632646029313
1484339913198030850
1484325996585455616
1484217518210580481
1484118543268724736
1484027687249219586
1484027263418966016
1484204350369337346
1484163147036782592
1484149121003196420
1484063206238990337
1484358095564570624
1484236326505521157
1484126053555654656
1484086624325861376
1484057833855401984
1484052741987368963
1484190845566095361
1484155966723866628
1484062430926094338
1484038649348243457
1484036689349967876
1484027590012981248
1484184096696070148
1484175358614470657
1484347261371162624
1484334466298675200
1484326259551539202
1484151804799885314
1484149195141685252
1484144096688373763
1484120242452570117
1484082395473408001
1484369921828331522
1484345824482332674
1484306759250751492
1484196331245936640
1484174893789102082
1484109781422215170
1484090664774434816
1484077228548063233
1484030621274247169
1484352499356401664
1484350615405088768
1484346084080062465
1484160158125391877
1484133888255741952
1484126491932004361
1484115514142048256
1484040579491442691
1484374882821746690
1484366553126948866
1484346163277238272
1484330375057121282
1484329425064042497
1484310682439143427
1484287054045675520
1484199980776984580
1484195532654678017
1484185469646962691
1484154804939403264
1484149225650733057
1484141537097576451
1484136003392913408
1484135831766188034
1484122867952685057
1484117708652580867
1484110806795325445
1484110705901326339
1484110508563529739
1484073048005541896
1484049200379662339
1484047626438057984
1484047371705417737
1484047369268514820
1484039842304790530
1484031420997959681
1484380623737221127
1484366648417341444
1484309447338229762
1484169139657015301
1484162250776911873
1484151629272469506
1484147140062752769
1484146953214906369
1484144048344801282
1484140151156932608
1484119728092512262
1484117734330085379
1484108893995532294
1484089890732396544
1484370213575741442
1484194868658601985
1484191226736054272
1484130476319477765
1484099378893754370
1484044643608457220
1484032134637813768
1484371350546690051
1484305278585966598
1484103498367401984
1484100907554177030
1484097782365712385
1484082236559618048
1484070926140735488
1484037911058477059
1484378328476033025
1484195830894841858
1484167527064563717
1484072578490769416
1484048124159082497
1484341528646807554
1484201547706019841
1484164919461580802
1484100559817031682
1484153699450888205
1484060163824828418
1484376252303966209
1484375730385747970
1484371511889002498
1484355228631957507
1484346136475598850
1484306403129163776
1484214259106349056
1484187375496744966
1484178977925128195
1484178400717639683
1484143324894498821
1484139930037407747
1484139672964300800
1484136897568190465
1484133544561868801
1484133072488767497
1484131206900121605
1484130854402392067
1484118467712528384
1484116418337861632
1484104169493770243
1484103690948849664
1484073947931234304
1484039778450677763
1484384712089280518
1484384630526849027
1484384610889105408
1484369174634045443
1484365066455887875
1484357562145599491
1484346836668534785
1484342371035025409
1484340472336494592
1484338068861886464
1484320760739303424
1484201417631887369
1484190491139010560
1484185961533968387
1484166475275718659
1484165158075531271
1484154257138155524
1484150164269207557
1484141170490220547
1484134665317646339
1484131708794720258
1484123001033719808
1484121343285415941
1484102647678664705
1484102639466217473
1484101897674178562
1484064041060700162
1484058310211149824
1484056820625068035
1484054553100439552
1484038928542105600
1484385563688194050
1484385069385265152
1484384625657278468
1484372547894329351
1484354327770660872
1484352680336453638
1484352153733197829
1484323258136948739
1484281810297434112
1484279420966039553
1484275329015320577
1484263413006094343
1484243246352150532
1484188176902418433
1484182208533635074
1484169712120791040
1484164301959008258
1484139676537847808
1484137868914147332
1484113008821698565
1484106038802792453
1484091212500021248
1484082310157070337
1484080312216862720
1484076906555543559
1484068121170554881
1484057088594948098
1484033105170427907
1484387559656792066
1484361114750439424
1484358848618319874
1484342668931264518
1484234498619604993
1484202111382728706
1484180163890155521
1484174403743084547
1484148498329391106
1484147680654032900
1484145989514858499
1484072689820377089
1484030909162868736
1484355251725795329
1484193400673148928
1484156984769519616
1484141412606410752
1484177167563247619
1484160318280724487
1484106202074484737
1484350063250145280
1484346022616653827
1484345839518887936
1484338068752826370
1484329720162701315
1484068489770180611
1484308513652641795
1484326034048978947
1484326032333504513
1484326026729914373
1484350633256062978
1484062479357706240
1484185964746801156
1484142590639636487
1484374552016986113
1484373705283502084
1484226162675322881
1484045240436948995
1484053261451939844
1484141231467020291
1484317005729902592
