1477487120226742281
1477485938120998921
1477485388398612480
1477485005135745024
1477484106648752129
1477483780445138945
1477482906943512576
1477482799057674242
1477474799655993349
1477473121527472130
1477469914818514947
1477469521216630785
1477467209509130244
1477463838874210306
1477453057839415296
1477453019113345025
1477448368158773249
1477445517625815041
1477444455737266178
1477439125032636416
1477433826666110978
1477430198609997824
1477420137049321472
1477375647098064897
1477372651282837506
1477364803979005956
1477359591209926659
1477333809624272897
1477333523681841157
1477327185128177672
1477326911336497157
1477323683928567809
1477312039060000769
1477311910873731072
1477309266302222343
1477309253417414656
1477306558585450507
1477304736348921857
1477303958481739784
1477296995052056580
1477293956698304514
1477293634521219076
1477293633170640900
1477293166529155072
1477292701930307584
1477290676265971720
1477290037372862464
1477289294091862022
1477287881869721602
1477285639611502594
1477284304652619778
1477280407636692992
1477276817211871234
1477276777672105987
1477271437916262402
1477266539107655681
1477265507778633731
1477260715283025921
1477260407995715586
1477259706552913920
1477258490888392707
1477257902683398146
1477257868671799298
1477257554862362626
1477257006566105090
1477253336378351616
1477251823522123777
1477250762367397889
1477250365544304642
1477247859397316608
1477244249657671682
1477244021412036609
1477242851356385280
1477240636935835649
1477238976700317698
1477238298577756162
1477236989699100672
1477234255583268865
1477230523978190848
1477227278329266179
1477220918724153344
1477220554130272263
1477218357766017024
1477214227739774977
1477197601124458497
1477197233346932738
1477194805046235142
1477194473989808128
1477192944482283523
1477191739446153218
1477191385623240706
1477190575258435584
1477184127367483394
1477177115434831875
1477171850861957125
1477170539391188992
1477161809991778309
1477149858364416002
1477147610230104070
1477145364520075267
1477137751325626370
1477132782480478209
1477132640822067201
1477132276517330947
1477131929019318282
1477128520455311360
1477488336038084609
1477485605823004672
1477478597455536134
1477476404073693185
1477471953036316673
1477468575728226306
1477467946720976898
1477463698587336704
1477452610026164224
1477451914178535424
1477451907102695424
1477448512858034179
1477439948705906695
1477433264000290816
1477424716969234432
1477327418318737408
1477326632746577921
1477311775817465857
1477296794451120129
1477296414052929536
1477296412354244609
1477296410269655046
1477294213842673664
1477293144773255168
1477291781142183939
1477281553185075200
1477270388077780995
1477259741579468801
1477255529592340480
1477251751325564929
1477243397496737792
1477242163339489281
1477241627508822017
1477239826256576513
1477239429551034370
1477236153094840323
1477231672605085696
1477230204518944768
1477228487140585472
1477218334399553537
1477218150609346561
1477217973722959875
1477217896417816577
1477216790543364096
1477198369969692672
1477190517406371841
1477189386148081665
1477185010125864962
1477184884779192326
1477173100198256645
1477172262902005760
1477172149840347140
1477167465788436481
1477167281557757952
1477166113163071491
1477162004095791104
1477157138594091011
1477156697214885891
1477153807788216321
1477148088191967233
1477147004560019457
1477144032350392322
1477128103453347846
1477149309200072707
1477471901198942213
1477466596629041152
1477461420182695936
1477454896852914177
1477438143007576069
1477390198317015042
1477363228749406208
1477324745955704833
1477320645708972036
1477302023393533953
1477291301825495040
1477288710206984192
1477288136140939264
1477279177548001282
1477276862133174272
1477275089519267840
1477273767478919171
1477251450518474753
1477250367586910210
1477247668543901696
1477238600857124867
1477221947050115074
1477220141473550336
1477216287147184128
1477214916830326785
1477205265128722435
1477204148764377088
1477201964354048004
1477197225688113152
1477194907991232512
1477193710861316097
1477189330602917891
1477188622549852162
1477160120870076416
1477158593619128320
1477158416699170820
1477157666384347140
1477154277621600265
1477152250120208384
1477149848713326596
1477149466356424705
1477146356351311875
1477146161974710273
1477146125119283201
1477141002368421888
1477140847783153665
1477140368307068929
1477139838910361603
1477132268132921345
1477129451347476480
1477492638513131520
1477305748925255681
1477300420204642312
1477293206979051524
1477286515654807553
1477281029899505666
1477276937538072577
1477272115216666629
1477272113002135553
1477272110200287234
1477268263327481859
1477248642788462593
1477245502999568386
1477242048826810372
1477236962297671680
1477234781662310402
1477234335279247360
1477228800933081092
1477220147089657856
1477207842104897537
1477207537480994818
1477206730475929600
1477164033522343938
1477163319123271681
1477143271218429952
1477139594684420100
1477136792293838849
1477485265933328385
1477464744579633153
1477439778396143616
1477337946290147330
1477270912109989890
1477265951368220675
1477236921197813761
1477194250450206721
1477179154969739264
1477171804028370947
1477163171899084800
1477155412591874054
1477151084997013506
1477143332883087360
1477137061488463873
1477490924049473540
1477490471567970306
1477490442455322625
1477489734499074048
1477488786988683269
1477486234188455939
1477481960997941251
1477474632017928193
1477465550473379853
1477464925773516804
1477464423094575107
1477461417955508224
1477459905519185921
1477459336955789312
1477458124005019649
1477456982856503298
1477456792091299841
1477456740744450051
1477456609517309955
1477452313509830658
1477450926390538244
1477450760757530627
1477450412957442049
1477449008830312455
1477448986172616704
1477448843763408897
1477448470868869121
1477447942046846976
1477444795123388416
1477416315937693699
1477413860059475968
1477400100137623557
1477359399630819329
1477354140221075458
1477330272190304256
1477323169744637953
1477318166195818497
1477314028993056768
1477308774427750407
1477307638727667712
1477295869166641163
1477291334469754885
1477289153507196931
1477288430954434561
1477283932533968897
1477271627989598211
1477271620255318018
1477257101667815425
1477254553137397761
1477253935740035073
1477253498064433158
1477248312726196227
1477234346293530625
1477224295164112898
1477223478138847235
1477221475220279296
1477218984294453248
1477216626772611072
1477207717366296576
1477207117522096129
1477207059313545217
1477201250429014017
1477199620245651456
1477194153846992896
1477193298380943362
1477189763664789505
1477189520647159814
1477188570553065480
1477186189463412738
1477186114486079489
1477182336999428096
1477173596543807488
1477172874431516673
1477170543837138947
1477170042575863808
1477169844248203266
1477167811000614912
1477166875825999873
1477166109224701955
1477166099833573376
1477165538417647618
1477162610294665219
1477162413015191556
1477161293576429568
1477160945369579528
1477160810002612224
1477158129343217664
1477156900001050626
1477153897839878145
1477152092955369473
1477150207481573377
1477148330043985925
1477144307052150784
1477141184740954113
1477140638550216704
1477137341479219201
1477137056497160194
1477134317092421632
1477131032906252288
1477244414309273600
1477190178393313281
1477184298285355011
1477144313670746112
1477492924896010244
1477492627280781316
1477491392347738113
1477491029129371650
1477486050830258178
1477485523648217089
1477485076552159234
1477482228691001344
1477481717610860545
1477481189237616646
1477480610276859906
1477477834998173701
1477470995468341249
1477470215722070017
1477459599233978370
1477457787860885504
1477456885942939648
1477456529108439040
1477456430105911297
1477455759659044865
1477453477886316547
1477451062097297408
1477449153768681474
1477446919995592704
1477445631677706240
1477444934248452096
1477437520837103616
1477435687309766656
1477430788597506051
1477428784789811200
1477426550496653317
1477422312978673665
1477419963589611521
1477419455323856896
1477390442165465089
1477343103988101120
1477339242066022401
1477324351196200962
1477324297601359873
1477323259079053312
1477321164284256256
1477319774518460416
1477315576015900674
1477306205500440581
1477302826430722051
1477298553152151555
1477295909205467136
1477288957146583044
1477288427607392257
1477288082713956357
1477287425873305600
1477279639366082562
1477278579125673987
1477278255845548032
1477275251826327552
1477275110008451072
1477272174545096706
1477269023200923652
1477266479007428609
1477262988239261697
1477261987746779136
1477259049594884098
1477255326059487235
1477254733714890756
1477251000628961280
1477248648450772992
1477247552407834624
1477244272873148416
1477243153790820353
1477242969098911745
1477242636624793601
1477240929887027200
1477239282905452547
1477236467382423552
1477235299373629441
1477233274682368002
1477228158394925057
1477227173987508226
1477227146623913986
1477226796248539138
1477226205959000067
1477222967146778624
1477221353228886017
1477220884708401152
1477215402082340865
1477213415760285699
1477212614157488132
1477209174152863745
1477206521318547456
1477205943666446338
1477205046768988160
1477204337407365123
1477201641237450754
1477200461941784577
1477196676007804931
1477196442326343681
1477195366806089730
1477193781090734081
1477193030255869954
1477192204049211392
1477191830303571969
1477188059103838209
1477187845093670914
1477187201897152513
1477185971758141440
1477492736592732162
1477492623296253955
1477491097261645824
1477490995377762304
1477490186045263874
1477489451659976706
1477487663020224513
1477487397646393347
1477483788796108804
1477483777387499521
1477483499296722945
1477480313479577600
1477478808798187521
1477478503977127937
1477477188018446339
1477475382089568256
1477474962378084352
1477473813424062468
1477467869747154946
1477465022129311744
1477461305330057218
1477460787106967553
1477460411750367234
1477459665709514754
1477457376991080448
1477455374902910979
1477455367651037185
1477455235920457730
1477452270434279426
1477451760235024384
1477451753633189891
1477449535299276803
1477449423869587457
1477449300254740484
1477448601278115840
1477446944385421313
1477445575872184322
1477442580212326402
1477441464678301696
1477440407575302146
1477439132817248257
1477437826589356034
1477437302586548224
1477436664007979010
1477435856742858754
1477435211449200643
1477432429866471425
1477429922784153602
1477429671931232257
1477428946668949505
1477427648473153537
1477409183146254338
1477405715094388737
1477395567328256004
1477395500525445121
1477369600186597377
1477361252980641795
1477350946229288961
1477332653879615488
1477331988348432387
1477329021822070789
1477327726298247168
1477325036075634692
1477321846529748992
1477321732557991939
1477321635849854980
1477321240889094149
1477320948365754368
1477320581318004736
1477316806570250241
1477310919218634754
1477304609584549888
1477301674574188544
1477300057070133248
1477299040567980032
1477296559456804866
1477295140024635394
1477293143968010241
1477292089897414656
1477291935303811075
1477289503207288835
1477289360521240576
1477289054085345280
1477288230420574209
1477287485914845184
1477287319954624512
1477286321945133056
1477285762395557888
1477285279966785536
1477284856291676160
1477284734011019264
1477284157361328130
1477283494732591105
1477283290054737922
1477282473297924097
1477281944509435904
1477279545061302278
1477279363846443009
1477277742848610304
1477272445597798400
1477272442967973888
1477271446598549504
1477269344153264129
1477269195515523079
1477268631075442689
1477257862292377603
1477257165014376449
1477256707898163201
1477255650052743172
1477253363062370304
1477253053011034115
1477252652656254977
1477251053414326274
1477250759343292417
1477249347699896321
1477248332686712835
1477247979597623296
1477246947220099074
1477246687290609664
1477245858328428544
1477245192537210881
1477244782372085760
1477243839991582720
1477243459828256768
1477243324524232706
1477492787415113728
1477485559635316737
1477476720357744641
1477462281654923264
1477457434884993029
1477455768248938496
1477455140965650434
1477430096281710593
1477389887468937224
1477369697066786820
1477346112671346689
1477342072810049539
1477321234698293254
1477309024588623872
1477308112952446979
1477307575800516609
1477297281783119872
1477297095484739587
1477296981437419520
1477296941616680962
1477278811725066244
1477274329314254849
1477273604832202754
1477262721900945408
1477256938098282499
1477251667871498240
1477250048295518208
1477242687262658561
1477233714618765312
1477232126349045761
1477230290225360897
1477226763985965057
1477222856635207681
1477219790368301057
1477214532992835584
1477214351895392256
1477210006755811328
1477196049424871424
1477195889009586178
1477191219432202242
1477188915110944769
1477188502643265538
1477187005050064896
1477179809935421445
1477173663363264512
1477161706711248896
1477155670356946945
1477491793046343683
1477490131028230146
1477470975440482307
1477464803266338818
1477444829860696066
1477443599264403457
1477424238105546754
1477398024733270022
1477337639434940416
1477318573181702146
1477298146032054272
1477277423293001729
1477267261261946881
1477266125159550976
1477265609566027778
1477258224432680966
1477256398064947210
1477229447208001538
1477226862094946304
1477226223625375746
1477215096438853632
1477209358199001088
1477208719364485120
1477204192880070658
1477197475152687106
1477188292873359360
1477187995463667714
1477183226078580737
1477182839942565889
1477180141134438400
1477172062594560001
1477170410365984772
1477164236614750211
1477163455966633984
1477161777221668864
1477134765421568003
1477129030058921985
1476506260400791557
1477467361292607488
1477165069041500167
1477150835469520904
1477149202115284992
1477144912973864961
1477246381056139266
1477486634337660928
1477456325705867264
1477335841202528258
1477313001967345664
1477293375527145474
1477283750031413252
1477254813653995521
1477245406958346246
1477197037531660290
1477184617702559744
1477166160315514881
1477139218241503237
1477491798616338432
1477470775170854913
1477465832787566593
1477448676242984962
1477430763607920640
1477387988782907394
1477358780220252160
1477353270100180993
1477275999091888129
1477273296181686272
1477265874914402304
1477262180789911553
1477255786325626883
1477237814160809984
1477231113533747201
1477226027701051392
1477224246082342916
1477220151313326082
1477216399906918401
1477190630421975042
1477186604036812800
1477176174161715202
1477172279234621440
1477158780450136065
1477158311677943808
1477148480342614017
1477134958887985152
1476568349354053632
1477491927893176320
1477475416537403394
1477471101307408384
1477469359601688576
1477465309577580545
1477463990888501255
1477458945023217664
1477458863746007040
1477457427112947713
1477444831806771200
1477438010811727874
1477436280606576641
1477432807593062404
1477431796769820672
1477423685774372869
1477406248987656197
1477405520696725504
1477384335674118146
1477336583460192258
1477297195711795201
1477292023623208960
1477291442439528448
1477290988095737857
1477289646937632771
1477289219898839041
1477286026900959239
1477281643341627392
1477280847061417984
1477267160850317312
1477261210546413571
1477258496064188417
1477255984326189061
1477253841594642434
1477247048676089857
1477246722799640578
1477240280277348353
1477230173644754944
1477228254201212928
1477224325837045761
1477222458792943617
1477220145042911232
1477216783094272000
1477212836950536192
1477212212431179780
1477211598011830273
1477208799505125379
1477201094279192577
1477198939623358465
1477196957382680578
1477191404346511360
1477190868964495361
1477188594406019074
1477184700598734848
1477181003257032707
1477179427238776835
1477169173117607937
1477168098914406400
1477167209080229891
1477167204521050115
1477167200402173952
1477161995388403714
1477159056598994944
1477155233767714817
1477148665504407556
1477146020370792451
1477145056763166723
1477143198799519746
1477139347937939456
1477138897830219780
1477138515838201857
1477137973736923138
1477134485636325378
1477132988387258368
1477129484893446147
1477128923028750342
1477128519373127680
1477490230768726017
1477335521298890757
1477327432315293697
1477325868552925188
1477324893280604160
1477312552258269191
1477266811649470468
1477195557768597504
1477175685043085314
1477490485862146050
1477417790881419269
1477462835189878785
1477163282825822209
1477474078264987650
1477465856997085185
1477446741485969411
1477135307426258947
1477296706865680385
1477205299454824448
1477478907574042627
1477462398692847616
1477337527778304001
1477303825979478017
1477294730346045440
1477289128341295104
1477288003751927808
1477266789595705346
1477191506045771777
1477219857909227520
1477209362192121857
1477265601613549569
1477162538554982400
1477152640005918720
1477486842203160578
1477352419671433222
1477271461161099265
1477253547204829186
1477205687633526787
1477163185102737412
1477480433214394372
1477458266758074369
1477275952614834179
1477257724802920452
1477217479122325508
1477184836158689281
1477173870712930312
1477171592450895874
1477489236899102720
1477487977634754561
1477450603869585409
1477279384599875585
1477264426629668865
1477262345730625537
1477261653842427904
1477217948850814976
1477183438180421632
1477151448441835522
1477147513618452481
1477492757098762240
1477479244741500928
1477311680631562240
1477274126729498624
1477232746619494401
1477170996297678850
1477421083200348161
1477287231630954496
1477271873779945484
1477225089141665794
1477195083459948547
1477473116498665473
1477491005381222400
1477488665462919172
1477487524922593282
1477434017792217088
1477431661600337923
1477259565649448960
1477256405157511168
1477223213713084416
1477168961649528833
1477150023368409089
1477136290189434882
1477447858580189185
1477406964875333632
1477264319125483521
1477236757380825089
1477233917027438595
1477232215301885952
1477214243481030658
1477148729689841667
1477213478267994113
1477345453955899401
1477465173615005696
1477461360858394624
1477268619134263296
1477165458868502530
1477161720426610693
1477244448438321153
1477198856710332416
1477165654474059777
1477482383041449989
1477287527564255235
1477264596473769986
1477162778762756097
1477278781286928384
1477183320337235971
1477153440312614913
1477486630717964288
1477483477255606277
1477372177217310720
1477490011767459841
1477414373496918016
1477406656103387138
1477389935212576769
1477321367557185538
1477277489663823877
1477271592484814850
1477229748975661057
1477211973150404615
1477165188663046144
1477136411698417666
1477469940428926978
1477486234217844739
1477141204143775747
1477484458194268161
1477417009243590659
1477274346007584770
1477239150193512452
1477229216785526785
1477487351429431298
1477463185825230850
1477438876675624964
1477274342681559041
1477262540526653443
1477232564217675778
1477223762525253633
1477184089241182209
1477183335483195392
1477163865511182341
1477490646415904769
1477312828348370946
1477290492433874945
1477232275188162566
1477228074596913153
1477224257910292481
1477212742712913921
1477191470797160448
1477183116972158980
1477141833482342403
1477119732687912961
1477145159703822338
1477467183802294280
1477433172585447424
1477447256572071941
1477182529526321153
1477269735473516544
1477178229093896194
1477276584306307074
1477402431541506048
1477215496508526592
1477213491865915393
1477143292756172803
1477141026800164866
1477427553782562816
1477345576643489792
1477240386217119747
1477238129220210688
1477237168007376896
1477232125174640642
1477173852367212549
1477488079946465283
1477424803485138945
1477318338497769472
1477315932418543618
1477292893324779524
1477291920757977093
1477276656221888516
1477262800443437056
1477262273211027458
1477234289309749252
1477233054456291329
1477198906706436097
1477143882315939840
1477486980128591876
1477477644937564160
1477232526519271427
1477222537037631489
1477214750840803328
1477149785148694528
1477352109829812228
1477330047497166851
1477270792933036035
1477485626731552769
1477272547188097031
1477178418789634052
1477170811601506304
1477485610738733057
1477305540376100867
1477214945607438337
1477434225011793924
1477348665974870017
1477342414410977283
1477260280954376195
1477217808127873025
1477175200315686912
1477482355493249025
1477192024591904772
1477192881551020032
1477192033395777543
1477173553589985284
1477164257145856002
1477454168537194499
1477271365833015296
1477192083152588801
1477171066749419522
1477149353688985600
1477189318028390403
1477498779171319808
1477480279333695488
1477334882212724736
1477332468717916160
1477289501810577408
1477217264843702273
1477192425441353730
1477191578359779333
1477159440524582916
1477144481816145920
1477480508573437952
1477465776063860736
1477336409312620546
1477282147996078083
1477281689432838144
1477281681509806089
1477192029004304385
1477189334159798275
1477189329038585857
1477156568437170178
1477140681697099777
1477138901575757828
1477315012351778823
1477273329861988354
1477237841809719296
1477500379424182281
1477441122876092417
1477483620533108738
1477146269323706368
1477296731612082178
1477327369459224576
1477204760558125058
1477327281408249859
1477285283775193092
1477327018756771840
1477327018605703171
1477327016869257218
1477327016537976835
1477205144752177152
1477204942288932864
1477147379543339008
1477197411059527680
1477198051265560578
1477496064932335616
1477491355202977793
1477474828248436738
1477444622687215618
1477430704006782978
1477415900462518273
1477405322067120131
1477294200794189824
1477266661212258305
1477263452062162948
1477251410718650368
1477233842595401728
1477206092526411776
1477203018919546881
1477173769311449092
1477172814092271617
1477160138817499136
1477142671906914304
1477434752219041792
1477432990800113666
1477361433075544065
1477323258038939651
1477174995260477441
1477484198634012673
1477432812797980673
1477425221699178499
1477299082322268160
1477495261676982276
1477242274962493440
1477240637648945152
1477239834796122112
1477423063301955586
1477322659985707008
1477299776731291650
1477278685266800641
1477261872529219584
1477253964127080448
1477483807200530432
1477451270638112769
1477397661351247873
1477283625741676544
1477271194592108549
1477264454307876864
1477260230593372161
1477260073760018437
1477259852606885889
1477232509565820928
1477208090915213312
1477196318854369281
1477174389455998976
1477156235141025792
1477484957719154689
1477465604776861696
1477454838526930947
1477252576550666241
1477209205727657984
1477201638448267264
1477499180637589504
1477472383170613249
1477439856234139648
1477495578590257152
1477495407370387456
1477495338306977792
1477488064972926976
1477401907832311809
1477179914843410435
1477234456054222848
1477416804066607107
1477313227583152130
1477271777243893761
1477497102594809857
1477307533840695298
1477162970966757376
1477161455728218113
1477485418496999426
1477275353206775812
1477258885861810177
1477249631184568323
1477244804320825344
1477224705039876098
1477477811682410499
1477272314320355331
1477417914852536320
1477298083079737346
1477500079443353600
1477495829476757504
1477475509869035523
1477445396423053313
1477315669855113219
1477314224300851202
1477302523778187264
1477290726496956418
1477290724714369024
1477247313529565184
1477247211570286593
1477225277579096064
1477186845611941889
1477181996396732416
1477177504565641217
1477170883449872386
1477167013558513665
1477159896667725824
1477494518777729024
1477468711267225604
1477422143772114946
1477301217521184770
1477233061364310016
1477176804062289923
1477417249665273863
1477333729580236802
1477504805811589121
1477214621249380357
1477502237169446912
1477485102292627458
1477476553147650048
1477436555518038016
1477428099537010688
1477281617219502084
1477258236914913280
1477240651326521345
1477225416209285120
1477219653906669570
1477188745275199488
1477187925271986177
1477147135485177856
1477505873710780417
1477503619398209537
1477465418050592770
1477323943958614017
1477275011941498881
1477250988838846467
1477229501159411715
1477228090791104514
1477183416982331392
1477156120099581956
1477505668751843331
1477455268589932544
1477421755794800642
1477307955594756096
1477300648941002755
1477294909107277827
1477292747895672837
1477290722738933764
1477285819626913794
1477280767126302721
1477277302178209793
1477274045175382017
1477239679070072832
1477215372046647298
1477202973688156162
1477153937144885250
1477477175355863043
1477469773038452737
1477363163767005186
1477290778246279168
1477250068474331137
1477248701764489216
1477484792266440705
1477310169776201743
1477222844937297920
1477227817758650372
1477222599281176577
1477159895107444736
1477501999750938624
1477491326895595520
1477489781902774272
1477486406075236352
1477485711099973632
1477481084925349889
1477471438827184130
1477458868636585984
1477446493942419459
1477423237239738368
1477417774817312771
1477318877642035200
1477266190938476545
1477251533502746625
1477250469412040705
1477249170125705221
1477248839685836804
1477240203609735168
1477237536351490048
1477209101528485891
1477197367531040768
1477190354080198657
1477188647107530752
1477187388954669056
1477181933939355648
1477173165415485444
1477150624508616704
1477460272734355458
1477453006048137216
1477443468041474048
1477297216687521793
1477287210592489472
1477216307686912003
1477498565433778178
1477463387139235842
1477448202823495682
1477266675091193856
1477164749003493378
1477449740954394624
1477255502304358400
1477235291777765380
1477170947551465472
1477504628375769088
1477495637507645441
1477489022180081664
1477477174949003266
1477457860560764929
1477454551309451266
1477448102579638272
1477432403614265347
1477424273526452227
1477420208444743684
1477419940298723328
1477419168609673216
1477361331229450240
1477309110278184960
1477306164715028481
1477294721894547456
1477291563038298112
1477289889649491969
1477202552215138308
1477153257742950402
1477505135408414720
1477485556854493185
1477429954572734464
1477325269669056514
1477322111509168132
1477311185607217152
1477294877113470978
1477287944255770625
1477283801835323394
1477269703198314502
1477220530537177093
1477202064719503361
1477199020686675968
1477187474224934913
1477171974740713472
1477171692120076288
1477504082533249024
1477504002631737346
1477496659525668870
1477462311166119936
1477447197201367041
1477363922806386688
1477341995215503368
1477338424579219458
1477328023355494402
1477284268585877510
1477266442185691136
1477255503961104389
1477251060142014467
1477244111207890946
1477243787789225984
1477243750699077633
1477239390195761152
1477200708952682496
1477198230433583104
1477186342119370752
1477180584971550720
1477178527082442752
1477176868402909185
1477155149608980481
1477147210466746368
1477146034170040323
1477013703245451265
1476998694100627456
1477507206115258369
1477453618131337216
1477303009906343941
1477297148295213058
1477246658773598210
1477246152042942468
1477151154563731461
1477478749578825731
1477250244999979010
1477248270715940864
1477241853749587968
1477229212662595584
1477179986381471746
1477177028730232834
1477166412930039809
1477146748174802944
1477216588432429056
1477264985353039872
1477253467131441155
1477215722350596098
1477200559912280067
1477194028324061189
1477157433311043586
1477493756962115590
1477465422257553409
1477400024304652289
1477261519112966146
1477198801760768002
1477145938560909313
1477145660667228163
1477509578900135937
1477466135251480582
1477466132655210498
1477466126661554176
1477259966851399681
1477162965077872640
1477256618060369921
1477338155783102465
1477500449825513472
1477302601389527042
1477305101811290113
