1454411624001912839
1450033608320688134
1445674269057249282
1460936302723878917
1447514856488202240
1439219607701655558
1450621819279470598
1463728868036988930
1449657355969314820
1452831566921707524
1460415689672380416
1442420762602704901
1446719894037282816
1442326037078036486
1469472542242971654
1448991303090405392
1455074923970445314
1446715607529902084
1469169031856852994
1442673323083583492
1462635789351743490
1464697526372626435
1454994632446595075
1443442015593656322
1440151157209329667
1469479945692844034
1441234899902427143
1465204083367706626
1457177106920534024
1462258028481155080
1435147054985060361
1433669728455692288
1433920290468237312
1433918848021905408
1433515626450980866
1435832916509020162
1435832621192257541
1435771627401203714
1435758300704825345
1435634116439928835
1435541789440557057
1435493914354483207
1436173495444992001
1436098339469029376
1436027060141498392
1436012152536535041
1436208863783575552
1437770025360928778
1438342533118058497
1437800284172865536
1437818787688943620
1438907701518426112
1437367519904288768
1437710212190781441
1438080158326423555
1437461139483357187
1438151499654123521
1439013441239273472
1438682395054526469
1439000484761665537
1438534888525762563
1438503745621422084
1438361516349161473
1438471248548274178
1439063011285602310
1437367796380229639
1437418401211711488
1439769287426646024
1439407351702769668
1439595799864754178
1439081292461604865
1439081130758598658
1440287191918264330
1440269180125597702
1440257548163055620
1440286635346645003
1440095023798702080
1439479810892333065
1441347572786864135
1440828264361037833
1440508558320168963
1441726059154530304
1441721484431351809
1441619742687522822
1441696477311475714
1441575851892477955
1441683407843454981
1441950044148568076
1442111712753164290
1441960253394853889
1442459885514289155
1442419417694932993
1442311615643226116
1443173778461114370
1443514709899038726
1442689610589487108
1442673823673765891
1443468665714737159
1443350763799912448
1443106546766864387
1443448290977091585
1442754813612072963
1443320781723766787
1443562833862701071
1443733845354823683
1441369089235062792
1441285514640855042
1443863725769822212
1443808254954328067
1444141459981025280
1454242016217362432
1463707605369380871
1452506859823267840
1438765368596570114
1456489385667354625
1464441361332117505
1451006438910750721
1441023442308907013
1467001530083463171
1451086213415247874
1461895249446387713
1444543997972783105
1458388290269171714
1442419421692104711
1459229403829846017
1441737266527879169
1439839348967370759
1438858903765331975
1457133715352481795
1460071568273379328
1459130725341425669
1445270905605656579
1459009594072567810
1445056328943095808
1462340919366062081
1446860006888919044
1452865729833816065
1441330975481335818
1445568714670166025
1449890685608333316
1445239592752336900
1448980822141259790
1462361064712990725
1469661419419234312
1438908850590011393
1443715194354487296
1463730767939342342
1463432201891155973
1466213846469677059
1453265281720242180
1458000610121289730
1461597849221689357
1457578041907896327
1442144903274774546
1441683163386822665
1446638018073284608
1439033183425622019
1443787876076949504
1441533550730219527
1436657379970486272
1444246917404319745
1451040732228165638
1453187321369481220
1443424441187319810
1465335758651154445
1445764362031927297
1468914355857080321
1459022678053040195
1451358175056203778
1451124439454605312
1464058619801055238
1458573449652158466
1465003375250980866
1468511882638024707
1459342070947143681
1464158160856354820
1452115189772423170
1468405102289555459
1441448770185555975
1462726731463217161
1446051615736094722
1457218059668795395
1454329588356718593
1445325974082514949
1458368373683744771
1444910159357112322
1453974257982054402
1460125461132967939
1457922114216857603
1449509346019352576
1435077338031525891
1445107088082886659
1440865428629196807
1465191216299974657
1468442985855524865
1468874851918118912
1463683615133351938
1445006208587366404
1459773957704355843
1451345900006117378
1459056514564460553
1463507723975225350
1463492144170078217
1443857885847375874
1443457533901828096
1460929755641888770
1459290284693417984
1457543157160157189
1439914833306996741
1465993708575227912
1442300075481321476
1438053512718393344
1442323303549452292
1460809258971267075
1460911649234173954
1445660098026774528
1450086972312018956
1447368557893804034
1438670589279961096
1461326671819067394
1466778475834982400
1463321174897795074
1458367683972382721
1443252345840697344
1445086407391731716
1437765216213733383
1438405203754057729
1444281242917085184
1444217890505310218
1444725353096695808
1444706842542678021
1440255148673040387
1455862472628310017
1440190464129323010
1445587045208846349
1463361170421600258
1444144975273357312
1461896059781746691
1439043020255469569
1445763295827226634
1460828709640826883
1444531857735892993
1446459846467915780
1444670680113446916
1444670173793816576
1467637621551603714
1439438132139610112
1445067815011057667
1441983741895725058
1442114699449942023
1460072857820532738
1467382969253777414
1455876872332460033
1455876263176933378
1435237449865773059
1458614706600435713
1443923865470521344
1446370077750616065
1458290001238585345
1467750518051143680
1448155481239736325
1443063405540040704
1462641169297330178
1445014476328112129
1444946707989426178
1466241542918578185
1455655784335958017
1444877940471201792
1445652501525528584
1448969095152484359
1466622572431233027
1469178642760568833
1455797631880290307
1443177454126780417
1469322372557664264
1446465238111490060
1445166573119938563
1442351995289931777
1465516115040223238
1462570499880464394
1468464327292293125
1436166976167026689
1441340554638331905
1452551967696297991
1443825506063839237
1463442276747825160
1451067644187004930
1459697264297857029
1447816833457741828
1463707609404297218
1439766416991850497
1446369849010122754
1438789012697673728
1448898674109546496
1454632477264257028
1447140237256249348
1464935174320259076
1460924368498814976
1453324403433873415
1464922622336978954
1454438692936839173
1437326266437304320
1466655367207657475
1463488925981368325
1464973442034270210
1462927691531755521
1446840431006810117
1444175646465269760
1463540479975309313
1451734704189698049
1446033831526469632
1446018395573395458
1468764730701455360
1456147419016486912
1445542055015370754
1458263417597292546
1446881877172752389
1446826659626192898
1446824435617435651
1450721900364189699
1452905940311674880
1445417223422574596
1441854900766326788
1452875851389804547
1464789636991967234
1442422648714121220
1438420105633800192
1459606683768930305
1467015060157464576
1459557022282620929
1469492795035451395
1440871096283242498
1446090005407952896
1437266769714958339
1450639159740145669
1438734387185471490
1454091810150629377
1457533676896595971
1463000659599380480
1438489061237293057
1441987595332816897
1463474098630127622
1463672083443945472
1459485309138194432
1446506127596736519
1446074005161590784
1446387039113383937
1446330233162854401
1446754807654469634
1445978586956005389
1446808630255255560
1447070283731378187
1446933070372753409
1448989041341255685
1448948304838987776
1447747599620968457
1448874253277794306
1447562595888631811
1447382502314688521
1448282508714397699
1447502238159552516
1450114395376275459
1449561747732402180
1449541073781489667
1449348145939247110
1449257048978309121
1450023852457693186
1449996369926651904
1449351356150534153
1451061206307930117
1451056103731564544
1450360583384023045
1450380610539687942
1451013122605469698
1450372962645790724
1450376844675403780
1450375695507464194
1452273012892475402
1451133135165427713
1452212547625570304
1452449057796857858
1451386867958444039
1451851693885255683
1452310743886479361
1451704823217156098
1451960647076364289
1451153876602671111
1452833619299344388
1453714277328560132
1453915290773770244
1453905462001209346
1453898721054248965
1453662831174320128
1453691511871131659
1454096066467467272
1453942513950068738
1454111670234537991
1454057867917492230
1454455240556568576
1454328579504816134
1454953126461460481
1454947565556797446
1454775772112056320
1455342946400673794
1455119354740109317
1455349615536979968
1455189663740620806
1455374231294861316
1455219864663048192
1455116173926752256
1455555439656009734
1455416986050064385
1456082136499322882
1456472236890603526
1456142372710977541
1456206830896484354
1456547925048262661
1456971662872637444
1457006698414051332
1456975864126529544
1457924601892147205
1457951028758810626
1457938918880399360
1457705901310107662
1457588517291249665
1458276797150220293
1458256159303892996
1458623559144599556
1458340135221694465
1458985622157156352
1458941005185445918
1458651917282775044
1459017455355891713
1458988906351792128
1458661885012701184
1458769512015171585
1459132621972070403
1459398923722706944
1459557446372921346
1459500146522132480
1459499809836990465
1459453735352999937
1459453483271163905
1459778326344519680
1459872241811099648
1459872139062874114
1459816425204244483
1460408341209907205
1460456898948337669
1460456078328487938
1460237835479384069
1460453845432033282
1460786157126504448
1460733164641562630
1460487097358315520
1460565250269278209
1461174488469413888
1461147569820770307
1461125162112196610
1460999667672498181
1461297885887164417
1461297725958356993
1460874658601832451
1461301116621053952
1461312685438476290
1461517841228656640
1461507196252930050
1461529665357582336
1461513922561777665
1461512605848145926
1461341681974874115
1461526016120164353
1461889787514671107
1461837960349769736
1461588269490008072
1461688465263718403
1462252242531074054
1462389829660930052
1462375794261381129
1462741424059809795
1462963216389079042
1463232018863562757
1463127003763077123
1463135523367645189
1463045067552137222
1463680881466347520
1463394025029857288
1463430897575751681
1464191718979371015
1464377517205176320
1464565473559777283
1464504617954254848
1464160119738880001
1465108835522146306
1464876783791075337
1465243953192603648
1465242099092049926
1465507187422236674
1465355144506200065
1465228833242562564
1465166790896410637
1464019550484193282
1465853919263789061
1465854790366228485
1465827076322193409
1465649962910318597
1465642990018330629
1465641127357288449
1465634944558907392
1465620204122083333
1465619316519288838
1465617431477436423
1465854683528925190
1465635319949058048
1466211666975072256
1465978860474748930
1466240745413742595
1466240745413742595
1466240745413742595
1466240745413742595
1466240745413742595
1465897234617102340
1466281805451960321
1466005871960281088
1466590814595809280
1466581697621680128
1466564709826498562
1466724149754138628
1466647271492120579
1466809514053697536
1467296263066456064
1467290763490824194
1467038399353659394
1467037257781551107
1466991419399180291
1466973699987238913
1466973572446834689
1466653104560955392
1466026863298433027
1467065421744328706
1466618459383500801
1465970110405828610
1465962620725301248
1465668458813661184
1465643289529372672
1465313195157950467
1467073314505965568
1467023758502236161
1466663184169799683
1467004466641903616
1466633888982134784
1466217566846652418
1465990486313766912
1467666474865020930
1467510782472556544
1467519432985505795
1467442502013636609
1467525185490210818
1468066275301548034
1467928605736927232
1467841955635732487
1467819096804708357
1466654346586644484
1468371397298700292
1468168342351527940
1468814762037288962
1468812520672555009
1468743091880292352
1469122483999576065
1468960629281419265
1468948653385478147
1469139650396635137
1469082260636717059
1469175746367164416
1469202442340298754
1469611667491196928
1469616315308523523
1467482849544523780
1447097135254544384
1450115664241303559
1432898568742858752
1433059232505470978
1433485597708980227
1433418977242353672
1433312470383226880
1435541590387269632
1435914550365200389
1436118609005211662
1436980316434931714
1438194047412224005
1438067661410168833
1438369212645486594
1438459813097132036
1438423014501072900
1438980665245057024
1438697541235662858
1439061748946915329
1439040687194861568
1439459436959961090
1439573484691021829
1439514863324258305
1439395357700415489
1439521769715486730
1439742197729955840
1439937723255562243
1439868010722836480
1439805198717784067
1439965547785977860
1440272583857901570
1440113287966822406
1440648472869302278
1440643645120471041
1441000049182318595
1440851631399051267
1441004473124462593
1441365934380236808
1441356799383244806
1441341582481887233
1441344058773827592
1441207655670771714
1441430766924095488
1441727072871669767
1441718245866696705
1441738255515340818
1441680994365370373
1441660251850170368
1442100789950902276
1442087439489593349
1442081310965579780
1442008063309860864
1442633177445519360
1442685513371095041
1443019691677519876
1443544568343924740
1443554263947354114
1443394119963852802
1443847020532412447
1443903347350671371
1443817986868064264
1444138707062198274
1444149414491148293
1444170824076836864
1444095301531226118
1444131883852337152
1444321225287766016
1444226922955771904
1444627497769791490
1445012864977100807
1444946973157564416
1444955155145768963
1444903102407012359
1445080018300899328
1444851304342245376
1445225941941112833
1445322237632860161
1445196950668668929
1445538621411389448
1445336964270465029
1445765136468234249
1445757974551531540
1445756295412285456
1445704144472342535
1445908893549301762
1446261435110019072
1446436557263568900
1446811179192659968
1446849360935854086
1446887691530895363
1446831641003921410
1446677367276011523
1446686776282648579
1446709257005531142
1447006236524744706
1447001528124903424
1447110233306763268
1447436633364566018
1447550670911918083
1448496849388597250
1448461736462336007
1448655834410467337
1448890286323552268
1448967583416213513
1448934150170316802
1449029289102307334
1448805832888500224
1449142540431597570
1449173992401633280
1449224633996091395
1450085947375165449
1450598395085688834
1450292300601446401
1450547741298348033
1450823497719025670
1450763727683395586
1451020440298655744
1451191843325026304
1451783566841434118
1452190131658571779
1452535505980121091
1453005497917919234
1453336173204500487
1453347969940422656
1453537008010153992
1453690773598134282
1453891754793439234
1453995909751009284
1454081221907009539
1454255744883195908
1454488575857233920
1454365147108032513
1454480792197894144
1454646826368339976
1454614351503978500
1454916726395752451
1454870997153157122
1454771494261723136
1454824377506168842
1454986811856474115
1455024386755338245
1455109861335830536
1455259371512893441
1455108351608561669
1455381620278501381
1455354702795661317
1455593504474755082
1455840027024367621
1455883750747697155
1455939014079377417
1455861746141302791
1455978954725199876
1456079022627057665
1456438384667230209
1456545779863097345
1456625871180087300
1456592143301033988
1456570454521434114
1456697431400275968
1456802416393818119
1456824582954893312
1456812311881011203
1457270448480157697
1457239716336582662
1457558509982261249
1457736395565371394
1457959920779685888
1457959277738397696
1457921517455433731
1457918337778733060
1457917835934519300
1457917320878116866
1457915192231092224
1458071290191962120
1458640140528611334
1458638194644111382
1458825724337352704
1459132204513050627
1459524339145986048
1459451775228936193
1459720259187838985
1459675751104454663
1459877909879873544
1460083610229170177
1460239508650213380
1460239348041981955
1460417355041828866
1460613106820808708
1460496092424900610
1460779237120434182
1461335151443472387
1461529676569100289
1461536951786344449
1461866602836606980
1462028936674643976
1462317212983644162
1462558989510529024
1462404765346942977
1462752989421060099
1462959509421260801
1462975553976160257
1463135489158909957
1463339383159877636
1463448294399496196
1463484432971538432
1463743858081079298
1463741024954564608
1464246051691319301
1464573613676240901
1464706649185087488
1464774324812873730
1464763733054406658
1465103441458458627
1465151555473063942
1465469466494455811
1465216642611232768
1465519638549123078
1465825994070134786
1465680422839500809
1465628436542607365
1465627715730493441
1465614429060435970
1465626340791504898
1465880419073548292
1466053142060011524
1465958672983416833
1466004404645945344
1465985936294965251
1466223126790823938
1466597924968665089
1466641261855576066
1466726975712555010
1466890634619342848
1466635480686944259
1466767291689758723
1466672090627461121
1466966131864784896
1467012956751728643
1467147037846110212
1467084344246165504
1467083141424713731
1467026549220077570
1466978434899271680
1466975952626348033
1467315805251530754
1467312517777035264
1467622052576169984
1467494446434373635
1467374495912456193
1467669391852511232
1467851448339681284
1467890227049943043
1467816710631661569
1467772450943418374
1468349700583555077
1468386733595131904
1468501033806536707
1468816518213341184
1468755789586178050
1468868517147512833
1468854210930356226
1468863963865571329
1468856410117054468
1468972642044497928
1469121580219260928
1469125904416661504
1469297545729896448
1469204344184532993
1469407898463870977
1469262046592122884
1469481570696241152
1469479938470203392
1469679751195291649
1469664213945647106
1469656867848654848
1469643670018158592
1469596241071722500
1469675202405560326
1469590736601370626
1469849384833601541
1433044019584638986
1433793964776165376
1433609598548602935
1434098647449227267
1434427892709015553
1434916114702602242
1435801212369076229
1436207866973614080
1436518461874708487
1436886279929548800
1437047955635118084
1437252302813892608
1437233537770409986
1437656212305158144
1437697132203442178
1437637521874165762
1437698738739286018
1437645077157867520
1438139568876765190
1438073141310287872
1438038383616352256
1437964235225513985
1438132685356949505
1437965913899237380
1438400340773142529
1438354759006646272
1438370364476645377
1438952534983409669
1438763422485671942
1438708906256048128
1439005158311006208
1439025265674375169
1439489434626392064
1439438062996447232
1439507798795042821
1439612082006028289
1439792202016702464
1439778291922071553
1439781091460538370
1439777323159412738
1439846109531152392
1439845505459122179
1439840498395410436
1439804118025977862
1439879520626954245
1440130571267674114
1440164546698629130
1440284742948065281
1440228604177096712
1440153189672574979
1440593035016900610
1440606458098323462
1440601205160349702
1440588580808642571
1440498934871252998
1440690253765824515
1440854794369785861
1441183447721005061
1440977432853422098
1440863350657728519
1440913488205934595
1441038627484549125
1441367069686042628
1441332179213029380
1441311415784992773
1441234797381111808
1441257847233269766
1441344881901801477
1441230499431600138
1441257887733465093
1441737270839496706
1441579782441893893
1441577130974793730
1441788211173330945
1442101722638217221
1442086683583795204
1442070292994478086
1441982447743164426
1442021712535568385
1442154811885977601
1442152976001425409
1442439283550289920
1442448573707083779
1442712155086745603
1442712466752819201
1442645883682652161
1442687299246907400
1443046331379949573
1443046381350838274
1443433975632969728
1443947510519664640
1443945235764023301
1443850583530639365
1443861315122974722
1443877513919225857
1444111528911773706
1444123960040321024
1444107215619510280
1444250217180659716
1444475127706439682
1444583011299692548
1444511439985643520
1445175295250628609
1444956367932907527
1444852235993681923
1445013581976666112
1445000857578192900
1445347409031139330
1445258811854389259
1445305636854460416
1445191702206054401
1445301004396740608
1445340038233952258
1445390312977874948
1445296869999931393
1445631944532762625
1445739949538484247
1445786623749152769
1446173596355727370
1446400203947331587
1446451194000384000
1446654281415753729
1446823273170231303
1446674021517381635
1446661147902447616
1446722158189682688
1447026818293252096
1447050022642597891
1447113420638195714
1447126556493500420
1447124164318425089
1447098710878416898
1447498531359498241
1447785433786568707
1447852837287776258
1447822099679039489
1447936239030657038
1448220232925933568
1448120555387957250
1448220298994610184
1448967600780705802
1448999222162776075
1448813817069146128
1448962130288381957
1449747764422725642
1449763944847974407
1449542764295692290
1450074522770493441
1450511591519047686
1450754203446435848
1450851945812430849
1451021946762653700
1450996032343400450
1451102537210204163
1451198460103823365
1451129799842222084
1451369308148224003
1451566043491495946
1451777037752954884
1451721421688692736
1451825817491705856
1452103072818229251
1452411412681158660
1452852556246380544
1452843101244977152
1453309752356728834
1453662083774484481
1453691287383601154
1453709469523726350
1453582452773904391
1454098998462091271
1454429143072788481
1454740166178836489
1454721120666480651
1455001562787368965
1454990838463746053
1455150397220220933
1455081725470466052
1455045494074331136
1455388764549746692
1455338021755109378
1455470043966312449
1455427278217699329
1455732578938408961
1455699733989642241
1455764690915586051
1455903690355736576
1455807581008531459
1455808496092340226
1455807342969163778
1455834904755785729
1455848555298496515
1455776742174445572
1456105831502520330
1456078301424861196
1456195063902474244
1456436522387841024
1456582950288506881
1456827155673878530
1456934396250890241
1456887319907082244
1456889712984002566
1457161371657785348
1457180179655118849
1457215594726498309
1457331263874879498
1457544290444341249
1457544111309811719
1457582585115148290
1457691460237553666
1457614008874266629
1458004451701051394
1457967832579264520
1458026370093617158
1458046729207484416
1458056818135949317
1458079921834643458
1458250003537805312
1458239796954886147
1458269451015516163
1458351947811999745
1458429526392725511
1458608436975865860
1458638761365893124
1458643394998124551
1458668599871098884
1458722063909195784
1458726773286309889
1458974363399573504
1458958592850075650
1459058574634610688
1459226384002281474
1459142866249269253
1459356485377351683
1459529061051473922
1459867223682547715
1459774651287048194
1460245638927437827
1460438330747736070
1460410512236105735
1460599195077799938
1460505746387259398
1460566064073363458
1460872758531743748
1460872782028312576
1461111122614833152
1461139632016429059
1461264146154987528
1461251711310336006
1461556327759577092
1462104858153009153
1462014702171525126
1462093903906021376
1462262215575105537
1462327962439598083
1462424845765861376
1462423859357839364
1462452695873187840
1462414852866002944
1462598829333643267
1462572312390078471
1462922781033566208
1462956322857512965
1463055369073168389
1463279858281111553
1463088402891345922
1463351195444072448
1463446124589555712
1463519672469393414
1463441278448766982
1463385916882313219
1463470633803681796
1463673800063524866
1463698144919580675
1464236817847230466
1464117022900449282
1464054922601631746
1464740740387328008
1464489768067076099
1464784621741039617
1464947035472162817
1465102472020594695
1465315416918863876
1465279572954390528
1465236067263475718
1465262037659910144
1465498957790863362
1465488661173051393
1465827226830577665
1465668275463811073
1465665034273443845
1465651560147525636
1465636484254339086
1465634595630563337
1465628451797307397
1465622531952414724
1465622187960770565
1465681915139137540
1465637592783736835
1465638261649338376
1465681668128210948
1465627183318061059
1465531794812334087
1465856668290326528
1465877313707462659
1465868954459533316
1465854423008116740
1465923618051801093
1465982366816497667
1465998483114971144
1465910628376190979
1465935398073352194
1466271911114010625
1466236220279705602
1466259844977938439
1466433349581422594
1466433210611650563
1466436033793384452
1466617222663577612
1466638562103730183
1466588267990564864
1466617225339564032
1466565743542104064
1466644197734174720
1466655279626395651
1466741919778676739
1466689423618174978
1466628531895496704
1466626234779979779
1466617921518518277
1466785404028260355
1466627213252435972
1466640040579059721
1466614932812697603
1466645051145003015
1466620669559410692
1466760167995805698
1466656413741051907
1466672173590798343
1466628470499266561
1466945685274574848
1466960182802477059
1467133870818553858
1467118255982608387
1467112935969288195
1467027334620336131
1467267473606987776
1467131148572758029
1467085540520386562
1466999805062778885
1467011062457270274
1467035811526762496
1467084875132182532
1467014646339018766
1467013149501001729
1467308511419777024
1467297036357668868
1467418903236124678
1467510951536566272
1467400709222002689
1467555317747621890
1467522124717826054
1467366971670859777
1467662881688735746
1467804808639778817
1468031675573497859
1468047132846268420
1468092227398340612
1468412506636836867
1468410942677344257
1468746644493508608
1468954907352842243
1468945089489629184
1468902654130606083
1468868874531602432
1469259496417464322
1469174475870457859
1469201923689512961
1469621727848108036
1451823512188899333
1435147246123634688
1435137011036213251
1435059925256839171
1434878671542632452
1432968969477099524
1432941896251236353
1433925588251598852
1435535241062486016
1435536507574501380
1436162940944596994
1436149573370593312
1436666860573917186
1436618442891616257
1437300633107767302
1438367808606257152
1437963515055132673
1438469609846284291
1438021064106254339
1437571397962776580
1438896247310467075
1437439737342480386
1439774283509612546
1439411830951079941
1439715532379357186
1439524552044736519
1439090038474563591
1439103959013068805
1439606740916400137
1440274952247119875
1440254539014180878
1440251607581487110
1440253729538674688
1439984946488041474
1439552318504980486
1439522884385263618
1441371653972262914
1441344461741559808
1441024130547994632
1440556059106557957
1440965398187298825
1440583987605368848
1440455592842174465
1440855119877193728
1440987244299362307
1441274209703845890
1441747965429751811
1441683211541626884
1441679047453331460
1441553223039393803
1441545839256621062
1441543442903941123
1441541229410283530
1441406548438257669
1441609700475228162
1441628522087211011
1441484194085949440
1442083160531955724
1442076216400363520
1442119405937197060
1442045871781122048
1442019807486877701
1441765874608738320
1442417785557028870
1442333139007803397
1442367823737618435
1443543083010826240
1443487317411319808
1442841042231828484
1443113815520931841
1442907374033915908
1442699090551132161
1443346246194712580
1443304216395534336
1443300331404681217
1442634431722754049
1444139489165598726
1443785168657870848
1444105430133661696
1444108755684106240
1444173622126415878
1441986643217420296
1444111011196276737
1443895165282762756
1444111201571467272
1445646826955108355
1445528800394035207
1445740261225627655
1445353750663548931
1445755800408838146
1444498243212103692
1445306934765129730
1444511385644191744
1445352456859226112
1444934400177676289
1444630215573921795
1445269031108317190
1446974727075950596
1446665194587910153
1446857388041007104
1445791485358534663
1446004257941905408
1445939406494339074
1446330217732009984
1446482387920031752
1448937007825113089
1448903169593921541
1448638379592089604
1449238517930807304
1447784628211748865
1447076151310962691
1448475842779041795
1449228568731418625
1449207012126982146
1448530482744868866
1447853142176002049
1449227504653254663
1448205061339828227
1448800129243222018
1449030019578155009
1447692160464084994
1449603786809364480
1449924684309417987
1450256423678406659
1449965180889100291
1450280270930714626
1449939897159012356
1449277633120722946
1449988519280009217
1449723605298778118
1449981440234450945
1449274632993861633
1451045832627671041
1450841532492255233
1451807322997551113
1452311086842195986
1451720970394165249
1451449164785602560
1452411592985907201
1451609884852506631
1452452615715913728
1453301087222513675
1452815959912161283
1453380527004676101
1453933680418701314
1453718038172237824
1453941663164821509
1454257955092647937
1454006688495726594
1454001731143016449
1454007474445438984
1454001735446323200
1454214011122245635
1454058387704999940
1454152821566103558
1454465707991732225
1454982733608808461
1455010088654049288
1454978014161166338
1455119013768355851
1455189463844282368
1455731726655713287
1455426702167793664
1455396672096243715
1455535408016678922
1455456922077782019
1455786658473803777
1455786655835512834
1455881800429944835
1455459776880537606
1456462527424909314
1456449946597699588
1456543566767935493
1456982203280211968
1457169599883997195
1457522317723013120
1457308476330287105
1457376767900016646
1457360092613906435
1457884064925376512
1457628419370283014
1457714052503781380
1458257203601633280
1458081755999711247
1458053434079264772
1458494140153413634
1458389887980167177
1458611471949070336
1458361166682411012
1458393537951666177
1458331448461586433
1459006526295740420
1458991689729654785
1458727708683214853
1458988552818028550
1458652453910441993
1458711462415769600
1458775592665452545
1459100033698070530
1459076536275853315
1459285003448291328
1459166305018212353
1459131249050603521
1459490645375029252
1459486144547020819
1459884936479920130
1460446274444935169
1460194122359132160
1460274862136565778
1460237726888783879
1460300597496795143
1460795732668010499
1460525136050724867
1460564551385059328
1460497205509312520
1460603946087505927
1460753856854298624
1461215399140200448
1461320945260326918
1461309130480578570
1461296418539278342
1461288192947097607
1461285564729024513
1461243984936718336
1460863321402339334
1461184890955837449
1461875790841139205
1461669528971055107
1461689308973133831
1461612787969396738
1461687291248713729
1461919641643614210
1462315585342111744
1462073424637927425
1461908847535157248
1461974827837771784
1461988903393501185
1462628720888352768
1462980674021838851
1462965576171601920
1463348153558519809
1463068190712365062
1463014831800258566
1463004891350114308
1463095978215415811
1463339888716103684
1463160232771735556
1463046630601461767
1463098468193370116
1463165210349420548
1463315974183010311
1463462800575975433
1463470618632802309
1463470458762784770
1463684138511200256
1463684082055860225
1463509953683943434
1462935493499228163
1464191521456988160
1464161966746849282
1464166040363929603
1464152892114227203
1464594656524574729
1464689684961894401
1464592890026348552
1465165795390939139
1465164641386958849
1465165393274621959
1465120090848776197
1465110761315790850
1464940580094414849
1464934172514938880
1465241519409938435
1465203356331216896
1465512154514300937
1465488446546272256
1465487735460753409
1465487488751833089
1465191806555942912
1465356197201006593
1465353863200862209
1464040243439439906
1463738957586309120
1465637250301972481
1465596889575743491
1466281396620562432
1465987003414028288
1465916533658451971
1465911398060281858
1466295933801435141
1466281481005768706
1466281273928732683
1466258974093635584
1466247766624014342
1466246133752074242
1466225516105502722
1465914448405614592
1466621696673157121
1466620448536367105
1466571089509683200
1466619562833563649
1466619333962964994
1466619181592285186
1466622211033235460
1466621680969650177
1466595223497183235
1466647547024392193
1466644323127083009
1466675257486446592
1466883944033370112
1467095625351065603
1467113591677456386
1467112333067493377
1467082502502338565
1467080437323296768
1466745255848333316
1467094703652831235
1466630695820824578
1467285504374702081
1466636520924663809
1464575796354289666
1466934853404741633
1466639976175583232
1466415751045152768
1467457251153629185
1467487005483352073
1467665507096485891
1467660928208363521
1467509721548525577
1467704270627565572
1467904611411320838
1468060669878489089
1468011965092024320
1467802276383191044
1467771043167158274
1467769999704027138
1468072551481962499
1467807497050148868
1467937628200878086
1468375825007333378
1468369903832817665
1468403795063451649
1468403788331556864
1468126280751071232
1468083024323485698
1468485598952378372
1468544625149308931
1468837400071716866
1468966762125295620
1468939364726030339
1468883295727325186
1469251514283610120
1469181449110638593
1469192343320293380
1469298939140599809
1469173983509508101
1469653309208219648
1469630549404925955
1469616545840058369
1469876098737459203
1469565381752733698
1469533994366631936
1465209019094560768
1450641983937024000
1446630390001635329
1463456280865951746
1466911349443731456
1444128097507299331
1461135300592214016
1458229035440513030
1446104025800187905
1432973188577648641
1432921067283095552
1433268173156065280
1433330645749563399
1434657161095757825
1435075367392448513
1435624284790013959
1435572999181127687
1435555532882919430
1435792008828784646
1436319206388080640
1436195265686302766
1436884700002336769
1437020921559072770
1437734537543495684
1437654504929837062
1437671666578968576
1438056606021812232
1438427471246938116
1438419900796657667
1438455991251574784
1438393728687738881
1438600107012808704
1438924593771601920
1439058376126828544
1439058191275409410
1439024993434681346
1439136591079874562
1439481897709572099
1439760940392615938
1439748835660632065
1439886748444610560
1440279753420730377
1440274574952648706
1440191472993648642
1440271068124487682
1440972604349698049
1440841836298338309
1441333694262755348
1441222227341365254
1441202314639921158
1441440589820534786
1441717000229703680
1441598345961775106
1441697909108477954
1442323121894215684
1442711732883841026
1442730792640151554
1442653436151959555
1443208876241735684
1443386564113932292
1443540749102972930
1443850546385801216
1443925963323023360
1444113937448902656
1444135056914665475
1444148418746617861
1444130748668125184
1444190065995890689
1444644532599939077
1444597819705204738
1444974791836925961
1445014402541895682
1444919969540542468
1434657161095757825
1444998472864649230
1445327958298828800
1445629630577213449
1445725553265287170
1445685820875104258
1446257832014221323
1446113246071513097
1446222421753675803
1446374245915774977
1446473029337354241
1446845901662666759
1446717841445507078
1446809247505797127
1446667543557525509
1446734116876009478
1447452921805754374
1447520680954646529
1447516955628298241
1448294167528894465
1448149936193761282
1448540096899141635
1448657346134036495
1448657225753325568
1448490812745007113
1448744574860603393
1448846103932293132
1449044758886711302
1448991579071401988
1449240196222910469
1449237849618849792
1449338627972952064
1449687320026775554
1449822374212345868
1449948372090171394
1450117627746009090
1449999657308864519
1450376360472416256
1450417350780411912
1450863636273008644
1450805771902414857
1450719697356296194
1451081664277344259
1451088592336470018
1451030332896006149
1451135214931963911
1451513222863880202
1451723374971949061
1451863149120929795
1452231324769652739
1452122690857406464
1452421877171830785
1452136386958561291
1452106331674984452
1452603298641375235
1453127843207008263
1452974663458451462
1452947990092533763
1453315086471340033
1453255224546795520
1453247184191819777
1453565230059978755
1453636526600962050
1453636186623209480
1453646414202822665
1453559376334127104
1453588566269849605
1453691587028865027
1454074946230104073
1453983036375109636
1454268622000431108
1454297019024121862
1454460720548958212
1454335619384049671
1454456839203033093
1454421227607527432
1454350560459730944
1454829072605847563
1454792710846513156
1455178523203694593
1455120449302454275
1455155776129880065
1455555765037527041
1455395633792049152
1455529139067396098
1456093861609082882
1456082140416802816
1456238682235494409
1456600417345835011
1456988131568148481
1456968163388628998
1457177770392539145
1457207374226227201
1457374443399905280
1457316096176898049
1457294352712011779
1457257786740396032
1457329085168840709
1457680951018864649
1457580049196994563
1457892960570253319
1458090983925686278
1458113434696957961
1458246670722818051
1458290557873115145
1458404922064457728
1458314259343941633
1458285449634406404
1458420953042472965
1458352822081269760
1458610194036838401
1458606417435185155
1458782943577468936
1458704361693929474
1458997342577704961
1458985118278639620
1459178467048640517
1459151950277013504
1459071220511436800
1459133675140837376
1459359906864058376
1459336743421812741
1459479844899594243
1459892161806147585
1459757307298861056
1460046923008671746
1460240214014582784
1460424018469613575
1460419569223413764
1460639206951174144
1460818104557064196
1460780865173135363
1460950817599483909
1460878399342215169
1461158289962672133
1461231717159772161
1461312518748459012
1461332017572982795
1461331817890557952
1461523134666870784
1461496714531983365
1461551934742007813
1461590119043899395
1461877024994172930
1461866900120428553
1462200280959705090
1462194071011659776
1461984598141722624
1461983861395447808
1461981906367442958
1462040335995924481
1462233941792808961
1462214422298955776
1462250828492730369
1462248723400908804
1462376583541530631
1462437957743169536
1462436022453633033
1462435868325466112
1462403404655779847
1462573604369944579
1462924067011391490
1462716432827904006
1463055468176166912
1463339443998191620
1463334304155590662
1463332627595751424
1463480779418193927
1463720597276397569
1463965635306823681
1463842467971833857
1464333623671369741
1464040723011948545
1464404495979278336
1464620549695369227
1464450491245420544
1464743207015632896
1464735856485302273
1464474725082558467
1464600593863872515
1464580085550247939
1465007556523446280
1465159416420786179
1465161161247117318
1465137494752518145
1465130893786304512
1465169045787852800
1465271631337586689
1465288974834962434
1465209015437127683
1465292364939886597
1465514609486417926
1465531402275868677
1465575465507192835
1465832819142193153
1465826111233794050
1465592608718090242
1465681475576074248
1465672818306125825
1465880565454880769
1465852854921355276
1466063528075268104
1466241350383267842
1466386632207069189
1466421598437654542
1466244296630099974
1466617379014656009
1466628758362861572
1466626508236017664
1466623416740429826
1466617554101755909
1466595556856197122
1466621852697051139
1466657471779332101
1466726603275132931
1466690857289990146
1466648016555675649
1466620068574339078
1466617639862616067
1466615989676568577
1466671688116883457
1466684976707956736
1466625295985758211
1466967804746240002
1466930169915006980
1466929786656329731
1466923379269595136
1467086703881900042
1467086426516852736
1467139666352635906
1467300836267094017
1467490210539659279
1467486621838675969
1467455716080291840
1467500545313148928
1467700482218999813
1467711011218079744
1467677148798353413
1467815567990005760
1467752678444863490
1468309843836653579
1468231543445409795
1468213348001284097
1468180690394963974
1468189087748145158
1468429427813937152
1468572850202152963
1468539586016018434
1468485496288387072
1468557166692823041
1468623446263349249
1468805585835413506
1468950684645031943
1469079751914508289
1468892602254561280
1468947231344525315
1469340500784156674
1469267838942658562
1469304729578532865
1469322957470121987
1469375170443976704
1469361847803461637
1469502211201904645
1469629868480479232
1469647483475140608
1469831606105870336
1469878805024034818
1469845594504007681
1469830187185438723
1467486165280313349
1432933109532483585
1432997490110857217
1432997358690725888
1433101357867696133
1433379815948632068
1433361184523055106
1433374623559610371
1433731070222995456
1433660206836338688
1434089880267603970
1434075224085909507
1434451310976196612
1434450909833035777
1434908754386903042
1434825009088774149
1434817020101496837
1434789931025530881
1435127860759437313
1435083938188251136
1435231244833361927
1435175830875893763
1435567493716742154
1435539684554272773
1435539430383620103
1435562234889981953
1435833677498368003
1435835761471877122
1435793176145514496
1436049303097659409
1435924830360989696
1435989615417053185
1436157954730835969
1436139458429001730
1436120093193236497
1436290615130529795
1436629802740375560
1436629476679376898
1436627438566449154
1436624449009115141
1436519150042509312
1436585346934792197
1436505874982326273
1436881139096903680
1436870282329804800
1436877518343065605
1436928166912659456
1436889063244525570
1436924035439284224
1436982764943798273
1437045351416930310
1437098452396036096
1437360938462498816
1437360651005927424
1437340933205348352
1437365150340694017
1437300131120881667
1437400098560872451
1437400737198215169
1437400735050723331
1437264928751058946
1437275047178108932
1437720686072516614
1437720334363283458
1437591314472718342
1437715448800296961
1437632774970626062
1437624799300251652
1437660835476754433
1437659759327408133
1437658867278630915
1437738055096438784
1438217847998533634
1438023882120728581
1437966324714524674
1437965989564407809
1438036325949587456
1438093746009116679
1438093449966731264
1437966360181493761
1438177157348421636
1437965742142464001
1438136658403094531
1438467336839700483
1438467060850257921
1438319422955921412
1438529745625382915
1438641418055008257
1438641415660048385
1438384899669463042
1438576580851224604
1438674338471809024
1438712691925798912
1438748258931593218
1438711544053862411
1438749274854985732
1439047786448580608
1439044516279832580
1439267312792530947
1439251755301146628
1439187476392804353
1439101897315536899
1439073357081690118
1439162967778463744
1439438267661783040
1439582559327821825
1439513812281921538
1439469199248683013
1439476670541430791
1439636402275188737
1439507875680772105
1439555727887003650
1439507699864010752
1439491577257218050
1439770910454534149
1439773927958478854
1439788058296025093
1439840652682940423
1439882912955047936
1439903432664510465
1439815251898159107
1440259214723596290
1440258474546397184
1440258232375660546
1440275814679859208
1440140037190938642
1440166294230163529
1440268296104734725
1440164242292817926
1440229646260314114
1440284849265205253
1440245626113953809
1440564962162659334
1440657169095880706
1440657165744697358
1440657163509108752
1440502059636117505
1440593477293654018
1440645767023136771
1440948106212741126
1440929492600438787
1441010596732817413
1441010279081410560
1440855503714750465
1441043172566523907
1441366847610187776
1441343971205083136
1441343171368087555
1441357479930064897
1441193309188231180
1441235432105074689
1441227594439921666
1441341893149822981
1441362987625762828
1441729400492343298
1441715165410443272
1441714721023938560
1441702697841790981
1441682650650005504
1441599278565113867
1441611970679955463
1441719241393143809
1441719239195250689
1441612959172628481
1441699720347283461
1442099984346742798
1442095638510854155
1442089871892312064
1442079330343870484
1442079093474820105
1442054671787462660
1441982497068179458
1441998539521884161
1441995661965070337
1442079454843441154
1442457277760299018
1442448447093678082
1442438865130700815
1442438591192305671
1442436746587693057
1442428803108642820
1442331565237817347
1442406940085153794
1442393387416440832
1442314542667554823
1442353288863617024
1442664262241947652
1442741798720311296
1442699766664601603
1442875362770231297
1442759975386841090
1442832411021037574
1443079077796069377
1443032742808014853
1443159650845691904
1443028170228199427
1443159973471539204
1443065603225382913
1443162739799572485
1443520412743135232
1443520264369631232
1443392346616262656
1443488190875111429
1443546638425858055
1443509985426612226
1443523623789031424
1443399568201162752
1443471145752154114
1443536360866861065
1443522084626337798
1443709856997797954
1443709851985604609
1443709850265939993
1443709848386891806
1443709846474289155
1443902787000016903
1443902481700835330
1443752315681325057
1443802937000529926
1444047132952973313
1443887777158815746
1443822412290662405
1443880237637373952
1444171202235297794
1444119077375537152
1444147444237824003
1434657161095757825
1444436916137431040
1444433287208833025
1444222956167520259
1444434522699829248
1444190183478349824
1444272587215831047
1444228545320927236
1444618666788601857
1444492020228100100
1444479663581982722
1444541366738976769
1444559631859085313
1444543933720117248
1444543831030910977
1445002078401691650
1445018919224233992
1444881336745955332
1444852337697177600
1444939235488776196
1445031089899130881
1444911678601060352
1445012032508469262
1445208978074398721
1445409291389882369
1445234791264055298
1445290478677549058
1445332050538471432
1445303173233528834
1445413910220206083
1445192755492253701
1445347749105311745
1445305677136556035
1445234735488196610
1445700908730380303
1445567384375361538
1445708217468682249
1445628416024199183
1445640753586196494
1445618843401949190
1445587208497352714
1445707704748498945
1445695398706778115
1445663275593523204
1445686475878666250
1445933295942860811
1446003861081059329
1446092615204569088
1446076264519921665
1446596442966020097
1446293405089157123
1446340845225996298
1446340843422371842
1446340840889073664
1446340838015991815
1446340835813969924
1446366845376733184
1446450713366654976
1446349736466739207
1446298174692356098
1446443671482626055
1446475165697658880
1446472931530317832
1446416715563233281
1446439188820160517
1446410294431936513
1446817706175467525
1446680020001329159
1446664258842812419
1446881916364357632
1446818332498227209
1446760229492838405
1446640214584094727
1446764956620234757
1446688018689978368
1446745289130340353
1446852540650319878
1446762000072073228
1447012449710866434
1446992519531618304
1447014400372527107
1447151849845366789
1447124641957302275
1447357593588932610
1447457849903177738
1447454980022013955
1447549490081124354
1447506336518860801
1447857816870420485
1447731937003511808
1447939792612777984
1447838904078385159
1448140651330105347
1448130077539979266
1448186267326316544
1448117643056197633
1448235012730462216
1448478795040583684
1448553685286481920
1448464056981934083
1448650787547058184
1448467556247883779
1448473677838761985
1448569248356265992
1448575152061513731
1448591817037938689
1448500894404808708
1449003470447513602
1448972347705225218
1448824268192583684
1448837596176470020
1448911382997397505
1448999408289288193
1448947465764302848
1448947310247825409
1449189671066423298
1449263033918787591
1449346264055771136
1449307723573522435
1449557084639404038
1449541101501632515
1469851520476672000
1449617862318907399
1449660244041207812
1449660242178895872
1449660239234560001
1449660236541825025
1449660234503315458
1449660232272003078
1449652662710853634
1449652660408176641
1449652658382336000
1449677095144083462
1450070524889944071
1449915367178919941
1449909007041187842
1449911257436286976
1449960575685984257
1449909138608189445
1450096271943880708
1450030105451925504
1450086534376427522
1450276830284419081
1450276295087034369
1450257855651532804
1450370142945177601
1450329832437403648
1450479246183333888
1450305080280825862
1450531155598450693
1450299437830471685
1450299435506802695
1450407034550030341
1450335204074311683
1450789018455527426
1450640357419483137
1450754154108833792
1450696024842932228
1450661368244281347
1450641350395777024
1450677246507634689
1450954940998983683
1450953860093149186
1450774496575590407
1450749349638508546
1450742164229554178
1451017681734234114
1451014079057858561
1450996891789848579
1451004353301471238
1451036321154158595
1451083160851128324
1451074496543137793
1451021303394168833
1451216057587298304
1451167175113248772
1451142335882878979
1451162716119339020
1451385863397539843
1451365333806108679
1451695128129589248
1451400623711129600
1451342895403864074
1451627640360603650
1451626474289582081
1451344729648500736
1451466374014914565
1451574111965114375
1451723229517672449
1451788394523086851
1451737664063868932
1451737660599377930
1451737658737119241
1451737656539320329
1451960735660077060
1451813651787096077
1451714102187872258
1452238079851368457
1452088756043862028
1452268175685529607
1452271901645197314
1452167651988443136
1452408508620541955
1452228849274695683
1452208865609719817
1452448316013244417
1452505185700302852
1452517699670581250
1452753532189216768
1452575815607078912
1453144805261725699
1452975895027748869
1452812493445734400
1453008227441029134
1452891295467196418
1452908470848552961
1453177328310259712
1453308564022251520
1453176536467607553
1453200793784442885
1453279815403024385
1453305123602632714
1453286207618797568
1453268369004765186
1453346436007948296
1453349141312987140
1453346458640388101
1453493563212271621
1453522022303031297
1453698829669130240
1453539455990566914
1453746460231487488
1453583787988684803
1453539661855346696
1453699233152790533
1453710002695204868
1453583116325457924
1453557354327253006
1453723470601211910
1453720442968051712
1453617597438578688
1453884267130331139
1453915753543987205
1453899539132211200
1453878817987067905
1453906453819904002
1453904809422037004
1454059728397422593
1454060241230778370
1454055575709315081
1454017891293020167
1454052731052691459
1454011241492463617
1454278523166728195
1454257876298469376
1454408739138662400
1454421153640976386
1454409095969054725
1454404359144411144
1454625064465272837
1454616042056011779
1454635750813691906
1454780538527498258
1454682191716311040
1454780865792266263
1454699963129106434
1454818360672210963
1454818159525986306
1454755978004471811
1454968717159198723
1454984101316857856
1455000454006407170
1455151139498840072
1455044640025964546
1455088328429080578
1455111274560323587
1455074671699771397
1455351711237742602
1455331208234106885
1455511576404893702
1455569616315375621
1455544415804657668
1455511935659626498
1455459900318896130
1455483379151826952
1455710932160577536
1455716030601330694
1455871355769946120
1455805573178400768
1455843041558728709
1456108512027627524
1456072766059208708
1456112432598769667
1456225198437384203
1456396003880275972
1456394049405939714
1456393917130149892
1456159393959972870
1456209067383296002
1456435073134198789
1456507009042247684
1456613146244747272
1456570469436493824
1456560403782070278
1456541137779388419
1456620231724609539
1456613441444012035
1456578237627191308
1456575603017138179
1456792310532820992
1456982867678924801
1456872601121292293
1456980253889339396
1456979805467865090
1456967074706649089
1456945308882014213
1457056400148811787
1456933179793629195
1456983605633183748
1457177619154173955
1457166062072500228
1457172308225761286
1457348757222133770
1457349120180428802
1457312325963190280
1457226521517584384
1457258268305231878
1457258191549448195
1457317451532685313
1457242858692362245
1457486190412632070
1457272301049692164
1457521814209323011
1457509151014195202
1457522933035782146
1457682592635838467
1457714665388007432
1457704907360718849
1457682449874370563
1457562866962210827
1457651234534354946
1457715928896921601
1457884132139155456
1457924438561755139
1457938144993501188
1457938009551097861
1458050628232441858
1458072415603286020
1458051297148502024
1458045946508443651
1458065382791516161
1458051951824814082
1458019627586318344
1458052703456620546
1458255971424227331
1458410805947338757
1458320965281083394
1458405567551078400
1458345095791476740
1458583954177814530
1458399773300428805
1458448695553249283
1458370719545368579
1458428927752359942
1458404788165439495
1458616610726367237
1458612400156860416
1458635580401537024
1458590668775776256
1458772502780338178
1458776741711736839
1458736846595260419
1458778186737586176
1458790693867032582
1458980488920535045
1459002340552298498
1459022087452971010
1459151894492844042
1459131795572609030
1459302626382659586
1459077856118525952
1459101758148415492
1459038854308978688
1459077753727119363
1459073238315663363
1459125341365043201
1459296802549604354
1459334136192110592
1459367262259855363
1459504277127266308
1459503840395350016
1459482209673351174
1459512411354849284
1459450930600894466
1459700800377131009
1459690933260193792
1459913804565729280
1459913530929336327
1459743694643363840
1459743463461699586
1459735118788980736
1459858102732218375
1459799070084501506
1459912238899228675
1459812631330447363
1459848953600507911
1460058424599744515
1460061121528819716
1460074891869257729
1460219440839028746
1460195891764105216
1460245185242095618
1460244392929751041
1460213475154661376
1460234107510669312
1460425177989189633
1460431175151861761
1460423761350463488
1460568745177346051
1460503236457033735
1460609431750598658
1460609319381073921
1460553461695537155
1460781809558556672
1460770053494693889
1460800517605449733
1460762585989406720
1460810434294927363
1460940808073277440
1460940473300922373
1460856140804210691
1460881461448306688
1460964102486953987
1460908230951899140
1461313323895377930
1461312943149121538
1461203645232340993
1461146278088167429
1461297341818761221
1461220135121862656
1461149872120381444
1461249092533641219
1461234285558439936
1461314142506156040
1461269656979664898
1461311616197087233
1461346130180993047
1461508439943700482
1461527409241440256
1461539062074990592
1461528113276284928
1461689024565841922
1461687657403011076
1461670035047387138
1461590180184219648
1461690013859516421
1461688766389575683
1461726558184300551
1461689169172844544
1461599771227922434
1461688211797729285
1461850295290372103
1461856113658187777
1461880899369197568
1461879101996744706
1461850666612117508
1461857495127715841
1462022334710108166
1462021997211242498
1461969934179717120
1462082561035829258
1461918040962916357
1461918018410139651
1462068284430241796
1461989515485073409
1462023065588535306
1461970541322014721
1462254222557081600
1462310391443165184
1462310341736472580
1461918040962916357
1462293025304969216
1462383610229526530
1462383302111756288
1462386836316180494
1462346919888318475
1462446325216079877
1462447475843764229
1462343322219937794
1462591829161873416
1462622452660326404
1462603049101246469
1462770701836771332
1462788255145807876
1462757384720322565
1462649546731704323
1462748321353592832
1462701241415307267
1462971847218057218
1463098933823959043
1463098583486382080
1463054316126683141
1463111258073300994
1463117913431240712
1463068936182767618
1463319958599831556
1463324776156389378
1463333465286320130
1463323878617337856
1463471697873440773
1463457704639287303
1463515196849201153
1463514100642684930
1463518214994890757
1463518073806331906
1463422246932733953
1463703570063118344
1463847674201792512
1463847325650993154
1463874005090254849
1463747455296499718
1463728239537389575
1463884546613469185
1463852800488607744
1463792494399791107
1464229879465971713
1464229567892127748
1464161084911210498
1464153221530673156
1464146994969014272
1464146927973404674
1464160530482958342
1464147953828851712
1464138280744611840
1465812086890528772
1464247120433614853
1464214769276096516
1464153614054612996
1464159193271660545
1464049769228034050
1464024813299666951
1464424638037909530
1464409171718127617
1464441545164165122
1464441211385647105
1464572962556694534
1464572573174222849
1464498548213387273
1464599245982339076
1464481403278544898
1464787705972228104
1464808876222545920
1464945099897376769
1464821353048014855
1464948852063019015
1464945541746360324
1464838288087207937
1464959188652617740
1464945663788007429
1464870181868429312
1465159835716968460
1465136644793647104
1465137648331227138
1465154938577641483
1465142834017673218
1465177004274110468
1465427933296676868
1465285468036104197
1465254856004751368
1465355850852093955
1465354145431359495
1465355593288335362
1465349311676387338
1465227893043126273
1465259110396416000
1465354711574274050
1465284858503073800
1465500538674446339
1465508973633622017
1465501358140715008
1465655823128879109
1465655802606153731
1465549541990539267
1465595786926837767
1465587685561495556
1465813519538950146
1465608354592550916
1465539473282797573
1465851938277191681
1465866021730799617
1465849686699364356
1465858504934277124
1465847335485784064
1465871784230539265
1465963428921495557
1465999622816419842
1465970535595012098
1465975303746961414
1466199403178254337
1466198964525359105
1466244151846998018
1466244000625532928
1466203606126776320
1466388682466750465
1466388383135985671
1466321220710797312
1466423662224027662
1466433537435918346
1466357468657815553
1466318289919889410
1466618366970368002
1466630378211328002
1466620756683415555
1466620605134823431
1466617606442414084
1466617326808174594
1466584022616662019
1466742285580730371
1466767190170824704
1466762908331880450
1466656103857410051
1466642701298769925
1466744248821112835
1466692877136773122
1466694139571892224
1466642980140244995
1466726074788634625
1466643076886118401
1466629570799435776
1466649384314028033
1466629153055150081
1466623897823023111
1466970325942296577
1467095172441772032
1467096420154953730
1467095477711560704
1467130441794666496
1467054349796839428
1467087300777578498
1467265896141914112
1467313117256323072
1467473175042674690
1467472796498345985
1467375437965787138
1467375437965787138
1467375437965787138
1467498623264956420
1467375437965787138
1467389811229003777
1467663832638128136
1467707632945270790
1467853578979377153
1467853214188175360
1467733466749964288
1467733315117486084
1467897313892847621
1467896793824251909
1467831919614173187
1467779790618841092
1468065557228392453
1468061444943925250
1468028902429757446
1468040399541334021
1468152481410469891
1468156010674081797
1468082502816256002
1468216214652477441
1468338231687057411
1468337937787932677
1468128689699180548
1468391484374196224
1468391396482510849
1468372245277904899
1468575460988620803
1468575398279581696
1467375437965787138
1468535830167830537
1468598144271192064
1468492910651871234
1468805003947044867
1468925561799991303
1469008108781391876
1468830994216087553
1468982585560735745
1468843468512382977
1469152938425675780
1469105746323259393
1469123705779412993
1469286600882331648
1469292336345595905
1469158131850567683
1469288130167459841
1469256286453702656
1469321821950410752
1469227705392504834
1469288920860925957
1469332411276476418
1469206697935708162
1469233671735369743
1469642921410392065
1469642898526277636
1469666547345997828
1469627467757342722
1469602516442570758
1469802559002923011
1469564333369683973
1469851543260176386
1469851520476672000
1469880636702081025
1440675182100684807
1440664081942286338
1440638586194333697
1440618140413485064
1440533083367690250
1440520797475381256
1441060368202096644
1441001182051270660
1440932018032820226
1441365167174873100
1441355228012441606
1441353802007728134
1441341307922763776
1441339721225932805
1441337110045151236
1441281299826688009
1441202170926297093
1441458816621506560
1441422093413863428
1441800145801121808
1441780897443811332
1442176056270589968
1442444400961880070
1442311362168852481
1442305310933143560
1442297344221798406
1442288677627990020
1442452658229374993
1442432809994383360
1442424738710654990
1442423406746423303
1449179534213873669
1449782124106510341
1450418535436414977
1450784541723926532
1450669247634362379
1450735755886665732
1451073236440027136
1451078558776913926
1451033563155992585
1450988709277356035
1451079311331524611
1450992611322327042
1452318260184162310
1452429470749519872
1455367861254295558
1456942266199642113
1457028253604999171
1457384578516090885
1457352953921081357
1461231369015595010
1462603463599136770
1462821278235037703
1462934144044781576
1465261294341136384
1465238254559510528
1465142450310156294
1465543522467995648
1465655487748141057
1465598327198666755
1465545633972981762
1465927824208891905
1465920864419926022
1466220074503528452
1466287484900315139
1466954559859818501
1466945935225679874
1467192521465860098
1467335025691557888
1467642078783938567
1467522057831284742