1488360613546164225
1488360251246415876
1488352778875334656
1488350658441129986
1488350227765825537
1488346594776911872
1488338425879330818
1488337492550230018
1488332575622201346
1488328960157302784
1488326765785202689
1488320929797373954
1488319154730184705
1488317496931147776
1488316402432114688
1488316156230393858
1488300274837975041
1488251847253151753
1488199371527454721
1488198684063899649
1488195443607891968
1488184528896020482
1488170185341091840
1488149348005277697
1488147278502457346
1488146055682166785
1488144589882277890
1488138634494558209
1488136183297507330
1488119417972006915
1488119080247005191
1488111770313003011
1488085984218873858
1488070486844375050
1488067974976401410
1488065653672411137
1488063449926148096
1488063084031795200
1488062606938361859
1488062472221519877
1488057429342371845
1488056518050078720
1488034968018194432
1488027347307667459
1488021391131967490
1488014956289220613
1488012590185734147
1487999868358512645
1488357215274627073
1488347404693028867
1488347279207845888
1488340902540046336
1488338690598670337
1488338675859529730
1488331607824076801
1488324495027097600
1488318027074785284
1488305865002078209
1488284994451931136
1488284523402231809
1488259943275053056
1488206620715012096
1488177258380787716
1488176996828192769
1488170210829864964
1488167133888802817
1488157851751051265
1488157831643774983
1488155268873478145
1488154973242286086
1488153689747443717
1488150155660754945
1488147063439507456
1488138167496548353
1488137985220440066
1488137134074888192
1488124767689658368
1488120033985576960
1488110901777825794
1488107803373817857
1488093172668706818
1488091013885628426
1488084896283181057
1488084873739124739
1488084424432443396
1488084139773292547
1488082370377162753
1488076593889443842
1488075353252065280
1488071576977575936
1488070919990005764
1488070875341545472
1488063880786231298
1488063046589243392
1488059734892498944
1488056772728606720
1488054992137179138
1488048461245468672
1488046018478309378
1488045207006310403
1488040339357446146
1488040035316539392
1488036508443373569
1488036109833539587
1488035878983327744
1488034202129866752
1488026262056898560
1488019724336123905
1488018758996459525
1488003027831177216
1488158282162503681
1488357563075022851
1488338352474447880
1488336839815856131
1488320196443918339
1488306901100097536
1488278469540728833
1488167581874016257
1488163185492312065
1488133689871642624
1488133258802233344
1488123647856418819
1488115835700854786
1488111173945856000
1488106442401869830
1488069802497552384
1488060531621908482
1488051137462738948
1488037890957651970
1488026570501492738
1488017993011703811
1488013426383147012
1488010047774859264
1488007206616592386
1487713231036903426
1488322271567482881
1488311005835063297
1488030027929501697
1488339102361554945
1488337882540830727
1488336688157921280
1488315663257321472
1488204311297667072
1488185808310108161
1488167696235741190
1488119953152688128
1488044459052830725
1488034415339257857
1488361484216414216
1488349917638639618
1488347564000776192
1488338527045578753
1488336457517629440
1488336450395389953
1488331535346323457
1488322313007562753
1488317210049187842
1488316190867202048
1488310427029479424
1488307856399278085
1488228769706180608
1488221109547724800
1488198952109604866
1488198471866023937
1488196838695919616
1488196595099209729
1488195288317980672
1488192430386323456
1488191895465566218
1488175265629208576
1488168995895144453
1488167572902412290
1488166568228192264
1488165227182972928
1488157485873926144
1488156369278676993
1488149230267285507
1488144262806269953
1488141800216797190
1488141690829701120
1488139484395094020
1488137259673014274
1488136728720601096
1488135992393736192
1488134964151713794
1488134279515471875
1488133937712939008
1488133701691392000
1488132808770224134
1488131206613020676
1488126244759961600
1488113189007273984
1488098757468377089
1488074583701925890
1488066667477450752
1488060163815010307
1488054215935393793
1488053692649459712
1488053465695735810
1488052488150274048
1488051899639414784
1488050824656068608
1488043619730616320
1488042382432120832
1488042103615549441
1488029747867045888
1488029549774663681
1488028684208713730
1488027536156086272
1488021239671451649
1488019071321149440
1488015666762645504
1488015460369309697
1488014282432253953
1488013821683720199
1488011608840630272
1488006915388948480
1488004301356437504
1488002119013601280
1487992356251250689
1488077270061223939
1488058142852513794
1488014466742566914
1488360327423328259
1488359713691815938
1488349145974804480
1488343841635667969
1488341631145324546
1488340840552407049
1488340840338505731
1488338126305054721
1488337947032428546
1488333872563507202
1488332807768526850
1488332719562145798
1488331212435320832
1488326993988911104
1488325045365579781
1488324468858847233
1488324023067021312
1488323330965127170
1488319539649515520
1488318751544311809
1488316869807329283
1488314902829989889
1488313175556587520
1488308892543029249
1488302865017815040
1488295784881668096
1488287298990997504
1488280898252730369
1488256082741194753
1488238972207652864
1488228238384332803
1488205487418253312
1488192295489146880
1488188702132416513
1488187797831782400
1488171461680693252
1488164022289842189
1488158323279286275
1488154865146953731
1488144810309722112
1488144103934414849
1488142264514015232
1488138567021133824
1488137227838570499
1488134822291992577
1488133195413352451
1488132908392980482
1488130922239361031
1488130641157713920
1488130567686090756
1488123762495344642
1488117434188185602
1488113466825084928
1488113195373903872
1488113193071570946
1488112532871335937
1488109275364823040
1488108390635085832
1488108268283375616
1488107391959048196
1488106812750516227
1488106323325571074
1488101244652900352
1488099035168710656
1488098128880615432
1488095623178235904
1488095255413272576
1488094864541683712
1488094104902770690
1488090902748753921
1488089397899968514
1488088096428072965
1488086665554194436
1488085232880619522
1488080747823267840
1488080652167749633
1488071641229709315
1488069529897160704
1488068698199900164
1488066378355834887
1488066040726962179
1488065917565411328
1488065614392733697
1488064962371022849
1488055967522914305
1488055470841425921
1488053394988171264
1488052468785479680
1488051273362722818
1488048605848289281
1488045167244640259
1488045011107295233
1488044047940079617
1488044023163940865
1488038769697918976
1488038438138179588
1488036138380296193
1488035430935465985
1488033938660474880
1488031879173328898
1488025943566610435
1488025558042611713
1488024574625075200
1488021105889607682
1488018187723886593
1488017735489507328
1488015003185680387
1488014137804222464
1488012632804433923
1488012040153153546
1488007464033427456
1488007096482217986
1488003682616557568
1488358849018949635
1488357985583828992
1488357188360077315
1488353605187178499
1488353200264855552
1488352732780314624
1488351474056712197
1488350951769780229
1488349681709027329
1488347986250059777
1488339162608676864
1488338559845089283
1488338556699361281
1488338545127624705
1488338440320339968
1488335040442363905
1488333920517033985
1488332408667578370
1488331560373809152
1488330950630985732
1488326198820503553
1488326065164800002
1488324981943848960
1488324182467223554
1488318911950966791
1488318698444111878
1488316195795193857
1488312655739699204
1488310863769571328
1488310269335932929
1488310178709934080
1488306840970870784
1488306815268159488
1488305919129579521
1488305868072370176
1488292501614383104
1488290510158503941
1488288577557446659
1488286851228061696
1488286357352976384
1488270980447444994
1488269484947570688
1488268955986927617
1488255128419254272
1488240834881667074
1488240262920900610
1488219231737217024
1488200164053381121
1488197290070519809
1488195588617568258
1488194287032745984
1488193727772311552
1488182570240327681
1488181169334423557
1488178407695392769
1488177760744976389
1488176762219466752
1488174795221258247
1488174645949861890
1488174373689511948
1488173080740777985
1488171985154998276
1488171594950184961
1488170190860808194
1488168842270765060
1488167227849265159
1488165811126607872
1488162677948297218
1488159072818167811
1488154837565206529
1488154621038436353
1488153965481312257
1488152847694761986
1488149905495703561
1488149826001080328
1488149210910257156
1488149067394093056
1488146067719737346
1488144934607728645
1488144619716034562
1488144139560517632
1488143000714702854
1488138198513373184
1488137914622291968
1488135696460050433
1488135107206852611
1488131332521689089
1488129668607725568
1488129576320794627
1488128966959403012
1488128094863241220
1488125547255582722
1488119868281221120
1488118340690518016
1488117935499800577
1488116772670967808
1488115762841538562
1488114380755836928
1488113076029501441
1488112929140576256
1488112615918391300
1488112032784486402
1488111625836003328
1488111468994494465
1488110034894856195
1488109409951784964
1488108471879110656
1488108354111254533
1488107501149036545
1488106206648762369
1488361296965738496
1488354852338278402
1488351175762010112
1488344784133849093
1488316499005952000
1488313287984836616
1488310222657523712
1488202033962242053
1488190246332223489
1488185186365755393
1488164433360683012
1488155424977088513
1488154806048808960
1488150572855607297
1488148142709440512
1488139661939646467
1488132416610791425
1488130976400424963
1488129873017131008
1488119873532481536
1488116436782714880
1488103740800266240
1488101659242688514
1488100336573489154
1488083374120271872
1488083209904558082
1488077112309256192
1488069447877545984
1488066499831304192
1488063074581942275
1488057486913712130
1488056709386235908
1488041169166934019
1488026787611574275
1488026591514947585
1488010204453036032
1488008567667838979
1488008554825015297
1488006464237019138
1488004035114594307
1488001459283128324
1488000761162518531
1487999764742668288
1488101059356946433
1488100539875295232
1488093646062710787
1488056841477439488
1488310476056723458
1488176568954331141
1488099852089425921
1488093618602528770
1488302319200784385
1488346378526986243
1488337936030392321
1488333481025617926
1488316822310899716
1488307017684959234
1488301591627440130
1488284059667435522
1488172183402979331
1488170214743232512
1488152595495632896
1488133113888706565
1488113590901125122
1488104961300783107
1488089739525767170
1488064291735359488
1488055706515300352
1488147155110219779
1488126037464879107
1488002393845694467
1488345758843936769
1488161773656371201
1488161766328905729
1488161764349181957
1488086996769964035
1488066426233516032
1488065773897940993
1488065020734976000
1488064283527491586
1488121576600268802
1488068697436536833
1488045915672051712
1488161770053111808
1488105789407776768
1488089801647878144
1488084117455802369
1488079741525839880
1488079507403997184
1488078960349315072
1488009449596157958
1488325029171691522
1488319226142425089
1488189669808369667
1488092443400499200
1488061732127842308
1488155018163150852
1488312499535450115
1488292539316973568
1488157225717997573
1488131773582090241
1488131625670287367
1488135440708165633
1488131048793722883
1488130832636456960
1488130553933348866
1488130330314043392
1488082358222069761
1488076792540037122
1488009387868405763
1488003161088737281
1488335481683443714
1488142500879810561
1488102091805519879
1488084647904825345
1488018332619980803
1488343112770490369
1488117712526397441
1488337072683634688
1488022454526046214
1488130541971193859
1488024515586056193
1488007836453924864
1488307728649175040
1488206331588739073
1488168534920544262
1488114685941407744
1488105506044784644
1488047282289508355
1488023899585781760
1488023340551852037
1488363559868198915
1488157645651705856
1488154327621713921
1488220535742156800
1488083246063652865
1488075541798592513
1488171178426449924
1488153609191960577
1488082097579327490
1488082087521312770
1488078186365652992
1488322123571552256
1488159463169159172
1488354273000042497
1488090093315231745
1488056606613204993
1488044920183324673
1488017302083686401
1488047142648545281
1488353924759400452
1488164759648489472
1488163637730562049
1488159761711665154
1488159538620502017
1488134230177579015
1488133931861897219
1488133514235379713
1488119880280772610
1488113785743155202
1488089675759816705
1488082125718962177
1488068964626612228
1488066375390167040
1488044377029050371
1488013613151719427
1488337019185274882
1488142650033127426
1488118777376284674
1488256473331552257
1488146952667631616
1488334739627192322
1488180578289876992
1488287003116711936
1488108423380365312
1488064656170094592
1488147778941325312
1488060910174408705
1488151600736604160
1488294307425443842
1488216197065998336
1488178387252576256
1488163552888164358
1488122291800408064
1488114921527472129
1488096904039002113
1488056309140258818
1487412874855084042
1488339045864579073
1488335604299763712
1488321344450490371
1488189155377303555
1488177824863178753
1488157774848868355
1488119093593251843
1488070062602801154
1488060941136715781
1488158342514024450
1488049710686687232
1488357158768898049
1488173624594890752
1488051431299219458
1488263164680540163
1488361086176747523
1488357657735929858
1488262994836738048
1488052131915448326
1488260073881149441
1488208179620368388
1488049911941582848
1488361404247977987
1488357047385337856
1488356267030564864
1488174625960128517
1488173472467456002
1488172779635503107
1488170598698078211
1488170109847834627
1488124468316995585
1488057374858690564
1488051672140042240
1488346461637017600
1488316246462386180
1488165292169568256
1488136366882193411
1488135195832492033
1488107402881024005
1488074696968998913
1488014389127290881
1488361910508535811
1488190110239956994
1488341438563696640
1488142718228389892
1488196285740253185
1488171845556011012
1488363858188468224
1488171383066558466
1488151487985635329
1488037587268694018
1488011152357408769
1488015240260325382
1488336050611126275
1488201170036281344
1488099841205227520
1488084972464267265
1488004829977128968
1488250292231708675
1488218787493068806
1488164150769455104
1488163381718618114
1488163183257088003
1488162174891528195
1488162007606267905
1488141923483516929
1488106476736372737
1488089281704779778
1488086027755343872
1488079521161281537
1488079513191731203
1488322525423890433
1488040455228952576
1488166183614713856
1488032488291463168
1488335389353934849
1488073621310373889
1488036966495326208
1488025829649285120
1488021738612944896
1488082730881409024
1488050527669608451
1488088867345678337
1488164132629397504
1488159405656793091
1488126319728680963
1488304421935419394
1488237325029105664
1488169269292503048
1488111596350357506
1488108537490608128
1488042943772786690
1488330716924448771
1488304231849234432
1488151991092060166
1488128981409099777
1488102231043821571
1488099109362073609
1488035537621426176
1488015069262745602
1488367512886849542
1488362810597732352
1488326272141115393
1488181187335974913
1488138351777816580
1488132316710928385
1488066560833236992
1488062247218053123
1488050439178571778
1488048386817531905
1488020175396151300
1488019328611991556
1488015071204691973
1488350730088239106
1488330421129846784
1488326269452578816
1488299655897432066
1488290486955610116
1488190489501511680
1488150432128319489
1488149600565301252
1488141281649836033
1488139145012985856
1488090788034535426
1488083571193835520
1488078704991297546
1488077888574214151
1488077253598924801
1488012252934381570
1488061482663223300
1488361805730959360
1488244006312202243
1488127086439002124
1488086373441896449
1488039020353388547
1488025702117294082
1488019678551101441
1488356905579782144
1488205161072033793
1488197146675335174
1488171107492708352
1488158993151569923
1488147307124379649
1488078128530747392
1488011544592281601
1488010984903962627
1488187676360855552
1488155368715075584
1488146839639494661
1488007518043635713
1488174525896265732
1488126776807419904
1488039190508228608
1488038353618759681
1488350056616841222
1488326171792187393
1488304785899933698
1488302767730880513
1488288419352485888
1488158951875092482
1488152360639627264
1488151774707924992
1488151540745764864
1488150916411043842
1488149623554605067
1488126051976843267
1488096968484134912
1488093196462612486
1488092337607610368
1488086723699822594
1488073523612758018
1488069853365874688
1488064150592888834
1488055787314638848
1488050127839260672
1488046002174980097
1488044785877327874
1488036077923618817
1488027183650340864
1488330673655988227
1488316664223789059
1488304948404449280
1488300841568067586
1488274409316302853
1488218751015153666
1488185893147996163
1488163471544188930
1488147310471045122
1488145920281636867
1488140431187918851
1488123712729919490
1488115036073922560
1488113894766047235
1488109146893283328
1488091088300965891
1488083294587555844
1488081887973482498
1488073002122366977
1488070560244715520
1488061748943163394
1488059856984883201
1488058892831522823
1488040731339939842
1488040306222465024
1488039256568524800
1488022825113767936
1488020376106184704
1488014349373358081
1488011660543492099
1488342404440928258
1488334307143815171
1488316720003502082
1488315392569196545
1488226837855862784
1488204593771200513
1488194507325591552
1488194101593792514
1488184921524867072
1488180914207158275
1488180877251133443
1488178542336749569
1488156140987121667
1488135493430947840
1488132225312825346
1488126380176908291
1488108536886624256
1488105944487653381
1488105692972339201
1488096124946698242
1488095401517678594
1488080011391209472
1488078327110062081
1488063019770949634
1488058225849434113
1488058111491395589
1488054268296716289
1488044432352251905
1488040303827185665
1488038732468916229
1488027758899109888
1488012240444092416
1488009220004151298
1488369384015863811
1488323722767261696
1488102711396495365
1488055305770442754
1488039696160722950
1488275835111223296
1488232904463650816
1488196765522493441
1488182702528364548
1488179326109765634
1488165909269127172
1488096842059558914
1488038595772694531
1488008898644611072
1488316736084803586
1488202077864345604
1488081450272714754
1488079121154412545
1488344532437671938
1488131144809734148
