1489437480864870404
1489433887537311746
1489433712630583300
1489430042291544066
1489416838660636672
1489416091503771649
1489413770984423425
1489403268077867012
1489400930638254084
1489391337858539521
1489388234061004800
1489387479455379457
1489375882753970179
1489375828475785220
1489290280968720386
1489267720604778496
1489261445187776514
1489260670227222529
1489256212898398210
1489256152378781696
1489247884428349440
1489234834681589761
1489221570501349377
1489212054892605441
1489210741467287558
1489204745030012931
1489201246527684608
1489192456486744069
1489183239457902592
1489182705665589250
1489181755772915712
1489168536320700417
1489168092223586308
1489167985931866113
1489156714611965953
1489143741382156292
1489138066413342722
1489136393343627264
1489136193459658752
1489135197551411202
1489134692213215238
1489126485050855424
1489123130740133892
1489122098773639170
1489120924041609216
1489115170215710721
1489108586626117635
1489103341221466113
1489099085994860547
1489088468638519299
1489448067707600896
1489444161434812417
1489442590030118913
1489439433531158528
1489437233371361280
1489436873105707010
1489425592348934145
1489425388300546054
1489424627684323331
1489422239569174529
1489420805687898119
1489417501557493766
1489414374959697922
1489414366906617858
1489410581052284936
1489410482889183233
1489408741351038976
1489406587261304832
1489404530475212803
1489400418925170690
1489397358530072577
1489395169971425281
1489395109229899776
1489390543125712896
1489384704562372611
1489380152715145218
1489375484622544896
1489369245876109318
1489369216176304131
1489367049650720768
1489339963057442816
1489293416848834561
1489283305426255872
1489278425663623168
1489270201581699072
1489265669216477187
1489241895028936710
1489240805051351043
1489239755670061058
1489237945815023617
1489237411670675457
1489233603619815426
1489226663388856324
1489226571281956865
1489224082688479235
1489217559438278658
1489213982615666689
1489201898955902981
1489201628976939008
1489196156684890112
1489187948150935552
1489180917835120641
1489178109689561096
1489177257688006657
1489176577619689472
1489170666712539138
1489170636345774084
1489169864002764800
1489166744749068289
1489165949953789952
1489153308694564864
1489143232415993857
1489135824520167426
1489135518789087232
1489133584694738948
1489133166526795779
1489132953800437761
1489126105093083140
1489115268114960384
1489113787726962688
1489112845769973760
1489096899957166080
1489094353088057344
1489093489560199170
1489089919339286529
1489089912897171457
1489089420565250050
1489089155024158721
1488888476351479808
1489211766160904195
1489448232207859715
1489445542090653696
1489417948104052737
1489414971553619969
1489391335291654147
1489391326244503552
1489267358677880833
1489260243066695680
1489253652900741121
1489219696364699648
1489216284055126019
1489210940226965506
1489204285825253384
1489178562423066626
1489171382735089671
1489170638992334850
1489166998432993282
1489155613019963397
1489155105463345153
1489153691722473472
1489148381033566208
1489135603564249092
1489128082510258176
1489088630689726467
1488705614356402178
1489434548530151424
1489448104248020994
1489443503834734598
1489440435764281345
1489413691099721731
1489413344255950849
1489413341646708739
1489407104750440452
1489399801020305411
1489389914395348994
1489389104148013056
1489283025464860672
1489242059869687808
1489237408973475852
1489227862943334402
1489222225647792128
1489222220618801155
1489222143657320468
1489207629172056065
1489207581868699648
1489203142122033153
1489202185389088768
1489197877406568453
1489193867500933121
1489190999876198407
1489188279262285824
1489180748875587586
1489180507967352836
1489178389210877955
1489177432292671489
1489177312755355650
1489172005148856322
1489165916621266951
1489165732613025795
1489161824473780225
1489157205559767041
1489155692066144259
1489155687401754628
1489154232343162883
1489153704758439937
1489150732087484417
1489150424682987520
1489148133120815105
1489147050717495296
1489139089010044928
1489133442432659456
1489133206993444864
1489128075694526468
1489125495497129984
1489125440488828929
1489124211109285890
1489122352483151874
1489117740871086081
1489116864139517953
1489116859882360833
1489114674150797316
1489110877248888832
1489110561283448839
1489098752451170310
1489094182182420485
1489093283611508742
1489092048162418690
1489089780478447616
1489448628724899841
1489444865931083776
1489443510650503169
1489436409287294976
1489434620172988417
1489433970508906498
1489432526573957120
1489430739305254912
1489426305577893889
1489420272545394690
1489416978448404480
1489415451717242882
1489410532797202432
1489400462109736960
1489400352520556549
1489397964217131008
1489397185058066432
1489394476179402754
1489392638008561665
1489382611416129537
1489380143466684416
1489379544234487808
1489377087656173568
1489376816645414914
1489374438520811520
1489369014945992704
1489367103635218435
1489366873456087042
1489364369108774912
1489356720703164416
1489297745844514817
1489294570504716292
1489264190745608193
1489262414092591118
1489261253201899521
1489260644088320000
1489253247462232070
1489253238876430362
1489252376301092866
1489243005941075968
1489241470171185153
1489237355458404357
1489235976790896646
1489235032044552193
1489230042152726529
1489228579837980680
1489223082505949187
1489220396297584644
1489220337757679630
1489219415241486342
1489217299253166082
1489215749785006080
1489215675164160008
1489212097724825601
1489211800482906114
1489207226468569089
1489204567397265417
1489200933976567808
1489195515514621952
1489194314295300096
1489191936820797442
1489190196671176706
1489190169617965061
1489190165880786946
1489188540651085826
1489185482072543233
1489183700088614912
1489183658544009219
1489178888815398912
1489176028258140164
1489174637086797830
1489171388770713600
1489159710095949827
1489159689900560384
1489159043776016386
1489157572581986305
1489157471008477185
1489153291040829442
1489153270404849668
1489151778520064002
1489151671427084289
1489150413400121347
1489149937195573250
1489148160328945665
1489147277432143873
1489146952100941826
1489144999912554502
1489144674388303873
1489142886499172353
1489141183863418880
1489138466332225536
1489135397863305219
1489133577560231938
1489131029659287553
1489129996127928320
1489129008205762561
1489128021856456704
1489127598081064960
1489127378207260678
1489127223609421826
1489127179564855297
1489127010244829189
1489126392339959816
1489125106496401410
1489124608984825857
1489124488755445761
1489121511482953732
1489120835080097793
1489119968705019904
1489119661870309379
1489119167144140800
1489118725139693569
1489117599635890177
1489117267887460356
1489116857495740418
1489116209626845194
1489116088319475719
1489114487072653312
1489113729027678209
1489113584739430400
1489111748812554246
1489110201915817986
1489109205973815297
1489107175129907200
1489107165184811012
1489103655722958849
1489103615054987264
1489103482686943233
1489440914108207105
1489373901360865281
1489167095145271297
1489122220459061248
1489098710080692224
1489440344525529091
1489439843608260614
1489439744844972042
1489437624578473984
1489437447813357571
1489436162812907520
1489435822554497024
1489434638598610944
1489432610086350849
1489432457363410947
1489432206132985857
1489431813705519106
1489427904593563649
1489423652106170369
1489423414733406208
1489421743034830849
1489421724214984705
1489421428986462210
1489419827840045056
1489418785106718721
1489418490398199813
1489418410605703175
1489418001581592578
1489416951088566273
1489414699167121409
1489414452474945536
1489413820519153664
1489413338622619649
1489409787305799680
1489406051569238016
1489403163459395585
1489403013240606722
1489397387517128704
1489394872109133824
1489391524689244162
1489388503410507777
1489385716371308545
1489385652500459520
1489381942605025283
1489373493053788161
1489362766762635264
1489333768477241344
1489326132524888064
1489322850922033152
1489321727834263552
1489315231947890697
1489301014448521217
1489300132445433856
1489294987762466817
1489284526551748609
1489280467656331264
1489275386848374788
1489268120866865156
1489263521640882179
1489260121293455362
1489257380600680449
1489255416676909056
1489253240659087376
1489251236398637056
1489248894274138112
1489248303145713666
1489247308638142465
1489247094191779841
1489243057963024385
1489242901817311235
1489242699886886913
1489241565591912452
1489240440482119681
1489239380778942464
1489238528987115520
1489238054397218820
1489237312793759745
1489230149295869953
1489227916345249793
1489222861785305090
1489221163867725825
1489218177464557568
1489217343636971525
1489216766610141189
1489208451846709251
1489206476992565248
1489205439392727040
1489198415695458305
1489198385684905984
1489197997900460036
1489197374815694851
1489193631055552514
1489192983589056518
1489190454809686016
1489190167814369280
1489189950285565954
1489188191575810051
1489185069499486210
1489179489091620865
1489177828864454656
1489175965531926528
1489165549523202049
1489165180223164417
1489160772731035654
1489158537729409025
1489154132271194118
1489150776479862795
1489150389878689797
1489149087136251904
1489148480337551362
1489147436719566850
1489147057155760129
1489138389097988098
1489134924729044996
1489128630768717826
1489127942706057217
1489126643721707520
1489125402249289731
1489124566777487361
1489120999190581249
1489120251614617603
1489117654061563905
1489447602345361411
1489447137431912448
1489446451990220800
1489446376761036803
1489446094014943242
1489445503595008000
1489445389686419462
1489443565029625859
1489442978058076160
1489442493896990723
1489442319203913728
1489441343751753730
1489441293923393536
1489440692531503104
1489438428668530691
1489437331098529792
1489437320851824641
1489436415968825348
1489426603641753601
1489426425362874371
1489426286280060928
1489423474015698944
1489423291945484288
1489422985391841283
1489422357190131716
1489422009247633411
1489421125004427265
1489420682236678150
1489420585927000065
1489418728119103489
1489418543360012288
1489416221137436672
1489416105617723396
1489415939187933186
1489415378380144640
1489414231669686272
1489414223616626688
1489414089419882497
1489408887786598400
1489407261714059264
1489407006448709632
1489406154912395269
1489404852224491520
1489403438790152195
1489401714558238721
1489398813483671557
1489398670290161664
1489394466767380482
1489393037448941568
1489391780525064192
1489390548355977218
1489390546787319810
1489387987574333440
1489386532221816833
1489382204233105408
1489382024737693701
1489374402642804736
1489362570729631747
1489343066192236549
1489328727171354624
1489322327871533058
1489321313949073408
1489298296862822400
1489295214267174912
1489290785438978049
1489288202599149570
1489288089671712768
1489284648090087424
1489283714744197120
1489278112001323014
1489274734366031873
1489273714424221696
1489272931213783040
1489272397081776128
1489266149678526465
1489265650220814339
1489263977997631492
1489263667115749376
1489263099597127680
1489262236757798912
1489259418352979973
1489253655195037698
1489252561509314560
1489251895323422720
1489248568976105477
1489247692823826433
1489246255616196609
1489242360504586243
1489242038390300676
1489241429776150530
1489237235195019269
1489234670709403650
1489231116271644672
1489230275695448069
1489230153805107200
1489229850452041728
1489229668285042689
1489229357629710337
1489229349249499141
1489229090922315778
1489228845035421697
1489228676848037893
1489228435348246529
1489445203199291397
1489444920515436548
1489444865469337606
1489439124595818497
1489432790466641926
1489432161191010306
1489428919581233153
1489426975894691843
1489423634959503366
1489420007281160193
1489409404814635010
1489395998300733440
1489393486634053634
1489388509454823424
1489321289714180101
1489306527718866945
1489282766021685248
1489263117280636931
1489249274584268803
1489234540615061504
1489232636639793154
1489229598101770240
1489218765074010113
1489212923461668866
1489208231901941760
1489195374611148803
1489161561465708550
1489149451046305794
1489141941262422019
1489138706254479364
1489138032686948352
1489134354077224961
1489133502922563592
1489130457144782848
1489127395630063623
1489124391309160450
1489122112329584640
1489120241775177730
1489120138784022529
1489119952011657216
1489114568890597378
1489110268923678724
1489099884729081857
1489093487882502144
1489090662981013507
1489189853363580931
1489110549640073220
1489106427251609603
1489104949271150593
1489433067769188352
1489421557164576768
1489419618254917632
1489405788192124928
1489289649260744705
1489265111739285505
1489257922206994438
1489232880601804802
1489232052268728320
1489219329375674368
1489201912268595200
1489167686823145472
1487013261002244097
1489448630595383296
1489442526428037120
1489438665554423808
1489433544258727939
1489423766727708674
1489423111770742785
1489421202611335169
1489415857977499648
1489415176411807744
1489413379899158528
1489410540191420416
1489409695928311809
1489402278461120516
1489395307893133314
1489391533292163072
1489391435183169537
1489388241992052736
1489295026274258947
1489269225386508288
1489244063077629953
1489192147416862723
1489175906094485504
1489172727214706692
1489157041696518145
1489153949248913409
1489148160240877569
1489146869330886660
1489146866961088512
1489144735046328321
1489127776112168965
1489127520599363584
1489123070602543104
1489122141165752322
1489110019820101632
1489110018322726915
1489110016032669698
1489099573708558336
1489094434851487750
1489090916803440642
1489089783515156486
1489087759545368578
1489087681284153346
1489219914208792579
1489177833683701763
1489119918406574086
1489218758010826752
1489247329773580289
1489217079752347651
1489129662584606723
1489271555557556224
1489219479108472834
1489146707430367235
1489091576613670914
1489091196949450755
1489448631803408384
1489439164659470341
1489424650924793857
1489248517445283847
1489245850924875777
1489208366584844290
1489191605428842496
1489185513667923969
1489149184024268801
1489117676735991809
1489093469897314305
1489431320455376898
1489196421480091648
1489151182106857473
1489090555007373316
1489435949478334464
1489426478093594624
1489403271634558976
1489292154354946048
1489247611815350272
1489146146446778370
1489139308833345537
1489104173501382657
1489446610471817218
1489413076117979142
1489389241075306496
1489255894307450881
1489238171317538821
1489220627433091073
1489162288850673667
1489153236275986432
1489148331699830784
1489123644131270656
1489093452063072263
1489090608945774592
1489432106489233409
1489257107496980483
1489203799554240512
1489193270747942913
1489179094390489096
1489147970712834053
1489437955819073542
1489372509883764736
1489442123112132611
1489130685306589184
1489095773027328002
1489218513428676612
1489234991322378242
1489198489410027521
1489197500078518275
1489171312312422404
1489130798707920897
1489095382118191108
1489120274238754816
1489439083600683013
1489413635919454210
1489269368718385152
1489236958287400960
1489236842453291009
1489236340671913984
1489236016771002371
1489235205491937285
1489196819141697536
1489151708496207872
1489267134832152580
1489261742857527300
1489235766643662850
1489235203898081282
1489234957658898435
1489233799217295360
1489136780716621826
1489090982364672001
1489090705418973190
1489269368118644744
1489144078931398656
1489100198475448324
1489150914380271623
1489445342135599104
1489444863255126018
1489095782603292673
1489448110887559168
1489438195796561920
1489148305409929221
1489446695163535361
1489438371973763072
1489256131705081857
1489200720725176322
1489191368211648518
1489187168027570178
1489187160070983680
1489187156090580994
1489184201987420160
1489173747928301568
1489171119554711553
1489169210475311106
1489099924104880129
1489362932094103552
1489262975076630543
1489195758398033920
1489443090012069888
1489240909598593028
1489193682599170048
1489186190926684162
1489152002815049730
1489138881760923658
1489138067763916802
1489132186200465409
1489130364279062528
1489366433993609220
1489365914508460034
1489298200439627777
1489259506123304961
1489237181755367426
1489229757887938568
1489135501093523457
1489234425212968962
1489228607713329156
1489227884267192320
1489225811739963393
1489194789337591808
1489130972612526080
1489247224488144900
1489242546161483776
1489242413499826176
1489237961510367239
1489236228142931971
1489234952881569795
1489187623390220291
1489184383667867651
1489151402811158528
1489138072696418304
1489124812283064320
1489106829846396929
1489101964340506625
1489220728381919232
1489146969599602688
1489095199687331840
1489164206125772802
1489451046648778755
1489248144785555463
1489222466069139456
1489192582663925763
1489168787781808133
1489166596606021634
1489208709255692294
1489157603246866433
1489111491089293315
1489100542630526980
1489096173612793857
1489150899146694659
1489445880839081986
1489409078132887552
1489159144275791877
1489158425820819461
1489155932516864000
1489155187096707075
1489150886857355268
1489150882960875520
1489150864367493122
1489147988706574338
1489135713853399042
1489449194196660227
1489152529384755200
1489135017271828480
1489118118299717635
1489116279042543617
1489244178379063300
1489240079776489472
1489222825299038217
1489217540190793728
1489154647919054848
1489150891944984577
1489147995971104768
1489258939170824192
1489108357344796674
1489423325122424835
1489373898340978691
1489256495032467456
1489108205133504512
1489142216081960960
1489373979647578113
1489114418373824513
1489423044561240064
1489397090447147008
1489259753348169731
1489259374069817348
1489259290150182913
1489258443827716096
1489258059084218370
1489108060421640192
1489433638634590212
1489403785696874496
1489373241265188865
1489251924256104454
1489225846304899079
1489200364540686336
1489192069092442113
1489162058461376514
1489135275464790021
1489131744049590272
1489119096356872193
1489106234603352065
1489101461287931904
1489323617221591042
1489224364986101760
1489102802630561797
1489420929545678850
1489117275500146688
1489216734217129986
1489218139837452290
1489452351992008706
1489416946076782594
1489406570895069186
1489297863934824451
1489166391299444737
1489104179495071746
1489448841619263491
1489422081347702788
1489420326169505796
1489416309540814848
1489410345915793409
1489301316362911746
1489287379395686401
1489169398522793994
1489143914191745026
1489092888726163457
1489407701993938944
1489405501943074816
1489349281429753856
1489291077215469568
1489226750358073344
1489203544440074240
1489180277582622727
1489173184339320833
1489165090599452672
1489140548447645696
1489136608763088897
1489381595329220609
1489136025037582339
1489255382375886849
1489403071444975617
1489238187117785090
1489405763554480129
1489144904895074306
1489120085423706112
1489439653392695297
1489426649594855426
1489183161041158144
1489436096392220677
1489223254388588549
1489162538994388993
1489444049564336129
1489227135462313988
1489201542284517381
1489105372942008325
1489424303708053506
1489254295271014402
1489420207559168000
1489402118633308160
1489335128300322816
1489241958165794823
1489210856403763206
1489156482117472261
1489146901786099714
1489137086519443456
1489115451867074564
1489115442857738243
1489113560533766144
1489446307705933828
1489430860806131712
1489415623063277569
1489400769866788864
1489388146177757185
1489263589244686340
1489258913555906566
1489242448975233024
1489236970513575945
1489222276679892993
1489210213995810816
1489182114805256194
1489148146869420032
1489128630210859008
1489125529429377025
1489106765941596163
1489410430837850116
1489398850041556993
1489398339871588358
1489379024665444352
1489313477286326272
1489303529600602117
1489244304098791424
1489244177372442630
1489221824692981764
1489196004981153792
1489194088620433408
1489190875892576257
1489153461719470082
1489149899232866307
1489147172176429059
1489145789066534912
1489400322963668992
1489311059018395649
1489263164176826372
1489412084148621312
1489225320985395201
1489217545039007755
1489194503697174528
1489147436631490562
1489097038939627527
1489431253317484544
1489427303729795074
1489404615938347010
1489289841192108033
1489237891410980866
1489224043744358407
1489140437827072000
1489118200100839424
1489116968619708419
1489114996428578822
1489112732175515650
1489111850037903364
1489110579323146246
1489405912305762304
1489402478710104064
1489293192977477632
1489206589777416193
1489169031378649088
1489153903090409478
1489451810809331712
1489448475536523266
1489445694435827713
1489442022188797952
1489434254685933568
1489433471659692033
1489433187801788416
1489432764113833985
1489419812271173633
1489408891381493760
1489397895933890560
1489277469160980482
1489268263406030849
1489243947159662592
1489243441288847361
1489241357361479680
1489209225121505283
1489178740496437248
1489173849875058690
1489172773075570690
1489172212343275522
1489171720032628739
1489171257782579200
1489169930784505856
1489164902430167042
1489160395994861571
1489159433318199297
1489155860916240384
1489151574182342657
1489150113130098689
1489147770019934208
1489133171170213888
1489129567327440896
1489129295876599810
1489158574919979017
1489450357139075072
1489448324704837634
1489409610306187265
1489408571552919557
1489386519454695425
1489362105199632384
1489300074782162950
1489293717139693569
1489266007331926021
1489263912659070976
1489256915372675073
1489255785670402049
1489255267325792272
1489245909669978116
1489239959911690244
1489238513916968960
1489227028553695232
1489213153405988867
1489203274691788805
1489203168391368706
1489202050877456384
1489183526226333700
1489170146719838208
1489165080801333248
1489162462209343488
1489153045405790211
1489147619423436800
1489104455538671619
1489456457900769280
1489443666238504960
1489384194279350274
1489283991211544579
1489264530433576962
1489263638787465218
1489259696837980163
1489246780600758278
1489224943103401991
1489220733901619205
1489215453369348101
1489215227329916929
1489207404814241792
1489186741298868226
1489181324707434496
1489178263486275587
1489158350990282755
1489153861801680898
1489153086610616321
1489136539242151937
1489131006112468993
1489120162485657606
1489101113261387778
1489095627107495939
1489095610040913924
1489095608157696003
1489453431492603910
1489418959057084422
1489320549734318080
1489287234960650245
1489268016630034438
1489264532736253959
1489225790646779904
1489200600810201088
1489190792619266049
1489145191059849216
1489451185434406915
1489161287754215425
1489201192026599427
1489201190009139200
1489201186745946115
1489191237672660992
