1491260386271641601
1491257657642319873
1491257607537172483
1491256654033453058
1491256594197532673
1491254571003707394
1491254569007185920
1491248256579682305
1491247254568464387
1491247121500352513
1491246173298237446
1491245910390624256
1491245668215963650
1491245210118291458
1491244716167667713
1491241942407352322
1491238438443831297
1491237456196550661
1491235137136197635
1491231123782782981
1491230512073285635
1491227993704124418
1491215367540457473
1491215363782381568
1491215232261402624
1491212851381702657
1491212186819383299
1491204384289865728
1491201724253896704
1491201496461242370
1491201408481513472
1491197383006638083
1491195523029946369
1491183580298739712
1491181920293556225
1491179402570645504
1491174715926679552
1491150870708375558
1491109783310860289
1491097938252406785
1491083592927449088
1491081523705303041
1491079539640139779
1491076499717632002
1491070538193997825
1491059879926444035
1491055812122640385
1491054845297840136
1491047492385148939
1491046267975536640
1491045356154781699
1491045161887240194
1491036027129315329
1491035733330907140
1491034886383099909
1491033933739601921
1491032022953132032
1491028944140656643
1491024748775886858
1491023882605989893
1491021687189831685
1491016597448052741
1491015205224329218
1491014099421241344
1491010378406711296
1491009638225293313
1491009579119177733
1491008596829618177
1491007744534810628
1491007447116709892
1491006818943860736
1491004517621669889
1491002957038780422
1490999611418636289
1490999145762799618
1490998519154765829
1490998295132774401
1490997062749810690
1490996747577196550
1490996397981966337
1490995453802184705
1490992529353080833
1490991585122611200
1490990911379341314
1490987625817473024
1490986099149516803
1490981235946135552
1490980520314159108
1490979354398330883
1490972067411668995
1490968238666436608
1490967696485527554
1490966581173972997
1490963635946258438
1490962969978892291
1490962202530127873
1490958601074012164
1490958561945731082
1490955509343854592
1490954490299973638
1490952933567234049
1490951623614803975
1490951460162801667
1490951375282651141
1490948573088796672
1490948520949727237
1490945841271431171
1490945273258209280
1490945186779656193
1490945033813454849
1490944952754667520
1490944906386280450
1490944699862904832
1490944588110270468
1490941565048557569
1490940083616235520
1490939000537894917
1490938850176569345
1490938733260152832
1490936879646056448
1490935203052670979
1490934998824030213
1490931915964448771
1490931124797075459
1490931121399676932
1490931118375596034
1490931108095328256
1490930831149330433
1490927491292143617
1490926721767702528
1490925582800273408
1490922213968547840
1490918861692358656
1490914532239482890
1490912296411222016
1490912193445249024
1490908948232544256
1490908387475095553
1490899709057466368
1490899029374296065
1490899005643149319
1491257641313906689
1491255919212363784
1491253906990837761
1491253450226958338
1491252598900469764
1491252036679221251
1491250246038736897
1491249902089031680
1491249205155090432
1491247749987463170
1491244925501198338
1491244916923838465
1491243005785022468
1491241165030834176
1491239361257799681
1491231240934297601
1491222868595658754
1491218346301616128
1491217656024027137
1491215041760481281
1491213178428174336
1491208203723763718
1491207189251620865
1491205650864812033
1491205617251647489
1491199202583805952
1491183358390542336
1491183337653817346
1491179497328152576
1491167972135563267
1491106752754253824
1491097769960157184
1491089777747464193
1491089121715974145
1491085762787299332
1491074967580155914
1491072303417131009
1491072288351191040
1491072283762331650
1491070848228532229
1491069130589765633
1491069059278188546
1491065358094311424
1491064266598019072
1491059549922496519
1491056188292988929
1491055640533372929
1491046642644303874
1491040816369963009
1491040157264674819
1491038936441176064
1491036788093247488
1491035306493104129
1491034233023967232
1491033882250321931
1491032836932968449
1491031354540134400
1491028899547201536
1491028797826953217
1491027322484686852
1491027320261718017
1491027317359255557
1491027311340453888
1491026596483895297
1491026477818822661
1491025251349954561
1491024759362326531
1491023015554863105
1491022581256056838
1491019375419490306
1491019113636167681
1491018620075638787
1491017809920499713
1491016286377508866
1491016041694044161
1491014098095853570
1491012992938672128
1491012684099506177
1491012564829888519
1491009553529458693
1491008909586448387
1491008296622628866
1491008273482665986
1491005329500303366
1491004698761248769
1491004019082334209
1491003176350515203
1490999808634802178
1490999509123534852
1490998220754862082
1490997541970018310
1490995720848961538
1490994703399268356
1490994396581761037
1490994394727874566
1490994391179476994
1490993098482405378
1490991924379275266
1490990381450018818
1490989978876538882
1490989634809393152
1490989025762889730
1490988222671110144
1490982600361779200
1490978947613351940
1490978721091952642
1490978710211629056
1490978686786408449
1490977219556286472
1490973459245338632
1490973062095073281
1490972889188749312
1490972069538168837
1490971846572838912
1490969488564846595
1490969216425807874
1490968472876384259
1490967692467081217
1490967153482563588
1490966811646607361
1490966282338201602
1490963114279333888
1490962704345223170
1490961156433154055
1490960727250980865
1490959671200522244
1490958674847678464
1490957676561727489
1490957609838563329
1490956917270843392
1490955822947610631
1490955532899078146
1490955527580680194
1490955055184297985
1490953407980777476
1490952746832662529
1490950176877719554
1490949926913646595
1490948857433247748
1490947641424822274
1490947535762247680
1490946270759841798
1490941696955330561
1490941662449008641
1490941121635454977
1490939703213924356
1491239259650813952
1491233429895393280
1491215309021519872
1491205825649848321
1491088962026614785
1491071822548594690
1491037884459077636
1490988837480370176
1490918476449558531
1490913902317604865
1490907064129835010
1491254539672256515
1491242396151316480
1491236962271113217
1491236631306993665
1491235894241935360
1491234513602572290
1491231878560505856
1491231107538644995
1491227866386034689
1491219416818020354
1491208148174229507
1491204642331451393
1491203947134341120
1491179111439831041
1491062525084901376
1491050747592863748
1491045755838431233
1491042774543892480
1491041903470854146
1491037882165137411
1491034081508794371
1491024590818394112
1491022520849350657
1491022513064669187
1491019391865344001
1491018203262504961
1491017652026101760
1491015037900967936
1491014280359313409
1491010626084548613
1491010489790648321
1491009923370872838
1491000263079268352
1490997758354128898
1490997342606008320
1490978119121272834
1490967541103349761
1490966305327153157
1490966246451736579
1490962756006473729
1490956865114882049
1490952040709001217
1490934565149765634
1490934456747978754
1490920941488336899
1490912633637453825
1490911561300398083
1490910922394968064
1490910795341111297
1490909385111261187
1490904672399355905
1491234143665065986
1491225677374566400
1491206804411678723
1491184331049484293
1491170040665751561
1491086976518606849
1491085735667318785
1491052270934724609
1491041893316440070
1491041314796085249
1491033876697067520
1491032715009085440
1491029526973153281
1491029447109083136
1491028855485657092
1491027945976377348
1491003888400359426
1490999584063033347
1490962847857135616
1490959287052427266
1490954042520276992
1490953893286912001
1490928227006644225
1490908943396515841
1490907414228762625
1490907157948035073
1490906613099941889
1490902959269769219
1490900550128308224
1490898432588156929
1491252871127470086
1491252200357904384
1491247695264378880
1491246356211838988
1491246346070016000
1491243624352591873
1491243062626234368
1491235754118619137
1491235744819875840
1491231132721250305
1491230734807613441
1491226815045992448
1491211656701292545
1491202153083707392
1491197373997289472
1491169624305856513
1491091425928572936
1491083681146241031
1491069961858842630
1491039182890074112
1491027292499644416
1491023671254986753
1491020146315390978
1491016751324463104
1491007470923227139
1491005565539356672
1491005084653989896
1491004091786731520
1491003056628322307
1490994934480248835
1490994587120594945
1490982838644391940
1490981952769638401
1490981849971236866
1490975553993973760
1490975527619809280
1490975126397272064
1490974891947950082
1490971446817918977
1490971289326321664
1490970989378904065
1490968974661926913
1490960548363894784
1490960497843523588
1490959557329240065
1490959092789440516
1490956954012770311
1490951577712087044
1490950406268399617
1490950337267924993
1490949468987949056
1490949277451165698
1490948433108094976
1490948146939449347
1490947512626466819
1490941454373437442
1490940967666528257
1490939199461240838
1490933599561871360
1490933585188032514
1490928754897866752
1490928610362146817
1490924396529459200
1490919140882006019
1490918616594022407
1490918287932215297
1490917508056035332
1490901649287970820
1490901479170871298
1491259316304629761
1491254986193268738
1491254340371488769
1491253854784323585
1491252810436202497
1491252286592790529
1491252284977987584
1491252282620809217
1491251848082505728
1491251590560628737
1491249704059158528
1491247417165225990
1491247145122697216
1491246204633890822
1491244808186527747
1491242783751163905
1491242341830897665
1491240576880345091
1491240172478152705
1491237367436693505
1491233459096133633
1491230978248896515
1491230418552901634
1491226688050831365
1491225680490942465
1491225130290511873
1491221112667394048
1491220683765862400
1491219153151459328
1491218699575246849
1491218386973454338
1491218103635951617
1491217774659911681
1491217727717244928
1491216575751671809
1491214951423578117
1491214905663713281
1491213887022452736
1491209557078851584
1491208363828715524
1491207325960802305
1491207039183630338
1491205365916397570
1491203190091825160
1491201841274974209
1491198214770663425
1491197526074335232
1491193701062045697
1491186768812855297
1491183229151637505
1491176912957624320
1491176856527458304
1491131016601542657
1491122052241432576
1491114105641791495
1491103479997558784
1491100021269630979
1491096214351544327
1491088680496566276
1491085884363776002
1491084445126111234
1491082447546896385
1491079420442181632
1491075681815773184
1491074903277195273
1491074821148778501
1491074058007752708
1491071603966636036
1491066972138016772
1491066397937799169
1491066171827060738
1491066043342950403
1491065081110876160
1491064308809474051
1491062999054188545
1491058248086343680
1491057509729116160
1491055335003783179
1491054891250290690
1491053452763754498
1491052782572683273
1491052425968758787
1491052209836294147
1491051977417302025
1491051811415166978
1491051752367738881
1491050541270859780
1491049834392227840
1491048098340433924
1491046156377653250
1491045743205163015
1491043347431313417
1491043226530496513
1491042884316905472
1491041727360430083
1491040955893686273
1491038940987805696
1491038547029401603
1491037886497517572
1491035863869841412
1491035611498938377
1491033884452012033
1491033734078136320
1491033492939223045
1491032954641924096
1491031956003639298
1491031358743130115
1491031356570161153
1491031352241983497
1491031111501508608
1491028133889572865
1491026869046882306
1491026126030143488
1491024550053957636
1491024459289235456
1491024456374165509
1491023673448603650
1491250137347543043
1491188213519884293
1491061530431229952
1491047785323720705
1491032811780079617
1491024635038937090
1491024241969426436
1491024008690626564
1491020128758411267
1491015638013575170
1491004621250510848
1491003974379786245
1491003270776590339
1490995207692713989
1490992575196454913
1490987305133166595
1490986691800485888
1490948064265134083
1490946340993470465
1491260338381402113
1491259315759763457
1491257666559410177
1491257629276241921
1491257583767736321
1491257543439847424
1491256537431810049
1491256381659561985
1491255675426844674
1491255292872753152
1491254343076814855
1491253700412981252
1491253204792889345
1491252755859935234
1491251555441704965
1491251020411723777
1491250243350200321
1491249885068156931
1491249258917294082
1491249225405169668
1491248065810157568
1491247917407289345
1491245995874988033
1491245668568289287
1491243116732588036
1491243057551151105
1491243040077651974
1491242792017805312
1491242602779508744
1491242300919681025
1491242223673184256
1491242046790971392
1491241677692227587
1491241235025399809
1491240263918174213
1491238069647060993
1491238021936877568
1491236028417724422
1491234544191946753
1491233841587290113
1491232060383854592
1491231578806448139
1491230989523521536
1491230861089738753
1491229317443231745
1491228139070291969
1491226962878427136
1491225982841528320
1491225514081923074
1491223612195741696
1491223251485609984
1491223162373406722
1491221212617666560
1491221046221217792
1491220221927247873
1491219908986028037
1491219663878901762
1491218180865687555
1491217292411441154
1491216396277403649
1491215885432127490
1491215318483873796
1491215142771896323
1491214739439251456
1491214365927878662
1491213890054950912
1491212465731825668
1491212087313702912
1491211460311400448
1491211440430403585
1491211228299280385
1491209669649760256
1491208612521594880
1491207403337306115
1491207401168850950
1491207397024489472
1491207394185342977
1491205526356893697
1491205202707423234
1491205166137495552
1491203792964296707
1491203087327178753
1491200918968479746
1491196570964197380
1491195976006385665
1491195148255973379
1491192424554975236
1491191095648473090
1491188238740242435
1491187615399563264
1491186302968283136
1491185381886537729
1491184124488732672
1491183649689325568
1491181142393131008
1491174930628907009
1491164561093042177
1491149659636924416
1491137515553648640
1491127389040312320
1491124644036112388
1491112950425604096
1491108407847567360
1491102379164704768
1491100677543972868
1491096769635418112
1491089552366510082
1491088387352428544
1491087441763368960
1491081751040790530
1491081077271973892
1491080759851241472
1491080118835769344
1491078255389986817
1491076813065703425
1491072305422028800
1491260590077235200
1491260149788733441
1491259953272668162
1491258012870508545
1491255458795233281
1491254792957865988
1491253660772225030
1491253286992711680
1491251253569269761
1491251011029463047
1491250961763155973
1491250501521797122
1491249059189125124
1491248670502957058
1491248289085530112
1491246640862490627
1491246609468125190
1491244924301643776
1491244920220565505
1491244721548972032
1491244711184834565
1491243781059919874
1491243483709190145
1491243306348855299
1491243277731119105
1491238181173280768
1491237465709244421
1491235562313109507
1491234786349764611
1491234143606292482
1491233892455825408
1491233372865445888
1491232277892059139
1491231646271832064
1491231643062784003
1491231317148958725
1491231063011913730
1491230834120364034
1491230804772790273
1491230760795525123
1491230726993629184
1491230722824491012
1491230421023363080
1491230415235223553
1491228996935163913
1491227865350029313
1491227843397038084
1491227775843594240
1491227720428441603
1491226912089604097
1491225937140228097
1491224284068417538
1491223866450264066
1491223602665979906
1491222642472402947
1491222464168599555
1491222461987561472
1491222456677564416
1491222358325342209
1491222272014622726
1491219043923075073
1491217100832374784
1491216323560751105
1491216167444553734
1491215246765469698
1491214810369118208
1491213758861316097
1491212586549125120
1491209657612140545
1491208102750081025
1491207497683968001
1491207138827710464
1491206969469792258
1491206613692456960
1491206358779449344
1491205914107744259
1491205545180921857
1491205263998984195
1491204814537396224
1491204285144645636
1491203944604848134
1491203041345044481
1491202856980193284
1491202759353380864
1491202749601624065
1491201544326610945
1491200726793854978
1491199438177845250
1491198890661806081
1491197992749387776
1491196735972339714
1491195459192651776
1491195251775934464
1491195064147931136
1491260314415165442
1491259295174119425
1491256522772721670
1491255880201142279
1491254572782088195
1491254565991497732
1491250874437730304
1491247818618531840
1491247637307457540
1491237355696844800
1491233156342882306
1491229998694690820
1491226852735983616
1491226593796112388
1491223316614758401
1491223166672601094
1491223164730634241
1491222424901550080
1491220535053004800
1491216894262931456
1491215951760879617
1491213805530988545
1491188187842359296
1491174696368611328
1491171639626993665
1491171079934849025
1491129859757985795
1491122952972431360
1491107084490149890
1491099390098145280
1491090243927166978
1491081028856807424
1491070490404089859
1491066055405744130
1491065529872035840
1491060901256261636
1491055206393872385
1491054479239573506
1491051413514125313
1491051315195420675
1491049766276321281
1491049296782770179
1491047305499209728
1491045253662461952
1491044066267910146
1491042181385428996
1491041483696504834
1491038792790454272
1491038652121903105
1491038321291960322
1491037523631493125
1491037521664352262
1491036201088077824
1491034119111086082
1491034100651618313
1491032733220745222
1491032279573213188
1491032278071652352
1491031505212444672
1491027771371319300
1491025246497144835
1491023516925186052
1491022012239970305
1491020118939168768
1491018978839433220
1491018447454883841
1491016870539198464
1491016453327552512
1491015855139803139
1491015500486557698
1491013592392810501
1491013491234414598
1491012072574185476
1491011604179468297
1491006600236388360
1491005399532662786
1491003988782698498
1491002996758806528
1491002942874288128
1491002221710180353
1490999970870489091
1490997189153333252
1490996686944354305
1490993814500442112
1490993594475618304
1490993389705175044
1490993231957753856
1490990010329350145
1490989555159547905
1490988731087880199
1490988653665226753
1490988376224571394
1490988018207170561
1490985461120376836
1490981955982467075
1490981657159290883
1490980623409762304
1490980617949167622
1490980312633192451
1490979614973259776
1490975939689578499
1490975024454373376
1490974943299117058
1490974650515353604
1490974500242206720
1490972876274802691
1490972863360237577
1490972400606842882
1490971354497425409
1490970983574142982
1490970933745520641
1490970899725819908
1490970019664384002
1490969955172433920
1490967452247011329
1490964291838963712
1490962987016146945
1490962775484809217
1490961940524376065
1490960987176181783
1490958714798743553
1490958045727244292
1490956858483707904
1490956508590329860
1490955122918445056
1490953476436033536
1490953290799976448
1490953261079461896
1490950663542800388
1490949939303616513
1491242500086202372
1491233730274693121
1491205598180163587
1491178005645107200
1491045823953915914
1491037834169696258
1490976900235546624
1490946351462780929
1490935486369910786
1490909352907386881
1490901647362772993
1491021317813850112
1490898983140872194
1491259686070681600
1491235886432157702
1491211794291236864
1491094822694043650
1491058391199797248
1491043946742824967
1491031076701368321
1491017829612949506
1491002519614812160
1490990577462087682
1490979109820071936
1490972072985907201
1490969755943006214
1490964338374754304
1490946535340658690
1490923125445652482
1490910725711163393
1491010225532719107
1490998027955634181
1490966800741584896
1491260375513600001
1491250743990693888
1491248594535469057
1491246297130622982
1491245481867059202
1491236065021415425
1491230738649595906
1491222459215138817
1491221832447705090
1491221586254639107
1491220771729186817
1491218387191885830
1491208133846663170
1491206618918551552
1491205662139101184
1491194010408747010
1491192838344028160
1491192620785229830
1491191565947383809
1491175864012505090
1491175318325178370
1491084729558659073
1491071597662584832
1491069385414381568
1491068636039348227
1491064355768913921
1491063006843015168
1491056634910576640
1491053484292345857
1491051719802769408
1491047382259175426
1491042482481934336
1491036315710025734
1491035490065448960
1491030521140617219
1491029292532527109
1491019373506871296
1491019091905478664
1491018863122980868
1491017367245127680
1491017279491899393
1491012846976921603
1491012538388996098
1491011826121048066
1491011573879832576
1491006427150045187
1491005589266128899
1491003181836296193
1491001638261522435
1490998474871296000
1490995548215975946
1490992277430632448
1490992082009587713
1490992018277171201
1490991743642513413
1490991659467026436
1490991330180632580
1490991068795793413
1490990554666389505
1490989192851058688
1490988120333901829
1490987251572277252
1490986547537055750
1490985891183357952
1490983743481339904
1490967155742949379
1490960737166323718
1490960709685252096
1490960708720537605
1490959642213908485
1490959140394774533
1490958811904942082
1490958269468516354
1490956954172227588
1490950748922068994
1490948902841098241
1490948159987916802
1490944242012672001
1490942825097162752
1490939555004162048
1490939320701964289
1490938979105255425
1490936556911476739
1490934391199219715
1490932636336144384
1490928382011400192
1490926972209225730
1490926685285339138
1490926172636520449
1490925031068942337
1490924300781899776
1490922094359871494
1490920238929825792
1490918521219719169
1490918445323812864
1490918295381307392
1490915970659254273
1490915688919498752
1490911217560752133
1490910092358995976
1490910088495714307
1490910082527539205
1490910078521597953
1490910023501123586
1490909606775648257
1490906452747493379
1491187007586189312
1491105253080854529
1491032499140853760
1491002035189477376
1490993684078563331
1490945005158268928
1490944003642376199
1490942001495175169
1490902893846663168
1490785347445219328
1490717028629757954
1490704533223215107
1490696810025095169
1490682451462877187
1490680509495922693
1490673517221715973
1490665154677460995
1490663192237772801
1490662689873760259
1490652939429421058
1490639776457715712
1490637417321463811
1490636788288811009
1490636103430582273
1490635466080948225
1490630568044023811
1490630054820204544
1490628908617633792
1490620447561756673
1490548348625240070
1490545796961677312
1490319229706706944
1490236973726179332
1490179381376872456
1490177166637551618
1489939435709878272
1489822285846351872
1491050756794814475
1490986317836013574
1491046090983936001
1491012596987998208
1491047577466204161
1490972393027735556
1490942713164107778
1491053982524923906
1491051519294128133
1491049831653126144
1491049136409382913
1490979172847480837
1490971722199154691
1490970928120938500
1490968940926754817
1490957116357898241
1490927553846341636
1490923808945221633
1490925184974737411
1491258781413838850
1491072552533635072
1491048337407025154
1491045123798437889
1491002845130211333
1490940283957092354
1490935877924966402
1491260209222025217
1491033643078148100
1490985022735937538
1490901086311698434
1490902018998747138
1491251703840382976
1491203477133234178
1491201929417936896
1491129453640314881
1491034738102276098
1491014807788548098
1490942684864806913
1491260868080062464
1491056918642987009
1491041588780232706
1491016971638702085
1490967393958768642
1490908438104522753
1491255296559247360
1491252058468798465
1491241505570590721
1491136036264902658
1491095782736674816
1491068960841748481
1491020672457273347
1490946075389476864
1490942724329336839
1490926144648249344
1490975156587884547
1490965733714849792
1490946265399857152
1491260859544666112
1491231700437069824
1491228688242790402
1491063514550927360
1491055670028009472
1491040733981122562
1491034596510941184
1491022859992702980
1490999873650315267
1490939523903397892
1490939260199141379
1490938863489269761
1490905663777931267
1491236490864914432
1491223607464570881
1491217825050284032
1491212225226620928
1491203537560571904
1491107949129142272
1491089684008960002
1491074403840688128
1491073433123581954
1491071822036897793
1491070175843856384
1491065285973258240
1491048632467947521
1491036240782958595
1491020536146632704
1491012458156523520
1491009916328644610
1491002210020311044
1490965747366916098
1490959674266439680
1490958010830647297
1490955778986971139
1490941288132546563
1490914073080655874
1490913339287175169
1490913067534028800
1490912126202150914
1491221491354304515
1491067728681402372
1491048475521597441
1491041190728572928
1491024553463926784
1491018653839806467
1490968070495490052
1490950679124647937
1490917651639861251
1490912369022672898
1491052991985897475
1491047266358263809
1490990273547354112
1490967399159693319
1490966755614724097
1490972630878687233
1491191353014947843
1491116167049912320
1491046429900800000
1490966893750284288
1490915724168028162
1491095560807354370
1490945425796644866
1491239699465502720
1491256655962841089
1491256654465503233
1491254973006770177
1491237690834288642
1491233378183483399
1491231476913819650
1491225461325582341
1491159092597243904
1491053701066543106
1491023858622603270
1491022251839266818
1491014852026171392
1490960835556278274
1490913870881640448
1490900998797561857
1491258998305476611
1491258581060288512
1491249866567479296
1491245639748894722
1491245374081626112
1491223839929356290
1491223822619787266
1491125456044986369
1491082959298101248
1491079941857083392
1491065715427737601
1491062029503049728
1491032219082969095
1491031885858086912
1491019751354933249
1491004941736951808
1490981786150924288
1490975301530120195
1490973107720695808
1490940422855610369
1490932498066337795
1490920414843125762
1490920405334654979
1490909692671172608
1490907221131423746
1490901262166290434
1490899760592863232
1491245042236747777
1491223274826924035
1491223080068595715
1491214039586045953
1491160529691643905
1491160528139751424
1491155633399537665
1491071673747279873
1491046862249664515
1491032054418780167
1490992408003485699
1490972764333051907
1490958875830661122
1490920395398348802
1490904061587369989
1490900511264227329
1491073937245368321
1491030473489158151
1490981036482002944
1490920397591949313
1491216303377756161
1491011813739470852
1491237106039275520
1490931833940615171
1490918147398205444
1491235397036556289
1490905343651893248
1490927145979645953
1491221890970845185
1491221540020822016
1490935058491838466
1491243463828213762
1491243433805357058
1491232338856275969
1491210654698844161
1491199552728174592
1491197442347667456
1491193457054203905
1491020231547899906
1490974725824483334
1490960299188690947
1490907233701724160
1491220620985913344
1491217550512115712
1491210255606624257
1491210196735066114
1491183810628960256
1491060654996094976
1491047558222778369
1491007320801017857
1490988715258253312
1490988705351626752
1490988695620521986
1490983897848762377
1490980714002907137
1490980241367769090
1490980121968545793
1490938389180215298
1490934412967813121
1491244618587185154
1491001401941835780
1490918856034230273
1491239794604908544
1491236767143723008
1491228393068974080
1491173054533488640
1490965873372192768
1491189549254717445
1491056522633306122
1491037935365672960
1490960320847704065
1490922202996170752
1491259320171909127
1491192648342044674
1491069844091195393
1490936399075635200
1491251718495309826
1491007415558754305
1491242748405764098
1490938263686696962
1490946262430281732
1491259118409388033
1491217917924753410
1491215913005498371
1491178313200844801
1491177267296632832
1490983524622422017
1490924926617866248
1491034242499121159
1491016242903515137
1491012419292102657
1491242830433783808
1491241215291179009
1491241207426543617
1491231567678943232
1491222145426653184
1491217687720394761
1491028113148751876
1490965828199944196
1490964704617177089
1490954155581534209
1490944688861315072
1490941774852161536
1490937669555462145
1490929083970375680
1490904977698885632
1491255073368059907
1491222654061518848
1491104819045560321
1491090709922779138
1491057590234918916
1491053285721411584
1491052329814347784
1491047806831792131
1491047423111999489
1491046708872359939
1491044298917220352
1491039659668893700
1491032806948208646
1491032139604787203
1491029475051843586
1491026552083017732
1491026226169151490
1491013740552388610
1490981083172962305
1490971778851958784
1490959606214164482
1490959128486768642
1490946025795686409
1490945654956658690
1490941782502551553
1490941660057923584
1490940904991256578
1490939558699044864
1490935931506810880
1490935373488615424
1490928887530160129
1490927044066439171
1490926463155306496
1490920828992733184
1490920233892454402
1490914482104635392
1490913279543164931
1490902452098727942
1491222655948963840
1491028025059999751
1491013931942674433
1490990156614365187
1491032142524325890
1490985807020457990
1490940271542288385
1490921719506542594
1490968849164177410
1490966522948292609
1491208459597262850
1491004237870137346
1490963058193485824
1491198179869851650
1491014893616922625
1490909737139204097
1491242378426220548
1491214084871966724
1491056205086994435
1490920161976938501
1491233390514917385
1491069788810264578
1490976490116108288
1490965263612743681
1490965239034044416
1490965230553235458
1490903534640177154
1491003498284326913
1491248933607473153
1491223438782263299
1491246539968516097
1491233413873172484
1491197195496062978
1491110726781771777
1491087105287589892
1491079328100401160
1491075691324280833
1491074610921893891
1491043027858890752
1491020838363344900
1490979096477974528
1490972982188994562
1490939534519201793
1490937109771087874
1490921671297212418
1490904759972556803
1490997747415392257
1491260818604044294
1491258319969075203
1491236534552772608
1491223503768793089
1491103655613038593
1491089380974669826
1491085466648870914
1491074202384093184
1491049141983940608
1491005287704428546
1491000125392846848
1490964017858621442
1490960816681922564
1490960245057028098
1491260901886140419
1491250544757063681
1491230335623110656
1491218393382666244
1491217050148421637
1491197186880978951
1491080889723670528
1491056690556698624
1491050402124812288
1491033547792019457
1491021788125745155
1490997938591395840
1490969960868610050
1490968815068274689
1490963769220276224
1490960318998196226
1490960250459017220
1490954975689998337
1490938029321900033
1490932053302718464
1490931601848815616
1490905221148516352
1491238826705969154
1491076095135055872
1491057789741178884
1491057285359038464
1491019474786721793
1491005243492278276
1490996070293598211
1491264507490217984
1491059258225741826
1490997676753575942
1490961576756940801
1490941158419496962
1491252025476399105
1491059462018592775
1490938492016533505
1491013466496573442
1491060340326481921
1491008909326565380
1491090820308815872
1491242455651721217
1491226007797641216
1490945050024767490
1491059818894807041
1491059051723378690
1491058558141857793
1491058143601651714
1491009115254325248
1491008762920185856
1490918464907001858
1491036744200105989
1491226293681094657
1491245586506346498
1491237260142182400
1491231919140634626
1491215462273024001
1491185254639747073
1491035407571570690
1491004100934508550
1491001698508488704
1490979057424801800
1490977411307282435
1490973790154608642
1490944269951340547
1490926718026059777
1490913439086092293
1490905934671278083
1491257709697859586
1491241259293368324
1491205553615675393
1491038393265913858
1491009686094901253
1490949387178098688
1490912966740381697
1491245384261582849
1491023164209795074
1490956418215649280
1490953672762990596
1490951211520237568
1490950470558679040
1490939152392933379
1491225461539872768
1491210725662289920
1491205168142368769
1491024430130397188
1491087636286828547
1490973947290357761
1491246060068810756
1491245881685049344
1491239524009385984
1491232168441696256
1491071073030311938
1491036491723972611
1491015247138013188
1491015108587261963
1490983523011874817
1490970280575254531
1490938129959698433
1490928055107284995
1490916970388389890
1491029477853663235
1491241899214372864
1491239619702439937
1491239560646643712
1491231864560189440
1491227244559495168
1491214191302410241
1491190704030494722
1491075354056077315
1491061436608827392
1491035462320128007
1491012296793268226
1491001954817896451
1490999380413136906
1490995575172390913
1490991463127482372
1490973790897016834
1490942115253161987
1490940543647772675
1490933812205088771
1490931024066670593
1490926801627279360
1490905768316469250
1491232379335475202
1491230226785107968
1491230211563978752
1491208354802601985
1491150260290400259
1491085161546784768
1491070266315001859
1491066714980765697
1491059544344399875
1491049709976580100
1491042958887768067
1491037840133672963
1491018941497413638
1491012471838044162
1490990622362472448
1490988540041506817
1490974217328021504
1490973490379620353
1490973221793185794
1490968473865887744
1490954903216291843
1490937531466399744
1490931172183973889
1490930018226434049
1490926377587318784
1490925800799240194
1490915594442805249
1490914623511724035
1491260824291516417
1491257958558498816
1491244812150128643
1491174867190034432
1491054649042149380
1491034563216556035
1491011105569017857
1491004449380528136
1490994225177333760
1490993012062965760
1490987831245737989
1490979188538765314
1490961433018134528
1490953107341443073
1490951874513883140
1490949371793670145
1490923472922738697
1491175530657611776
1490924434693435394
1491016032533708801
1491007494453284871
1490981212365934596
1490946852350734338
1491205073355288576
1491050392066551809
1491050377810432005
1491025131938140167
1491018459748384769
1490977725301293070
1491060199569821700
1491052107201658881
1490957196972101635
1490907790637875204
1491257831206825986
1491087603218935813
1490979416004243461
1490957536480358400
1490941123312771078
1491118228487438336
1491111798459998208
1491160193874690048
1491093299028905987
1491072924186742803
1491010945984102400
1490986457351491592
1490957492188499968
1491250687371771904
1491242935366881280
1491219748453068802
1491114600930344960
1491066455554928643
1491066135302721536
1491059062209126401
1490977480857251840
1490949690200059905
1490918111998279684
1490913084055384066
1491074247477047299
1491254385036644352
1491233153121677313
1491230094169632768
1491222447622090752
1491221378791800832
1491220273978171397
1491218827870617600
1491199675319611392
1491194300184801280
1491072759916797954
1491043308524564482
1491034057903579138
1491032678652870665
1491028141997162502
1491002125031141376
1491001002291757058
1490974770829328390
1490959349334044677
1490949437795241989
1490947020072566788
1490940187148693506
1490913168821932035
1491041389194342402
1491234684747259904
1491229089583169536
1491205587967016961
1491176359103991809
1491122813121740803
1491075378722455555
1491072255639834627
1491054024543850496
1491052944057581570
1491051191744094217
1491043152831995906
1491035730616807427
1491033006932656128
1491013313194459137
1491001802720178178
1490984822927667202
1490974552230629379
1490965440709140483
1490963730858852352
1490962420659294209
1490953454885687296
1490936449319190529
1490927765826125825
1490914982808403970
1490911177538682883
1490909362315231233
1490908706006994952
1490907181276930050
1491265414206488576
1491261756664352768
1491254485423104001
1491247181265014785
1491220068986159104
1491212932143026176
1491210306361892865
1491207122633519106
1491199940491886593
1491192613906817025
1491171842308329481
1491078739924762626
1491068978265214980
1491058543721877506
1491054886234255363
1491054289586130944
1491050206724460544
1491048658766155776
1491048406915043329
1491044909146537995
1491028888948199425
1491028620307234821
1491008908793892865
1491006075906134021
1490985743988432896
1490970070553870337
1490965929521717248
1490965879521042432
1490938411603341314
1490934425345196034
1490916871553810435
1490916868890447876
1490916865212022785
1490916861504258049
1490916855401558021
1490916851375013889
1490916847965077506
1490906587581792256
1491041903726690304
1491037682088411140
1491034982324015104
1491009131612106755
1490953403102810112
1490942841711116292
1490940842210574336
1490930491171958787
1491023401888018432
1490956937344684034
1490943510177992710
1490939770406522882
1490951282387206148
1491265116700311554
1491256387329871880
1491251742880964608
1491248479456591875
1491246973084893184
1491246971247788034
1491245602881302533
1491212768397369345
1491201323907547136
1491074501769318405
1491033576250671105
1491019216878997505
1491012015762337795
1491011934355062785
1490993169332580353
1490960578390552577
1490941468001062912
1490932941715013636
1490912590108950528
1490908369581867009
1491239470594932737
1491236451056775169
1491214670245822467
1491115850752880641
1491028042017574912
1491024955777359872
1491024091574595596
1491016079514411008
1490986919756726276
1490967154329780225
1490965577422491649
1490963365325201409
1490958915475247107
1490958002152620033
1490955143428583426
1490952926088482819
1490948945379348480
1490946698554019841
1490922841746731009
1490910853709058050
1490909815874686977
1490656654974754817
1491251002649251843
1491064263401947144
1491023562635116549
1490974431388192772
1490926868899713025
1491245922860548100
1491010941164847107
1490962529576976384
1491222353699020803
1491051623937839106
1491048345208426499
1490960363759685634
1491257346336899074
1491247477282213888
1491227150254755841
1491225162988982274
1491220096064589824
1491219510229028865
1491214373033242625
1491205087653695490
1491199046463098885
1491192778373885953
1491190901166993408
1491167368319746048
1491105167844179968
1491105165575069699
1491103656682622979
1491094866767790081
1491090106249510913
1491081494189998082
1491081032082530310
1491071173081579524
1491070828104253443
1491068402890260484
1491063919624224771
1491059086926184448
1491058511253753857
1491057363444723713
1491057019918647302
1491056740175351808
1491056584503734273
1491055939956645889
1491053121015283713
1491052128080523266
1491050439655104521
1491049309403750400
1491042733351260162
1491034870805856262
1491034447134674952
1491028511850917888
1491020988250996736
1491020148341620739
1491009914625757187
1491004952998989824
1490999357826813956
1490990142387257346
1490986467664941056
1490984862446415873
1490979794158485519
1490976809852506113
1490976035252600837
1490975219594719236
1490973387216547840
1490968449857646598
1490951997914509315
1490951492110479360
1490941227839094786
1490935234216353792
1490925359420035072
1490925181640282112
1490916526542958592
1490908468731015168
1491071852386844673
1491071799668666368
1490927530915688452
1491271727996813314
1491270487510765569
1491269958307020801
1491267720855572482
1491262484761944068
1491259214928691202
1491244100129267712
1491243444496629760
1491239873332015104
1491238777792000012
1491230816269402112
1491229789461823489
1491229171657617408
1491217618036215810
1491215864452231168
1491213985932529664
1491213960401801219
1491210791798067207
1491206561334964227
1491197521548701697
1491192375150280704
1491108880449159170
1491104170677800961
1491099151178043394
1491093280129695745
1491092441763807233
1491081142384361478
1491067819358040064
1491066141082816513
1491054957138612225
1491052983781830659
1491052801476431878
1491051484074561541
1491050665766174725
1491039239311880198
1491034837163343872
1491034228670484488
1491028564132917255
1491023571380207623
1491019693234487296
1491019400069414914
1491017497285324802
1491014021230706691
1491013912468557827
1491006737759215617
1491005769797763072
1491003973998120960
1491003118577860610
1490987036425469952
1490978729715449856
1490972179655462914
1490970356160827394
1490970273134571524
1490968820143788033
1490962463504093185
1490961769489403906
1490960648229965826
1490954428970840068
1490952602577940483
1490951558762094594
1490951513098756096
1490951476868694018
1490951359029727237
1490950546907623424
1490949754439991296
1490948011811344384
1490946636465729546
1490944037376856065
1490942995650465795
1490928511162322946
1490926702281003009
1490922863930781696
1490920668548169728
1490920062714519555
1490918118352654343
1490915828765949954
1490915254683185152
1490913372317286403
1490910826714177544
1490907921471131648
1491267904381534208
1491266050465603586
1491263670068088834
1491262211980873730
1491261939485638657
1491261380288454662
1491247534622519298
1491245598309187587
1491243394097582081
1491241717093527553
1491239529839497216
1491229667474702339
1491225793602912256
1491202199023919105
1491199372104990720
1491194224972566529
1491189913756532738
1491189488164667392
1491154020664475648
1491143170100723714
1491089015017467906
1491081176408535045
1491029216791785472
1491024703053791239
1491024490486468609
1491023915522859009
1491019626377281540
1491018759246688260
1491017521042161665
1491017226430083072
1491012505560580101
1491011176268197890
1491009780974223362
1491008214787563521
1491007970255474689
1491005846901641217
1490992298984808448
1490992191526748161
1490992068587814915
1490987076627533824
1490985831275773954
1490983830114959363
1490980780650254336
1490977724537573382
1490976877716320257
1490976283962253314
1490973014917144577
1490970153584324608
1490969007180357635
1490966025051197441
1490965749229588485
1490965544736276486
1490962835614367745
1490961251354103808
1490959422625312772
1490954459614101509
1490941684884307968
1490940956254023684
1490940155460734981
1490937120130678785
1490934279505088513
1490930825550266370
1490928942077087744
1490928433370927104
1490924428532002817
1490917767695912960
1490913269569454084
1490908725217206274
1491253338410975232
1491236950795513857
1491230693267230720
1491226237528055809
1491226103553622016
1491203392831918083
1491099580737662978
1491078310016991233
1491048450536132614
1491045956942700549
1491043885371785216
1491028693313269760
1491026958284914690
1491007274290417668
1491001495386734593
1490995205566529538
1490984288770494471
1490969743796305922
1490967480323379200
1490966164385988609
1490958716396802051
1490947366333018112
1490940560026517505
1490916870631071744
1490916479587733506
1490913102363181060
1490910436950409217
1491203012299489282
1491055504109752326
1491053944587444225
1491020358446903297
1490980159486595076
1491251019678121985
1491194028356177920
1491046931912880132
1491029866694975494
1491011326977605632
1490990008786128898
1490981766190223361
1490962709013495808
1490955001027788800
1490933381470687235
1491237845671231488
1491073822866702336
1491050580735049730
1490997728482332672
1490983926357463045
1490980839186137089
1490961830482952196
1490985270132756486
1491207154245959680
1490955488682713088
1491007525789237253
1491002090269061120
1491204290391822342
1491139494640500737
