1490896777595490304
1490894951663947778
1490894933473251328
1490894653084020736
1490894250099179521
1490893203998130178
1490890781934374914
1490886233928908800
1490885065941090307
1490883289204277252
1490882167861542913
1490880664408715265
1490879111300259840
1490873892491042824
1490872925830131712
1490872867533516804
1490872610070364160
1490871834786828289
1490871479369879552
1490870836844457986
1490869884452225024
1490868959629176832
1490867836746866691
1490865322932707328
1490863191840407552
1490862979235315713
1490862433761579010
1490860322885799940
1490860298374610945
1490859148288094210
1490857013298884609
1490855654562865152
1490853719306825731
1490852873948831744
1490852101354041345
1490848013744766976
1490847715072552961
1490847513837854725
1490839193475756032
1490838425679048704
1490837781626736642
1490834681830711297
1490834637060718592
1490834178526834688
1490832038366412801
1490832032062402561
1490829863917596673
1490829514393669632
1490829089556791299
1490828664526995456
1490821282350665729
1490820628630622210
1490817259425898499
1490756864413290497
1490748111949422594
1490742706053664769
1490728254638067717
1490728250846646272
1490728247965151232
1490725517292564480
1490724383421534209
1490721989161779200
1490712765673385986
1490710987997351936
1490706607269117952
1490705076066795522
1490702477590609920
1490701896637636608
1490693253154308102
1490687901231120390
1490683401581768704
1490683174166605826
1490680418345295876
1490675202409189377
1490673684821856257
1490669931666735104
1490668665326297088
1490668611781812227
1490668537270075394
1490667083126145025
1490665732342190085
1490663872356773890
1490661960542666754
1490661374082621442
1490659633790582792
1490659537929392128
1490658096930508804
1490657116662550531
1490655602015891457
1490654050849034240
1490653972038053888
1490650840767467521
1490649457779638274
1490646550178979843
1490645839995310082
1490645513821044736
1490645320224894984
1490643396410900480
1490640947192860673
1490640871091744771
1490639793314623493
1490638938914099200
1490638903958654982
1490638795615588352
1490637724298014721
1490637557805162497
1490635917182210054
1490635650739372034
1490634578708484096
1490631649457217536
1490630798663630848
1490629690419077123
1490629377935036416
1490628214229987328
1490627454008201218
1490624982224760832
1490624729295687681
1490623002094215168
1490622934099980288
1490622678302326787
1490622556398764037
1490622360872910848
1490622356523749381
1490622322369200128
1490622246615977984
1490622181344411648
1490622017099341831
1490621741621678081
1490621207498027008
1490620708032249857
1490620399369228290
1490620123828604930
1490619321957367812
1490619109310345219
1490618910886211584
1490618635161055235
1490618397381763072
1490618282834993155
1490617830165086210
1490615410420420616
1490608456390217729
1490607308585402372
1490604855940972548
1490600993897455616
1490600484574425089
1490600137466515456
1490599964694573059
1490599214069342208
1490596189561053186
1490595309877338116
1490618607453503497
1490896839822147584
1490894944055136260
1490893089325871109
1490892506393096193
1490890630645653506
1490883376785797129
1490883368518438913
1490882930218250243
1490874724582572033
1490871755409395715
1490866539071160320
1490854471139999746
1490854014195404803
1490853674897518593
1490853038428684288
1490852616447877121
1490852602900189188
1490846576465825793
1490843336705740800
1490841503308328963
1490838328890978308
1490832269535170562
1490831220271304704
1490818438285389829
1490818419264045061
1490782813590675459
1490741298894340100
1490727234738425857
1490717379789484035
1490714932601835520
1490713170587131904
1490710151657324550
1490709081841012737
1490697934479847424
1490697721669644290
1490694995501715457
1490692447596613634
1490692050227847172
1490691092106608643
1490689662431596551
1490687512519790593
1490687510577844224
1490683620033703937
1490680257938362372
1490673972421476352
1490673806913851394
1490672842945732608
1490667713102061568
1490662360725753857
1490658574078398464
1490657231653654530
1490656586859048963
1490655856526241792
1490653453865029633
1490652121082916869
1490651823950413832
1490651365625892865
1490650770131329028
1490649774382792706
1490649193744011265
1490648162310455297
1490642559554580481
1490641392552628226
1490640318860914688
1490638334175367174
1490638075231293446
1490637802195005440
1490636030965284868
1490635683152678914
1490634270851100672
1490632000889552898
1490627683515973632
1490627608882860034
1490623922676506625
1490623219019452416
1490623042619199488
1490621219368222720
1490620987507101699
1490620159220129794
1490619787063402496
1490619102171648001
1490618352070320130
1490617444280324097
1490615332687740931
1490614632020856838
1490611938119733248
1490610797986578434
1490608001652510724
1490607999907659779
1490603106073444362
1490600994408779778
1490596662775267329
1490594567498104833
1490592617490694145
1490592189449134081
1490587906791985156
1490580967308009473
1490580790513913858
1490579369110114304
1490574097889169409
1490572488589254656
1490570307043999745
1490570123811627011
1490567188276977666
1490566926346899456
1490566224824049669
1490565357290999811
1490564926322077698
1490564521072918528
1490563177385717761
1490560067636445186
1490556275452612610
1490555225543163904
1490554063729029121
1490551708769918976
1490550942617329665
1490550628757938177
1490546752742559747
1490542857358573569
1490536808173637636
1490870050903175168
1490849032868339712
1490687630983450626
1490681215518654469
1490678916033695750
1490659169908641796
1490626757153550339
1490896229005684737
1490893758224760832
1490889440818253825
1490884683831574530
1490876183059505155
1490872500724862976
1490872286127476738
1490869368363708416
1490863532862173185
1490862403546140673
1490859348876492800
1490855949753786369
1490850709939441664
1490846903004975108
1490806800958234624
1490749750823755777
1490736507141107712
1490725225918390273
1490724996284841985
1490720667628572674
1490710390757814275
1490706764022808580
1490702000677289987
1490701504168161286
1490699110500155395
1490691255612821516
1490691131562409989
1490689733734764553
1490689161585901568
1490684817595244545
1490684295576702980
1490684070245777412
1490682265994956800
1490679963254931458
1490677602113454087
1490671197776117763
1490669276432601088
1490668493146308608
1490667647645937668
1490667561352310785
1490663800168927234
1490663135350431744
1490662195067494400
1490659419264552960
1490657581647667201
1490657354420867073
1490657066239037446
1490655090004602886
1490654110940495876
1490652411282993153
1490650550341627907
1490649461604765698
1490649183719948292
1490646502087467011
1490646191654453249
1490642791877451779
1490642348795383813
1490640046482866177
1490639292535693312
1490636841732620290
1490636088272384007
1490633400897896450
1490631972304998401
1490631511464296454
1490627165787856900
1490626958547623938
1490625950807064578
1490625628881645568
1490623621559390210
1490623339354034176
1490622342921601028
1490622314161270784
1490621593948590081
1490620059836088323
1490619966068236290
1490619731581485057
1490619594410962944
1490618781143486467
1490618085547864065
1490617196955193344
1490617097495334916
1490604767122706435
1490598796752941056
1490594400732266497
1490582849527095296
1490572168731627521
1490568183975407618
1490565145235320832
1490561022452637696
1490559943803830272
1490553796078243843
1490538651561836544
1490537035450372096
1490536627386535945
1490898289587539969
1490898179570626564
1490895494675333121
1490886749354348546
1490877863565742087
1490875734767792130
1490875370148864007
1490871546231259137
1490866993825648648
1490864777375399939
1490861322392670208
1490856973415374850
1490855236759855107
1490849592065552384
1490843507447283712
1490836658236706822
1490732132909658115
1490726380044435457
1490723350431207429
1490718835061637120
1490710681636982785
1490708184247386115
1490705364752691203
1490704971570216960
1490701587190140930
1490700543203115009
1490694596929933315
1490692250393018371
1490681102276907010
1490680429204353025
1490679878416760835
1490678686349410310
1490678117412655104
1490674141581639681
1490674037453774848
1490674018080686080
1490673334593679363
1490673240879943681
1490671708738441217
1490670492139008004
1490670290015502336
1490668736587583490
1490667076821786626
1490665841074917379
1490662368862302213
1490661827386445826
1490659738358812672
1490659510653915136
1490659014144712711
1490658018987417606
1490657946971242500
1490657785662431233
1490656714852823045
1490655270871056390
1490654895573463043
1490652141140443136
1490651153155166212
1490649127880994820
1490648226323890178
1490642529368559620
1490642412599128068
1490642344827564034
1490642060604436485
1490641698619531270
1490641477269340162
1490640835565658112
1490640390768447491
1490640389983727618
1490639934360719361
1490639809836351489
1490639705343332359
1490637688352882689
1490634802462326793
1490634788918947840
1490632367090057216
1490632354913988608
1490631688590073859
1490631494448328707
1490631426253144065
1490630311222587393
1490629655920996356
1490627407249690624
1490627353818857480
1490627228169760769
1490627213615837185
1490626721665613824
1490625174420529152
1490625106363940869
1490624591626387457
1490624236373032964
1490624207239090179
1490624174687416320
1490624109247545348
1490623931640074242
1490623575761764353
1490623115474669569
1490622566922596355
1490622503219507202
1490622358276558848
1490622172800245761
1490621485484240897
1490620381572759553
1490620363755372548
1490620341303255042
1490619953535356930
1490619915409059840
1490619864855179269
1490619338348367873
1490619252260630528
1490619069611245572
1490618869089992704
1490895081695748096
1490894430177738755
1490888726633136130
1490883202873176066
1490872780119699458
1490872625635405824
1490871755455406084
1490870534371831812
1490868644124917760
1490866861445050368
1490860492209811458
1490853690206474246
1490849902846373889
1490847692008095746
1490845658693070851
1490711495625547777
1490684655565443072
1490680108688248833
1490672642260877314
1490665560186626049
1490664878171820039
1490664154507718659
1490659150426435593
1490655440753283072
1490649800819105793
1490646352073682945
1490645613808996352
1490642099972505600
1490640736462639109
1490634288739786752
1490631810262306821
1490631588216176640
1490626474805972993
1490625862580187144
1490625644308303872
1490622724762312704
1490621985650397184
1490621904109334535
1490621738861817858
1490621156625641474
1490619869640880130
1490618621852209153
1490618384941076480
1490617812653862913
1490617534579888130
1490616829773217792
1490611325801836549
1490602249642340355
1490598093095845891
1490593743447429120
1490593004398149634
1490592117961342976
1490591702301622272
1490588620268634113
1490587437436964865
1490577435611795457
1490576864452423682
1490576042217525248
1490572338445766659
1490570821920002051
1490570244452413441
1490570148201529345
1490570020598185986
1490569824552243200
1490568820108689413
1490567174439960576
1490564577498570754
1490553534919880713
1490551195873988609
1490550752083079170
1490550576467578883
1490539501852106753
1490896874001567746
1490895983906983937
1490894989148442624
1490894979547697152
1490894501967122436
1490892520112689153
1490890665815076865
1490890194135838728
1490889255417040899
1490887475300282373
1490887073355956228
1490886232670633984
1490885858014408710
1490884440708743169
1490884054715363330
1490883672559730689
1490883577718128641
1490881165779423233
1490878692159291396
1490878280182145024
1490877366151057408
1490876551021592577
1490874354212634628
1490874108841988103
1490873223004983303
1490871057657790464
1490871052502958082
1490869326886309889
1490869093779800064
1490868275026472960
1490867553320988674
1490866214813696000
1490865135296335873
1490864513880854528
1490863002945736704
1490862685520805888
1490862090755911680
1490861182127046659
1490861125281673217
1490860278871113729
1490860123098849286
1490859996439277572
1490859962045976576
1490859522768109569
1490859370900770818
1490859233696677888
1490858372543184896
1490855018081419265
1490851192142200832
1490849795388633094
1490847156206727170
1490844381976625152
1490840779605962753
1490839867794010114
1490836118157160449
1490833577566556162
1490830680544411648
1490824907047174147
1490823358488866818
1490821191317487617
1490818810731200516
1490817002684166145
1490809577725902849
1490803422530256896
1490769340177678338
1490765700608126976
1490764919653814273
1490745426685104132
1490742706053603330
1490741225715945473
1490739714651230209
1490732129621544960
1490731219436580864
1490730811980922882
1490730388234248195
1490726028498456577
1490724391470379008
1490724383840608256
1490724229108879360
1490724020974931968
1490723975781093377
1490723896705777667
1490723278201454592
1490722474190721025
1490722190249000963
1490717253209591813
1490715271979728898
1490714006390439942
1490713036620922881
1490712633934487552
1490712012158291969
1490708759735599108
1490708002294603777
1490707601273028608
1490706944726024194
1490706917467234304
1490705788016336897
1490705407366492163
1490704930134720514
1490704723321946112
1490704319926403072
1490704281498157059
1490703930254245890
1490703638356185088
1490701475059671042
1490701106699468800
1490701000449019911
1490700980664823811
1490700622748078080
1490700074745098245
1490699738936922115
1490699661375840257
1490698507313119234
1490698276085002242
1490696384063819776
1490695405960830978
1490695097523998720
1490694676504248321
1490693584311709696
1490691767137882115
1490691079821139970
1490690118658969600
1490687798701363201
1490686166538264581
1490684348307320844
1490683603424284673
1490683002023981056
1490682865469775872
1490682294524604416
1490682228913086466
1490859132466851841
1490858429707010050
1490724097596157952
1490720719470092290
1490589046716133377
1490588820626362372
1490897309827096579
1490897271906795521
1490897110056972289
1490893257311924225
1490893111337570305
1490892331171876866
1490891479304511493
1490890520369201152
1490890229846523906
1490889648771457025
1490887212434886658
1490886907357974531
1490886531359592451
1490886330213335048
1490885883708731395
1490885735310069760
1490885637784092677
1490885229946359811
1490885193083027457
1490885180491694083
1490885082424692736
1490883272360206336
1490883002653880322
1490880920521678851
1490879638054539264
1490878948577886208
1490877896423985154
1490875628476047360
1490875336342781952
1490875182226939907
1490874594357432320
1490873816142475265
1490871398486581252
1490871143775219719
1490871138062602240
1490870828111740928
1490870641926422528
1490870535571795972
1490870378566385664
1490869848360235008
1490865067017252864
1490863858616975361
1490863731882196992
1490862354778755072
1490862247135956992
1490861898908123136
1490861542526521348
1490860868665745410
1490859970199703552
1490859044831375360
1490858436568834050
1490858208973365250
1490857371568328704
1490856780184064000
1490855647537414149
1490855614490484738
1490854947101245442
1490850559556919297
1490848036200742912
1490847543311626241
1490844404718141440
1490843915146383360
1490842118033920004
1490839568408809481
1490839381787439104
1490838857272950785
1490838587025543171
1490838156031426561
1490838103107387392
1490837332744110080
1490834945958645763
1490834469003141122
1490831592826503170
1490830090292252673
1490829474400997377
1490829151946739717
1490828053441777664
1490826759033745414
1490825721031573504
1490823378109755392
1490820812261060609
1490815567431094275
1490802364114440192
1490782482697883651
1490780186035757056
1490772221698052096
1490771760815296512
1490771204835217413
1490770954670133250
1490761836924641280
1490759563527991296
1490756895841259520
1490755762435805184
1490745744957251587
1490744946777030656
1490742656045322240
1490741684837048322
1490735325534060544
1490735283935260672
1490897452899049472
1490896295132684288
1490894259679281154
1490894198752514050
1490894057341554688
1490891944267902984
1490891712356818945
1490890977430880256
1490890899093860352
1490890538383716353
1490890449984258050
1490889534628036611
1490889391010881536
1490888677328887810
1490888113303867393
1490887953652289542
1490887376109191168
1490887315178553344
1490886101019807751
1490886056312332291
1490885870622109700
1490884105541619715
1490883267146313731
1490883257604329472
1490883216752123907
1490883048715735040
1490881534983024641
1490881475700748291
1490881454045548546
1490879309543731200
1490878737428410368
1490878399820173313
1490877806129025026
1490877767722086400
1490877025351249923
1490876719837822976
1490874943814639616
1490874257580371969
1490873818705166338
1490872567569477633
1490871451591016451
1490871391645691905
1490870985481867264
1490870594388500483
1490869899350376448
1490869841342787586
1490869533741322240
1490869339184328706
1490868252737949699
1490868058314838017
1490868037419155458
1490867670568566787
1490866788628058112
1490866722420961281
1490866381268537345
1490866052540297217
1490865441065291777
1490865227256438784
1490863672582758400
1490863491594743808
1490862958284468225
1490862950453633027
1490862104190263299
1490861638634770433
1490861596608184323
1490861550642827267
1490861043790143489
1490860500036452352
1490858986501206016
1490858679746568192
1490857027836735488
1490856667785084929
1490855226290896897
1490855030605320193
1490854275836112898
1490854098979422210
1490853172692529153
1490852985664151552
1490852548785610752
1490851756645183493
1490851237243195395
1490851050202427392
1490850407236530176
1490849754355748864
1490849629130625025
1490849538542039041
1490849499077816322
1490848588091785216
1490848483351605251
1490848254200025089
1490847115936817153
1490843105578434560
1490842658893602819
1490842001889443841
1490840139693629442
1490839355904372738
1490837795320983553
1490837487530680320
1490837467423178753
1490837385781051392
1490837239303053313
1490837210220085251
1490835435798638595
1490835192910540803
1490833547971932160
1490832023292116992
1490831573616238595
1490822063908884480
1490818845635846144
1490812959563857924
1490897590082502656
1490896803918938113
1490896333863288832
1490895163744735235
1490894200681877508
1490893895391387650
1490892195624218624
1490892102124724224
1490884905123082240
1490884752660135936
1490882910555361280
1490877040715001858
1490876774666088449
1490872937880371202
1490870100865732610
1490863540491612161
1490862164927991809
1490856696637685760
1490856647300108292
1490856148437966848
1490856079479427073
1490848638696042496
1490843948692439041
1490839954259611650
1490824054739443719
1490810068773662722
1490772309057339392
1490764633325858816
1490760655338491904
1490731386613145600
1490728312456769536
1490728245138190338
1490723173939441664
1490721393620623366
1490714172283232256
1490701384039407616
1490700118915698690
1490694702122766342
1490692443481980928
1490692062089736192
1490680170852024322
1490678137818025988
1490678097066496000
1490675733647486978
1490668752127422468
1490667890831654912
1490667385682280456
1490665670895616000
1490664541973217283
1490663874781417473
1490663480986587140
1490661122734968835
1490655112364445696
1490655108538847234
1490653610405146624
1490653336550637568
1490652437354586112
1490651507741818880
1490649957887791105
1490641372994576384
1490636251824746502
1490635893752795142
1490631334481756160
1490631309286584321
1490631079010910210
1490630809023565826
1490630331950501890
1490627207688982528
1490625161720397827
1490622998751383553
1490622997048475658
1490622504867864578
1490621740254253057
1490619973827702785
1490619131552403459
1490615889070542849
1490615839443144705
1490613979794018307
1490610534101757953
1490610481656070145
1490610397631565827
1490606917458169858
1490606826961833989
1490602012215414785
1490596774574456833
1490593439867494400
1490582458638958594
1490582214077460480
1490581553394913281
1490579400928411650
1490578880263974915
1490573159699222529
1490570199137157121
1490566990180028416
1490566235377246210
1490565876621271040
1490564143803695104
1490562907570319362
1490561168972591105
1490557683354988545
1490555847894011904
1490550637654085632
1490547995892658177
1490543442820169728
1490541525520248832
1490538649120751619
1490879979575734273
1490744745190387719
1490651767990026240
1490622142878457860
1490592092237996032
1490890013823111169
1490888329910714376
1490884951860215811
1490868330932359171
1490863778355122177
1490842673636605952
1490836760041246723
1490835535127932929
1490724482054770688
1490687396698279938
1490654751310385153
1490636846199898120
1490622041804140544
1490616486456483844
1490576999274131459
1490559907640545280
1490748089254113284
1490748080806764551
1490659192595972105
1490898210927357954
1490893787169579009
1490893303906471940
1490893164038668288
1490889189969530885
1490883093288427530
1490880863374295041
1490877932637601794
1490869697348521986
1490868679156047872
1490866116146696192
1490865271938043906
1490864215606898689
1490860172667154433
1490860067226525700
1490856655919083520
1490854898430541825
1490849454077149185
1490848644282519552
1490845399816368134
1490841556609163264
1490824588627898371
1490805519765757954
1490737982428483585
1490733135981645828
1490723658360262657
1490723452877107200
1490722472001376256
1490722338786004992
1490719051597107206
1490716399769366530
1490714245872623617
1490713333036728320
1490706605205508097
1490702552609931264
1490700886414282753
1490700177350356993
1490696504394547202
1490694736898043910
1490694281077555200
1490688403226361859
1490688239078092801
1490687853650530304
1490687316528009222
1490687050726916100
1490686672349978635
1490686445446901760
1490685678841384960
1490684209249325059
1490681493789626370
1490680394190303233
1490679935299887111
1490679842542845952
1490679837291606017
1490678926532050944
1490676126641188864
1490674729421721603
1490674402832560131
1490673925122330627
1490673487718928384
1490673461668184066
1490672080743919619
1490671580157857801
1490667976714256385
1490667623079878656
1490667283769081856
1490665777338400769
1490664912716460037
1490664562915360769
1490664320635916294
1490664136623239171
1490663351755894790
1490662004448985092
1490661902942633989
1490661124374941697
1490660756542865409
1490660714851229701
1490657851421106177
1490656843315949569
1490654331716386816
1490653802755944454
1490651842455478272
1490651545318440962
1490650695162290180
1490650369025847299
1490650289237491714
1490649776957788168
1490649541951254529
1490648966328832000
1490647671580741633
1490646435205099529
1490644815805317122
1490644615040757763
1490644582107062273
1490641995718709248
1490641871378411521
1490641843964747781
1490641539164520448
1490641533036478468
1490641108808118272
1490640290079973376
1490639693339185154
1490639658786910211
1490639429572055041
1490639280191934465
1490639266107383809
1490639244422881280
1490639112625291266
1490638427783524355
1490877138056060931
1490823320706506754
1490817791661776898
1490817208309936131
1490815314732351492
1490814818638458880
1490814114079272960
1490631464786214917
1490619510348746752
1490593828125904896
1488827044699914242
1488488001433137155
1487945112806051842
1490735421483061249
1490661172713955328
1490646347514478600
1490642289802170368
1490575063405400069
1490694951008489473
1490691287888007168
1490690529796886528
1490625820452605958
1490625397624819714
1490617139761278976
1490616200488898563
1490692270709870595
1490649662633644033
1490627418289487874
1490619691622354946
1490895812963962880
1490599364355833860
1490598556843274241
1490598240034881538
1490896113947217920
1490884094372495360
1490725737212805120
1490684357727510530
1490660447892115456
1490657314021339144
1490655429705146368
1490647182071926787
1490623215294885889
1490617801727700994
1490599094821474308
1490598819486380033
1490587292020330496
1490586081904848899
1490575468134760449
1490683732814041089
1490897755874545666
1490833183247462401
1490753710049284105
1490715219857121280
1490694484794875908
1490684468218060800
1490666804704063491
1490666430911565826
1490663697684992000
1490662262255734789
1490661672096534531
1490661669848387588
1490659594628042754
1490645011679293443
1490643343621066753
1490619606389559303
1490619329104445441
1490573745442164738
1490570629535264769
1490865838102282240
1490857775190396929
1490735753793523715
1490654373495521280
1490621108277575682
1490618979219812355
1490618038441283586
1490612910967914498
1490606346420768769
1490591805443694592
1490543098471931911
1490573537207537664
1490839045643333632
1490629431689641987
1490657718738329603
1490635804653223938
1490618760130023426
1490567642804994049
1490561315852910593
1490554886253019141
1490545645282729984
1490895694835892224
1490737936291475464
1490714907880624128
1490646030647701505
1490617441247846404
1490615456746508288
1490554677263421440
1490896523764191235
1490861820365926403
1490853995317178369
1490759641982435328
1490666602911571970
1490664914180272128
1490647849096257536
1490647464843509762
1490625981433794560
1490623122474926080
1490720773845106689
1490654888254083072
1490625414485929985
1490616820604096513
1490616535139901440
1490862874855886849
1490896058364624897
1490849888724451328
1490838089421316098
1490772354691379200
1490721103236321285
1490710969932455936
1490708714675838977
1490697147054198788
1490690055572111361
1490685236828864524
1490672862977732611
1490669842244210692
1490668707940827139
1490668609164955648
1490667194115837958
1490654012877672448
1490648544659017730
1490648197102202880
1490624895704727555
1490616762790191105
1490603042093236226
1490597761007628288
1490594133211516931
1490582670711341056
1490540593419669505
1490898518734958593
1490898332939878401
1490893653560029185
1490889142149865472
1490886901959520257
1490880779567910915
1490864557417725952
1490853658413522944
1490849026077384706
1490814798728105985
1490719514102681600
1490689104555634694
1490682093386362886
1490676345713557506
1490664268752355331
1490660435636682754
1490656070917767173
1490655992509767684
1490653590368571396
1490652462436401157
1490652386699870214
1490648157524758529
1490647468966436865
1490640964142395393
1490638059821756419
1490637256708616192
1490634495711604737
1490633590631067648
1490624139048022016
1490618550838382594
1490616774077071366
1490615224197873666
1490599707366019076
1490585698088284160
1490579693355307008
1490575654202781697
1490572241473445891
1490567921919459328
1490567642859520003
1490556715267665923
1490554724621307905
1490552344823558144
1490549699530530816
1490548621649281025
1490894844897554438
1490882370010247168
1490864663222910977
1490797330580537344
1490731985580740610
1490714887512739841
1490704990117457924
1490696953788702729
1490686590427201538
1490681285290835972
1490676873235660803
1490669815467757573
1490650150033068033
1490647994466992131
1490641254950248449
1490627391667929100
1490602402025639936
1490601168942161920
1490586421694205952
1490572875996471300
1489956474767896579
1490891411100614659
1490674399812329474
1490666861138092033
1490628046335873024
1490616902892539905
1490544241738940417
1490720299603881996
1490661627850821633
1490730679423758338
1490687032733347847
1490651528352665600
1490637322148188166
1490623490726064130
1490621665071407106
1490615791804305410
1490594051749728259
1490884231131766786
1490591540116402182
1490674891141844993
1490621463371522050
1490619819028221954
1490616685518229508
1490600939157598208
1490849173846953987
1490596421237542912
1490576701650530306
1490687016480083971
1490686287581351937
1490676235302703108
1490656858788761600
1490650825240109058
1490641314312253449
1490618914866270212
1490853160251842563
1490692573132128258
1490687539757596672
1490681819632599043
1490675136043057153
1490662733120892928
1490651404096065539
1490650909046571020
1490633254168195074
1490620132569190400
1490619240612700162
1490550095385088000
1490876004902277120
1490854988637097986
1490837148244738048
1490835966671478790
1490686401054404611
1490685569890136072
1490684220418625538
1490680228493938690
1490679772103409664
1490632444340441088
1490623483918774279
1490618422560198656
1490602940616216577
1490596054299209728
1490546631237783555
1490674796023390209
1490896714324082692
1490878742343741452
1490876712691052546
1490874859299414018
1490854987164839936
1490850846065950724
1490847746013614082
1490847419197652995
1490829669880713222
1490735388918386689
1490703032723525635
1490702334267047939
1490699526403129349
1490691921206935557
1490686163966857217
1490684438149173250
1490678411089432582
1490673153676570624
1490663496295452674
1490654235872010242
1490654134155943941
1490652613284483075
1490634306363944966
1490632288769814533
1490630224073334788
1490630193492287490
1490620406658912256
1490603986453352448
1490603247253352454
1490602645052006402
1490599963822555138
1490599427790483461
1490592401827962881
1490574834598035457
1490572808459415554
1490572387896553475
1490566963516833794
1490549957988057089
1490870973704581127
1490867825405472770
1490684376975577089
1490684312785928193
1490684244720775169
1490684175770591237
1490677976446664707
1490676508008271872
1490675290255020035
1490674889556398081
1490673676282646528
1490673316839170050
1490661522968031237
1490626437057228800
1490621601896755203
1490614537653227525
1490613908524060673
1490611161578246146
1490600490870374403
1490583344924721154
1490550722236403714
1490550358120091649
1490647380177584131
1490563235459715075
1490544480478384136
1490651521083592708
1490630970432573441
1490622251296718848
1490615733973258240
1490575838890184704
1490680689842585605
1490670797593407491
1490856117592739841
1490668878271156227
1490635175809597440
1490630069844594688
1490598719854571520
1490590063591567360
1490874047579979776
1490873007757467649
1490665838491635712
1490646834217242629
1490629694999625728
1490612020919422980
1490589640382095361
1490557622688583681
1490687730887835653
1490646995991547907
1490864599838904320
1490653423393333249
1490627341105922049
1490570921823719424
1490898688096763904
1490701841767616514
1490669086581604354
1490638323446022147
1490630555922092033
1490627051568910337
1490617853040803841
1490617849911869440
1490617828105687040
1490614035145900032
1490603608282308611
1490602945695850498
1490601241252012032
1490592817953259520
1490591076964442115
1490581251602128897
1490580001796005889
1490554566030413825
1490548183789096962
1490852086686547968
1490561742279086081
1490855964873953283
1490616599455604740
1490598969180758016
1490584580616699904
1490562016364621828
1490901858994761732
1490882523022299140
1490704525233369089
1490644687752998914
1490561988690575360
1490539885647695874
1490685936585547777
1490832538167701504
1490691186394546177
1490586448101142531
1490690376608657412
1490625697206857728
1490867725853691904
1490822995710930946
1490642141357670404
1490635192226422789
1490634640146665475
1490617786472669184
1490636449955287041
1490634357429915649
1490616834454093827
1490893822842130433
1490889055898267648
1490864686186647554
1490843757918310401
1490812721142460424
1490812238768214017
1490774774645071872
1490761813981790208
1490758224999763968
1490723048580063232
1490706058691870730
1490646178387542018
1490628711028191232
1490619741794234376
1490604778123980804
1490604177168297987
1490583477108232196
1490580477387808771
1490599284672462849
1490581231280730113
1490888007016013827
1490874467199119362
1490849623400800257
1490836532999045121
1490769225849671680
1490735301915938816
1490735296354287620
1490735293854453763
1490735292021542914
1490735290062807052
1490735288175382530
1490666734336225280
1490664772890939395
1490661122646544386
1490654331585982464
1490636779044556801
1490625456738951169
1490620525928157186
1490902012548227073
1490854443042050052
1490853046578216960
1490735300124938241
1490705587159826432
1490705294489694208
1490692282969821185
1490690915194662915
1490690413237514241
1490690015458111490
1490685219522768898
1490684815519399936
1490674432901545986
1490668231589175300
1490667351318032386
1490667281487052801
1490633564571852804
1490628065143132164
1490625876517847042
1490623992134512641
1490620420021624834
1490618274891329536
1490616314255544321
1490596192606060545
1490595405247426561
1490586095372828672
1490583404458307586
1490582823237210120
1490581950121541632
1490581094638530569
1490578561153265665
1490575892237946883
1490573540306919430
1490563046800244736
1490562237156581377
1490588640044539904
1490573101318668288
1490552863067873281
1490841704806887434
1490763152266756096
1490660471892213765
1490865430524674051
1490572759029944322
1490748902232195072
1490669167950794752
1490628136878231553
1490606212756369411
1490587917541986308
1490896312253878273
1490860963759005696
1490831035583856641
1490609944227610624
1490609886941818880
1490846018271072256
1490708437747273730
1490622623654776836
1490617011445321728
1490897674211848192
1490846105084448769
1490688805065560067
1490654337818759169
1490619845221642241
1490597209699590144
1490575820372381696
1490545133078519808
1490542636146761732
1490542279794335744
1490892449837117442
1490659963714535427
1490618867462569984
1490617874561392642
1490890367180619784
1490674646412238848
1490624497921441792
1490622486337441792
1490879972717727748
1490634615891316736
1490597624533196802
1490902119817551878
1490895540401602561
1490884709886291969
1490883023965155332
1490854381893595142
1490843924575174656
1490808127091994626
1490689170347786244
1490641215707963396
1490635719043612672
1490633899776802816
1490619066834243587
1490615553702400003
1490597628400263174
1490588719312928770
1490588594922475521
1490575745303080966
1490543893636550656
1490871090851516421
1490702138988969985
1490629678100480001
1490878129606328324
1490878032009056260
1490845997207289856
1490843350203006976
1490725525807337472
1490723389597642752
1490703883471327233
1490695315061899265
1490694156515446785
1490643883310841861
1490641613705650176
1490633736417079297
1490620276601544705
1490619267649515524
1490605555429167106
1490588414185730048
1490580752479961092
1490579807155134464
1490566435273584641
1490560705652686848
1490553496604590084
1490882610549379072
1490866411786600448
1490855523193094146
1490700770207240195
1490665672589733889
1490649631188946945
1490638509958643712
1490620291088744450
1490619567122808837
1490610633553117185
1490598223710359552
1490597620678602753
1490589130858053637
1490870089557504001
1490664754121101313
1490664432766107651
1490612511917236228
1490604683031105542
1490549481695166468
1490620815938752513
1490570067914141700
1490901812651884544
1490901621853024263
1490707964604612610
1490901365346148354
1490900498370953217
1490708832259305473
1490707868345319426
1490899692351557643
1490854285340741634
1490559368055902215
1490901930767695872
1490899994542743553
1490899593504387073
1490856494707126273
1490709862434865153
1490709701574950915
1490708874885996545
1490708050923364352
1490707769728860162
1490707420943097856
1490707273978908674
1490897780801687562
1490883246615588866
1490853121853046784
1490846948290871296
1490822876492009472
1490696452620025857
1490672696056635393
1490671821003182083
1490641715920719874
1490632816001896449
1490631480988807168
1490627341650776065
1490611565686448128
1490581799411404808
1490576916784742400
1490576021837725696
1490550978646470657
1490876901719609344
1490695638996361216
1490591387683028992
1490898009726795778
1490897661578252289
1490695047800836096
1490681804919296003
1490644849132851200
1490632757139357697
1490625416637607937
1490620740139319296
1490583064648773632
1490894425589186563
1490697083187183616
1490681396851265538
1490681078876897284
1490679819272847362
1490658096468791299
1490654879983214597
1490629607477112835
1490628589401743362
1490846135665115138
1490842071959097346
1490841440628269056
1490897364605108225
1490897068294283266
1490896895488950272
1490886242581442564
1490879117041942531
1490856002794655744
1490844505037172737
1490842888317521924
1490840923487436800
1490832745807106050
1490741585482752001
1490700619170324480
1490698474257784849
1490697415648681985
1490685295628406784
1490682907220144131
1490672218304442369
1490667830060015617
1490663679784026116
1490650903376179201
1490647192838684675
1490639840550920192
1490639831378006016
1490591349405487104
1490589008744775680
1490576259117510658
1490575791234568195
1490557558876082180
1490555679861788682
1490555237731807232
1490555186838118400
1490884666844651522
1490883924150865924
1490883240177336322
1490877012306661378
1490875917509431296
1490848017444130817
1490825168000008193
1490736228441878528
1490734784875614215
1490702944097898496
1490695885453676544
1490675787737239556
1490670097111093250
1490657878323073029
1490655197143912448
1490652981867343872
1490652104687374338
1490650216890273797
1490650035687915524
1490649669462294528
1490647379883614208
1490643970627567617
1490633037222412290
1490623731592425478
1490620029288660996
1490619649188597760
1490617010501619714
1490603024225423362
1490601854597988353
1490600942630486029
1490600361073471488
1490596577873776642
1490589285036134403
1490578724437512193
1490569655261745153
1490547703809404930
1490547604329230337
1490546972381515787
1490543797977038850
1490854470669856769
1490828052699385859
1490794776773500929
1490750841489395714
1490733183750766600
1490702958656245760
1490702586521198597
1490686955532681224
1490672866488365059
1490672006018129921
1490670477072683015
1490667491156447232
1490662542540427265
1490647160412852228
1490645090506723329
1490633808286130179
1490632814609375232
1490632480428212225
1490605963555921924
1490592285037576192
1490582664105304064
1490581328815099905
1490581041551405058
1490579135294734336
1490578852401549314
1490553633309872132
1490727950211174402
1490707811814166528
1490615675647266816
1490549717201481728
1490891704320536578
1490868075008184320
1490747048509177858
1490686187019055104
1490645593697697794
1490623162769616896
1490621989106892803
1490887595664244736
1490700460562739203
1490652254806102019
1490696483397836804
1490676434092052488
1490832809669189637
1490903669013102592
1490899439988645888
1490879446869757952
1490836292422500352
1490832145761267717
1490742870944653312
1490716557580058627
1490709698236252160
1490696804207595524
1490671367884541956
1490904249878081545
1490900905843380224
1490836499671445504
1490815728991481857
1490710656185962500
1490708100084801537
1490685123070951425
1490673074089635841
1490661225453158400
1490637918355943424
1490634565303828481
1490606098696454145
1490575789800460289
1490552065529376768
1490902458109153281
1490727698494533633
1490719216001257473
1490707442661232641
1490674451742003201
1490652847356387329
1490637438556913668
1490610758153306116
1490608128596930560
1490700233122414594
1490905496999636992
1490902792105455620
1490740034000932865
1490682744212721669
1490674420418899968
1490669983860346886
1490657066020933634
1490618534983913474
1490616998669144064
1490883725910953984
1490879074864369664
1490847738530918400
1490761004392738818
1490717860590546945
1490704915353587713
1490702110542811139
1490682934692483079
1490676982115233792
1490669667735969792
1490652172136054784
1490629674317545473
1490549595167854592
1490901014026731522
1490879700931346436
1490679684878995459
1490678974590054404
1490657457802137600
1490650475376816131
1490644229852262400
1490629959311785988
1490876349971861505
1490678128754458625
1490640180415709190
1490632622477025282
1490625901976903684
1490624037004840966
1490619557060354050
1490619381218373632
1490619146953891842
1490616485714477060
1490696636397359107
1490550638920404996
1490905884049895424
1490903688017489920
1490903426947248131
1490900262701375489
1490897414597013506
1490895496717602818
1490895493773205505
1490876975342551040
1490872100625981442
1490860064911269889
1490859962469617668
1490852491889885184
1490847779849404416
1490820773044690944
1490816392077078528
1490688469894840324
1490677903109287939
1490666289446408195
1490665048163127296
1490654962766221313
1490650381671567362
1490618566537728002
1490616684318576640
1490616157770256387
1490616087394029568
1490601199196057601
1490580869257768963
1490577830564237312
1490577508533960705
1490576831535542272
1490902976075997184
1490900694484008963
1490896983531212800
1490890069699620867
1490874626607837185
1490865454402859010
1490860998118764544
1490860010444066822
1490858127176388609
1490837709740724228
1490836098524004353
1490831322306478080
1490761300204421120
1490738944375279617
1490728572054798341
1490713084197060609
1490703904652152834
1490702221239283712
1490701923401748488
1490697713700466692
1490693307608928257
1490691012599365634
1490686823567605760
1490685385609203717
1490681532603715585
1490680556421795840
1490675414154444801
1490675298366791687
1490670281408483331
1490666973218611209
1490666400280870913
1490663659848093697
1490661222945267715
1490655791837188096
1490651794501816320
1490650215530917888
1490640515976798209
1490639984352952322
1490633450985984000
1490630946789330950
1490626774245715972
1490624025252360192
1490617820040040448
1490616966817939463
1490615894854275077
1490614877333110785
1490610702524248067
1490599420504965130
1490593414513295361
1490586832127807488
1490580529540116480
1490573076349685764
1490568709873696770
1490560946749669381
1490560238226837504
1490558111198760960
1490548836409876483
1490544865519673344
1490543648764665857
1490878185361182728
1490873240633614337
1490872780903968769
1490866149751689218
1490866147306405889
1490847428459008003
1490840813898637318
1490837823993556997
1490834589912231942
1490800302047776768
1490736114864250880
1490718771841216512
1490710368800612356
1490705602301280258
1490698677001748484
1490686168723525634
1490678062404743170
1490656477991686145
1490651637282525189
1490650025680011267
1490649137993613314
1490648435686780929
1490647868780146690
1490645690980401156
1490644447264055299
1490643884804014083
1490643185160564737
1490637872243695616
1490632054287249408
1490620363868307457
1490613119235727362
1490612455562944513
1490607101999480832
1490605517915316224
1490594656614236163
1490591107540914178
1490589652239384577
1490586831708065795
1490576709137362949
1490576220819386374
1490562409148289027
1490560375418650626
1490554182771769344
1490552497903398914
1490552425484226560
1490546498937196547
1490545558427422723
1490731683842523137
1490703871454625796
1490684988223746048
1490656599823687683
1490618337432584196
1490614560088522752
1490597801549770752
1490577132464275457
1490691267574910976
1490834244855205889
1490657518263353346
1490874553924415488
1490662149089202176
1490622068265652229
1490610226093248513
1490610017258840072
1490875361185628160
1490638908493012993
1490518748230733827
1490518121798860800
1490900608756621314
1490881826969116673
1490875342407741442
1490866504895954944
1490860281672929280
1490851622683312129
1490841915511619585
1490745426353745923
1490707387400916995
1490686817108361224
1490677350216114176
1490673041491169284
1490650100955291651
1490646861841338371
1490635146915360771
1490632531867480068
1490630137947496450
1490621260887314432
1490566907308945408
1490555593262006274
1490549407837605889
1490547895644602369
1490896392965222401
1490874159337209857
1490862538489462784
1490861371805736964
1490846138965975041
1490840139173892096
1490782972131569668
1490755983882215424
1490715656064749568
1490711752337543169
1490694712311021568
1490692307556790272
1490684482059268097
1490683534947676165
1490682111870713858
1490661279966834692
1490633023309881344
1490580814379511812
1490579589977894913
1490575754572476416
1490892794885713921
1490890999044112391
1490842305334775808
1490836693527969792
1490836166295568384
1490726856903241730
1490691079166836741
1490682096146608128
1490670551387443202
1490664236607225856
1490660908636708867
1490639913255337984
1490635902401409025
1490631417360912391
1490623592945446913
1490623307192090624
1490621871393415168
1490614015147798530
1490561590747287552
1490889061116313602
1490883722006384645
1490862974625787904
1490843844618768384
1490766028875304961
1490684141674762244
1490683065618038789
1490671969099915277
1490648900432056328
1490644241483067392
1490642893346062339
1490642195741032451
1490636854416543744
1490634215242616832
1490632542428753920
1490629895948423170
1490626472104525829
1490625546975211525
1490622337691320323
1490618694179102723
1490617080022179842
1490560966504812544
1490886653098946560
1490686548941152263
1490618571839397900
1490593705749008386
1490559624906678279
1490546591220273153
1490900490850209794
1490895144190578692
1490890793611104259
1490889328876482561
1490887719220051972
1490878973705736192
1490875015432081408
1490872350866571264
1490867184918089733
1490866829752897540
1490866779987783681
1490866614446989312
1490866611594870785
1490852541264846852
1490852208966975489
1490839266486009857
1490838807398461441
1490836568441225217
1490829997078056963
1490819436051193857
1490733011159359489
1490732472354865152
1490725946155962370
1490703835358449664
1490702209234833412
1490700692168011777
1490699123972251650
1490698202001321984
1490696629305090049
1490689180422184963
1490682879072178176
1490681389565755393
1490679776314806272
1490677645675474952
1490677603870851075
1490677488061919232
1490660840496070657
1490660007985422342
1490659116481921028
1490658418431954948
1490655465499664385
1490652187005194241
1490651693268488193
1490650726535954439
1490649051947155460
1490648529584672769
1490647814141267970
1490643201572872194
1490640442656169986
1490637490386251779
1490637274677407744
1490634092781531136
1490630173141598212
1490629355583655940
1490622470134517764
1490620448593252352
1490620394847440896
1490616544636080130
1490616230914686976
1490611733484150785
1490608986256670720
1490594457238253569
1490593005291859968
1490585978871767052
1490582045419999232
1490576967019958275
1490568624641540096
1490566222211346433
1490561461307187200
1490558963687256064
1490556784112975872
1490556010507153409
1490826967947812864
1490652654489391107
1490905646874894344
1490905351268737026
1490904513494286338
1490904392798978048
1490902611046076416
1490902427440402434
1490899841660387328
1490892590199107585
1490886728840019968
1490882553800445952
1490882516840239108
1490881853095485443
1490881656236158976
1490875499140513795
1490875264183967747
1490873813789474817
1490869581640265729
1490864262361010178
1490863945527468033
1490862707599638528
1490861129606000641
1490860946926944257
1490849973394866176
1490844366021459968
1490841346739142657
1490835933679079424
1490835100946542592
1490833929967845377
1490830208097988609
1490825436573536259
1490824799689768961
1490824549323010048
1490822561634340864
1490821284690677764
1490803044442726401
1490795181209051138
1490775647954022400
1490748215569833988
1490736391260499973
1490734617313173506
1490734519866904576
1490733997626097665
1490733627965337600
1490731796581224450
1490731213589741568
1490716917912727555
1490715404360368130
1490713348052500481
1490709060802383874
1490707804600299526
1490706292444655616
1490703230711459840
1490700621741051906
1490699886496411650
1490699454068178947
1490689928279519237
1490684610828595201
1490682936881909764
1490679876264759297
1490674872582029312
1490674726217216003
1490673183355445249
1490670573193920514
1490669971776876547
1490667279888961539
1490666818826280965
1490666551866912770
1490666242340179970
1490666193459433472
1490665234863775746
1490665049408835584
1490665043071225856
1490662632566984704
1490662205834301445
1490660773072310275
1490658587936378880
1490656277202345984
1490655861509083140
1490655695423041537
1490655648811741185
1490655278295293955
1490654913076297729
1490654506756960256
1490649317916684290
1490648144488833026
1490647211948261377
1490646990258319361
1490646541534920709
1490645720936116227
1490645671006720001
1490645442006511618
1490644745139650564
1490639524392628227
1490639064113954816
1490637173116522498
1490636661067182081
1490636013294612481
1490635756125442049
1490633666275717132
1490633008998543363
1490630854032252928
1490627135496622081
1490626123407183876
1490625966137540610
1490625796356317185
1490625516562378763
1490625050831384576
1490624976709632002
1490624947601174528
1490622778856570880
1490621946153017349
1490619849152020483
1490618283510304769
1490900641547694082
1490899152808538114
1490894682502868992
1490890158568521731
1490878049256370177
1490877180729241602
1490862734728372224
1490858987469737985
1490857741832781824
1490852846094680065
1490834801128923138
1490831883432697859
1490830321168035843
1490826659263496192
1490734350085861385
1490722761073111040
1490715245324935168
1490708030375088132
1490704664983003136
1490700888763080706
1490699441816621056
1490692289009700870
1490689683482763264
1490685663636688901
1490684679631958019
1490684391974051840
1490684275628265474
1490683863072346115
1490677472786288644
1490671686521278468
1490666820038103044
1490664224905134082
1490662237606125569
1490661937658490886
1490657008428544007
1490656740643274758
1490653181595975681
1490653072405766144
1490650240839741443
1490650036564553728
1490645660177432576
1490644157681258503
1490641502678265860
1490640526021906436
1490640463124066311
1490628888539844609
1490628302692036609
1490625510107680771
1490618381115924480
1490609255116054532
1490607144953335810
1490605155917889539
1490603418745851907
1490603415319232512
1490596630030331904
1490595115538460672
1490592658276110336
1490588306123665409
1490579570579632129
1490575846016536576
1490575587144245249
1490574319092596738
1490572523401998337
1490561497277206537
1490549653137661952
1490547260983504897
1490546695847165953
1490545293112201216
1490898102265708546
1490868132860538882
1490867670979584000
1490867660049248257
1490861624152182786
1490772713736003588
1490693517991383044
1490677811257905152
1490666655629799425
1490650931507376128
1490629965510963200
1490629355743379461
1490626432846151683
1490613997431050240
1490584203880439808
1490563772712247300
1490547200975568896
1490727072741818374
1490681353377312771
1490645619836600322
1490642854904877058
1490614255162642438
1490888497661501440
1490862993667547137
1490732624238682112
1490702006800969729
1490701187414634497
1490690719215878144
1490676785994174464
1490640954487107587
1490635995548905476
1490635133073850370
1490621686827282433
1490603411540258818
1490591035315343367
1490697672009056256
1489900026394333187
1490592541821276163
1490591445522460675
1490578533705744391
1490650093556756483
1490851349881253890
1490652874660990977
1490884822260064257
1490594754920579073
1490699701381111808
1490683363732373510
1490729085190176768
1490728287504838656
1490860816689954817
1490872803817848832
1490604725141573633
1490782104028082177
1490591426631012352
