1490181293937549312
1490175784589602816
1490175781653610497
1490174553359892481
1490174267752808448
1490173714159534080
1490171161631928320
1490169137233948673
1490165773624840195
1490165469281918980
1490158371860889605
1490153003957239808
1490148981355446278
1490145568198643712
1490143367811907584
1490139274196688896
1490130687542042624
1490128186788745221
1490111629086044166
1490051309760036865
1490004398436921345
1489972171006889985
1489960156763156481
1489957877615788033
1489957875157852160
1489951649536024576
1489950529178374145
1489948866572996610
1489947078960697349
1489940198892838912
1489935649495199751
1489935312943943687
1489934824622391296
1489932480014856197
1489921014720913411
1489920395708751874
1489916239657189378
1489909543673151489
1489903597080899584
1489902566125162497
1489898305467334656
1489893208091815936
1489889109166284800
1489885277019537410
1489880663021199363
1489875003113881604
1489873721137725442
1489873037386485765
1489869703934021634
1489866454216310785
1489862483472830464
1489854653466513413
1489853943106932739
1489849932257247234
1489841027796332546
1489838887316959235
1489823229124685824
1489820097720221696
1489817631141990402
1489815360304193537
1489812126118346752
1490179737234599936
1490177340017868802
1490176453773869060
1490175183528865792
1490172059556913153
1490171807319851011
1490163846035947522
1490163106991185920
1490160193468264449
1490158536667856897
1490157545394442244
1490151384120848384
1490144623632609287
1490141621278568448
1490141613921738756
1490138251113660417
1490134379867394052
1490127926796636163
1490121456617160704
1490118142735319040
1490099316291420163
1490098688953257985
1490096636827103232
1490090372126629891
1490089642150199296
1490086180121358336
1490074853982228481
1490072188698853376
1490070800061591553
1490070323424759811
1490063596000215040
1490063180747657216
1490062264271253505
1490040219852488704
1490018981914476544
1490012488544718848
1490007693767372800
1489998195644329986
1489996444039671812
1489994254873423872
1489987811440664578
1489987809028960256
1489987786715250691
1489987392035762176
1489986312308654080
1489981791439966212
1489974616710082561
1489974485650325504
1489970916322807808
1489960719751671816
1489946690752708609
1489945186478268420
1489944385827766274
1489943569695531009
1489934444907667456
1489933416112222212
1489933326735785989
1489932839793868801
1489930589813678082
1489926860712849408
1489925948946657281
1489925228549783552
1489921674271399938
1489917733710229511
1489913730242519042
1489910688550060034
1489905240162062337
1489901765113884675
1489901752522616835
1489893387063164929
1489889395478265858
1489885789404028928
1489885783934726144
1489885482301652997
1489884191206432776
1489882813382152193
1489879341442138112
1489878736938082304
1489877570762215426
1489876393907286018
1489873827278458880
1489873118491738112
1489864471199715331
1489861624219455491
1489857834385047552
1489850541702148097
1489849267036430340
1489848424023281667
1489846384824135680
1489842610000646148
1489835451200331777
1489834963629654023
1489834755785109505
1489834534439124996
1489831413985595392
1489830808726941698
1490172410687258625
1490163455499771906
1490040949078061059
1490000971682164736
1489975423882899458
1489926386248990723
1489917853931241473
1489906831333867520
1489893996638109698
1489882485790220292
1489879284650950656
1489860412854390787
1489839681382481927
1489834547332415490
1489826364580851716
1489504411164594177
1490135843511869442
1490025439447764996
1489927390524735489
1490184990080237569
1490181651183276033
1490180873563799552
1490175913874825219
1490175659221880837
1490165323097833479
1490159074205487110
1490152157685125121
1490146489167134722
1490139357059350534
1490123485859188736
1490115033489342464
1490114458936512516
1490003338296893440
1489978585725091842
1489970469591666692
1489944988515696641
1489943438510690306
1489934391883493378
1489925537724506114
1489923563704385539
1489919497595400192
1489917580479369216
1489917498816225281
1489913745577025541
1489912775568543744
1489911252612620293
1489908670523916288
1489897453625098245
1489890476300050432
1489889645395869698
1489885952239878144
1489884517049716740
1489880553839280129
1489879243291041796
1489878752158834689
1489878129774678017
1489867098260373511
1489865253605507073
1489862730261872641
1489834971506548740
1489834968541200386
1489828234602561537
1489825619475300358
1489820345012228097
1489819517987418112
1489766409819197442
1489553658543210498
1489465541102534657
1489462930097664004
1489229848229085186
1489224693106491395
1489185558244966402
1489158258200027139
1490188134516408325
1490186978100662272
1490184987685310464
1490182604514992128
1490179462352498688
1490179121066164224
1490172613544804355
1490172034575638529
1490171268486012933
1490164315185618947
1490163359869968387
1490162031902662657
1490159150315507714
1490154919914967046
1490151142587879430
1490148942038048768
1490148807350587392
1490147700645699587
1490147520601014272
1490143209330294785
1490138611265994753
1490133864445972483
1490132563335122947
1490120378521325568
1490119726630334464
1490117120100757504
1490113273827831808
1490099193033023488
1490096634843303938
1490087072727588867
1490079409868800000
1490045244964241413
1490043158092075010
1490020968831471618
1490016185139691527
1490013334363541504
1490005178933669893
1489989909566091265
1489979583860383748
1489975043421470722
1489969533272002561
1489969017750433798
1489968703688953863
1489968639511908352
1489967131794227209
1489965021434355718
1489963193791574019
1489960061904429059
1489957103821557761
1489953862396301317
1489952490443653124
1489943313583308800
1489941885292793859
1489941606048608261
1489940564808126470
1489937302692728833
1489934818062499843
1489931538179362820
1489931002680332288
1489930308149743617
1489929368977952771
1489925440144031744
1489924492377812993
1489921544046649344
1489920027960950785
1489917632115404800
1489915365274845185
1489913244542140416
1489910370579795968
1489910047111278595
1489909305281110019
1489908576076193792
1489908177025966083
1489906905979899909
1489906857648943108
1489902137668632579
1489901637728616452
1489892216185114624
1489890838742466561
1489890637382299648
1489887588962177030
1489886855185141760
1489886034469224450
1489885722328715272
1489884318663331840
1489884262589337601
1489884126975262721
1489884054673854465
1489883825882955780
1489883002994065414
1489881150441279490
1489880822660612096
1489880756646477824
1489880722634833922
1489880526001684482
1489880486856265730
1489880389888114688
1489880344358944768
1489880302151684098
1489879684150329349
1489879073509691396
1489878656776568834
1489878012266901506
1489875343519354885
1489874255474876416
1489872646799978496
1489870105509244932
1489866568830177280
1489864842353598467
1489864835118497793
1489860496153268226
1489853272726794241
1489852539474382852
1489846465954340866
1489844914305126407
1489836616885551104
1489822813540466693
1489811547727667204
1490113982480683008
1489978645620101124
1489967195966767105
1489936505426841604
1489928957130526720
1489888195844382720
1489883566284902400
1489875074312458243
1490189034714693634
1490188924190621697
1490188442076348419
1490188236509294597
1490183535709536257
1490183373293486080
1490179717219360773
1490176870914347011
1490175833147080704
1490175725806112769
1490175557501599745
1490174477405016066
1490169711639744513
1490166671771795459
1490165327803863041
1490163774564700160
1490162276695166980
1490162274329575436
1490159681024577543
1490158758605254660
1490158754167689218
1490157787716153345
1490157667658047489
1490156659347365891
1490156054121881600
1490153796311580672
1490151422574219264
1490151228202184706
1490150794045566977
1490149261681459201
1490148532493627392
1490145988656320514
1490145483020374018
1490144279909466114
1490138713614999553
1490132470876241922
1490131411654746117
1490115208886775810
1490114439185862659
1490111095226339330
1490107280506896384
1490040677438156800
1490036494727188482
1490028851619315712
1489992597557121028
1489990601353609220
1489986673018810373
1489985296028426248
1489981362107207682
1489975178067349505
1489970713813712896
1489970061553303554
1489969170192416772
1489963072055775238
1489962011530493953
1489960678798819329
1489952823240376320
1489952157461729281
1489950039279497218
1489949884111278089
1489946761334386690
1489945895911124995
1489944611175149573
1489944005907722241
1489941827298148355
1489941603753947139
1489939552097939456
1489939398498000897
1489938439021551617
1489936079524593664
1489936079457189891
1489935582356975618
1489934848823205889
1489934517477404672
1489934335381688321
1489934105026637824
1489933110230024195
1489931333338300416
1489928550874742786
1489927768024698886
1489926565290934272
1489925717106528258
1489924586166943747
1489920094482632709
1489919346952773642
1489916952709451777
1489914734157582336
1489913025444286465
1489912636015669248
1489911337098813443
1489910823761981443
1489909776825806849
1489908575333797889
1489907492528467970
1489906058923425793
1489905183014342658
1489905062029950976
1489902831503286272
1489901853827801088
1489900703384420352
1489898964174643202
1489896758733770753
1489895452518805505
1489894340478763010
1489894251857346562
1489891755503677443
1489891698331115520
1489891320642490369
1489890413108359169
1489888657117159425
1489888079393755136
1489886516914831365
1489886233387880448
1490188515992379404
1490187357454172160
1490186741684355078
1490186738794258432
1490186691717779457
1490185929755033608
1490183815717093377
1490183453706444800
1490182307537473540
1490181745869668352
1490181257678159872
1490181202518577157
1490177520242548745
1490176063775047680
1490174951873126401
1490173945794166784
1490173620341121027
1490173500698804227
1490172971587375105
1490171499659276288
1490171224273534976
1490167414973091843
1490167344085098496
1490163483379310593
1490160821405884420
1490160701406855168
1490159954195804167
1490158749935628288
1490157297787572225
1490156660601794560
1490153062211538944
1490151922208493570
1490150725447733251
1490150257090461699
1490150073220673536
1490149768177221637
1490149517546561536
1490148444308389891
1490147678139064321
1490146764946808832
1490143850932834307
1490142524325101572
1490142215196188673
1490141521793802241
1490141513799507971
1490141241400782849
1490140049366650884
1490139284565032960
1490136447222837250
1490133903322976257
1490132112254529536
1490129952846405632
1490128132179136512
1490126329064620033
1490125705077612544
1490121073563602946
1490118203967967233
1490117307754237954
1490116923249467399
1490114923455979522
1490111105016168450
1490111048925716480
1490104658026635264
1490088610753699848
1490042979943206915
1490041129290526720
1490037368929275909
1490036814136193028
1490036436728430595
1490029317484867584
1490027007899758592
1490023658533703682
1490023292400726016
1490018998465236993
1490017099498102794
1490016347979272196
1490010188069277697
1490010131685609473
1490009640163475456
1489996766770458624
1489991736298713088
1489990738402177025
1489987864004018177
1489985240864935944
1489985021997838341
1489983890563506179
1489983377688399873
1489983077522673668
1489978090180976641
1489974977738964999
1489974165163499528
1489973424726634496
1489973084920578048
1489972879932661764
1489969814588194816
1489969353932292097
1489968713113927682
1489968117467934722
1489966944573083648
1489965758633312257
1489964861648150531
1489964773211254784
1489964710833590272
1489964056869892096
1489964054495916034
1489963227664449542
1489963152859176964
1489963025843236868
1489960266922360832
1489960116883316741
1489959796786999297
1489959335480672257
1489958863906676740
1489956093409169413
1489954996674187264
1489954248003850249
1489953719948959744
1489952790285733894
1489952502300954626
1489951533739704328
1489950860335468544
1489949926037811205
1489949923017732097
1489948047811362816
1489947741640081414
1489946152799666180
1490180516087492609
1490175621615734784
1490166244267671552
1490156978676834305
1490156508981575681
1490155759614951424
1490155476683988993
1490153558901411842
1490136049682567172
1490127611325939715
1490106682139037698
1490003198278795265
1490001695320903683
1489997996263575554
1489994090607308803
1489990287405756418
1489982038715543553
1489981130472562689
1489967594379440130
1489953335671070723
1489938082942316547
1489937598231449601
1489930414215282690
1489925577221947394
1489921046371532801
1489911692784193536
1489903654890921984
1489902825836773381
1489901636818403330
1489891942057926659
1489889724580134913
1489888279323623425
1489887697452023808
1489880633182924800
1489877923712868352
1489871730973687809
1489868179329347589
1489860015662178305
1489859723440828419
1489856947386204161
1489848281710874624
1489848061400842240
1489841239398567936
1489828722316234752
1489816761952182276
1489812654537723904
1489812558911766529
1489565409410011139
1489454006388727812
1489916088674439168
1489911753307680768
1489644980771897344
1489461890610655235
1489350328198004736
1489145759178313730
1489143845732646914
1489135194057498632
1489061050083274758
1488911219704565763
1488772291114995714
1488680049100587008
1488362021754400773
1488195426624761858
1488058083880615936
1487812543087509504
1487740936281268225
1487729642882494467
1487276259122249732
1490103674508509184
1490127608473743361
1489980502987575296
1489967968221945861
1489949540862275587
1489894693118701570
1489855285527461893
1489851436846678020
1489881683315019777
1489869579732262912
1490190179570642952
1490175304618643458
1490173418523684870
1490173416858701826
1490170473992564745
1490165415108128768
1490164536124784640
1490162095165349888
1490146279149961217
1490145653455933445
1490142640217620482
1490023106093916160
1490002771818418177
1489997272033427457
1489993879793598464
1489983852814553092
1489979589019455494
1489976758044487685
1489975504832991233
1489971572865900546
1489969552268328963
1489968162015641600
1489965544145321985
1489962026718105606
1489956783821291529
1489955794279747585
1489954115883249664
1489952413352341504
1489944061738090497
1489931849115832322
1489916979809234946
1489912710712020992
1489907522492596224
1489902868777738244
1489899162162266113
1489898296034291712
1489896868871954435
1489886922059096064
1489878298742063104
1489874140110929921
1489873847595995137
1489870862539182081
1489866093967466498
1489861842629726209
1489861128540897287
1489857981919666178
1489855885250015232
1489854198523232256
1489842486734254080
1489834967102537730
1489823321495838720
1489820801272467456
1489819253943717888
1489814938805993481
1489814419370819584
1489549870520147974
1489957633432109062
1489883183768571906
1489571169254580226
1489497111301267456
1488849918307737601
1488497065399181313
1488395283243634693
1488308013668921345
1488009970914570240
1487601162023223296
1487363769206718465
1490162169325170693
1489920510137815048
1489936382755684356
1489952190407999491
1489854817225023493
1490164381556305923
1490042493404336130
1489949283105136640
1489880604996890626
1489869019817472000
1489863546276282373
1490155265660174341
1490138788542435328
1489998705289994242
1489949126020440064
1489918016230158336
1489873068805611520
1489958666480816134
1489985966899367939
1490130886091698177
1490108464705982465
1490001050136645637
1489970395977453570
1489964947836530692
1489900665187217410
1489884042799435781
1489865422526504961
1490185399792111617
1490161580587483137
1490154219026137089
1490141625565446146
1489991971037134848
1489944777001168897
1489938080945508354
1489929766039801857
1489910842904567812
1489908148844384256
1489894004481089536
1489874265755172866
1489870318013272066
1489862532823400450
1489853322794536962
1489965867559370755
1489955773530910726
1489890005375864833
1489879144867700740
1489878119914012672
1489875273478971395
1489873954156457984
1489832177231486978
1490002899824685056
1489892145092005888
1489876823374647298
1490187796811706370
1490184198656704514
1490159347045113858
1490015908299161606
1489987418480844800
1489967132532408321
1489903582262427654
1489893511868870656
1489883474148610048
1489879075607183360
1489875504421556224
1489868921994104832
1489866443571167235
1489859075332472837
1489851180800827396
1489836189276577797
1489835845037088768
1490189122681540608
1490183030207512576
1490164747899064323
1490128884125212672
1490113270421745666
1489946176158068739
1489940487108952067
1489906752606724098
1489903557294047233
1489902661298438145
1489893874239561733
1489876007717056514
1489874750663200773
1489862256083234819
1489860532555288578
1490190993328840708
1490160553586991104
1490106272435224576
1490011427788103684
1489956609748914180
1489905377802022914
1490169148072415232
1489861468803657730
1489607627516825601
1489580865394909191
1489554565737627651
1489070364646789126
1487782455343865858
1487630011259502594
1489841738240135170
1490002776860106759
1489963703315603456
1489839950631936001
1490186534124806144
1490185335124336641
1490185076004438020
1490181882188759041
1489931131617419266
1489921717904736256
1489840397698285569
1490183887867478021
1490181051209379842
1489980171327139841
1489978990940938242
1489968299433947136
1489837278444752896
1490160472754368513
1490149268153413633
1490148298082041860
1490126448115568648
1490008587187679233
1489967899091808256
1489961374403145729
1489928241296990212
1489923659590684672
1489915992436543494
1489895266446876672
1489877081890881543
1489832666459684864
1489819076398817290
1489818648349147139
1489817471356108805
1489966843179651074
1489822035647741953
1489966311157678085
1488335942377099264
1489942406556315651
1489836439252922369
1490132356820516864
1489932591281033217
1489844213990948867
1489996034063286272
1489873830357385221
1489872146461782016
1489833119037661187
1490171175040782336
1489974296286220289
1489933104852910081
1489931467090055168
1489916899622535168
1489900350425366529
1489899712090361856
1489896774148190208
1489896565678706693
1489896288091242500
1489890980488617990
1489887012723527684
1489880867501932548
1489856458397138946
1489856390172934145
1489855684628054019
1489844896731402241
1489980182538911751
1490084609518075904
1487574953612304385
1487414453415321601
1489944172249247749
1489850297057161216
1490123753556426755
1489869137300291585
1490171697844350977
1490087627499851779
1490086614747344898
1490047032543047680
1489928126167941120
1489922350124392449
1489825496775168000
1489970634503634944
1489939770977714177
1489922633491951616
1489900406952325120
1489890410235596801
1490192214152335360
1490185066181705729
1490178056937304064
1490173501608583169
1490171816513441792
1490114210327453699
1490034044993609728
1490022027385737221
1489981211409747971
1489963615050694657
1489952904458899457
1489952483497897984
1489948096172007431
1489946805924077573
1489945469685882881
1489906337786265600
1489906159222161408
1489905388321394696
1489895209353711617
1489890574652289027
1489890288709648387
1489883350395670528
1489882380429000706
1489855312492654592
1489844989882290179
1489828108123672582
1489823683925671943
1489960441896128515
1489934954439929856
1489923320241799171
1490120813768417282
1489875591373496320
1489932188002893830
1489920060533575687
1489842285395460098
1489872768372035597
1489993422190837761
1489972309561847812
1489925000949690368
1489888768131620865
1489878810887847936
1489974783835992064
1490140516465676292
1490111735159988224
1490100800659464201
1489993540784762882
1489990906573111301
1489971649051246595
1489969295493066758
1489968877505515527
1489935024220606466
1489933135198392322
1489932276557238276
1489928814000246787
1489894399920455680
1489893859874447360
1489879523940519936
1489878210976559109
1489877787662258177
1489875587665649669
1489874965038243841
1489873282363199491
1489840361304621058
1490187461095399424
1490160575481249795
1490159181491748866
1490098376687296517
1490003288510853121
1489983246620258305
1489902426689720321
1489902250428297218
1489901142460940288
1489898523961167881
1489898092355026944
1489895326336966660
1489875584348004353
1489873779627261952
1489873173726502916
1489872757928120321
1489863027226988546
1489853907845062657
1489839441435054080
1489831162973360130
1490176190769819649
1490172447542640641
1490075282912387073
1490075274200842241
1490058094469996547
1490019454855483401
1489951613867692037
1490006032143159299
1489896344563367943
1490073234200760324
1490023782731644931
1490023695108440065
1489866454522789889
1490168103099006976
1490076914656366593
1490076663753093121
1490076424803618816
1490040579476320257
1490022450914291713
1490124242385793024
1490076133303668736
1490024557503463424
1490023411586056192
1490021411297296385
1490021239498637315
1489958689003868162
1489940589562892293
1489888004898390021
1489866219834712064
1489865840766091264
1489865002047918081
1489963754721001472
1490188912345550850
1490158330265759747
1490128314811359233
1490098149737730049
1489984755362054145
1489947745775337472
1489939406613929986
1489924300303831042
1489917278648815617
1489902228789862403
1489875098622656513
1489873985345327105
1489871967788285955
1490185685625565184
1490119014974066690
1490113989459599360
1489997157885444101
1489972961574461447
1489886734766977028
1489859811982581763
1489856996266463234
1489855246495272960
1489849261290590211
1489849139500560386
1489821088968482818
1490144756894035974
1490117858030125057
1489866465671278596
1490132067895889923
1489896102685859842
1490115599477121026
1490109197760925699
1490002683562164224
1489990494780534791
1489976944968241157
1489965230587510791
1489950139644973057
1489950069973741568
1489927587724140550
1489926418046005252
1489924406084538372
1489900734359674881
1489897722870059013
1489887817857519618
1489861425590059008
1489859908346720257
1489858613493796865
1489857467941257222
1489826973707018242
1490184098685788168
1490158257540796419
1490155458157772801
1490143933984387074
1490076217390866439
1490051641491349504
1490006754478157827
1489983933878259713
1489971433929588739
1489965375060340736
1489960296869687297
1489949180621893633
1489943233882820614
1489938544898744324
1489938362933084162
1489937618624479233
1489932460716867585
1489925807480836099
1489923177619030019
1489922552080535555
1489921737416667137
1489920541792555011
1489920159876005889
1489917722905305091
1489911231372693505
1489882078434844675
1489867883576709120
1489867648825708548
1489866208186810371
1489821463217860608
1489816670063726598
1489993806753808385
1490155296387334145
1489960396643463170
1489900744958353411
1489873799105241089
1489861835495215104
1489822467480719361
1488879643062984704
1489925140246786048
1489905448669282304
1489892142202122243
1489950198436483075
1490193905882927104
1490180449745784832
1489980978370015232
1489882821145477120
1489869079657648128
1490183785719398400
1490179771585953792
1489937859931176963
1489872837976662020
1489855672002830336
1489938192887586823
1489613268230766593
1490194122489036801
1490109381312413696
1490097238529708032
1490017581658685440
1489937548906352641
1489937056507654145
1489898472728068102
1489898440297709568
1489818452600963072
1490183486866882561
1490171627812061184
1490134015613243393
1490056731824513026
1490047169390284800
1489870359738613761
1489845218224476160
1489998159564898304
1489940565495980036
1489911986833874946
1489941710226731008
1490157816744910851
1490133652386115584
1490121821160902656
1490113730264563715
1490005708904955904
1489959720429699074
1489957108523368448
1489929754476048385
1489925312058392578
1489900049194950667
1489876020887175173
1489875435035197440
1489871876172124162
1489866003882209282
1490163112267612161
1490169825313771525
1490169239189090304
1490154890953297922
1490152223581810691
1489979800605573121
1489940109323427842
1489925863122477059
1489909519018647552
1489904224083521538
1489903353291485185
1489903049313112065
1489901694561390592
1489883154831659013
1489881306490372101
1489872978389073928
1489872649127821314
1489865263134642181
1488209269292154880
1490142851845754880
1490138148642312194
1490135028591824901
1490127739625811968
1490036677934727168
1490005242863226880
1489998004660899848
1489994355444105217
1489989329652830211
1489975199965790212
1489961449309224961
1489948087564963840
1489947865623326720
1489926440531664899
1489917987452645377
1489916574639149064
1489915288522874882
1489910189025525765
1489910097396793345
1489903025812811776
1489903009723158529
1489901940851224577
1489901220391108610
1489890060195725316
1489889540596645891
1489886930124763136
1489881368683479040
1489880691454394368
1489874324748406784
1489872110864715777
1489870932974116865
1489869482977726464
1489868249718484994
1489867442612744194
1489867232901361667
1489867154417618945
1489856675708243968
1489853072025083904
1489844872571850756
1489844744507506690
1489823155632087043
1490175936381140995
1489956058327965701
1489924878132121600
1489901358769602560
1489883427386322944
1489853370223702017
1489979753717444611
1489913598394929153
1489878388152352769
1490182306522284033
1490142044370923521
1490084808004800513
1489952493329334273
1489951172702060550
1489950000159223810
1489943423289536512
1489930145670758401
1489859107331133441
1489850104505073664
1489848923145441287
1490189960670068738
1490161359182786560
1490151232190648320
1490137675609026561
1490125674694451205
1490124922097602560
1490018067107434496
1489984457482379268
1489971216824029185
1489970288838475776
1489970142260121602
1489961097331617795
1489944034370015237
1489840492300832771
1489820758306004995
1490162262933651458
1490185636988727296
1489860666198728705
1489921463448932354
1489859081339043840
1490197062696468480
1490139074975662083
1490126534300278784
1490125951770198017
1490125635834236929
1490125437187796995
1490119108813152258
1490107110968815616
1490094651193262082
1490002180480241668
1489996159326187522
1489985710664785924
1489971802797654017
1489936365181550592
1489934718019997697
1489921686615257093
1489920787444207619
1489912202136268802
1489911482938626055
1489879472660647937
1489878345886371841
1489875714451324928
1489875122588876805
1489861247915147265
1489850102168834048
1489842384024190978
1489834407674318848
1489831131629645826
1489823046265634821
1490175647016435715
1490169911024689152
1489939737771065344
1489898027196174339
1489896784511987713
1490185046858240000
1490180995588702212
1490178703980396548
1490174730313207808
1490173568843276288
1490168259261337600
1490151239786823682
1490149704566337539
1490148119635709953
1490145958528651265
1490141694079430656
1490138168967905283
1490132878646259716
1490132702288232451
1490093925721604096
1490047822992863234
1490027689725816832
1490018000610549760
1490009570068299777
1489996018070736896
1489994847104634884
1489985772669501441
1489978746484379656
1489972427568254984
1489968964071428097
1489962766886526993
1489951865551069186
1489950215226343431
1489949932299907072
1489945134644883458
1489928950726152200
1489928217511092228
1489916781539987461
1489910458920599552
1489908034922975236
1489906724328787971
1489904775478927366
1489902233328418817
1489891279207297024
1489890986629414912
1489888694647816192
1489888068228108290
1489885719552151552
1489883277536411651
1489882951945187328
1489881683331796993
1489879906125516805
1489878182409179141
1489877286665191425
1489876996595552257
1489874760754675719
1489872764689608704
1489872762244009985
1489862791901057027
1489858137834221573
1489844011774791681
1489835483001602051
1489834289022013442
1489832744108847104
1489828601381863427
1489819506415337472
1490188593230352384
1490177442430205955
1490172815529906184
1490172702325616642
1490169227424460800
1490166861975068677
1490165523875008513
1490162982659133443
1490160708331663360
1490148550851784705
1490146790955311107
1490144822782414848
1490133040324308992
1490129824178143235
1490123542910083075
1490117668828901376
1490115499597844481
1490064293207113730
1490005399948656640
1489984157170429952
1489972971305574402
1489968583187001347
1489967765918461952
1489956184241029127
1489947616964415491
1489945152093401089
1489941898802647041
1489939490848505857
1489937059880255489
1489929263273111555
1489928665479917568
1489927120969076741
1489925376474480640
1489918690925907972
1489913188309037065
1489912191923142658
1489905958138486791
1489898577971519489
1489893755112988673
1489892084933066754
1489892048547487746
1489888947400744961
1489888228320550913
1489885981197090817
1489885294849826817
1489885118219325442
1489884019286102017
1489883797177126912
1489883433551556608
1489880117681995779
1489876912373735424
1489876042613346313
1489875424335495168
1489875111930851328
1489873851844464640
1489870274757468161
1489868188641009666
1489867175946973188
1489865701938503680
1489849205640536067
1489847667639390210
1489839894759235585
1489835985706053632
1489832348623699968
1489822864350285827
1489820964095692803
1489820761225261056
1490139943276265472
1489944717655941120
1489885274503282689
1489861846001922049
1489842598692806661
1489886695268896771
1489823171570442240
1490126754094403584
1489453087043776514
1489446836868104192
1489444043801382912
1489158636270399490
1488431162976772098
1487969901289836550
1489880802678636548
1490179285596110854
1489885864339521536
1489840553541783552
1489873724216168448
1489826540460580865
1489869030056165376
1489953403828838403
1490018930190352387
1490187790268907521
1490022966931116032
