1489071417161400326
1489070402890440704
1489068922036883462
1489067571248713728
1489062458920939520
1489058587208925184
1489055799360262147
1489053710219382784
1489053201995558912
1489053149285728257
1489051282102906880
1489040765242204161
1489035004286050307
1489025788465025025
1488976574674309121
1488952218812178434
1488942755711971328
1488926735060156416
1488911825567567874
1488902908083318787
1488889313631031296
1488888681033519107
1488888214345719811
1488883921613819904
1488848530827403268
1488846554673065986
1488831643456782336
1488829052819742721
1488820380207054850
1488816199748456449
1488809704000483333
1488802004072005634
1488787858345406466
1488778022295465984
1488776076247834625
1488775289014419464
1488770815550111744
1488769167503376387
1488761164226269185
1488758583395500032
1488752101400649728
1488741222894108678
1488735576941817856
1488735321076695041
1488731459959820289
1488726542914301952
1488724927117402119
1488724556273659905
1488820383763800064
1488818323986911235
1488753773145059328
1489084428714270721
1489084290235514884
1489083915881320448
1489083213062488064
1489082979821682688
1489077318257889280
1489073962793377799
1489065603612745730
1489063048820441089
1489062445188481025
1489058545668485120
1489047606059696128
1489047596135956480
1489047068442341379
1489010716514594817
1489007794003001344
1489007775858532361
1488934311885967361
1488923355071725569
1488912865759477760
1488909759017537538
1488909231487348736
1488901735179427840
1488898914828779523
1488897892417159172
1488897508872839168
1488893501324419076
1488890821961084931
1488890376911949824
1488889502370172929
1488889416353521664
1488880584856276993
1488875479729774606
1488866860913381382
1488858810915508225
1488857909916172289
1488857660539944963
1488856288872124419
1488842625121615873
1488829550415028227
1488819918703259651
1488819159559405568
1488809406502703104
1488794711284404224
1488788032547594240
1488785669967458305
1488782159544393728
1488781454825832451
1488780598659653632
1488774490796408832
1488764742969995265
1488762764164091907
1488756894261215234
1488744952507277315
1488738137882828800
1488732805395742720
1489068798401708032
1489067709849833472
1489064589497344003
1489056044613570560
1489050487681085440
1489044725885665281
1489033428422955011
1489019122851942401
1488928465831481344
1488898755180961800
1488897011504267264
1488858573098872833
1488854800167243776
1488835298729496576
1488795427004579844
1488791013305073664
1488789283519533058
1488784699568885765
1488770271041372162
1488764193570361345
1488743715049197568
1488729362291900417
1489081900585349123
1489078917197864963
1489070775999266819
1489069882478141445
1489069502822481920
1489063658617380876
1489063483455209476
1489063174426873856
1489062852014997505
1489062106737504257
1489062104816521218
1489061162033434625
1489056979406446594
1489056044798074881
1489049445106806791
1489047319051862017
1489036856230494208
1489019189763637248
1489013569739845632
1488889548419776512
1488880245713567744
1488872803466035203
1488842951811731459
1488840528523411456
1488837528556040201
1488830866831048707
1488829683106205696
1488825166348324864
1488816494452428801
1488812475252281347
1488785241116315655
1488777767864848385
1488772368801890304
1488725326230392834
1489085392162734091
1489084752296812544
1489083754325082112
1489080817276133378
1489080724011433990
1489078502716424200
1489077867778506754
1489074912564154371
1489073291013017602
1489070900188045312
1489069852560007170
1489067996072996864
1489067882910601217
1489067787297255431
1489065681853161475
1489065563955490817
1489064307493314560
1489062512561881090
1489058953539457025
1489058192399421440
1489056698215976962
1489055868712751106
1489052218758418432
1489048708041744386
1489048702975053825
1489046839739691008
1489038687815962626
1489037359211773952
1489034989069307904
1489030385585455113
1489029316847362049
1489029138241699840
1489018035851522050
1489017609614147584
1489014654982569990
1488995721554583554
1488940844845469696
1488936003788509184
1488933979747405824
1488924887750430723
1488923524806819846
1488923024451506185
1488921985446862849
1488919855449313286
1488915509353803776
1488909293059403776
1488905142405861376
1488901405402595332
1488894848459546629
1488892230181875714
1488880750011510784
1488875131237646339
1488866449347207175
1488859756798398470
1488859470209839104
1488858573883207685
1488858472703995904
1488853341623156737
1488850053452398593
1488848332617576449
1488845928878329857
1488844739428470787
1488837525716480000
1488829559726170113
1488815664832081922
1488801489719943172
1488799988817690626
1488798613023371264
1488792402320322560
1488790993562386433
1488790976994893824
1488790955457142785
1488790928106139650
1488787539905318912
1488785373199175680
1488782127004930048
1488776949409349634
1488772989344620550
1488772741285441536
1488772348975390721
1488772282918998021
1488772065926828037
1488769636900360195
1488764827195822084
1488760695973769216
1488758805626507264
1488758381879857153
1488752916475297792
1488749276079718401
1488747897307156483
1488742627675877377
1488741097635717122
1488734936563851264
1488733586862010368
1488730564513656833
1488725538076524544
1488814519883386881
1488768206529777667
1489084194877698055
1489082059498803205
1489079259469840389
1489079210886848520
1489075117816643585
1489073324562939905
1489072613175357441
1489072388339814400
1489070841857904644
1489070520205144071
1489070139136184321
1489069849846317057
1489069626151829504
1489068362814885888
1489067283016478723
1489066663211253761
1489064169299058689
1489064114404028420
1489062218784141312
1489062102731943938
1489062083316486144
1489061740205981696
1489061271446036484
1489061037718396937
1489060901135298563
1489058482309705728
1489056348801466370
1489053651247058944
1489052352770297859
1489050246273703937
1489043106427068420
1489038574901100546
1489038213952192512
1489033730291212292
1489032397156864006
1489030787051974656
1489025855741259777
1489021456659132417
1489021246742298625
1489012457905750016
1488999755678371841
1488997342720106507
1488952993412042753
1488943551283023874
1488933451487391745
1488932644272279559
1488930050078433283
1488926885140918272
1488922732926357510
1488920163424497668
1488919345522642944
1488916177565130752
1488904957172453376
1488897492960034816
1488897184951332864
1488891642442518538
1488887762056925187
1488883588615798784
1488882957674639364
1488875781543501828
1488875665466167310
1488874750545838082
1488873479105511426
1488872320735272964
1488869028936433666
1488867460015079426
1488866408079446021
1488865021522108423
1488864955839533061
1488862590780465161
1488859264148176899
1488856322099789830
1488856241782755330
1488852342560546819
1488843746263601154
1488842109390049280
1488840926697259012
1488811245138419713
1488808023002734594
1488807939091873795
1488807071558430722
1488796654119841792
1488795605594161158
1488793382239739904
1488788169260957700
1488786857089327107
1488786139498663936
1488784720288571398
1488783590439612417
1488775902406213636
1488775142583209986
1488772978607222788
1488772726768926722
1488768766632919040
1488765289961762820
1488762265264263170
1488760524737171456
1488759121851863045
1488758185515122689
1488756131669606400
1488755055700316163
1488747790759264256
1488747419986583555
1488747210112376832
1488744757237268482
1488742296417812480
1488734059526488065
1488732412838543360
1488726263015645187
1488724569951117334
1489084089340555265
1489083579430703109
1489082638585372672
1489081460254736388
1489079215299301386
1489078913586561028
1489077694322987008
1489077190377439235
1489073794132025345
1489073346213859329
1489071712046305282
1489069720749764611
1489068733540691969
1489067688416604162
1489067406899412994
1489066127401447425
1489066088168292354
1489065604908675073
1489063066457100291
1489061061706018818
1489060237805903885
1489060135733317634
1489058978906603520
1489058554266800129
1489057480147869696
1489057141139066882
1489056568817889280
1489056435791032321
1489056082253299713
1489056004696281088
1489055420497154053
1489053870919598080
1489053659333750787
1489053378860576772
1489052024172089344
1489051574810779655
1489050388690997253
1489048520606699524
1489048428059697155
1489047318812782593
1489047309383974912
1489046676207648769
1489042244468625408
1489039931951304706
1489036976200519683
1489034287060258816
1489034203043807232
1489034119904333826
1489032256144379909
1489031839876808704
1489031548615622656
1489031011065208833
1489029937382105089
1489029411924246529
1489025939803566081
1489021003116134401
1489018793053483008
1489015525409959936
1489013113261211651
1489011854030491651
1488953414369562624
1488947448026656768
1488945536199630851
1488941587124338688
1488941293522731009
1488938161896321024
1488935634865889280
1488935425955799041
1488931538901221376
1488928134645039105
1488925547136651271
1488924665460322306
1488921134812729345
1488914892426219520
1488911207041945600
1488909200583389184
1488907076910780419
1488893728764870661
1488893708091428866
1488892359148331014
1488890606235516939
1488890539671842824
1488888677871013888
1488887154986008578
1488880401011539969
1488878745360678912
1488878005413826566
1488877767869362178
1488873542066319372
1488872740350091265
1488869344465592323
1488867585378504708
1488867434496856064
1488867317710786569
1488858910719049729
1488857328434974721
1488856769757540353
1488854342459445248
1488853907556110339
1488853081857347587
1488851712454529025
1488848382009671683
1488844649636798469
1488840110686625792
1488838676948058113
1489084117761531906
1489081308672184323
1489080249421684740
1489077421026336770
1489076879000629250
1489071143923458051
1489068681548431360
1489064046452109312
1489059792929050625
1489053758793601024
1489033475927994368
1488900176454373380
1488893074860175364
1488883159131652096
1488873763219279875
1488864748145831939
1488862969802866690
1488844863194152964
1488835449112064001
1488824441014349827
1488820363937325056
1488815357770944514
1488790679073751041
1488787406304456709
1488784692564348930
1488773878357041153
1488773616149798914
1488771654159577089
1488764276806668288
1488750529710678017
1488741594186792960
1488741060105076736
1488735596436541441
1488733122992623617
1488773576258125824
1489059808825131010
1488915544132976640
1488909727883210755
1488865397080309770
1488813703365468162
1488807907718479881
1488807243181326337
1488778594201796608
1488759089882865664
1488760761560092672
1489074000487616514
1489071161346510848
1489037526090534912
1489028258054406144
1488935084384268299
1488934686667816961
1488858409240002564
1488839371608702978
1488771640137695232
1488771124569665537
1488731344431874057
1489083272504119301
1489071564972642304
1489044380367597568
1489034167136374784
1488796806641491969
1488859110502440961
1488825451157995524
1488763226531655683
1488907153947574273
1488854680952135683
1488796716681760770
1488761732956921858
1489057500481478665
1489046775411331074
1489060196513378305
1488881331295514626
1488801938107822081
1488789731844714498
1488756632842473476
1489053355913940993
1489079869493235718
1489062227831263235
1489032233025667072
1489069128178548740
1489013604170883074
1488812415504453632
1488782388272701447
1489079369997819909
1489078122779607043
1489054222049968135
1489031589145513985
1489022060676677633
1488936126140526593
1488880950620479491
1488880222996865034
1488879763552751618
1488862963716952068
1488816278131572738
1488756013457371136
1488782824639381507
1489006423757705216
1488894109280473090
1488890656970133504
1488818493437136899
1488795256883539968
1488769894531297281
1489081744796307457
1489025821540950016
1488921703682297856
1488777305808052224
1489045367098281984
1488866506809266176
1488823015643115524
1489043293140709377
1488890783843323905
1488856719841460224
1488856647531634688
1488854337321594881
1488848339370405888
1488838104182300677
1488834046927196161
1488808596112502784
1488896222622404609
1488871074393571328
1488861275853848577
1488890448630321152
1488760303487975425
1489073050998181889
1488817759656226819
1489084833359810563
1489044367020945408
1488826116991115266
1488825613792071683
1488821427423768576
1488821420419207180
1488821413247012866
1488817586813161474
1488817382214684672
1488731638238695427
1488745699617378305
1488904025865351168
1488812702671671298
1489089974767026179
1489047066555056128
1488944871935070208
1488862241839808513
1489064096712773633
1488854970166542342
1488817409679310848
1488895860817625094
1489074254549114880
1489065414219137025
1489006663973883904
1488887162351222787
1488872849179770880
1488859209118945282
1488859162419208201
1488854095930687491
1488854050439598083
1488803083564240896
1488730027512373249
1489063720466608131
1488913973789356037
1488910419301257221
1488858846978514945
1488753129772691459
1489065119015321600
1488860721265872897
1489089013415743488
1488932085754589186
1488850612741894145
1488785589847609346
1489070168055562243
1488864993852354561
1488788307215585280
1488866434448908292
1488788309627310085
1488904099429236736
1488904006848376832
1488848018983960579
1488813168084197380
1488789831656574980
1489064337033478145
1488886212701999114
1488859926659493890
1488801464009256960
1488785605815377923
1488743565031186432
1487955368680427521
1489065231397851136
1488824374207840259
1488980124498538496
1488979513136787456
1488741013237944323
1488978816223805440
1488866252277878787
1488865592337707009
1488740757758681089
1488783957772894210
1488783570571505664
1489078411469361153
1488980017480867840
1488741301931868160
1489080595183329281
1489077572163932160
1489037297886855169
1489005947691626496
1488979211822198784
1488978735584153600
1488978416229568512
1488978414262718464
1488978413574832128
1488977485274710017
1488797857851527169
1488782747351285768
1488782565184278530
1488741627728646146
1488740886611918851
1489071263628726276
1489041236291846146
1489010900862308353
1488881580273639430
1488838639555850240
1488799488462372867
1488769319932628999
1488739197980606465
1489089124673880067
1489088556899262470
1489034095367798787
1488850626998337539
1488784038991056896
1489075779560697857
1489055055651115009
1488878683435978753
1489044823164133378
1489019245589532672
1488877179765080064
1488855803683479555
1488746405313204225
1489067141559042049
1489054209827737603
1489053542065192961
1489040520026505224
1488974956058882058
1488923696739794945
1488893683131125762
1488888837392986119
1488863164817195013
1488858192599650306
1488810484820152321
1488792294925156352
1488792212200894466
1488788233836445696
1488783806828285952
1488778759939719168
1488742818193444872
1489065347869143041
1489060394534522880
1489048335399133184
1489048327681617920
1488918117715570692
1488848438951235586
1489037939241672708
1488999382846377989
1489065267627888641
1488882076950872064
1488853964476936192
1488785986146291713
1488757710984122370
1489092813409062912
1488850648619646976
1488786793118179328
1489070301506052096
1488764547724824576
1488830440551043078
1488880308942372867
1488793078991187968
1488767085023236098
1489085039870877698
1489083619645992965
1489046238217777153
1489031193207410688
1488951319754772481
1488775463711477763
1488759334855409665
1488733316845289474
1488924042799161350
1488887372297109504
1488864010497925126
1488858361362022403
1488852934234238980
1488851498259791874
1488846118444146690
1488828306992472072
1488746480920068096
1489086154813353986
1488911103036104704
1488820588655554562
1488895454465376256
1488852126558162949
1488845636564779013
1488844807308865542
1488843375889371138
1488843271350603777
1489088442357383168
1489076625425965057
1489072021380075521
1489070722358013953
1488882259327258627
1488874865197076480
1488840411481534464
1489080899899727872
1489052810234798080
1488940300533784579
1488886924110888966
1488847053900124161
1488840934473498625
1488834302368485376
1488824631922409473
1488817665657675779
1488747396184293377
1488732771048898565
1488995161296150528
1488831955399593984
1489008909058674689
1488999986981388295
1488913669589143553
1488748336723406852
1489074045685764096
1489072833666117633
1489058711255408643
1489046726380257280
1488906992961863682
1488904865338118149
1488904596273590272
1488891234324123649
1488878334096273415
1488866460910952452
1488791404394516483
1488751571257147395
1488747391121764353
1488744538487369732
1489074505255325696
1489073750805213184
1489064250584698881
1489054032681263107
1488912229604814854
1488852118693826561
1488789667843432451
1488783486580236291
1488753474657722368
1488744587883872257
1488474014142312452
1489093192771604482
1489088431154077698
1489071419468091398
1489070559849762816
1489069085228875779
1489020034370342916
1488988789510860800
1488943131051855874
1488915591704420354
1488909814478499843
1488907459217719297
1488904879850418178
1488894083279962114
1488879642681303046
1488867906284756992
1488860723912396804
1488854927782780931
1488840678625128449
1488812920746086401
1488811322108411904
1488802237833179140
1488791382663778305
1488784170704797698
1488781470768713732
1488781333552070657
1488761026766319616
1488757123647696896
1488753005721800707
1488747397836832768
1488747394624016385
1488747393080520705
1488738152307171328
1488983223531376642
1488982952923262978
1488886929576067073
1488829567045632009
1489067122810830850
1488825236329938947
1488797495845343232
1489030684291174404
1489059335132966914
