1491618002915442689
1491616498544422912
1491614813050765312
1491614396631875587
1491614349987028993
1491613830467944454
1491612178671357954
1491612112329736195
1491610395001655299
1491610097512230912
1491609984345382918
1491608148993581056
1491598819099746305
1491594472677081090
1491593832995037185
1491592688889569288
1491591923789750274
1491586865904099329
1491585614739050496
1491577476547588096
1491576971762954242
1491576928985255937
1491575478511349764
1491572949681246211
1491570738909761540
1491566332315422720
1491563186377486344
1491561546702630913
1491557133996859396
1491554125787672576
1491553140277006337
1491550126715949057
1491550006456684545
1491540901272817664
1491493364335714304
1491490687463813121
1491459442285887490
1491452600306532352
1491450322992398337
1491442743058759682
1491437878316273667
1491437693511041026
1491435860176556032
1491425569862729729
1491422325702819840
1491419226330234880
1491411268968005637
1491411229080166402
1491404186889908224
1491403980559482883
1491402895602118666
1491401890655252480
1491401237602136064
1491399087878729728
1491398952474001410
1491398743736086530
1491397158075244544
1491395777884999683
1491394067556868096
1491393778980392964
1491391432648966147
1491387982192214019
1491387687504613381
1491381067496189954
1491369859628036096
1491369618975637508
1491367221268221955
1491366555103686658
1491365250406694913
1491363804688842758
1491362139495604226
1491358835931750402
1491355291207999489
1491354089799618566
1491352048553828360
1491351280287350786
1491351278102130688
1491348220328681481
1491347312886816769
1491345121379753984
1491344902646800385
1491343962015436802
1491342240295571467
1491341513137463300
1491334682520473605
1491332132484284418
1491330681238360064
1491330628943757312
1491330626297163776
1491330567702740992
1491330517392060417
1491330465504313344
1491330047298338819
1491322379808944132
1491321993354162177
1491321197594017792
1491319248270290946
1491317964251238401
1491317222710837249
1491314865847554048
1491314271493685248
1491312401081602048
1491311458705375233
1491310899293917184
1491307601631784960
1491307453086334977
1491301543509114880
1491300535256825857
1491300532417626114
1491297986923888640
1491294714913751041
1491291401409409024
1491286387668430850
1491285465890422784
1491282217364262912
1491278469141245958
1491278287108452354
1491278211317403650
1491277833184096256
1491277685104218113
1491276605561655299
1491275621724729346
1491275102788284419
1491273629077995521
1491272747695362048
1491266738608291843
1491266029590552576
1491262411592314881
1491425295332970498
1491376948089884674
1491622361606782979
1491617392770056192
1491612788929613824
1491612342299553792
1491612047921979400
1491607533311897601
1491604424162099206
1491599266577403905
1491596999807811584
1491596852541947905
1491595526877462535
1491593011620245504
1491593004385112065
1491590622003994626
1491587377248157696
1491584770354003970
1491579817455910912
1491579513322549253
1491575074348212226
1491570178328608768
1491570108308901891
1491566852165746690
1491563021730140160
1491562893774524418
1491560949156696064
1491547459251621891
1491536515381567492
1491528909317357571
1491487376493146112
1491472094655180803
1491466100919332864
1491445653809266688
1491441962716905474
1491440601606553600
1491437230640238592
1491429543294685184
1491428144980856834
1491425886142611456
1491424267938197505
1491421532442468358
1491420723256381442
1491420426635214849
1491420145763246085
1491419938258833411
1491419119350329349
1491414020951535616
1491413624505913349
1491412197649809411
1491411931579940864
1491408144190574594
1491406668613427200
1491406077962989569
1491401310864035840
1491392688171724805
1491389791128420357
1491389785457709060
1491388454198202372
1491388430022221825
1491388240007696387
1491381409889816576
1491380873660624900
1491366968330690562
1491365631274684419
1491365244912160769
1491364001078706179
1491363431680978948
1491362977182023684
1491353203539345410
1491352701988634624
1491351767954915329
1491345875863732227
1491343550419996674
1491338628286803969
1491337175254073349
1491336071438684161
1491334053358096384
1491333307019120641
1491332965292740614
1491331013192126467
1491329496443912193
1491329040049131520
1491328517262299138
1491327864171548672
1491326530235998217
1491325269810253824
1491324224723886082
1491323688012361734
1491322381541187591
1491320957377847300
1491320955247140865
1491320502954061828
1491320438462771201
1491315822731874304
1491314469271908354
1491312807643856896
1491312508820660224
1491311530994188291
1491309014902542336
1491304292422397958
1491301927606681600
1491299479441620995
1491298535639482368
1491295799535292428
1491294466225098754
1491293602756304896
1491292740122193920
1491292310835175431
1491292305479073793
1491291196219658240
1491290984776634370
1491280384532881408
1491276090073317376
1491275224075358210
1491275067627819008
1491272213139705860
1491269284588589057
1491264545700315137
1491262876136644608
1491260728472633349
1491312252624191489
1491613664964612098
1491610408800899072
1491609151977365508
1491605900896837635
1491602807190798336
1491601718940819456
1491594879415500800
1491583029302935554
1491580634162102272
1491571520400855040
1491548522927194115
1491499757713313795
1491445943967055872
1491443387341602820
1491436370229088258
1491435407548252162
1491431400901574662
1491427723683659780
1491424026023305218
1491418268191494148
1491407725246685189
1491404234893725697
1491398261726662658
1491385971132477440
1491385829650231296
1491383681914929152
1491351232128106497
1491336464726376453
1491289544058359809
1491287805255118848
1491283271795486720
1491278519036690436
1491277375304536065
1491269338657345537
1491264845207187456
1491264470177689600
1491264243416846336
1491607771078266884
1491606696674066432
1491602932655337477
1491597725091069953
1491597476914077701
1491361179213922305
1491360647019302912
1491354467303755780
1491335926030925824
1491309232641417216
1491289377162809349
1491621747527122950
1491606352313319424
1491598372213751808
1491590854753996802
1491588913190010882
1491566519238623233
1491550633496915973
1491457188657004544
1491421733345456129
1491421730308759559
1491415011478339586
1491407759476412418
1491399595230117894
1491397241759997953
1491390687207899136
1491379326432202759
1491376526625218564
1491375813551599616
1491353381730152454
1491351165874814978
1491346191673864198
1491342587156103169
1491342481832943616
1491341921230651394
1491341737348169731
1491341154037936133
1491341133410369536
1491340656824164353
1491340132049637376
1491339775756091395
1491337447812509696
1491322678506299394
1491315189652033544
1491314131735310337
1491313260670652422
1491312655642275843
1491312570313351178
1491312547882217473
1491307369858748421
1491300593318920193
1491300538390302720
1491293885272031232
1491273126579437568
1491265625641340929
1491264986890784768
1491261141498363904
1491622977301061634
1491622849546649600
1491622561020477441
1491620345279049731
1491620257869725696
1491619373572063232
1491619349203136513
1491617248062029828
1491614478349176836
1491614458128773122
1491613349863641088
1491611630777643011
1491610637688262658
1491610369437188104
1491609963252355074
1491608509548752897
1491608333408628740
1491607715264622593
1491606476648955906
1491605340781449217
1491604200697970688
1491603161647562753
1491602509089341441
1491600480828796929
1491598823205994499
1491598821062705153
1491597789767376896
1491597287755489281
1491596872800436226
1491596184204754944
1491594323862986755
1491594269840261123
1491593881044934659
1491593723922518017
1491593240545431552
1491592863058399233
1491592760905789440
1491591912008019972
1491591294292197376
1491589772690616321
1491589537809969153
1491589504620060685
1491586867904401409
1491584174381174784
1491583395117223937
1491581431830691842
1491580175129399296
1491577585830006788
1491576237575512065
1491575385166790658
1491575017783832577
1491574935357394944
1491574590211985408
1491569265148772352
1491567924150083590
1491565935659864065
1491553485053067268
1491552938669625346
1491552417804136450
1491540623156867073
1491536791840641036
1491535671978196994
1491505184836829185
1491478474216775681
1491477529592356864
1491469619382476802
1491459252208410625
1491453081695191042
1491452652563349505
1491448267582078976
1491448239840972800
1491447951633547265
1491446139224457217
1491443396732657668
1491441579894374400
1491437480763338754
1491436553054621699
1491434212083511301
1491431409457954816
1491429277036060674
1491429184207732738
1491427097994461187
1491425752008781829
1491425240534351872
1491422571396734978
1491419826400620545
1491419055445921794
1491417405033451522
1491414115541458944
1491413623163736066
1491411191566340099
1491409684829736960
1491408783792574465
1491404595020857346
1491402946520961024
1491402635681079304
1491401644709642240
1491398581760442372
1491398263299526658
1491396691144036353
1491394251598725123
1491393966272819207
1491389222137511936
1491389220828893186
1491388675640655878
1491385037203570692
1491383517015855108
1491381882789179392
1491378204539748353
1491377918777643012
1491376330306424833
1491375675890343936
1491371401705852928
1491370789589110785
1491368543245328385
1491366267378302977
1491365247076421634
1491363952030535683
1491363764389937154
1491363621129322504
1491363108841209860
1491361373074653185
1491357672880631812
1491354939477606403
1491604335192522753
1491599883521826826
1491384338252189697
1491370546701168643
1491351961467506690
1491311924537339906
1491305430198657025
1491304133751877635
1491279630468534275
1491273133948809217
1491266052579540998
1491623213100531715
1491621829563523074
1491621427333656576
1491621320651509763
1491621036173180928
1491619392664522753
1491617278244564993
1491616403019145219
1491614085313560577
1491613176542416902
1491611630936809477
1491610203233538050
1491609214455668738
1491608814302294019
1491608761815158784
1491607128863567873
1491606695641960448
1491606511075823621
1491605884581007361
1491605750828834817
1491604374505754624
1491602366843408385
1491601894179221506
1491601166576148482
1491599711769284609
1491598529986699264
1491596954853199873
1491595797917360129
1491595704078573570
1491595656137687042
1491595513572958210
1491594032845561856
1491593943196499971
1491592934244118529
1491592427509268483
1491592375420223490
1491591640485543936
1491590839989985280
1491588886845214721
1491587978837524480
1491587384160362498
1491586098556174336
1491581485840691205
1491579222564827137
1491578115839377408
1491576494787002368
1491574822878412800
1491574464240259073
1491568339096768513
1491565084899901443
1491562991577296899
1491562148048216068
1491561676805742600
1491550635950366720
1491547955924373511
1491543748479574019
1491534140268711939
1491529352986701833
1491522676325695494
1491499773601660928
1491488659002261504
1491484597825470465
1491478260429258753
1491460635548262403
1491459750575611904
1491459507033374720
1491454159375450112
1491446336994287616
1491441148225024005
1491441071121133572
1491440237616431104
1491439184913256453
1491436260933894144
1491431357498945536
1491428700432519169
1491425495149576198
1491424377250156550
1491422302424416258
1491420456402169866
1491420272364523521
1491420217494630401
1491418752621379590
1491417662039420928
1491417339359039490
1491417027659309056
1491415495673024515
1491411509163204617
1491408265984753671
1491405760991236100
1491405112660873222
1491403780768038915
1491403679748231176
1491402924433772554
1491402822952583168
1491402444987039745
1491401770748506115
1491401322557755397
1491400391732637698
1491398741685063680
1491398394279239680
1491397998840262658
1491393500046557187
1491389670609293318
1491388914522673152
1491387709147185153
1491386406891307009
1491386218390917123
1491623263185010692
1491623116304691203
1491623064957685762
1491623062382411779
1491621960635146242
1491620762859749376
1491620697130815489
1491620397669699584
1491619785213636608
1491619702547759106
1491619517805608963
1491619221021016066
1491619068561879040
1491618541455687683
1491618255186034691
1491618033986646016
1491618024595816452
1491617029417103362
1491615169784401921
1491614837604257794
1491613846456324102
1491612889089671173
1491612590518472708
1491611251662671874
1491611013526876162
1491609257208614912
1491608548219842562
1491607260694401026
1491606488288165895
1491605879233253378
1491603418494156803
1491603305193439239
1491602886778048513
1491602326922035203
1491602159728992261
1491601819008585728
1491601774079545344
1491601120774746114
1491600863944527873
1491600729169031171
1491600699406561280
1491600645014851586
1491600508955795456
1491600473052581888
1491599898113765376
1491599840593453056
1491599649974927366
1491599566093053952
1491599088487317506
1491598909004599296
1491598332464349185
1491595905413554179
1491595866079379457
1491595339195088897
1491594918816796672
1491594917940187136
1491594481468321793
1491593277241319429
1491592834700382211
1491592824533311489
1491592815754764292
1491592624171409410
1491592312920883201
1491592011157479425
1491591292144734210
1491590451786563584
1491590001422856193
1491589962596171776
1491588645480026115
1491586637712736259
1491586615126667267
1491585878128398343
1491583860387491840
1491583818372829185
1491582148309962753
1491581661691088897
1491581501930049539
1491580138206679043
1491579994182619136
1491579768932020225
1491578749388685312
1491578601145528321
1491578424522993672
1491577940840042496
1491577845356777475
1491577604675043329
1491577100175773700
1491576662055526402
1491574992584118272
1491574585229287427
1491574112250044421
1491573882020499458
1491573535944413186
1491573430994440194
1491573206523658248
1491572266425016326
1491570739438358534
1491570375196430340
1491570171273641984
1491569535379337217
1491568975821611012
1491568345052848128
1491567317221847054
1491566533356576772
1491564211368988675
1491561513869406210
1491560181993381893
1491559087695269888
1491558022874759169
1491557992180764672
1491622524102144005
1491620463721676802
1491617047050321924
1491614987961638912
1491614910815813638
1491614574994690048
1491612494460522498
1491609774756024322
1491608405160894467
1491603485468487683
1491597577308958720
1491595037141979138
1491593102154690562
1491591432783949826
1491584694235762688
1491574400587472896
1491571131425296384
1491570452673622021
1491560792575021056
1491553080587939844
1491522375472467969
1491517609946144769
1491502210513256448
1491466407976251392
1491456747231649795
1491454163699798016
1491452290158702592
1491451977100034048
1491444170288168961
1491443562881634307
1491441617064333313
1491439065279115266
1491435857101811716
1491435749455319044
1491432279339859968
1491432263430864897
1491430803766902784
1491423313151037441
1491421447008718848
1491416898999058435
1491415088989114372
1491413638808469513
1491411874554183680
1491408291653877762
1491406982158614533
1491406824360509447
1491403772622704645
1491401084648456194
1491400840032452608
1491400753726226439
1491394131683573760
1491393397352849411
1491390418420121600
1491387944099545091
1491385124772261896
1491385008288051203
1491384932119515140
1491380454381228032
1491380087597723648
1491378537458450432
1491377906245070849
1491377205640785920
1491376123434786822
1491375847139278852
1491375579689816065
1491373652251910150
1491371795433541633
1491368574304530433
1491367575514927104
1491366503165591553
1491366284231323653
1491362353342218240
1491361546379067395
1491360996497133570
1491360176385171458
1491353628799803400
1491352305601773568
1491351997723066369
1491351954031022080
1491350745689767936
1491350543901822976
1491350106813378560
1491346262687612932
1491344560169304066
1491343694028742659
1491343504999854080
1491342568684417024
1491341173440774148
1491340468625752066
1491338436619694081
1491338109203914754
1491337926554587137
1491334450055368706
1491334105170345984
1491334090809016324
1491332531270356992
1491328132158464002
1491328034070462464
1491326866934091776
1491324223037767681
1491320922971963393
1491317063276953600
1491315267263430658
1491312749145894913
1491312330625675265
1491312327156965376
1491312106364600323
1491312067328212994
1491311635944079362
1491311083948486656
1491308834220285953
1491306150968832000
1491299171642802178
1491297272990429184
1491297257681190913
1491294243398492161
1491292308217937923
1491291998112071682
1491290193760260098
1491289587708469248
1491287408633323522
1491286556644380672
1491286466235973638
1491282399090872320
1491277775462105095
1491277590639747077
1491539221152104454
1491433486003372035
1491393188380430339
1491328405199257601
1491315763017555968
1491314087573487619
1491311225099399168
1491275305352589313
1491273537445048324
1491450059325841409
1491432133860413441
1491281502449332225
1491578798294573057
1491452566856945667
1491442299548868612
1491419548582842370
1491405837654704129
1491394412479643648
1491390467522850816
1491333229605167105
1491319537127813124
1491292852131078146
1491434428064620545
1491282328819486722
1491622957743054853
1491622389243068421
1491618525295017984
1491616826723532800
1491616037053562881
1491611065830068226
1491609671094120450
1491604332177137667
1491604099669782535
1491601878668681216
1491596531140476932
1491593001059364864
1491592327357681666
1491588565397954560
1491581431679705098
1491578979840856066
1491557215206985729
1491532450291503104
1491495746470047744
1491482834410033152
1491448648177451009
1491430680299192320
1491429286162874371
1491429270606192640
1491425064084189190
1491417208723218433
1491416947581661185
1491416082837811203
1491415882899542018
1491414952368021505
1491407301013798914
1491405268596707335
1491402427945582592
1491394975937957890
1491393749603459084
1491384221935751168
1491382410743017476
1491379898916773898
1491376875838787589
1491374079789891586
1491370946426728449
1491368285929361410
1491368283781869568
1491367893736783873
1491364384387612676
1491363729350754307
1491360446535897094
1491360439242203141
1491352524636721154
1491346223743508481
1491345386610606088
1491337838138642433
1491335686905303041
1491329707778121734
1491323366871289861
1491322266726318080
1491320370049466371
1491315498080153604
1491315412449243139
1491315014745358338
1491314360589107200
1491314240338407424
1491313149731274752
1491312763133915143
1491311719960150016
1491303757652836360
1491300291601330177
1491296367796715520
1491288793051430912
1491286921464913920
1491286420740538368
1491284617370173442
1491283457213071366
1491282038351331329
1491281660696211459
1491280561025204225
1491280036284203013
1491277324058501120
1491273340056895490
1491272216579014659
1491270826448277504
1491270331126128642
1491265378676137991
1491263003890941954
1491261877879730179
1491588915358101504
1491424921494618120
1491409066668982277
1491306166143516680
1491288599060709379
1490865529145655297
1490820398933413892
1491562714786717700
1491276878434676736
1491366563345473536
1491353744705204227
1491277381994102784
1491612517189455873
1491556018655879168
1491282328647507972
1491428413043011587
1491404356213940227
1491369601456021505
1491366652705148928
1491339802981322757
1491339116973228033
1491327275929051139
1491326177256308744
1491544690860068864
1491280012116635652
1491418743607820288
1491579299056721920
1491465408792039425
1491393795078107142
1491388228334948353
1491384180949000196
1491381440155910147
1491380272738476033
1491279711263424512
1491603520428318721
1491413362533888004
1491376476607987712
1491364471133990916
1491361118400712704
1491351765606088705
1491326106250911744
1491316639731970051
1491323833848299525
1491309930846232581
1491574594100432896
1491608139455959043
1491575425176276997
1491413707678949380
1491621195946795008
1491568313826099201
1491391406581366785
1491388452537237505
1491371482370707459
1491316378686541824
1491296889366773762
1491295572611190784
1491286972220207104
1491271268938952704
1491392758614880258
1491347165217640449
1491342700242604032
1491284687440216066
1491623640563355648
1491621352478248960
1491620230488997890
1491610000178831360
1491590501010927616
1491583607873622018
1491568415294640129
1491491874623799296
1491424072873684992
1491423071034822660
1491406890903150593
1491400392550522883
1491390314044858370
1491335987729170437
1491324534011863044
1491320115488759811
1491319977160642560
1491314578504155138
1491307043143049219
1491302564222017545
1491278099023286275
1491277487976095744
1491620320176132098
1491604882687930372
1491603244166311936
1491589152126943237
1491575414627598342
1491569606498025473
1491465541642440709
1491441791320879111
1491438510959579137
1491433669114097669
1491431488709341185
1491415316743680004
1491412838837268483
1491411172624846857
1491403530019962882
1491392743016321026
1491392727358926850
1491376020112678917
1491371843067940868
1491360413623386113
1491359807814905860
1491358623695794178
1491347278291881985
1491322293934759937
1491321662066724864
1491319958575276032
1491314798747090946
1491314614495490048
1491301354006261760
1491268743988924416
1491382667765764100
1491300616781840384
1491297168942301193
1491621570535895040
1491621224950087680
1491621214569189380
1491315078968528896
1491293295028600833
1491618054404702208
1491569319158992898
1491400929597620225
1491309273749815297
1491309256767057924
1491309248592359425
1491438265182093313
1491597099611594754
1491593721242030081
1491593176481550336
1491571962006573056
1491402796486508545
1491396442812198922
1491371090832429060
1491364186324357121
1491361205751263232
1491314549278253056
1491311113614823424
1491620658102816769
1491596670999482368
1491595078464569347
1491448939115352066
1491436806961008640
1491426371184521219
1491410417121636355
1491367477804421121
1491366091633078272
1491339860329730049
1491324382744297472
1491622850645880835
1491472468233506820
1491422040888590341
1491399985044529158
1491379897809670156
1491379180503990272
1491358378022834180
1491348658763481090
1491303177496723457
1491270125307465728
1491596189791571970
1491572166986539008
1491334690447724550
1491537249917292545
1491452149599191043
1491317347118108673
1491591027773550596
1491572822124105729
1491351645745459201
1491302441346027526
1491268206954106880
1491594088046469121
1491617433559650305
1491426897229938691
1491421362220859397
1491411829251211266
1491395123858403328
1491391432078536707
1491316819910852610
1491316177049894912
1491281624503562242
1491276747694026754
1491617874280333316
1491585329463455744
1491572901987766276
1491561712335482880
1491530738969104386
1491427397152870405
1491413248801132552
1491314204913340418
1491304069272866817
1491624019539283968
1491619773410852869
1491617902096941058
1491594120174850048
1491594109642895361
1491577920397410304
1491544256925810690
1491413251359649792
1491391295826558983
1491383223649452036
1491383123682414602
1491373320037896198
1491373204723867649
1491373020015112192
1491352239050719234
1491344284167307267
1491330261883420672
1491330177670205447
1491322737553719296
1491311285665148929
1491309462493462530
1491278647831187457
1491368939049619456
1491338574494846977
1491383648272400386
1491313443542302721
1491372592615215105
1491267119451099137
1491623626067816450
1491605032034189314
1491415512748032005
1491305886089895938
1491359042203439110
1491319082268114946
1491580903306723331
1491327162850627584
1491581348703727619
1491542392024952836
1491540604148273152
1491359044183150593
1491327053580615686
1491310293980676096
1491295257040138243
1491619970752876544
1491605443038564352
1491595214120636420
1491588128276365312
1491463595749933056
1491400138807734272
1491346616976285702
1491338842762186752
1491338507360817152
1491335080211783685
1491305733539139584
1491300753084137472
1491627228538359808
1491621092699820034
1491618501634658304
1491616719299031040
1491607849213984769
1491582366233808898
1491557375475474433
1491433444899176449
1491413741678006272
1491413611671334912
1491406726234398721
1491401878164631553
1491397681520201728
1491396396381249537
1491378632673366020
1491377643308355585
1491348301668810756
1491347971514187777
1491344301481406464
1491334156349247488
1491327103291523074
1491317307133808645
1491316463659274240
1491315256131747842
1491314435667140608
1491311573012746240
1491308897818537986
1491307163394129921
1491302349557858305
1491301525066424324
1491300655272951812
1491296727152074752
1491294994648670209
1491293796566712322
1491293527959306240
1491290766710165504
1491266121030578180
1491588376637571072
1491582792702242816
1491485195974832128
1491404983744757761
1491403399702904834
1491401376345522178
1491388012512825346
1491361467282894851
1491347117864255488
1491325240768856065
1491309840207314944
1491309566365417472
1491335340359323650
1491607885771853824
1491576382597771267
1491574279934148609
1491568725480280067
1491311600837734400
1491320635276279809
1491433612381618178
1491378941470584833
1491357730720088064
1491574733003173889
1491377454547877898
1491357821564497922
1491297769998680065
1491268611507630080
1491357077662736389
1491325154437312516
1491286831232851968
1491281374145552387
1491271704605499394
1491408141644627974
1491386128129495045
1491341707488919555
1491322460037337088
1491318313573654537
1491312496569126913
1491295001992908803
1491282245898088451
1491596689165406213
1491593239622656003
1491313002033074180
1491322465884282882
1491313531270344704
1491607609991831553
1491569419314601984
1491378438363836421
1491376945845596162
1491368932640714752
1491368119499366400
1491367931544227840
1491340567296749577
1491338386619375617
1491318556268855296
1491311990304034817
1491310795023876096
1491285750151000066
1491274396404969473
1491273214034845697
1491629123500134400
1491601201619939331
1491433994701119494
1491417732197146629
1491393350939070465
1491384130084683778
1491381450893328390
1491381020683534340
1491380122146209795
1491363890256510983
1491355749351825408
1491336782935650306
1491306728969093125
1491272034114228229
1491484393709645829
1491463142513459202
1491461398760935424
1491457505087860738
1491406721243250695
1491386706800812032
1491375157717663746
1491365225492520962
1491363174268149760
1491353027533742080
1491347663438049288
1491327112581885952
1491327060811591681
1491325163861946372
1491325157394235396
1491322473475973120
1491322456581488648
1491316251532328960
1491313954085543940
1491302051459989504
1491291442618433539
1491620378703130627
1491484380669554690
1491450717349253121
1491403789152432131
1491344856664649732
1491320541051244551
1491308926880862208
1491377366656249856
1491364838656081924
1491409490519810052
1491629563281289217
1491414830917767168
1491414035081818114
1491288978498396162
1491278965507760128
1491420186259648515
1491329188573622274
1491330152605032449
1491325263656865792
1491629932392620032
1491592069542191104
1491420723331551233
1491629673398288386
1491629450999767044
1491627540058087427
1491585984974430208
1491415308997120001
1491413516221566978
1491413427415576581
1491412361328357376
1491412124224352258
1491329500378185729
1491328992238239749
1491328901515464707
1491323871068581889
1491295141000519681
1491279069149032449
1491346767803469824
1491629823844036613
1491608102709329921
1491578132394299397
1491577753862168578
1491549375788511234
1491396565399126017
1491381922597343234
1491369140820770817
1491336153701978112
1491306018961526784
1491286142158786563
1491275774837792773
1491589770241544193
1491373359460155393
1491318274109620224
1491279146034823169
1491352892925956096
1491574150728601600
1491573904661311488
1491553151861739520
1491441191132741634
1491412481201537026
1491412413111242755
1491409567192055809
1491348153479864320
1491312686877003776
1491296406102892546
1491295853268848644
1491269903319715841
1490634651677114370
1491531903329095680
1491517329062068226
1491443119921184771
1491429609174630403
1491398862577496064
1491376909212876801
1491371561496231940
1491350249205821440
1491348344962449408
1491339220769976325
1491335970230530049
1491330371036016640
1491326670422568960
1491323211719790593
1491322355016429570
1491316432076156935
1491314128639905794
1491313610966323200
1491312723740995588
1491309148684042246
1491280308318400513
1491278808003260416
1491626159616200706
1491609876069752834
1491603641555247104
1491597517074870273
1491590173431562240
1491572750879625222
1491571408962727936
1491571035820498945
1491446632705302529
1491444792345370624
1491424617403015169
1491409574951538689
1491406068618244100
1491405707325091840
1491405448112910338
1491404900328423426
1491404484614197248
1491400115369943045
1491366112390713344
1491360772190277632
1491355471521157121
1491352300329529347
1491331877055385600
1491330259618529282
1491324921691381760
1491314866472517640
1491309619582738433
1491308043543642119
1491303002313195521
1491302158368915456
1491301074321682432
1491296008596496386
1491288780002979840
1491277636898734080
1491276697291091972
1491270563037605890
1491583872085401605
1491377156878127104
1491359349255843841
1491331795849457671
1491331380537880576
1491314925595410434
1491312102480703492
1491302988350357504
1491276254980751361
1491442685810737155
1491616524494606336
1491569020117536772
1491530354003484681
1491597785569046528
1491332245843759105
1491311753648816129
1491370294296342528
1491434329112997894
1491306595527311360
1491394493186441219
1491615405621669897
1491463022530871296
1491275684794474497
1491274379711631360
1491572465532907532
1491467121351487488
1491452220709404675
1491434080285896705
1491408820526264320
1491367684927549440
1491571258470850562
1491400154574114819
1491392047722688513
1491389894253776899
1491325559372414978
1491325268057030656
1491281620321845249
1491604170704445441
1491602955916963840
1491600905887645699
1491595301551243265
1491479673406394369
1491422042406940673
1491334427984957440
1491331398367854596
1491325561662500864
1491304684514320384
1491285103334793217
1491325849131696129
1491325634895028226
1491621178275893251
1491617467596427267
1491598471388090370
1491576878636797953
1491570919499878401
1491448246316974082
1491433211419062282
1491420326898835459
1491412091227746311
1491411673529610241
1491411518646530051
1491410525141438477
1491383901004054528
1491378141050601475
1491356587906465792
1491339469018251265
1491310694025039881
1491300046142570497
1491415155456241664
1491325836674289664
1491320925823782913
1491320458079522817
1491624269234663427
1491621936626950146
1491621550717804545
1491619174031847426
1491615317344198657
1491614692082864130
1491613958490693634
1491612322066202631
1491577260423274498
1491576799473528834
1491568422588612612
1491449830442700800
1491444389008539649
1491432558633971713
1491419621416910848
1491405943841882115
1491404474749169667
1491398252373377029
1491387921806487555
1491383293585260545
1491359812973907968
1491346019577401346
1491333231681015810
1491329096424783874
1491328661077000192
1491319286681731073
1491310256437477378
1491310225257005061
1491627424903471105
1491563962873225220
1491560229938597894
1491466114966056965
1491455188342743040
1491440038831595523
1491439113069019136
1491436252490776577
1491430469774483457
1491420198196236293
1491414293690335235
1491404110553583621
1491398108030582784
1491383138823847940
1491381483185262592
1491375190785224706
1491374128406081538
1491368711126908928
1491365779123568643
1491357526654595075
1491346276008730625
1491337360394833920
1491337341037801476
1491334654695133184
1491325555777896448
1491325053304451072
1491324628400488450
1491321119177338880
1491319119823908865
1491312817202688000
1491306861664309249
1491281465736241152
1491271094615126017
1491270681773883396
1491628760201760768
1491384731015184387
1491312139507990528
1491613925703839744
1491417216080019464
1491594282704072706
1491434003123273728
1491326359553323008
1491311733151268865
1491629079983837189
1491608407488352257
1491594794891890688
1491576964221902849
1491575513047257089
1491523166476247047
1491459741121318913
1491404871534186497
1491382790491090948
1491336114493595652
1491323044652273666
1491278834423185409
1491628082553589760
1491594841112727552
1491579139471867904
1491576788241162240
1491551007695769600
1491515665882169344
1491485644161486852
1491445628639260675
1491440957287731200
1491439320661893122
1491411719620489216
1491398673108205568
1491396671972208644
1491359781046661120
1491357396173991936
1491355556338372611
1491343927240433666
1491335217285632003
1491322534742364162
1491322140641341441
1491292820992585730
1489177921801568259
1491566127385743361
1491633739465588737
1491576517188456450
1491569664585080839
1491556958897258498
1491435684296417282
1491435311876177920
1491431559714701315
1491383589367595009
1491346640531509248
1491345363990884354
1491314309586382851
1491294085126443008
1491293006007517184
1491634207474733057
1491556444440829957
1491319371205332993
1491618476300984321
1491613559813722114
1491590624016879619
1491589085537849346
1491574141127954433
1491571731970019332
1491570463562100737
1491568806170296321
1491567051374223360
1491565668965171202
1491565243381784585
1491565153598390274
1491564509978234882
1491563374592811010
1491492996952559623
1491491834178191364
1491438183787405312
1491437358272909314
1491436387761291264
1491435779708841993
1491433851507580931
1491433649740599296
1491432931709304836
1491432578699902976
1491431644108320769
1491428519532195840
1491423842748665861
1491406354916933638
1491403655815516163
1491400639506968578
1491383226937769987
1491379451703148547
1491378965176815617
1491377765370970112
1491368866609774594
1491365858199089155
1491357875004129281
1491353569454600192
1491348496846569472
1491348083942510593
1491347878589366272
1491345298823999488
1491345125771190278
1491344203653459969
1491335520202682368
1491329310506237952
1491323039757520896
1491317012853063680
1491315727370174468
1491311207047102465
1491307594413408260
1491305342273462274
1491302198919442432
1491300608334528514
1491292004239962114
1491287692143120384
1491283557008146432
1491280471552303104
1491374865894744071
1491628379736776706
1491625466138337282
1491621327111069697
1491619426537709569
1491610687465930759
1491591555609919489
1491590717931614209
1491581463027802112
1491564770473897985
1491558137035427847
1491552528344903686
1491459128229007362
1491436343557525504
1491430274873266179
1491427437506625538
1491421399671803904
1491419767202533383
1491417534910054405
1491413689567948801
1491390423449112576
1491381851470311429
1491378252149325824
1491378076248600579
1491378053662281732
1491376937646059524
1491375148548882432
1491363879477125121
1491357405665722369
1491356429516931072
1491352187926380544
1491350178133012480
1491338376158801932
1491336697778343938
1491331161704251392
1491325907474460675
1491321254514946048
1491319543750623234
1491316923946397703
1491314746356023297
1491310952977166336
1491300436913328131
1491292616083664897
1491289299937263620
1491285524514230273
1491283997292654592
1491283872642117632
1491283418466111488
1491282274742317059
1491273141720850438
1491632990556143620
1491628446455570434
1491612289707184139
1491610626212638724
1491595060265521153
1491593937882353666
1491592832590696448
1491581586395267075
1491576213810606080
1491488577267458048
1491488045480103936
1491466713992335360
1491451959089729537
1491448840716636162
1491442056518320128
1491436355569983488
1491435514175836166
1491434749533237254
1491415869552947206
1491410322271653890
1491404075401105408
1491401740666966017
1491400139877285890
1491398767916228613
1491394641048272897
1491391408015814662
1491388856012521475
1491387907072225282
1491379450612969482
1491372493042446338
1491370983676329986
1491365238176104448
1491344964290478080
1491343213512523780
1491340224743763974
1491338692862312450
1491333940409675781
1491326478386032645
1491325583485140992
1491325311627108353
1491322771087196160
1491322279162441729
1491321565199605761
1491319050877947906
1491315380337319936
1491314121178255360
1491313894652264448
1491313496336003072
1491312611065208835
1491311891280699394
1491311325196484610
1491311010158084096
1491308378534334466
1491303393369137153
1491296863785422850
1491296738887745539
1491296318266155011
1491294380346703873
1491294065908133889
1491287278228230145
1491286818553479169
1491286699770810368
1491282831066435585
1491280756932755456
1491037670273073161
1491025296497455105
1491631041513025536
1491630423784366080
1491628839461539844
1491579611851157504
1491575835325005824
1491571932864598019
1491429194198564864
1491423578541408261
1491414809115783176
1491395405846020097
1491394699734634496
1491347268452388865
1491341550659735554
1491322268735401984
1491304256212975616
1491292601496260608
1491291869883826176
1491287870451367940
1491390711442587648
1491595157988601857
1491438396354744320
1491388702400335875
1491358381214670849
1491337737101889537
1491327764552912897
1491281086588268545
1491279830083862528
1491241574348763136
1491190039992504322
1491083153154650112
1491055220222496768
1491631231825440772
1491321091180339204
1491575017057906689
1491440497508118535
1491570736221278214
1491570893780402181
1491446520235032580
1491421753834278912
1491416184792969220
1491441975148843011
1491278024737955841
