1489810569012334597
1489805673994932224
1489796027842453505
1489794756968259585
1489792251148795906
1489790651684188162
1489789757261422593
1489768457118060544
1489765710578565123
1489759587310137345
1489693775005990920
1489644876711198720
1489629595800580096
1489595161608802307
1489588136183496704
1489587685505515530
1489586787232391168
1489569951786872834
1489569467407675395
1489567622933131268
1489564656234635265
1489557645304348672
1489555084883410948
1489549957220954116
1489548270774878213
1489544653963624451
1489541019804659712
1489539539907452929
1489539349163417601
1489538510428131332
1489528740304793601
1489526482678710273
1489522158628143108
1489519909105446912
1489512561880055808
1489504162589343749
1489503962734551040
1489498239233454080
1489496620664180737
1489494973590376457
1489493868055654400
1489493499384717319
1489490078527209475
1489466694137708545
1489465858053517312
1489463996335865857
1489457863692984320
1489453689526165511
1489449213511483399
1489810348685545478
1489809019145383937
1489800353604567041
1489797515503611913
1489796018007064576
1489787342600556549
1489787052870692864
1489787045656424453
1489781634031304705
1489781300827660288
1489773482192023552
1489770704899764224
1489761419524739072
1489759587654049794
1489744760030248960
1489653317475401732
1489650067065958401
1489633087768395779
1489628682931281920
1489620468940558342
1489618420798988291
1489617440090701824
1489616309579317250
1489599696297676801
1489594625920667650
1489588140406816770
1489586852122148867
1489585007585013760
1489584493270745089
1489584272352903168
1489583858500911113
1489583646654615552
1489573052052819971
1489570872813776896
1489566006733324289
1489562658903048194
1489560258347700224
1489557210245910529
1489554500725661696
1489550324209942530
1489548389679497219
1489546014126006273
1489536629685506053
1489534799811596288
1489531255129395201
1489523603591012357
1489522442053697539
1489520221308297216
1489518734964563970
1489516369628463104
1489516366642122752
1489515927964045312
1489513797421187074
1489512880764755969
1489512285710159875
1489511922995441668
1489508644064403462
1489507818105278467
1489507778028736513
1489505607442841603
1489501755289509888
1489495547446759427
1489491487389802498
1489490682624495624
1489490282047496192
1489489510799147009
1489474748274806787
1489472527629914116
1489471278683623427
1489470020509847552
1489464399119417344
1489462833721245697
1489460945092968448
1489459152728506368
1489450038988525570
1489669725307424768
1489561871573471233
1489509457730154496
1489491101568278529
1489803709823713280
1489780832424370177
1489778233201786887
1489775750840741889
1489767469703380994
1489762950856724480
1489735929774313475
1489655066810548224
1489654477246595072
1489653712583016448
1489645358653132801
1489630773569224706
1489593001047654404
1489592217396453377
1489584501689040903
1489583661465088000
1489576670248189955
1489558981592829954
1489554399282143236
1489552639088300032
1489550889820241920
1489547396552224772
1489544467937849346
1489537326816849921
1489533877324759043
1489526711586721807
1489526407890092032
1489523248102449152
1489518014164733952
1489515172834254848
1489510850197331972
1489509495151939586
1489504430760525824
1489504231568592899
1489501642366267397
1489499479854120960
1489496675114622979
1489496199770304514
1489469147956543488
1489459183116161027
1489795086271590402
1489531029945663489
1489470588062433283
1489789537853181956
1489788520809910275
1489766644658302983
1489751876899905538
1489720220554240000
1489625944457310210
1489613456420786176
1489611734847717378
1489591155268337667
1489568608149643265
1489561795253915650
1489560942765834241
1489559906860498944
1489552952155156482
1489549432060145668
1489549295825338378
1489548940689043456
1489547262015332359
1489545567026171904
1489543797541588993
1489542063037513728
1489541706920128512
1489541245991264256
1489539109391839235
1489527987016192001
1489520652612603904
1489520444843913216
1489518164329132033
1489515723626287106
1489491724846129155
1489488637838643200
1489474694126325763
1489464471286579201
1489811028749819916
1489809951048433664
1489806246240686086
1489804819032207364
1489802675059187715
1489799717353504769
1489799201097916417
1489795782303973380
1489795771491057664
1489795675726708740
1489794832969216000
1489791204154015745
1489791146356215813
1489789405178961925
1489788510278402048
1489784592156413963
1489780113168539648
1489778675906416641
1489777346035224576
1489775323809923072
1489767039493308416
1489765719289909250
1489764847143190538
1489764365582872576
1489754722823069697
1489750621112586243
1489744488524578818
1489727992209227779
1489718897494589443
1489656141714173952
1489646819395391488
1489645861613502464
1489637197280346113
1489632706958745601
1489627792774144000
1489618166846267405
1489617212801716224
1489614055094779907
1489612995713896450
1489604880692289536
1489602551347494914
1489600185793916929
1489593038976749570
1489592109011443712
1489587607306584064
1489586038951804928
1489584207479250949
1489582964744749057
1489577974395727875
1489577925057736704
1489576889102471171
1489574485774659589
1489572362068828161
1489571896056188931
1489569693535207424
1489569428442423298
1489568937616769026
1489568798998863875
1489568675698855938
1489562026355539969
1489561138874679296
1489560998184775686
1489556539278987265
1489555031343120386
1489552053630222337
1489548284720943104
1489547313790210056
1489544234872963075
1489542639607500801
1489539698074656772
1489535094817947649
1489525747429502978
1489519288889208832
1489517902470717445
1489517626053197824
1489516288057561090
1489513914790395904
1489510225736798212
1489510148133769216
1489505349887356929
1489504713125117954
1489504499899449350
1489504031928365063
1489501637253029889
1489501546408783874
1489499121526341632
1489497761997529088
1489496489827377154
1489495395873210372
1489492532644179970
1489485172542042112
1489473395745902597
1489468721261420550
1489468212471545857
1489459709145157635
1489455571992723456
1489572577236316160
1489557891077971968
1489550598823624704
1489550019904831488
1489536554863190016
1489520635139088389
1489494454830796805
1489811283708825605
1489808993883070472
1489808649904017408
1489808313491795971
1489807671096078337
1489806669144297473
1489806337882345474
1489806248279408642
1489805916509995008
1489805222947876867
1489804946589376518
1489803247854309378
1489802401221849090
1489794369167118340
1489794054791778310
1489792310640787458
1489790945172209665
1489787147913928704
1489782495927480320
1489780141421211651
1489779326887559169
1489778571304439814
1489778311773360130
1489776050410196995
1489775346711150592
1489775135750234112
1489772456026214401
1489772441723633669
1489772435922894848
1489772192447762433
1489772151159017473
1489771054382063618
1489770161338863617
1489768007652212736
1489765549005766660
1489715706677858305
1489700016310525958
1489687871640375297
1489684886315102210
1489667736867606528
1489661938833715200
1489656779915284480
1489647559828144130
1489645528342470657
1489643950617300992
1489641244443635713
1489620610783522817
1489614009292574726
1489613492281757704
1489610664729452546
1489609559849435136
1489608646027669506
1489607660676984832
1489607501599617033
1489607459874361344
1489603114764468224
1489600412864839682
1489599087666089985
1489597802296782849
1489597052632076290
1489595833402408961
1489594228153851904
1489593784854024193
1489589035232231427
1489588479050731520
1489584288731316224
1489575890313179136
1489570407929638912
1489568246345138179
1489568107395891205
1489566238183686147
1489565274357465088
1489564823536881664
1489564125789589511
1489562709473443841
1489559487388459009
1489559447538380803
1489557423551500292
1489556600104751111
1489553700037136384
1489551971048910853
1489549226136637441
1489548936578699267
1489548585654185988
1489546345681539073
1489544081667952646
1489543055292387329
1489541207868858368
1489539854946168832
1489537347628584961
1489536712040943617
1489535389408792579
1489534695029489667
1489527900969779200
1489527031411146752
1489526520024813570
1489526251169939457
1489524835181277186
1489524101995962368
1489523805454499842
1489517991368794114
1489508479488655362
1489506955236622337
1489506479073726464
1489506355568250883
1489504771685838848
1489502729219493892
1489501969513205760
1489500998603522050
1489497787817676801
1489494416339267585
1489493873332461577
1489486690787856386
1489478725842644996
1489476015298875392
1489811052007026691
1489808464528515074
1489808200060735491
1489807861215797248
1489807027006472195
1489807025227780097
1489802551625076736
1489802488404348932
1489802138901368833
1489800442141839363
1489800429995438081
1489800329688662019
1489798989931507713
1489798619297619969
1489798160113274882
1489796416390459393
1489795926545866758
1489794091122847746
1489792532603043840
1489791622888169472
1489791176471465985
1489791086810005509
1489790587499089922
1489789834562777090
1489788630541299713
1489787479989309449
1489786871311859713
1489786864093446148
1489784859887542272
1489784365509152768
1489781966363066371
1489780961503895558
1489780879845208064
1489780348812607489
1489779389508120579
1489776559833579524
1489776426828308480
1489775349999161346
1489773268261216270
1489772880887902208
1489771294904418304
1489770623757094913
1489770152174358530
1489769009252020225
1489768870131175424
1489768846596927490
1489767710091186177
1489767416124960771
1489767079943147520
1489764845516103682
1489764283366141953
1489763731970326529
1489760451671953411
1489758168196517891
1489754659677868034
1489754393322954753
1489753534593585155
1489752285194637314
1489751752929083394
1489750505593008129
1489749121728540674
1489746843412037634
1489746112286445571
1489746041574690817
1489739577015160834
1489739297779449858
1489734193122664449
1489731270124912649
1489689284688822273
1489686875002781697
1489671645438492678
1489661112505147396
1489659058512486401
1489654320056266757
1489647101118390273
1489645490777980931
1489643546953273345
1489642470233493504
1489637377882476548
1489637164581539842
1489630176334192640
1489628988947693571
1489628091811078145
1489628058017738753
1489625911980789767
1489614951748890627
1489614940868870145
1489614933566590979
1489614805808062469
1489611998568783879
1489610716633993218
1489610261405130758
1489609262946873347
1489608590453526529
1489607062271131649
1489606341345693697
1489604588080488449
1489604395415523328
1489602217321832452
1489601236366413824
1489600940542144512
1489600117430575108
1489599523894616064
1489599178988613633
1489596801124827141
1489596614784487427
1489596410148229123
1489595488571584514
1489595453612371970
1489594891646963713
1489594554009681920
1489594208575176709
1489594180330749956
1489593912063053830
1489593523137814528
1489593151463456769
1489591682484285444
1489590561426526213
1489589975050223617
1489589590638084107
1489788964336648198
1489781013589143557
1489776928609357831
1489775588873105408
1489767078588403714
1489765080849739777
1489687710042583040
1489683082462756866
1489637132402819072
1489621602300207107
1489605969277767682
1489605872401588225
1489588125055987715
1489574834774605829
1489561827801370626
1489559878192746499
1489558873950224387
1489555372444876801
1489554487656464385
1489545842096631814
1489545185725857799
1489543004935585793
1489531769279811586
1489531670420066304
1489527926504984578
1489519421571809284
1489519045229486080
1489516655118069761
1489515807067586565
1489509780100055040
1489503086884306945
1489497990670733317
1489494300350054400
1489491082182230020
1489489169554767875
1489487458396172290
1489486613969211398
1489486231100862464
1489481197495668738
1489479503886032901
1489471832025866240
1489470981588406275
1489469611250630656
1489468692706611200
1489468112516702208
1489461376326287362
1489453068131323906
1489452582498045954
1489452578203004929
1489452229178187777
1489584773454778368
1489561141101871105
1489650565835821056
1489613348857520129
1489609122525761539
1489607021934825474
1489564708852367362
1489564707451453440
1489501746091085825
1489486858828775424
1489485505376915458
1489535603301519361
1489497559874011142
1489811454484434944
1489809866520932354
1489809317612388352
1489785778263982081
1489785613004185601
1489765542584270849
1489748756434386947
1489740824783224834
1489697279594229762
1489643438652137472
1489603122926395392
1489588299534680073
1489584399931023360
1489580652919930884
1489554721753145357
1489553437838688256
1489548095356489728
1489543781288648704
1489535606921527298
1489528242843582466
1489527613291134976
1489515464137277440
1489504508774588416
1489498144790675456
1489489437994397700
1489484172268044289
1489455179036389379
1489454388091371523
1489209653640634368
1489796797543649280
1489795390849564673
1489618982306926598
1489530711753506817
1489796050919784450
1489787790921703428
1489561990825938947
1489531835118153729
1489493218278670339
1489643178286530560
1489625348904206338
1489563454361194496
1489528346891661315
1489646457229819904
1489460197923831813
1489759205603041281
1489729704550551553
1489657540736524288
1489608842715402246
1489539077749702658
1489494415513387008
1489481677915422720
1489769841032851457
1489223852857040896
1489631951032324098
1489610069159206918
1489632849167011841
1489631477017251843
1489617654100856837
1489549676466491396
1489510465067978753
1489456076231954432
1489806323630108673
1489795290593099776
1489783314550779907
1489782786563403776
1489750775828221952
1489632643717160962
1489612048623632390
1489610608890703876
1489583732981833732
1489575327667875842
1489512361694150656
1489509494296281094
1489508413772300289
1489490172920332290
1489483328797306881
1489482040517230593
1489455939782463490
1489450599330762755
1489765836009078785
1489644026337050626
1489622127452237830
1489619665186074627
1489604652899311619
1489599810231742465
1489578029173309440
1489576411623227395
1489564199810330624
1489559132046721024
1489556550133764097
1489531019464118273
1489513421280210947
1489509107191398402
1489503719402078210
1489491600036093955
1489575658653061125
1489573828644638720
1489473480156344320
1489786269362122753
1489597515599347715
1489599784503721985
1489542261553926144
1489638187794591749
1489489174839586818
1489488211822800897
1489507506242355201
1489490698277916673
1489472136775307264
1489597872551378946
1489596433963847683
1489594187612049409
1489583714174894086
1489583625834471424
1489582515199348736
1489582375646674945
1489581345819197442
1489579543698755591
1489579283236659205
1489578939224031233
1489578872853381124
1489578806155558917
1489574245709783046
1489574244107567104
1489570626767831045
1489569083956011017
1489568885804507138
1489565353248423936
1489551425898049537
1489548824159096834
1489525688616980480
1489509025884479488
1489501911095021568
1489484644760551425
1489619985592770560
1489615114227441670
1489596190266392579
1489595139618381828
1489579086565765121
1489554192146759686
1489484643108003840
1489575208759398400
1489607368006840320
1489482224563269632
1489542267777867777
1489513050743148544
1489478937042325504
1489631984716447744
1489586124968185856
1489536100112961537
1489536092189917190
1489536084090699777
1489530650524672001
1489528386414268418
1489457739432853505
1489592046436306949
1489513701741047815
1489804180017782788
1489592762219794433
1489798990489337858
1489720978410115073
1489611099116748804
1489597900971995138
1489589354074808329
1489568888748916739
1489498315548868617
1489473241219436544
1489455762803867648
1489455746941030400
1489496221659983874
1489495008830836738
1489488893527588867
1489781590951555074
1489724018252914692
1489723631894622208
1489636209387536387
1489635986690969601
1489635462084173825
1489624361669898240
1489620376842010626
1489601421494583298
1489601171266637827
1489600725143662593
1489598414547730435
1489594462913187841
1489581476261761030
1489579716235636742
1489571592384708609
1489561782046052353
1489550686039781377
1489547423286366211
1489542898357964800
1489528093241126914
1489527708443119616
1489523703008272387
1489522880857907201
1489507737520439300
1489494947489513472
1489490964792365058
1489485093513359365
1489478830662336520
1489455792436617219
1489524540980228098
1489612562157436930
1489590874615218177
1489553237955182592
1489799073251340289
1489469827613790209
1489758625648513024
1489678952390008832
1489570111170048002
1489494393522319363
1489796580911681543
1489786219378933761
1489616869250142212
1489574322368757765
1489811552505315329
1489718024676737024
1489708844527742977
1489628876946894849
1489558816245297156
1489512887085195269
1489465403688452096
1489782786890379265
1489650216278302723
1489630372917039104
1489568119970402305
1489566753336086530
1489543310716948481
1489535263550238725
1489529194698907651
1489523203576049664
1489522394972647425
1489518135950843904
1489512833302003714
1489511377756917761
1489510464912609284
1489510447397101570
1489510427495182338
1489510414450925571
1489457487225196545
1489770541196070915
1489656131433549826
1489595380828295168
1489568489136291846
1489529409485041668
1489785147855884289
1489514909234651142
1489554015042285568
1489634850315599872
1489634928702935040
1489570322940821504
1489570676298371075
1489570081457991680
1489755621167484928
1489646649123414016
1489638306363359235
1489634338287517696
1489634273644937216
1489627237230202884
1489626818219233282
1489626462399643650
1489567868887138306
1489533689805479938
1489494674792656901
1489466066011312129
1489564411190603776
1489577109509271553
1489513681352523777
1489495078687354881
1489814207013220352
1489802237199065088
1489766029840744451
1489737146835423234
1489584720593625090
1489554848634732544
1489524239715614720
1489494396315725824
1489468574997827588
1489464223641976838
1489807011474972674
1489620512540356608
1489605874771382274
1489603141465100289
1489571885788831750
1489476913630707712
1489503429441429507
1489785596478328837
1489652961928425472
1489549968369418241
1489796768464539649
1489795135940349955
1489782752530493444
1489742283427971072
1489727393095122944
1489608904606912515
1489602216910794754
1489544245921062913
1489527718480060423
1489507168789229568
1489504607273472001
1489501133291008000
1489457207465082881
1489784273154428928
1489779494714228736
1489774040898158594
1489749991015038978
1489702164100530181
1489636809076195329
1489597877353877505
1489577268464984065
1489576539604004869
1489575944889450496
1489566515313913861
1489557116411006977
1489540345981718532
1489539888932294659
1489539655653814275
1489537817386487809
1489532544400097285
1489527186331602944
1489527181898252289
1489527175132766216
1489504136391380994
1489484443043598339
1489476469088989186
1489651321037017088
1489642125775949828
1489484969894641673
1489617838243409920
1489636584618336256
1489516106754641922
1489502358375600133
1489485002375307265
1489492863557668867
1489742895691497473
1489815229240205317
1489610327889440771
1489556638944083968
1489534960809570305
1489533481395048450
1489508688326889473
1489507991107760130
1489797695447339010
1489590644456706052
1489489901376913408
1489494606949789698
1489811818906152961
1489813044951601156
1489812809362059271
1489631953209163776
1489617719519420424
1489603767167483913
1489469226624876544
1489463114382729217
1489457834442244099
1489439783298662402
1489532186084913162
1489781252484132867
1489772016664477698
1489628285093183490
1489626945369214979
1489626402916016130
1489623877278142465
1489620859610595330
1489619060832686080
1489606520237015041
1489590156571348992
1489578451543605250
1489551316947202049
1489537642026860545
1489533140188430336
1489515373992943620
1489512550211678208
1489490431855722496
1489468567523586049
1489628885117710336
1489626773889634304
1489613644044197892
1489597100639744005
1489592368563044355
1489556291206868993
1489534091598860288
1489533036735901696
1489524483866042368
1489519732537528321
1489518064375054340
1489511767080579072
1489511748944424963
1489506377504411651
1489497366277554178
1489484860993736704
1489473206318616581
1489468565858430977
1489662896942755841
1489507374930874368
1489489268695506947
1489809694709338113
1489800463520178177
1489763790095007747
1489611704212148226
1489609478915833856
1489601134461599744
1489576249294917633
1489574192979021825
1489565273086521344
1489534000846626816
1489526219700080641
1489510802902351872
1489508913993371649
1489508764361564160
1489493991972241410
1489491420667084800
1489814821084483585
1489772955689111554
1489606663430877188
1489573718791790600
1489533065651109890
1489515762255818757
1489514582079307776
1489489195890798596
1489818238578196481
1489497883804311553
1489493286964559878
1489603728864780297
1489579067854979074
1489545773704486915
1489803133815508996
1489795685964984324
1489793531049033728
1489769373770596352
1489767242388877312
1489748567090552832
1489615654374490115
1489613908109185025
1489584272310956033
1489572306905346049
1489571140603645953
1489569010375008259
1489554519151513604
1489541230707228672
1489541052860026880
1489534263934529536
1489517630838870016
1489516970840313856
1489510435489746948
1489507838603202561
1489462487422365696
1489609814200045569
1489501512770662403
1489808005986422785
1489804702711947264
1489787231602577413
1489785178289360896
1489784661324677120
1489780931246243841
1489777723912327170
1489777103289470976
1489752883306237953
1489752863660134403
1489751166846369792
1489749418425286657
1489748188559216640
1489746744669728770
1489736938487648264
1489732586943311876
1489722302862622720
1489703478956269568
1489702587263709187
1489626962251317248
1489615652545789955
1489615081059266563
1489612728537071617
1489607089203089410
1489593939107905537
1489592526420209664
1489578773225689090
1489574543220183048
1489572758602530819
1489571357277188096
1489569336629264387
1489566308127498243
1489564753429028865
1489564156814508036
1489561622347943938
1489561231690469378
1489559196647391234
1489559061456896000
1489558944179945474
1489552281213485058
1489543862343270400
1489535440978051074
1489527274772865028
1489525850894893059
1489517581451280387
1489515802563084289
1489514727034482688
1489514212556742659
1489508938798477318
1489502482560544770
1489496086356316161
1489495995197313027
1489814411863031812
1489811081728245765
1489800988093415426
1489793346373439488
1489793202232360961
1489790156877930499
1489786231483678722
1489779792946003969
1489762114629959681
1489758129059360772
1489742980680327171
1489698363625074688
1489666671035957251
1489653439067996167
1489651721336934404
1489638891623960576
1489634470407725057
1489614593303330821
1489604867119329283
1489604201877438466
1489601440532238341
1489596078659825672
1489595081099464706
1489585248589725696
1489583980609695749
1489583731325419520
1489576019162206213
1489573406710579200
1489573009803202562
1489569031564972038
1489565005913546753
1489563619188621313
1489561899117481989
1489559762966507525
1489559733417611270
1489554837650153472
1489551475659669510
1489551261984718851
1489550696772894724
1489546595578396673
1489546162520887299
1489540433638150145
1489537332340396034
1489525512309702660
1489520459951460357
1489519757195894789
1489516144365129728
1489516135502520321
1489512335593336832
1489511760524500997
1489501912533663744
1489493657350971392
1489491357068832768
1489484925342724096
1489483640299950080
1489480260093497347
1489464986309378049
1489810379345895424
1489795873865605125
1489795291608154114
1489778995855953923
1489578613913628672
1489575892041203712
1489538626027343873
1489516127193649154
1489495629336559616
1489492720297332736
1489490055211421698
1489469869435150340
1489457503960444933
1489615353554804740
1489569611846942725
1489551473587650561
1489535955413307394
1489494746691403780
1489609375790485505
1489609373919838208
1489609370992185350
1489564347655667717
1489531328429125635
1489512482297106433
1489778142713909253
1489507313904160768
