1490531790838452225
1490528598268133379
1490525731398438912
1490524507181772802
1490521560507367429
1490521106754768897
1490519457512722433
1490517154512642048
1490512911243960321
1490512908882751488
1490511696120537088
1490511175196368898
1490510842080595974
1490509024109809665
1490507087981416449
1490497611337732096
1490494390892363783
1490490561341452290
1490489980933664771
1490486603982245894
1490484258561204225
1490474101676580864
1490474071636996096
1490473307506110465
1490468872600035333
1490465710363267073
1490464805995806726
1490454351319494658
1490443416420765703
1490418636665798656
1490362196110745600
1490357903681003524
1490355437870678017
1490351596412489728
1490344114998898688
1490338081756844032
1490329079068856324
1490327401704083460
1490326556618952704
1490312584771543042
1490308273437691909
1490306940127571974
1490305278239469573
1490297858721222661
1490296789093994496
1490289842298961922
1490284605215100932
1490272465842442242
1490270828734259207
1490258960720736260
1490255321087963138
1490247170750291968
1490242604344422401
1490241092281049092
1490239943700267010
1490237408146825216
1490235676834500609
1490227465280622595
1490224851499454466
1490224800979062787
1490224018540359681
1490214345363828737
1490194585603424256
1490535759535013890
1490530120595034115
1490525624791810052
1490520709709410304
1490520311070347268
1490520291533279234
1490519843572912128
1490515922993303557
1490507833154375680
1490505750342352898
1490503562807312384
1490503253326319617
1490503243146825730
1490502600789086213
1490499717276790785
1490499508190412801
1490498897823035392
1490496304950046721
1490493120861315072
1490487143839383553
1490485952795803650
1490485807379271680
1490485123430912000
1490474096630824960
1490472698102747139
1490461576867901444
1490461569964134403
1490456240975138817
1490456217445150730
1490455926033297418
1490452099112574977
1490398800770658305
1490386353405579264
1490358337627910145
1490337907822845952
1490337903980924932
1490330817494945792
1490324921695686656
1490323025295593474
1490318128391528455
1490313191385366536
1490309728207241216
1490304971392565248
1490302088177647621
1490301574283169793
1490301119414874116
1490299943369994249
1490298918113984513
1490295855894593536
1490290971694616576
1490289288600522754
1490288115226853378
1490282571284074497
1490278219441836033
1490271405585285120
1490270190004695041
1490270160808075266
1490269189747130370
1490267775633342467
1490264305450639362
1490262987600691200
1490259375545778180
1490256057498836997
1490255433894096896
1490246552178159619
1490246231024893952
1490240256209162245
1490238311918489600
1490238270386491392
1490211450534920194
1490207970474737664
1490200553825378307
1490196188616077315
1490327960821600258
1490533744469745666
1490530426221314053
1490529095276724228
1490527425696256004
1490502397386706947
1490500606808969217
1490494268137373700
1490491430044721155
1490485099909238784
1490443633962614784
1490402999227002881
1490372232295579650
1490362904696463360
1490335110184407042
1490327876004048897
1490327704184721408
1490327331595948034
1490327072870629377
1490318824201396225
1490305430186172417
1490304773546921986
1490302583608537089
1490302198965698564
1490288378658816000
1490282542947532803
1490277816394723329
1490267743161303045
1490263416597991428
1490262131056734210
1490260494493831169
1490256110137536514
1490254203700531200
1490247014759940098
1490246362772164608
1490237950617022464
1490227212100186113
1490223495720345600
1490221775959261185
1490215042108702722
1490210460037451779
1490204311196155905
1490203981351878656
1490291302206177282
1490531696462413831
1490520406205542408
1490520334369718274
1490514847007707137
1490482536740372485
1490482007650242560
1490479168580034563
1490475296453120000
1490468682362802176
1490445230243467269
1490371728287354883
1490335485469753352
1490316865708642304
1490286857456078850
1490276053411315712
1490275287757508608
1490274984601677824
1490274293644595202
1490272915283386372
1490268469656690689
1490267794180800515
1490263784799498241
1490258489075441668
1490258104021581826
1490255079198318600
1490250830553174022
1490246255427334144
1490243501975797763
1490243255615000578
1490242707142627329
1490241732298088448
1490240480591990784
1490240448371339265
1490230530113404930
1490230092135813121
1490225362143694850
1490224838317084672
1490221165557600256
1490216294893113347
1490215666477301762
1490214793285758981
1490205973134589956
1490197516398493696
1490196089042997250
1490191469705318401
1490535804371939337
1490534458570977281
1490532543615352833
1490531053479469058
1490528430752145410
1490525575395823618
1490524116004519936
1490522227997298688
1490521379703521280
1490521101465653248
1490520269567700995
1490518639442681858
1490517184648740867
1490516308336988161
1490515659091943429
1490512820567687171
1490510698492817409
1490508575063838720
1490499195895123968
1490499082472890369
1490497264246489088
1490497167047344131
1490495805907554305
1490491771515981824
1490489683021004800
1490489041045057536
1490488428999639041
1490486371743825923
1490484278668709888
1490484265469251584
1490483367904972802
1490483318584152064
1490483001486036993
1490482254594080768
1490481496745861122
1490477054537928705
1490473016186535936
1490471323432550402
1490468243387355143
1490467855636504576
1490465955889451009
1490464874367172609
1490464591842660352
1490458668785369089
1490403811680161793
1490398543705608194
1490380987280543744
1490371950077644800
1490360662228299776
1490360299731697664
1490359043650572291
1490358190348771331
1490354640898068484
1490348070512783364
1490347069550510080
1490346583082553345
1490346025982525440
1490344222733774848
1490343654145544192
1490337058266939396
1490336848807280642
1490335021370339331
1490334112686968832
1490333734222004224
1490331575581835267
1490330972562530305
1490330606999257088
1490328795903000583
1490328055990337538
1490326566190338049
1490325698786910209
1490325340082049025
1490325062725304326
1490323864832086018
1490323061018873857
1490322299480064000
1490321091956736000
1490320978651807747
1490320334226034692
1490319966872035330
1490319449664077824
1490317486713352196
1490316892401471492
1490311245781946371
1490309561764356110
1490308251442843649
1490306793071050752
1490306447187787785
1490303259076329477
1490302811321503747
1490301974117773312
1490301766193524736
1490301750565548033
1490301135034646528
1490300592753094661
1490300240460914689
1490297920884985862
1490296349467693060
1490295736420175872
1490294779116077057
1490293826153431043
1490292947245359110
1490291734634713088
1490290629762379776
1490288022658883587
1490286062429560835
1490283968423284738
1490282491956981760
1490282096677449730
1490281841060114435
1490281720490311682
1490280470961029123
1490279452810813444
1490277729778151426
1490276506752659458
1490276000424345601
1490275617446985728
1490274533886300168
1490273893952913409
1490273742697603081
1490272488613609474
1490272396020170753
1490272336355880960
1490270123852439553
1490265175093485570
1490264734381518853
1490264023589437441
1490262898257858561
1490260873247526917
1490260737427898368
1490260565377236993
1490260535656341504
1490259411142864897
1490500973533425664
1490486859046473729
1490483565901250562
1490480689958903810
1490478122344587280
1490476386229755904
1490476218159828992
1490352065641852928
1490341380866125824
1490298404567920642
1490295157945954306
1490284716838174720
1490271552184758290
1490259151431548928
1490258576082092032
1490254178782183426
1490240163808567298
1490236742485434368
1490220775403823105
1490214693201649664
1490534052809814016
1490533769715265538
1490533625758203905
1490532364417912832
1490531617814691840
1490531379599212551
1490530258747260932
1490529688623607808
1490528282898759685
1490528210110476289
1490527616004091911
1490526677616971776
1490526571907584000
1490523600524541956
1490523512368336901
1490522905981030401
1490522646211366915
1490522465038045184
1490522265808945152
1490520336651386881
1490520070954487808
1490519345327673344
1490518654940696576
1490518519460483073
1490518260164751365
1490518163960000513
1490518086620909570
1490517785591808000
1490516411378114560
1490516035492925445
1490515606525083650
1490515020458774528
1490514915735785472
1490514073645383681
1490513260357255171
1490512078146211843
1490511221799686144
1490508875598295040
1490508268623433729
1490507407008489481
1490506982784057345
1490506645759315971
1490506382915047424
1490505848782606338
1490503611784171525
1490501760733282304
1490499969782272000
1490499836130430979
1490498666326806528
1490497169882763266
1490497024382226434
1490496945416474631
1490496915418480644
1490496828101767168
1490496629295951874
1490495962791682048
1490495455444160513
1490495338683064321
1490493903392620546
1490493786761592832
1490493700148920324
1490493658415927296
1490493627340300288
1490492836542038016
1490492479636148224
1490491405512626176
1490491254215671809
1490491106941112321
1490490235863855107
1490490210526072833
1490488247012577281
1490488239953567747
1490487935279325188
1490487814189826052
1490485104564932608
1490484618403147779
1490484175216193536
1490483751650209794
1490482706429673477
1490481305938952192
1490480913851252739
1490476866352087040
1490474127639015424
1490471474972749826
1490470607640985600
1490466431741403137
1490465737655599105
1490447222882070529
1490418640361070599
1490405706612183042
1490398736853643264
1490390814228303874
1490389098808242176
1490382763861504000
1490380844262825985
1490379278030348288
1490374658444562435
1490369778602889220
1490364689716367365
1490362901995331584
1490360138632286212
1490356718454607872
1490355622616846337
1490354492293804035
1490353915489288193
1490352978058162177
1490348405595717637
1490348287022764032
1490347650973335558
1490347583625400321
1490346963271032836
1490346206609895432
1490345155177504769
1490344085076738048
1490343795191586817
1490341905896738816
1490341562840399873
1490340409574182915
1490340105323565061
1490338779348946945
1490338691872862209
1490338003327197188
1490337855050182658
1490337258347843586
1490336932781772806
1490336594020208641
1490335604663488512
1490335525516890118
1490335163347537922
1490535501517918210
1490534799303659520
1490534019708375040
1490533873545277442
1490533014337515522
1490532949770395648
1490531780738560002
1490531594242830338
1490530498220863488
1490530488636919814
1490529877346242562
1490528937381822464
1490528657966002178
1490528209339035649
1490526769731887107
1490525886294392834
1490525752412209154
1490524996963569666
1490524698257412106
1490524467096924165
1490523773401190400
1490523622280429571
1490522968547815427
1490521959196766209
1490521010600235009
1490520571092017157
1490520326287024128
1490519901366149123
1490518599399723012
1490518289520349186
1490518194347397120
1490517947684515847
1490517940608724998
1490517206257438720
1490516579729428480
1490515706600820738
1490515393034731521
1490512756382265348
1490512225282715650
1490508867645493249
1490508146649219075
1490506263062581249
1490506257421451271
1490505956886986752
1490505836321337345
1490505552706740228
1490505344120139776
1490504851897212934
1490504813271945218
1490504541829173248
1490503400228003841
1490503138478268416
1490503130223505408
1490502886325108738
1490502600370044928
1490501366405500928
1490500972086394882
1490497848081027073
1490497585093640195
1490497162928525312
1490497046318510081
1490495413191086080
1490494730974556161
1490494405123346433
1490492143374192641
1490490512784375808
1490490111779549184
1490488647267028992
1490488186811736068
1490488114036371456
1490487991193976833
1490487734984577024
1490486866088710144
1490486762388717570
1490486663730319365
1490485966129500160
1490484215942553601
1490483718451982338
1490483367347113985
1490482331194327043
1490481721879547906
1490481698894540800
1490480153587490818
1490480095320248320
1490479619291910145
1490479554514669568
1490479554430836736
1490478751636877315
1490477299560751105
1490477035352821761
1490476883234136064
1490476105924759553
1490475531195727872
1490473564373647360
1490472173311770626
1490471791214563329
1490471114568454144
1490470167645949953
1490469646780465152
1490468718450995200
1490468642680569857
1490468411771879424
1490467514933219328
1490465028775964677
1490461584153804800
1490459225008574469
1490452571726954497
1490448158937456640
1490444195303096320
1490439270774968320
1490435816623337472
1490431737054175232
1490400696021426176
1490399429891072001
1490398616967872512
1490396937870508033
1490389440505970689
1490535249734152192
1490528979027050496
1490528971464736770
1490517381319634949
1490514975953424385
1490514147640942592
1490512134425710592
1490503079267278849
1490493836988084224
1490493700094697473
1490483100044099584
1490474783980810242
1490382813576658944
1490374708063129601
1490366172281606146
1490365699034054656
1490365230894833665
1490352251721773058
1490343189659922434
1490339816101138432
1490339686384287744
1490339405025853441
1490338922890928129
1490338920533729281
1490337914642780163
1490337874289430529
1490337873115054086
1490337846934138883
1490337768991772672
1490334577499721731
1490332265489960960
1490331844487020547
1490330121609236484
1490329759179755521
1490326364972797962
1490318411469291522
1490317804234444805
1490309851477524480
1490309485511929858
1490299534815404032
1490295216502620160
1490294274558394373
1490293218323628035
1490292066412535808
1490291277090353155
1490282871805734913
1490280212894203904
1490280211115802624
1490275760136802307
1490270339158667264
1490269359003996162
1490266500900753412
1490266442163314689
1490266244955906051
1490264733806575616
1490256389750812673
1490255544460128256
1490252557075517440
1490250985377513474
1490249793074974720
1490248989555703811
1490246131670216705
1490244264588361729
1490243662046920711
1490238829659254784
1490237223752458251
1490229911029620738
1490229880872923136
1490228484358438923
1490227109599408128
1490226183187099648
1490225188986056705
1490223595444146177
1490222316285882370
1490221440779849728
1490217993271345153
1490217631525212160
1490217522926604292
1490211898331377668
1490199929113161731
1490194478224723969
1490355197482532864
1490256436475023364
1490256361602445313
1490253128511287301
1490239798732521472
1490221971837431812
1490529353327058946
1490275436924137475
1490347238736162817
1490287069578801152
1490483382559866885
1490470185001635842
1490369746507759621
1490369592212226048
1490351064004313091
1490312253845151747
1490288235108450306
1490271143336755200
1490193407331155969
1490305862153424897
1490198536767836162
1490535001028325378
1490533513828831234
1490532954002526212
1490525974663884800
1490524094982660098
1490517665513107460
1490515663940907010
1490512157297221633
1490504584225525760
1490502899369410561
1490496592285429760
1490489686451978240
1490489678860288000
1490489257978302464
1490483139889999873
1490482963565322243
1490481546822037504
1490476292961353728
1490474515188846593
1490460999878512640
1490411099145240577
1490372041610248192
1490356652104511488
1490355355716440067
1490349900327837696
1490348933188517897
1490346452169723904
1490339431420956677
1490330977725415425
1490330630126637057
1490329317808566272
1490327179485347846
1490326683643441158
1490326379426349058
1490324228326891525
1490324029936664581
1490322376919482369
1490318241780346882
1490317838094979073
1490313549419139074
1490312294848675840
1490310727411720194
1490310020181139463
1490309666643247104
1490307168247386115
1490307162794754055
1490301680780734468
1490299899438825472
1490299662342909952
1490298831069536259
1490298394057015296
1490297312484147205
1490294362173239297
1490294217909968898
1490290550741901314
1490290536473063424
1490289430099230720
1490288373923446785
1490287094677348355
1490286230172745730
1490281566677123083
1490280863057461249
1490279907653726208
1490279660495962115
1490279574470799360
1490279449665089544
1490279338830610439
1490279104498786307
1490277848317186051
1490275469929095169
1490273810121371648
1490273020019032064
1490271086893670404
1490269918310600704
1490269906352611333
1490269469092245504
1490269307799961601
1490266781075730434
1490266111124074496
1490264119446020096
1490261718601125888
1490260743886753796
1490260743387697156
1490260352852172804
1490255457235050498
1490255239609741314
1490252949658169346
1490252168795881472
1490250012760371201
1490249139065864193
1490248899688562689
1490248897864024064
1490248895485857792
1490248787977453568
1490246694180507654
1490245261720834049
1490244922624323585
1490242912881238017
1490242908267573250
1490241126653042691
1490241056734314496
1490240794426744836
1490240426078519303
1490239611201011716
1490239331273175045
1490237351876239361
1490236960329199624
1490235872226471936
1490235572429852674
1490235557972041730
1490235480507842561
1490234964264189961
1490232021272395776
1490231147741151234
1490230561792688130
1490228833798455298
1490227851219537922
1490227719543848962
1490225512790503424
1490225070022664193
1490223542105157634
1490321527065038853
1487585231628808194
1490490747564732416
1490490203898712065
1490349003451473920
1490347619725373442
1490292356532535296
1490255359499735040
1490522566028849154
1490522366459277315
1490480505829031942
1490444148574679040
1490339282950578179
1490326932423991304
1490324308648132610
1490314420597129219
1490312892134359041
1490309658867036163
1490302952761823233
1490287416459993088
1490242305734840321
1490237514711703554
1490227975044104192
1490454697169326082
1490306899455414276
1490275751085875204
1490265978361749504
1490242396592144385
1490241974263169025
1490233475156553729
1490352964497596419
1490524136560807939
1490442168418267141
1490303662975250434
1490282564241674244
1490255110265401347
1490246819791577090
1490225273530290177
1490524170043924480
1490236572641337344
1490223858489917440
1490217475899674630
1490533747128627200
1490289164717223936
1490492123095113731
1490486200133558277
1490361258348277762
1490310811910172672
1490253327778869252
1490232105594683392
1490198302704295938
1490534868274782214
1490524362298261504
1490520683641991170
1490513155818151936
1490478584942628864
1490468334248525824
1490331160001773568
1490310993142226948
1490306812276445185
1490306746216509448
1490300576907030528
1490297255852601346
1490289533258133505
1490283721630490625
1490276586838720514
1490275564405460994
1490273479458918400
1490273468054933505
1490268499465289728
1490258234640601090
1490248191165419520
1490239129509974018
1490235523847569409
1490234308425965569
1490232652326408193
1490222246140727300
1490535486821044233
1490377723033706496
1490311408587739136
1490292178530484224
1490264155777302528
1490257341698039812
1490253858442182656
1490240571654680578
1490236256810270722
1490232279779528704
1490232212104433667
1490216560954208257
1490203823843196929
1490478762567548929
1490337778038501376
1490234769069600774
1490230480351862787
1490525584195473414
1490482810800734208
1490302412111765508
1490251276382515200
1490241759934574596
1490235623231291397
1490235062037606401
1490302765670694912
1490294020676800513
1490351901950775301
1490293220453928961
1490487466758868993
1490383375320125442
1490349570005827585
1490291352604532743
1490284963857502209
1490277438290481153
1490267116968112132
1490262567499231237
1490241015915356161
1490220518523699200
1490198176522903559
1490196306236624902
1490536348817965058
1490531243943161856
1490498702330703873
1490490695261450241
1490365475972288513
1490362154620702721
1490361806732562435
1490332217729421320
1490326992281288704
1490309972470628354
1490300240422838276
1490278571252011014
1490276635173875712
1490256702079668230
1490248483445829633
1490228528767705092
1490228285686824963
1490217297549529089
1490209990535045123
1490199676573794304
1490535065184399362
1490533824945557504
1490528523282690049
1490508252483764224
1490495916884709376
1490324195880075271
1490306002998431745
1490279508716535808
1490279327686328321
1490274996295389186
1490268676423299077
1490260567684108288
1490244465302585345
1490234853807509506
1490219878174785538
1490203377430843393
1490201290424844288
1490197911556165634
1490197044610596864
1490195336933310467
1490363102432759808
1490339458138345473
1490338462352179201
1490336725113384968
1490312810022146055
1490203378970169345
1490194196266840065
1490339776691519489
1490514470828838912
1490241445877678088
1490512739281694721
1490225323346055174
1490223882036736001
1490488511136292867
1490342458978230275
1490532689635868674
1490505510889869313
1490252296575352834
1490232573594791942
1490223477793914889
1490488441263788032
1490477220263260162
1490344346347970561
1490342153167335425
1490322599045636102
1490287928551313408
1490237870275121152
1490503126939738113
1490488195049746434
1490453980597878784
1490339245730369540
1490338923469746177
1490307396631404545
1490299755951718406
1490293686856712192
1490277031279734790
1490263802624966656
1490260395269169152
1490258023058915329
1490258019422466050
1490258012170506240
1490255825403006979
1490255807165857795
1490255378793189377
1490253390009729025
1490230588955308032
1490493334443331584
1490407894528892929
1490314596447518721
1490291713763864577
1490265054939213826
1490248569114488835
1490238452205760512
1490237562912665602
1490511910747672579
1490500895553236999
1490295623274614787
1490246489666306050
1490291781879033860
1490440142334484482
1490439401909866498
1490413019876438021
1490375142777954310
1490374079698051073
1490293856583110660
1490256111077060608
1490244441860296705
1490236915160784897
1490204168887304192
1490506795227385857
1490323120900558849
1490323114554982401
1490318993315737603
1490311586141319169
1490310360427286528
1490293375391584260
1490290761069260802
1490283303014133760
1490254355031015427
1490251112557219840
1490223528255553540
1490515491370471428
1490512293918298112
1490489998910816259
1490474702728429570
1490469984501391371
1490462138380419078
1490389745310244864
1490374756805521410
1490333113519845378
1490328256892981248
1490326889042305025
1490323247711211521
1490322826733432832
1490317794625277953
1490309597613027329
1490308808832282625
1490305439396888577
1490303631186219016
1490296672160681987
1490295699686461445
1490294415935836164
1490274039486566403
1490266247904493569
1490235779628421121
1490230278618370052
1490217594032619521
1490207629565595648
1490195931798859776
1490514776002535425
1490507236560769027
1490450291413692418
1490310165832540164
1490294993008746502
1490286661938577409
1490298684117901315
1490243875168227328
1490242488858456065
1490534743070617603
1490491054810083328
1490491051785977856
1490300064547295236
1490264553006850048
1490536024975757315
1490526956827586560
1490214782439342083
1490263616246849538
1490255550101471232
1490458323560189952
1490376847753842688
1490345271246479362
1490282468762533890
1490238073778675713
1490293605113929729
1490509002803134467
1490482842597720064
1490366689762234368
1490302376154394626
1490299364010754055
1490259545158942727
1490256689752608768
1490250130863554562
1490535212023164931
1490534125820063748
1490532737639460865
1490525124688113665
1490523660339539969
1490522057657839618
1490507319578611712
1490502440529313792
1490488380249210882
1490480400950755328
1490474331175997441
1490403125030965248
1490397245056843778
1490383962249723905
1490356609385570305
1490348632557510659
1490346551478145027
1490338402838794250
1490312547505152001
1490310027391176708
1490298680251154438
1490295977860747272
1490284411488968705
1490260719505674240
1490260431247536130
1490255470119981057
1490247463441432577
1490244215405948930
1490235128794304512
1490230794501386246
1490197722183340034
1490525088826880003
1490508298923085828
1490435496555663360
1490389591051833346
1490366218431524866
1490341151030714369
1490341079224569858
1490326802770071556
1490324312154599428
1490309140182626313
1490305880675713028
1490300953488400389
1490283449625710595
1490256306111848455
1490248496036732937
1490248411773239296
1490236604979777538
1490235197341765635
1490235162122194947
1490233118846238720
1490232110111936518
1490231101633155074
1490228110435885059
1490223961955004418
1490210403045224450
1490507618909319168
1490498852293468162
1490414973025402880
1490357572137734148
1490357370110631940
1490338618619346952
1490252055625465861
1490399862189625345
1490308865891524613
1490302896130637829
1490267282123423745
1490235193755684865
1490235136021078017
1490250212425691139
1490236770071371776
1490476636307075072
1490527246536241155
1490341040225947648
1490298636931985412
1490500482045218816
1490526822689570816
1490523271871496196
1490501823337463808
1490341151970566144
1490285068530888705
1490282602464681988
1490282392678182912
1490340434287403008
1490274195007102976
1490527005003358209
1490526582783737857
1490526478140084224
1490525977705054210
1490505199340830728
1490487500988907521
1490344086477623296
1490342015263191042
1490341988063117313
1490339952043130884
1490339569770049537
1490319592803414020
1490318170523320320
1490311030429589504
1490298730439872517
1490283050642849796
1490282512622710789
1490281754028306434
1490205752111538176
1490195258759516160
1490521389329104899
1490516928766803970
1490506400073601026
1490491178340413443
1490460380971220993
1490398184648376320
1490377808727932929
1490313651240140803
1490309430113497088
1490280061898870786
1490278028353572869
1490235242099408896
1490223661584089090
1490219021672673281
1490218161047629830
1490524334410338305
1490518225700126721
1490496417785589762
1490355135482007557
1490321067784941569
1490319421335740417
1490316605850816512
1490289639353044997
1490247043008598016
1490217924342136832
1490197763954737158
1490275605652197383
1490245017683726339
1490299109844340746
1490510623981006848
1490233444638490626
1490227055992053763
1490204427684581380
1490535678932754432
1490513532680835072
1490507818754981888
1490459902443425795
1490436448977260544
1490395471659307008
1490351679681679360
1490332222204776450
1490308382628401157
1490293334157393922
1490259671768535041
1490254194728894464
1490245623055929347
1490243478730596354
1490240515497132032
1490231819362398211
1490220818994921472
1490519199273259010
1490499768639897601
1490369227273900032
1490354891059261441
1490353960682942467
1490331770839257089
1490315566619705344
1490312645333102593
1490310358757621761
1490303454320881664
1490302683550724101
1490294722182942723
1490292349263843331
1490287797676445696
1490275356280238082
1490272720214720512
1490266385808719872
1490260007535124488
1490247753926324227
1490239699096846336
1490231149024935938
1490227771179618305
1490531036467400708
1490521218499645446
1490488249319505921
1490471781794156546
1490459767772385280
1490436147012521985
1490427488333410310
1490405055820091393
1490369853063979008
1490348411299971075
1490348312620576778
1490341283181006848
1490329857360035840
1490329548999000073
1490315648269893632
1490312825754976256
1490304474266873858
1490304107042975746
1490303128046292998
1490299835085299713
1490271838408257542
1490270028977291264
1490264822038278144
1490245820842909696
1490245571667701760
1490240921132486656
1490238171329679361
1490237223178227712
1490236673170747392
1490234567592386562
1490228413801504771
1490224600353222656
1490219756301205508
1490217299881914372
1490208592188022785
1490520295316537344
1490354182125068289
1490490215827664896
1490334282060951552
1490309184251854850
1490307815109390337
1490247193613123586
1490246701319213057
1490229165114621952
1490253702912888838
1490229960371441665
1490338950493323265
1490301387577565188
1490297517946200064
1490256203326230532
1490201693967233025
1490519299001569280
1490521302968713216
1490339641438109700
1490322285718573056
1490298827462815747
1490266581095501825
1490222464801984516
1490536333391310849
1490455059573968901
1490270529109954562
1490222207037243392
1490219948416770049
1490218670030610434
1490201082701627394
1490286212933840903
1490332602556764161
1490324504375029760
1490304028596903937
1490294331571277824
1490214427165036544
1490474174854348802
1490357311734706176
1490346286754770944
1490330330183593991
1490244887119220740
1490223875556134912
1490352179294588930
1490483758138486788
1490540188942368771
1490536237979271168
1490508711135449088
1490507277098713088
1490506927435968512
1490478549098135552
1490462724803141638
1490459675103735808
1490358439377178624
1490340682904784897
1490340681273196544
1490340679679381505
1490338699355115522
1490318167893155841
1490304577543208960
1490295402230259717
1490294699344551937
1490285341646876678
1490284435811364867
1490282748560527360
1490280322713284609
1490279929753518081
1490263110946783234
1490235497243111425
1490235453064183808
1490234744478773248
1490234481563037698
1490234330819723265
1490296318027132930
1490534261979758592
1490523866992545793
1490518012817903618
1490509730393227266
1490502271733727233
1490490950736814080
1490480377710116865
1490383315857461249
1490370440929624066
1490368786440265729
1490359220004290561
1490355636105723904
1490351250461790213
1490330954350886914
1490330908368728066
1490321170658652168
1490316309602930700
1490314520585445379
1490313041573203975
1490312047653171202
1490297344360804354
1490292952866103296
1490291832089382913
1490276326112055304
1490273189343027200
1490267319591145472
1490264577929801728
1490252651556380676
1490243090862710789
1490240526528163843
1490238544341729282
1490230467592798213
1490230379264937984
1490228859303727111
1490225545371471875
1490222398813401088
1490542722893025283
1490529642679189510
1490527698183090178
1490507859083153413
1490499010507210752
1490494337121394691
1490481503892955141
1490477586069467136
1490464465313173507
1490343235856011269
1490333779118161922
1490332585838661632
1490325539701555202
1490313242161590275
1490308840914821125
1490305608725057541
1490305248753504259
1490305011665891328
1490304583771766784
1490302644010643460
1490286698982305793
1490281141240098818
1490280746816192514
1490276324400762881
1490269236526153730
1490269024768651265
1490264086038597632
1490261364279242754
1490260304286027781
1490249043758379008
1490246567655505923
1490246273789689861
1490245218846711814
1490244241645133834
1490240124029792259
1490234522373263365
1490227019593883649
1490222077886234626
1490221345761894404
1490220801005535237
1490220429503795201
1490219756343132160
1490205298426277890
1490204384424501248
1490541951615377408
1490508581313347585
1490338693005340673
1490338629117693960
1490334644344360961
1490333764786225154
1490327918584954880
1490306996569919490
1490286800740388866
1490232969289924610
1490526275223449602
1490396143477751809
1490291654586105859
1490265188448489475
1490258103316533248
1490250339496304640
1490521331049582598
1490506057273131010
1490492458534580224
1490491686728126464
1490490696754958336
1490467610651406336
1490463990018756610
1490352574851350529
1490289503353044993
1490283620862283777
1490241783225217025
1490239829547749376
1490232337195741189
1490212632552701952
1490543149365661698
1490535291832377346
1490529686572904450
1490519515087929344
1490513570181877762
1490510386340442113
1490404489861660672
1490370980275175424
1490366881085083650
1490344552196034564
1490336813919182851
1490335744371531780
1490316148113829893
1490308923538087941
1490286627830251520
1490251737608904705
1490243085770493953
1490233548569481221
1490229165664391168
1490221814877810694
1490242248222834690
1490505828776177670
1490505146685865984
1490372653672464389
1490307119865729029
1490302408140128257
1490280314077609985
1490254928841175041
1490253258811899907
1490247364799467522
1490481224204587008
1490323048628916229
1490539632630853633
1490534267042295813
1490533336569180167
1490528403652444163
1490528084139061249
1490520644294889473
1490519242248421376
1490492066081968129
1490463250554945539
1490384438026719232
1490375603241242624
1490331655177109505
1490323388862136325
1490308922049130498
1490302717696229379
1490297055423578114
1490296687998369792
1490285359539752962
1490278795139772416
1490263236549410819
1490262445625339904
1490258979963883520
1490243736709648385
1490240877066964993
1490239861722267651
1490239778616274947
1490232529168715776
1490219856649912322
1490197472890605569
1490235624778919937
1490235434047180800
1490541678524235777
1490539224604753920
1490537352389095425
1490532838638112770
1490520701945925635
1490520638951346177
1490512341925916672
1490511488187916288
1490507886891798528
1490505696357777412
1490504306574782465
1490496355781214212
1490493965631889408
1490493462344388609
1490484976197976067
1490482204912517121
1490481729081327616
1490468351293808643
1490465846795423746
1490465600577351680
1490464963592290304
1490453930160975872
1490448154114011136
1490433533630099459
1490416686583132160
1490401357941329920
1490395929559834624
1490388201587953665
1490386482158510080
1490377374709710848
1490361549000953857
1490356191784239104
1490349745348710400
1490349227423444992
1490348167342469120
1490346271206703107
1490339350286012421
1490338337269620745
1490332904756760576
1490329933612462087
1490328431984136192
1490327822409531394
1490326082490597377
1490324452068200449
1490318123043803137
1490318078860619777
1490317374045982720
1490317230865006593
1490316553182924800
1490313470159769605
1490310990969249793
1490310130943938560
1490308082445918210
1490303937101975557
1490302449063579648
1490301646722633735
1490301479034359811
1490300936790876166
1490299051287642115
1490298648504463360
1490297695042359296
1490296940902613003
1490295841935945734
1490295344827015169
1490294798699282440
1490294596534177795
1490293289916207113
1490290523210678277
1490287718332780552
1490280904614240271
1490278889481850882
1490278182268059652
1490275012439584768
1490274569235546112
1490273234645762049
1490272964868440065
1490272269561516034
1490271635928383493
1490268573305958402
1490266069218783236
1490264943576629248
1490263945206444032
1490263449578139648
1490259911007440898
1490258957705052160
1490256357098143747
1490254978321383426
1490252418709217280
1490247130350440454
1490246275052503050
1490245510006861824
1490244911291002883
1490233292146507778
1490231635022811140
1490229243292585984
1490228521939402758
1490228447817629698
1490228199455744001
1490227899735359490
1490227560101277696
1490227175156449282
1490226565212700675
1490225784988266496
1490225226436677632
1490224958705844224
1490211435896778752
1490541689538166788
1490535653721128960
1490531393343918082
1490530309963935745
1490528953546674177
1490524388432564226
1490523707260878850
1490520312865501184
1490518105952776192
1490511822394327041
1490509607026200581
1490508515701673984
1490497789994090498
1490492299326877696
1490491502753378305
1490481692028522496
1490476516190613506
1490467547434844160
1490382752273018880
1490360706679853056
1490360353594613762
1490359958948708355
1490357219321270272
1490343159645151234
1490336461526237185
1490330700092162058
1490330339377819653
1490328322370269189
1490325847441838081
1490324529813475329
1490303733758296068
1490298434791698434
1490298343494656001
1490291941120315392
1490284629919940612
1490284155262754816
1490283618492874755
1490283010687905796
1490281675372175362
1490279660952772610
1490279130272657411
1490278125527134209
1490277601445040129
1490276036806049798
1490272911407874049
1490269904217518083
1490267952922316802
1490266744367517698
1490263899434004480
1490261892023001089
1490259375004524545
1490256116252655616
1490256113341808643
1490250459809869825
1490250274258051072
1490249421405126657
1490245024579452928
1490242920749752322
1490241855367581699
1490240263859863553
1490238844079591425
1490238696784015360
1490236624571334656
1490236348200255490
1490235951821459458
1490235645259706370
1490235253717614594
1490235111325208579
1490232590267482112
1490232063391563776
1490230961724063745
1490226949930635264
1490225220648861698
1490224951244517378
1490222915798724615
1490219883258605569
1490215798069424130
1490215487648989184
1490215485803470848
1490215082126901248
1490212474070904834
1490207210450096133
1490205574654742536
1490205464444895234
1490200888576987137
1489919314971197443
1490540075368648708
1490524389519282176
1490507992307240961
1490505170887004161
1490383437936881665
1490374647140941831
1490363584396013570
1490354690315685888
1490354549189939200
1490347374166016000
1490341335060004866
1490327392920879104
1490305579742789632
1490296844248776714
1490282805644836868
1490280447644868614
1490255890263703554
1490239075781324803
1490206462341414918
1490247301507739655
1490231340545220608
1490539418868133888
1490420243327594498
1490309432072622086
1490271591586234370
1490268696404656131
1490255012726858016
1490221326715744256
1490340237733928969
1490305914254938118
1490288507574976519
1490262135913463809
1490376860995178501
1490344790629949440
1490232675323740162
1490304081650405377
1490287985010434051
1490430080702566400
1490344255495172098
1490326272030900226
1490297475512487940
1490269549089812481
1490247515261714435
1490313478757703690
1490511242443776000
1490508700230029313
1490510412181229569
