1488723525305532418
1488721797566668803
1488720931803791361
1488716324809314305
1488708937935376387
1488702050825543685
1488690438735556612
1488686931412140032
1488686903990046720
1488684801238642689
1488683612375756801
1488681920950984707
1488678437988487170
1488678114054262784
1488669688242794500
1488655905398968320
1488621737772138497
1488610293231980549
1488538301212794881
1488528530799751168
1488499532086509573
1488483061922553861
1488479674145869828
1488463832712638469
1488462758102196225
1488462286670876673
1488444511764295681
1488440501741125634
1488436700452114432
1488426312578396161
1488422621385736192
1488421392995733504
1488416242075521028
1488413607226658817
1488402852729208832
1488391906120073216
1488389720719585281
1488389683327664128
1488389012121272321
1488380338967560192
1488377872062754818
1488373408278712321
1488373046180483074
1488372356972118020
1488361681961259013
1488722535617155074
1488705149719629824
1488700348734730242
1488698144149757953
1488698134033096704
1488696838308118531
1488696836189995010
1488695949190852609
1488694297897549825
1488692964415385601
1488685893850263553
1488683358217400322
1488679280918011906
1488675203089825795
1488674878006132737
1488656485395857410
1488655057830944768
1488582401165262848
1488578326046253057
1488578322959572994
1488570517128941571
1488567726734192645
1488567725408808962
1488567720580829185
1488567717313806337
1488567708124086272
1488567705150304256
1488567703791353857
1488567702122033152
1488567699987140609
1488567698321674240
1488563164803321858
1488554705177710592
1488544932168368129
1488542016288223233
1488537288774754305
1488533315020025860
1488521174351216645
1488518387168854031
1488515566487097348
1488514721242562562
1488514590522503175
1488514012274835456
1488511510443745289
1488506682066243584
1488497831195602944
1488495942500483074
1488489156778999810
1488487935850663936
1488487876593844227
1488487397394239497
1488482341026942976
1488481514115502083
1488481509187092481
1488480713653456898
1488477227427647489
1488474974855651332
1488465163594641409
1488459872936947714
1488457996468318209
1488450896459874310
1488443686057033730
1488434481212002304
1488433438717743105
1488432875209134083
1488431089119264772
1488428511060807684
1488418118527500289
1488415560061054976
1488415353357369344
1488414728628019202
1488412776527953920
1488412646684921856
1488401248600485890
1488398030391115776
1488395848107315203
1488393285739880449
1488382290954977281
1488375657029455876
1488365599302778894
1488364036584787971
1488723869238190080
1488721486630174720
1488709040750624768
1488696279744249857
1488690005048725505
1488686692710039556
1488686566105305090
1488683731485597696
1488682557122088962
1488656361517097089
1488655915154911233
1488654119300927489
1488600974562258946
1488540408003104768
1488528013226811394
1488466502760026112
1488460856136716288
1488460434667573248
1488427659981836290
1488427016072298496
1488402795581480962
1488401502536613893
1488387850051612681
1488722613933260800
1488511906566795264
1488452199281614852
1488653108817186819
1488544167903248384
1488521900473176081
1488499854045491201
1488497422599081985
1488497417859190790
1488487686776057857
1488479153875984389
1488465739896008706
1488464723243048960
1488460216962514945
1488454783253897216
1488453067909779456
1488451606106742785
1488445679660056576
1488440052036567048
1488394172167962626
1488389337989656576
1488724059374632961
1488716555383099392
1488691879940333568
1488688256812154882
1488655659675828225
1488598494114095104
1488534240237355011
1488528867375595521
1488523230671695874
1488519256786575369
1488516512592035842
1488512570398965762
1488511008029425664
1488509816629002241
1488498328010915841
1488498021503434754
1488497420569018369
1488483763160240128
1488481151643951106
1488480890695348224
1488480763989626881
1488469400382410752
1488461521457799170
1488460774393925632
1488459749909696517
1488459240348225539
1488457232710733824
1488445667831861248
1488438228562714624
1488428014027247616
1488427983711145985
1488422262479142914
1488421226058248192
1488414477422788611
1488407477020332032
1488404957275783169
1488403483338293248
1488403366610886661
1488402200103890949
1488401968829992960
1488400183054716930
1488400039588237319
1488387949897330689
1488387934650728449
1488379655283683329
1488378503653629955
1488368384966557697
1488362298226130944
1488521890108956677
1488379726159032321
1488723865672900608
1488723564542844933
1488721947160723456
1488719562472235008
1488718819367424003
1488718451485016066
1488718402344538114
1488716691336876033
1488716202675367939
1488710553765826564
1488710002554531840
1488709018671476736
1488706869493661696
1488706520502403074
1488702530276130822
1488702412215193600
1488700963422621704
1488700543862247425
1488700238793949184
1488699796080979970
1488697368149061633
1488686369300180992
1488686075623006208
1488672791121768448
1488670388251168770
1488664506784153600
1488662759428345856
1488662596752637953
1488650446139174912
1488619826851418115
1488592658885124096
1488581454976417800
1488580272039731203
1488577902056984578
1488577683055607810
1488552526001541120
1488552372486164480
1488532358127095810
1488532170465751042
1488521676581380096
1488516650898903041
1488513604089683969
1488512280992305155
1488511965916180488
1488506965127208960
1488506371754496000
1488500292291547137
1488496648619585546
1488491973904601089
1488490477599215625
1488490080734162944
1488485151797497859
1488473930621153285
1488468201369337856
1488466771170545665
1488458109932605440
1488454786814935041
1488451607914479616
1488444228829323264
1488443372360855555
1488442856948006913
1488441944057409543
1488440857871396866
1488437277940658183
1488437164711247872
1488434832334286853
1488433399392260096
1488419990147825665
1488418812420845574
1488418458484101123
1488417218601750528
1488417160225431553
1488412565176991744
1488411615733362690
1488410897936949249
1488409837364908034
1488407847218323457
1488404214162149376
1488400901589331969
1488398647129632771
1488392474997530625
1488392376423186432
1488387334873948160
1488386489885282305
1488385084629520384
1488380360966557700
1488377834590535680
1488373182977708033
1488369526966210563
1488369414924042241
1488723858056413185
1488721252843802627
1488718298183532544
1488718160974925825
1488717766018277376
1488715809518092294
1488712265990045700
1488710579258806275
1488709116046753797
1488708206927187970
1488706265211494402
1488704116847099904
1488704067669225473
1488703085786841089
1488700467609628672
1488697961311735808
1488697951924801539
1488694923717054464
1488693470734991360
1488690670600536068
1488690443877773312
1488689140602654723
1488683003597393920
1488682065012744197
1488681138080018440
1488678720365895683
1488677302770843649
1488667229352652801
1488658152031756288
1488656276142063616
1488656005764644865
1488655365168574464
1488654701390606336
1488653443086823424
1488653106124492804
1488652881976696833
1488651888828436483
1488637044406456320
1488634065527853057
1488633316169424898
1488631139367632899
1488621765488431104
1488618738807017473
1488598720090603520
1488578404349722624
1488569098988814336
1488556164451549184
1488554825084469250
1488552445265461253
1488552255326670849
1488542740098994188
1488537759937892352
1488536910377422848
1488536691266965504
1488535500839391241
1488534317437534209
1488532175263834113
1488529120829263874
1488527675606335492
1488525750601150468
1488521660664025091
1488519100309843971
1488516998321430528
1488515242657157124
1488513136416391178
1488512861382926336
1488507639021510658
1488506475308019713
1488503174826582018
1488502128041955332
1488501135761678339
1488498460760604674
1488497414768312320
1488491371912589316
1488490690233319424
1488489604948758534
1488486122824945665
1488484404309544961
1488483516757123075
1488482280926375937
1488480409059205121
1488480057303900161
1488478828792258565
1488478138837651459
1488477594970308613
1488474437154672642
1488473079361638400
1488473069626662913
1488470326438629376
1488460721268850689
1488460665887297542
1488460403072184321
1488460213740916739
1488459985931898881
1488459695396311041
1488457716087816192
1488456352557006848
1488455287434616837
1488454769412689922
1488452678938411011
1488452278923137024
1488451602033774593
1488451135715221504
1488450310221996033
1488449818817040385
1488449305837031428
1488449120243105792
1488443259026571285
1488442627095941121
1488440737167560704
1488440218617511939
1488434294884167682
1488433713654362113
1488433319406567425
1488433284409618435
1488431354920726530
1488720674587828226
1488660297149992963
1488648807718191104
1488553757957050372
1488541493845499912
1488538675080499206
1488527693234991104
1488527690743390210
1488521407122526209
1488512645250441223
1488499376830169090
1488490787914465281
1488483728296853505
1488476058102173699
1488459291333836800
1488452753055649792
1488435216561569792
1488415923660681216
1488413301575135238
1488390751264247812
1488368097069260801
1488367442153775110
1488365719293427712
1488508144552607744
1488480363987214336
1488468961541124100
1488567246955810816
1488482803063078918
1488477420126572545
1488476676761608194
1488462660693680129
1488461560276484097
1488431438085369857
1488395438403244034
1488708766048661504
1488702864645976064
1488696584317587467
1488688626191900672
1488685013654978562
1488683587087966209
1488680203157053444
1488679931982712833
1488653441719500800
1488543307584385027
1488516125558145026
1488515529191337985
1488508091742126082
1488472763920961536
1488453429014196226
1488445760413003777
1488443200012701696
1488439996491075584
1488430193391783941
1488429662397104135
1488428703655018500
1488427495213133825
1488424919595552768
1488424317943939072
1488423728807657473
1488415409284042754
1488401535297941510
1488400385496985601
1488398363812712449
1488384109403590657
1488369860547870721
1488673007111663619
1488373426813165569
1488664050649399296
1488463069181526019
1488412533388038146
1488412054721417218
1488403163120279553
1488412912427618304
1488412733079166976
1488412300285734912
1488386803685937155
1488699145808662529
1488699079760949250
1488686162877497344
1488668988456374275
1488662742110072833
1488378370173792257
1488401363243798530
1488400807020019714
1488392053751173123
1488672811405111296
1488513501421211649
1488494915789389825
1488393292152971264
1488710630085656577
1488684958290186244
1488666406941970435
1488370625110749191
1488686742891036674
1488672429715357696
1488545998805024770
1488560376837177345
1488466251047661568
1488448916240539649
1488530831706836993
1488400970354765828
1488726033184428032
1488519789199110144
1488480704891478016
1488394529447153668
1488447369020850176
1488403208951443459
1488492104888188931
1488489960567029762
1488404865772449802
1488372578888544256
1488713967162003460
1488671347979206656
1488434949950636037
1488466801705222145
1488466791211081731
1488466779718688774
1488460653509877761
1488458868531539968
1488458856472932354
1488454483378327554
1488390468891471872
1488390420568899588
1488461071266779139
1488718718221705218
1488524950885568512
1488454287688564737
1488567713031426049
1488535274082926595
1488527203071848450
1488468528122384392
1488464398440345600
1488365761911730176
1488389005674950658
1488714101693972482
1488638785567215616
1488535723074813953
1488535453787635717
1488525036575199232
1488498402702684161
1488497772861214722
1488497449492955137
1488445715701329921
1488480545361129474
1488467081427558403
1488519187077210113
1488672452444307461
1488487827490762756
1488523534154747906
1488469907645808643
1488542032717303809
1488539508996198402
1488500479898238977
1488711376684351488
1488672671160500224
1488423307653304323
1488423305082200066
1488423302406230025
1488724728286425090
1488651642723790849
1488529559595421696
1488529414967410690
1488651487027032067
1488651352490545157
1488523112966922244
1488522912110120962
1488521386843074560
1488521219033137152
1488439629737230336
1488646496098881536
1488708819832098817
1488678661607677954
1488649066938462209
1488514628233883648
1488497490697818114
1488468057874124804
1488437336681889793
1488406890032005120
1488376690749239298
1488692081761472512
1488680452860760064
1488637300775047170
1488511639624110082
1488498294548418561
1488467341356806145
1488407127131496449
1488405941036859401
1488493438018678787
1488480121879101441
1488613844595392515
1488583379188600833
1488399914535374850
1488575011271364608
1488485679294476293
1488700701501177856
1488554456283488257
1488453099144450049
1488714572123246595
1488616819862560770
1488517308331208706
1488409467612188673
1488399334517673995
1488366789989847045
1488411006053527553
1488694172928204802
1488420819646648320
1488646206058229761
1488646204158214147
1488445730658263042
1488698386572140545
1488514530770829314
1488513527623335938
1488419146962735104
1488714301888106498
1488626593639514113
1488535291690467328
1488388931855196160
1488388768499666945
1488458328661700608
1488699355939086336
1488694134185799684
1488692969716985858
1488691579879817217
1488691063254831104
1488677938992070657
1488656830213795840
1488485248249647107
1488479175757369351
1488690783842881538
1488541092639555584
1488496977838960650
1488370504579051528
1488694552324358144
1488689226526822403
1488651164237590529
1488634032602509312
1488602358934556672
1488562451696140294
1488558610573840384
1488529647172464641
1488524946296999939
1488510862436728834
1488509979518648321
1488501972487766016
1488479547464962051
1488469191233470464
1488440200824950786
1488395207075065865
1488416458703269890
1488642658302312449
1488574206929293313
1488529691136954376
1488407203044200454
1488723564303826944
1488722323263811584
1488720996798382080
1488719412802699264
1488715885233655808
1488553788860678144
1488428422317543424
1488472153582608384
1488453188596662272
1488413343803404289
1488364464194093056
1488556047124303872
1488533299601743873
1488512377989451781
1488479442171215873
1488457261098102785
1488454724592537601
1488446909379674114
1488436344808517635
1488420239977385985
1488396833604915200
1488687966507905024
1488380896315338752
1488708664974135299
1488556463341838336
1488545176612048899
1488533859780415493
1488533688472248321
1488532742547853313
1488532226044461058
1488527911745380353
1488522413583499269
1488482660489990144
1488393048707018752
1488383059665715202
1488720211721465858
1488711756868624384
1488652380606382083
1488647603760005121
1488523031668727808
1488519381898473473
1488494960424865793
1488456577556221956
1488455040373518336
1488442260245020673
1488440044255735808
1488435449077321729
1488431587989413888
1488415359761670155
1488414952150814721
1488730029253021698
1488719541442015236
1488716827404685315
1488710870700273664
1488561616299855872
1488553146171654145
1488535839047286790
1488519021473714176
1488518310123966466
1488515187208761349
1488487091432353792
1488486167016194050
1488482514515955713
1488482508568023040
1488453307207065602
1488434131076022274
1488428938288377859
1488421182881734662
1488409606896652289
1488386324960722944
1488371575694848001
1488132816441573377
1486990315265605633
1488717130019540995
1488560205310791680
1488484349381349380
1488417313934110722
1488404331519164416
1488360440732459008
1487046377699905540
1488418587962494977
1488435773976330240
1488729076714119170
1488508293161287680
1488670217270329344
1488654289631383552
1488693558446297089
1488437845488734210
1488456810860531713
