1491985128142557184
1491983284796260354
1491978259050872836
1491977336777895939
1491976215028461572
1491975839092994052
1491970561563676678
1491969553634500609
1491968066015883265
1491964015509053443
1491963145120018433
1491954662085656580
1491952595522371584
1491949657731506179
1491948393274687493
1491946599840632837
1491946074097201152
1491945547384893440
1491943686942298117
1491940037239480330
1491919446625353729
1491919219709341696
1491918319901089792
1491916586101313536
1491909927757291520
1491907884636323841
1491907792953049088
1491903279596711936
1491889375407665153
1491868198500806659
1491839024801394689
1491837156880687104
1491837107564060673
1491831158086467584
1491808013660811267
1491799362715865096
1491799151130312705
1491798753430638592
1491798473427263498
1491792173377159177
1491787656157888514
1491784409606881281
1491781040058220546
1491779664460730379
1491779446482690049
1491776058752106499
1491772449956200451
1491770928526622720
1491767128193921031
1491765075107266562
1491755676926115843
1491755651345039363
1491755265909489664
1491748892949770241
1491728206407561216
1491725083001245699
1491725010503094274
1491724042252189701
1491720623328210948
1491719393512128514
1491716407528427522
1491714302000398338
1491714290247933952
1491714168835420160
1491708052533252099
1491705014183952387
1491701137430528005
1491700028494077954
1491693376743297026
1491690838048768003
1491689690709192707
1491689401100820480
1491687234638331905
1491686984162623492
1491677487138754563
1491676321516179458
1491673751250878464
1491670244712075264
1491669121997881344
1491669056495112192
1491668950832533506
1491667836866945032
1491667702645424129
1491666020062294017
1491665717900738563
1491665658639450115
1491665653333639174
1491665648522792960
1491665645079044097
1491664839910969345
1491664834567421961
1491664750048333826
1491663711802638342
1491661821035843584
1491659254352261121
1491657781748895744
1491657111692267522
1491655307025530881
1491654345695580160
1491652677507293186
1491651153817260033
1491650399446519815
1491649459956039685
1491648657870897152
1491648573980614658
1491648326118248451
1491646830089621510
1491646109546315778
1491640836727066624
1491635538230530050
1491623756858630145
1491963211419381760
1491984420441825281
1491979119755595779
1491975445344301056
1491972545788014597
1491970490734628869
1491962702868398084
1491958651497881600
1491955909186101249
1491952443923435521
1491951656115789841
1491944230440550400
1491942962586353664
1491942662467125248
1491938768558845952
1491937454185615360
1491929417484058644
1491929397246541861
1491929115309449217
1491926150334930944
1491923458871402496
1491921607392051202
1491920086873292800
1491914923504697344
1491914917913710596
1491912141921984512
1491911684545716230
1491890323609452547
1491863893907423238
1491847053298655243
1491846652256305152
1491808058288521217
1491793841438949380
1491790000840912898
1491789268611891202
1491788962179866624
1491780909707952130
1491776595920814086
1491773363542388736
1491769974322765825
1491768739771338752
1491764727567241217
1491759580468105217
1491759437652316164
1491756512062357504
1491752767970426880
1491751993211518977
1491751738319454210
1491746761693560835
1491745893221302274
1491744880535605248
1491742387541999619
1491737526020689921
1491737010742071296
1491732261242380295
1491726586864799753
1491724260934623234
1491718708469039106
1491717932946100229
1491717871323414530
1491714061171499010
1491710626003320832
1491708478184132610
1491706860507832320
1491705614745358336
1491705578896621569
1491704232285999105
1491701271811981314
1491699722184118273
1491697715461308418
1491696973229228034
1491695869229477890
1491693171985682433
1491691287950413825
1491691127522881536
1491691058849202178
1491690795946381312
1491689790676209665
1491689473973039107
1491687814370451457
1491684290908024835
1491681874346799105
1491680398979776512
1491676047943008257
1491675376669855746
1491674131938836480
1491669114674315266
1491667761726390276
1491664617562464257
1491663266799849473
1491660884363857921
1491656199485362182
1491651818723876866
1491649598729109508
1491649020766601217
1491648914067320834
1491644891914375168
1491641086309060608
1491638150522753026
1491634071885152257
1491631187504205825
1491630387847897090
1491626193002528770
1491625844724301827
1491625775355002882
1491624727994982400
1491947653810487297
1491781843829485580
1491779715677384709
1491709660398772230
1491683755064532994
1491633864430686213
1491632725198921731
1491624235160145921
1491984466201690112
1491952126670561294
1491951133010501639
1491948324391305218
1491947651709173761
1491940871394459649
1491940297236168707
1491931326185807872
1491928582561857538
1491915384337088513
1491793880701812736
1491792548985143311
1491785061926014983
1491778178410422283
1491777770891841537
1491775808687378436
1491775241529421826
1491773812219678721
1491772585553453059
1491770988194787330
1491768117017853954
1491767848942727170
1491764855493509122
1491763530546122752
1491763156149944321
1491761188996202496
1491757301681692673
1491744890576728064
1491740961697050624
1491734498270011393
1491729439176404992
1491726527150845952
1491726097603776513
1491723698830995456
1491723661358743553
1491723345372532739
1491718129185333249
1491707870848884736
1491706763330355201
1491704771971289091
1491704768586469380
1491704766921347072
1491703396277317635
1491703027606388736
1491702110072627201
1491699807672766464
1491698884951048196
1491696570504736768
1491684818119446530
1491678324514381835
1491674525347770370
1491673747295997957
1491669695745097730
1491669220937007105
1491668266460549120
1491656192833523714
1491655527382024194
1491652827684667393
1491652661615030272
1491648259235868675
1491643223646760960
1491632660120469504
1491625538963730434
1491948328698802179
1491947647506477056
1491943819490693120
1491863477933142025
1491839336488132610
1491744868942561280
1491742731299061762
1491725408122781696
1491721366751514628
1491721046172438528
1491717327838056448
1491704770092232714
1491703398059876354
1491699860034441218
1491684022690664452
1491683558200528898
1491675473734422528
1491668107735322633
1491632611491717120
1491970878829395974
1491968319771262976
1491961473471774722
1491957977171238913
1491951980109262849
1491949687632384002
1491948611793477644
1491945243570499584
1491928081267044355
1491921644000276480
1491907846354583552
1491804168038027264
1491771205728280582
1491743889614843904
1491737155684560896
1491715640260186113
1491714294228357120
1491714292668059649
1491712296766566400
1491711041545424898
1491709671077470215
1491701783378288640
1491700050464022528
1491695368882425856
1491676086458990593
1491675963075493888
1491675514020319236
1491674288428302336
1491671510775640069
1491671441527701505
1491670033063284738
1491666215353589761
1491656225423228928
1491648406376251393
1491640468089688064
1491638693735837697
1491985481105432579
1491985343737966605
1491985082948923392
1491982667193065473
1491980452478873600
1491979312865579012
1491978540887130120
1491978420837765122
1491977881295396864
1491972942343073792
1491972730345848832
1491967213531643911
1491965445657673739
1491964929842335755
1491963188661088256
1491963161398120448
1491963011170406402
1491961352956825603
1491960945836314624
1491959665491869697
1491956672402575362
1491955618294693891
1491955162692345873
1491954883280326657
1491954176569790464
1491953551551045636
1491952880055570433
1491950387149950977
1491950378719461378
1491950199279087620
1491949845166260225
1491949647459463168
1491949166750171138
1491948973480841218
1491947810027102210
1491947272443432970
1491944352058249218
1491943983823609866
1491943819620667392
1491942152087412743
1491938585204776960
1491938109474631682
1491933194144600064
1491929602779844609
1491928499518832641
1491928296485191680
1491927099128496130
1491915914400665604
1491911615922720771
1491909747641286656
1491907548391559168
1491903134469619712
1491878735410524160
1491878239035588609
1491877257283239936
1491877255773298688
1491877253269299200
1491877244905869316
1491871122673238018
1491837029751357441
1491836853745774593
1491832663119781891
1491825093114494976
1491805361883336705
1491798469610471425
1491793237983776780
1491792202896326659
1491787308655595521
1491786011122495489
1491785768578478083
1491781621602988032
1491781218693574656
1491778799041904640
1491774230404673537
1491773894730354689
1491768044208541697
1491766962795335680
1491766887138869250
1491764772693553153
1491763444571586561
1491761728215941121
1491759212719861760
1491759210987724802
1491759206805901317
1491755094865768450
1491753518511759362
1491751877348069377
1491750178298417153
1491749592769073153
1491745632695971840
1491745485174218756
1491745109100347393
1491743761671475203
1491739234192953345
1491736736736899073
1491736626602864640
1491736131091992576
1491732919932813313
1491731955922386947
1491730691805319169
1491729884489871361
1491729049072594945
1491727985124478979
1491726789731053572
1491725899602939904
1491725820519682052
1491725400300347397
1491724966789726209
1491719484222349318
1491716831366815747
1491715583964233730
1491712135679778821
1491711053788749826
1491710959945076739
1491708291839266818
1491708094203662337
1491708001467908098
1491707416534462464
1491707000417312777
1491703054806417411
1491697690962321408
1491696770837270529
1491693851517808640
1491969193360560130
1491968934613970944
1491968541003640832
1491960740135145472
1491910236990435331
1491801464196374530
1491706604676591619
1491696737714847749
1491667383416541188
1491983977707552769
1491982691092205571
1491982250296037377
1491979984189100036
1491979040646778883
1491977665422626816
1491974479357960196
1491972890660851712
1491972226417324034
1491971831968182273
1491971129330008067
1491969889736994821
1491969873886720000
1491967993454088195
1491967861182861315
1491966526383337478
1491965460287733763
1491963046163775491
1491961726715461632
1491959190344339456
1491957837597392900
1491957256006488064
1491955489483419652
1491955169965211652
1491953799736733696
1491953610325827586
1491951415677186048
1491948045323309060
1491944981015461890
1491944614143488001
1491944564612993027
1491944393057587203
1491939878736904193
1491938559367938048
1491937361474719744
1491936768051978242
1491933603868987394
1491932289676103681
1491930182579474440
1491929724599570432
1491922996583632897
1491922417895149570
1491922112428523520
1491918730183716864
1491917595297333254
1491913509382557696
1491907129204039682
1491893128906764288
1491890451078848512
1491888076725321728
1491874675776901120
1491873693781278720
1491871645778472960
1491849708892942336
1491843665614237696
1491828280751968263
1491809371395084291
1491806764823547910
1491802937198510081
1491800901861838863
1491799714433355793
1491797785028755456
1491794232696516608
1491791837463334912
1491790320320671747
1491788483735613445
1491786337837793281
1491784239930478595
1491780649786609665
1491780023694794754
1491780003821867008
1491778477539790852
1491777055360372744
1491773708012122115
1491773573366947842
1491772673168326668
1491772556545691650
1491771340851867648
1491771159364325376
1491770045806301185
1491768811749801990
1491768081244631040
1491767891179364352
1491766995502907394
1491765801120321539
1491764212762234881
1491762989732483073
1491761653917970434
1491758557573746689
1491758263385264128
1491757807305371655
1491756498300538882
1491755477386297345
1491752776841703427
1491751677288149000
1491751348328869892
1491751185807675392
1491748272402153481
1491747433466175488
1491746325645254656
1491746293810491399
1491985346774642721
1491985344232894468
1491984877734211587
1491984800005373952
1491983951321178117
1491983674551996419
1491982900207800329
1491982701347229699
1491981977813385219
1491981663643267074
1491981313120759809
1491980763612418048
1491980445621231619
1491979284449316908
1491979187480977417
1491978456409993216
1491977974882586628
1491974834468777985
1491974694903627778
1491973866175881217
1491973551171252224
1491973218370211841
1491970796579082247
1491970047715459073
1491970045580251144
1491969787936845826
1491968916645892099
1491967230091100160
1491966256055947267
1491965602432356352
1491964957482569728
1491964722840621060
1491964530108166147
1491964421333471235
1491964154105991171
1491962952043220993
1491961873809707009
1491961469952753669
1491961098299654147
1491961039336148994
1491960239604002816
1491959609313357826
1491958881525780486
1491958409536573440
1491958035761168384
1491956334404665344
1491956324435099648
1491956070214168577
1491955268376170497
1491955144098996228
1491954402344722462
1491954278130454528
1491953339458031617
1491952992274497536
1491951981690507267
1491950003044360193
1491949535035535362
1491948889972244480
1491947745111773187
1491947458682753027
1491947396426702855
1491945363212619779
1491945341813329921
1491945123026202626
1491941184239190022
1491941005863841795
1491940432925786113
1491940218651348998
1491939567007526915
1491938686602145792
1491938424718168069
1491937802652569603
1491937373403320321
1491936968732672000
1491936760783585281
1491936270204952590
1491935987467186179
1491934722783858689
1491933579542429696
1491931968401190913
1491931846401474561
1491931367105785858
1491929984193097730
1491928720046628868
1491924949904371718
1491923546284892160
1491922707747061760
1491921996489248768
1491921374272573440
1491918316700864512
1491917795566964737
1491916127471304704
1491914299778174976
1491911072609374208
1491910236911050754
1491910015783178240
1491908005998186500
1491907890772611073
1491904728782962697
1491985710827859969
1491981957680418816
1491981112968892421
1491978845242949634
1491978669115334660
1491974407463473155
1491972152353951746
1491968787377459200
1491968062966595590
1491961656259547140
1491957830643257345
1491954994589085699
1491948808787279873
1491945909529178117
1491942527410135042
1491942120630140933
1491939888887115779
1491939415991918592
1491932918394273793
1491927412237475840
1491917741976338432
1491906122051059712
1491880416290037763
1491861430920163328
1491825533046300678
1491818958369923074
1491816185973067778
1491813635789754370
1491812386248224771
1491811923389653001
1491809201890287622
1491806727099994117
1491801737078140928
1491800136540106753
1491798113605996545
1491797571655782405
1491796971497324544
1491791165548826626
1491781032907264001
1491780298169745411
1491777173824278531
1491776635560886274
1491776356941967361
1491773266653974530
1491771919258902529
1491768650042601472
1491768176165933060
1491766388993970179
1491762370125139968
1491757123981971456
1491756989294137346
1491754532283453440
1491754091198181378
1491750955674914818
1491749018250014723
1491745699515740160
1491740923784355841
1491736519585202185
1491736012120551426
1491735844704907266
1491731495395811328
1491731487796129794
1491728702702759936
1491728219724468224
1491727209530212353
1491722959576510470
1491721624202387456
1491717327280353285
1491714832999268354
1491712988331786242
1491711297360056320
1491710058765324288
1491703710271291396
1491699192678748164
1491698729543356423
1491693941904736256
1491688678074183682
1491685335235174401
1491685067784998912
1491676597824688128
1491674102720991236
1491673963902410753
1491670928925028355
1491665656412250112
1491665012082970625
1491664887546019840
1491661781785538561
1491660612455518210
1491659066623418369
1491657514907496448
1491655839765385216
1491655838544457733
1491655345995141120
1491652796633915397
1491652333759246340
1491644930292269057
1491642751146151936
1491641020643446785
1491635862043791363
1491632292690731011
1491631610076475393
1491630444517138433
1491625447603728385
1491969180467273732
1491788492019761152
1491735411064197121
1491673514646315013
1491626278172069889
1491626189785427972
1491722879188172801
1491725586267779072
1491719957964464129
1491936173199015936
1491788864389742593
1491777753414529026
1491768125360320516
1491761096658546690
1491749734188339203
1491730517380964353
1491702229698592771
1491674947890323461
1491982220977795074
1491981289913987076
1491970261914210321
1491968397864624129
1491951505641189376
1491926864176336897
1491915916313239562
1491910214471225348
1491889793416167424
1491804241505439744
1491797546129260545
1491788971545804810
1491768067436605441
1491765629510365186
1491753780370878468
1491743050472648707
1491733766997348355
1491730699241783299
1491730684549148673
1491728956415889408
1491727739019472903
1491726797053988864
1491725408575705089
1491717878973972484
1491714038027669504
1491710778663071745
1491709705051250690
1491694831756017668
1491688385572139014
1491683094549909504
1491677992535343106
1491676308429893633
1491675510010630151
1491671277832400896
1491669981515649026
1491647469859794949
1491647351936544769
1491645817819516930
1491643230932271105
1491643177610407940
1491642062222999553
1491641163732123648
1491636741777674241
1491636369763889153
1491636210766385152
1491634559687204865
1491634342460026880
1491634126495141889
1491633366785204226
1491632913938464771
1491631529063157760
1491628478902726657
1491625605825437696
1491753863443279883
1491741325619724290
1491740643038986242
1491722376379527169
1491704846688591876
1491698593367224320
1491685755844173825
1491685683211403266
1491678047199981571
1491676175420526595
1491672205151080448
1491671076526759941
1491670875036598273
1491661843479158785
1491647849917911042
1491636744369815552
1491619836908441600
1491619484343631872
1491617783980826624
1491607013721198593
1491600718465486848
1491582951582502914
1491540019655282689
1491430610174607360
1491422391268155392
1491383234986655747
1491345239982116864
1491337063043842049
1491325720500776962
1491312606149107712
1491312444501016576
1491301880437538818
1491281759316901891
1491273985627402246
1491273555098898436
1491266077263011843
1491264672523194368
1491263596109926403
1491256314898513921
1491237781007650817
1491213449703346179
1491209054399909888
1491171999573757952
1491115121225404416
1491074299016642560
1491071820417880069
1491058496061669376
1491057881529348097
1491044488843698180
1491025210526806018
1491024010070888450
1491023675789025287
1491021264697192451
1491013285113917440
1491012977373618178
1491011397970710529
1491009623255842823
1491003941169111044
1491002490330189824
1490997257323556864
1490979603909087235
1490979404256014342
1490948259309056009
1490948098423926786
1490945861215715328
1490891512041054209
1491970338837581827
1491680150861189122
1491975241723449351
1491975107954495488
1491773598788317186
1491768676676079620
1491749960504594435
1491747652303687682
1491746859366244355
1491713067322798087
1491696597888954368
1491755414106488836
1491741160028532736
1491727551018205184
1491722729690578946
1491712770106036227
1491678001125552128
1491649443401469953
1491767936553725952
1491767672715235333
1491726686467276801
1491713476519088129
1491680433595367426
1491763115368669190
1491696395320918020
1490622242442854402
1491955451264909315
1491790214406103051
1491736680352473091
1491686351510843392
1491645897964285962
1491644643364073472
1491944236995862528
1491861634603970560
1491779315809210371
1491708204127981568
1491667619573018625
1491649398941499392
1491643905800302592
1491974458281627654
1491945453256323075
1491909888385044481
1491851416738353152
1491771292210843648
1491722499520086022
1491949137558110208
1491943626548518923
1491942523258175488
1491818761711591430
1491812047931146240
1491787024650543111
1491764582956023810
1491760363326504961
1491747038131752963
1491746316976029698
1491743138557620225
1491738527767269377
1491730188203266053
1491724150352019459
1491686214319357952
1491677367433318400
1491652902691418113
1491640266159050755
1491638704712007684
1491959373337280516
1491949331666337795
1491785566756945925
1491783066326802432
1491764458745901058
1491749544585207811
1491737035996274689
1491733989069307906
1491731696123006980
1491710090210349063
1491704435143168000
1491687914643673091
1491679779648532481
1491650360976744449
1491636557802979332
1491631120022388736
1491952145662238724
1491819948359884823
1491795742746640386
1491714811029524481
1491707060362571779
1491663466918473729
1491661113851006977
1491671776182796288
1491657067484295168
1491404984730419203
1490235665711185922
1491794906095915010
1491754507763843073
1491968554572255235
1491775313147088899
1491702420304396292
1491662922460057601
1491760373594476548
1491756836240130048
1491756577627701251
1491748429659537409
1491662201752817665
1491661634057936897
1491982316700581889
1491984644925198341
1491983498219237376
1491969469341523972
1491861525119717386
1491771153698164736
1491768640961912837
1491768305648300037
1491762335547260928
1491691390169804800
1491691263661600768
1491688261760155652
1491761196885999617
1491688286414245890
1491980844608921600
1491965816040202243
1491957119335415809
1491955471141715968
1491915030782038018
1491905335048634371
1491742401014419456
1491719510659039242
1491692535848181761
1491689891553374209
1491683937319628802
1491673242985467905
1491653051241070592
1491647048763854850
1491643236263542784
1491641004000112640
1491639019968790529
1491986485016686595
1491929225439285249
1491915494030331906
1491746943105572869
1491743968995917828
1491641350739361799
1491983788271812610
1491795889450795010
1490662847713402882
1490621988775202820
1489966067539935234
1491969238159937536
1491935612769009665
1491685128346628098
1491677893960749056
1491671995703959556
1491959248246374405
1491794857798795265
1491725483595436040
1491685170906157059
1491660091652665349
1491658728273178633
1491639706274045953
1491833092826595328
1491761970747699200
1491731495467192320
1491728729533399041
1491697629021241346
1491670733092638720
1491660094559318016
1491959236032491528
1491726957511266305
1491713645067177990
1491710275053289475
1491705896178577414
1491705889165701122
1491705881339183104
1491703671226208261
1491700154142887939
1491685195665195010
1491633835637116928
1491972105776222211
1491951048793411584
1491707908710567939
1491705827618865152
1491976935483658242
1491698474358042633
1491985368526303257
1491955208292913152
1491747609081675776
1491738878080094209
1491977770468995075
1491652428143345665
1491636129002516480
1491769141338206210
1491675804085809154
1491665921412243458
1491978684391395332
1491901323276550157
1491900853355118601
1491769480933896197
1491763093701283841
1491762204567568386
1491734798444142594
1491673789113200641
1491656860558004224
1491651575026106371
1491988625550364674
1491973197654560768
1491934539257880582
1491913473085050881
1491895852842975237
1491779434843496448
1491772389906354179
1491765065858514948
1491754931929300993
1491730264216637443
1491716263147544582
1491696481073385475
1491661809870598146
1491652877131325445
1491652760307396609
1491651028424757250
1491631797008211968
1491589666977423360
1491989500049833985
1491986020510081027
1491979801371971589
1491971171167784962
1491955115548635137
1491955086687305730
1491934262500945920
1491798429273526289
1491789152610041859
1491788932585254913
1491788288109154307
1491788111113691143
1491788047536459778
1491784980535529473
1491773940569554945
1491772958175805440
1491772011667853313
1491768902460002309
1491764426432675849
1491762308330127364
1491758856946520064
1491754847527260167
1491743909609078788
1491743388533932038
1491739708233187330
1491739125971517448
1491731233533218818
1491730412976377856
1491729389750394886
1491698121524477953
1491690359361257475
1491682334726262785
1491678569717968899
1491671042577747969
1491669629147947008
1491667315234320390
1491665583209086976
1491663743691886596
1491660707770683393
1491660173684842496
1491654522607140868
1491649430545899526
1491638172237074432
1491797327295950850
1491723427870167041
1491703193994027010
1491679479353454592
1491666412875960326
1491661064987381761
1491846608174329856
1491788994094370818
1491986751354642432
1491707783544467456
1491689986218860545
1491675334596382721
1491643982031458304
1491643433244512261
1491692773929799682
1491734673407770626
1491813146017017856
1491982838300053504
1491951579456745475
1491788439515459586
1491691546634514433
1491644343198748673
1491988858942427136
1491971674861813762
1491954563192176641
1491734478339055616
1491726162611273731
1491681282233106439
1491821694654492672
1491637531473231872
1491677799404695553
1491986394520371202
1491939054715572226
1491687537726922754
1491684785772711938
1491680731730706434
1491650184928894976
1491632951838507010
1491988935966625792
1491986122444242946
1491978803492843521
1491959468527329281
1491943120996470786
1491794614298152963
1491768650767892481
1491750863664148485
1491747779815047172
1491732336429629441
1491703449032871938
1491694590621286400
1491683790543941632
1491661976267018241
1491661747891359744
1491639743679180803
1491970667327021060
1491965844766617606
1491955026608095234
1491818266343317521
1491800633610891268
1491796829507584001
1491779082819751937
1491769453356683271
1491724549284855811
1491711515216408581
1491691530859716611
1491687530965700608
1491685434141048833
1491684815170674688
1491684813375479808
1491669631731646464
1491660499792334848
1491654403350167556
1491637741968592901
1491991182947553281
1491839964643926016
1491736277137321988
1491729708513251328
1491721444140945409
1491928264159350785
1491695378638729217
1491694347313889281
1491688413828837376
1491688223029878792
1491687503954202629
1491686831091421186
1491684218908274689
1491380513378291713
1491376064559742978
1491367784663875584
1491338050789863426
1491337071872847875
1491331519776161795
1491313084211752960
1491088864832008195
1491055491019345929
1490964457534943234
1491861604027465728
1491855733109190656
1491733715911057408
1491668925603450883
1491861137511817216
1491767915456045056
1491857760426033152
1491646541211189249
1491961393196994560
1491861960975319042
1491857780890046465
1491857780885823489
1491856616597368832
1491856223062622208
1491856195845767168
1491855224126193664
1491854520879808512
1491854309633687552
1491740596993937411
1491971724975689730
1491990643526144003
1491970595935772677
1491940477372801026
1491911310153371648
1491767230006464516
1491766393926483969
1491766014459416581
1491761707701571589
1491732401273589762
1491729494545088512
1491728705420689414
1491698608353153024
1491668415303454721
1491638188556779523
1491744494718443526
1491693016616411138
1491636075600625665
1491758481346416641
1491977584242196481
1491684155977244673
1491680295258509312
1491671287378636802
1491979602033446914
1491980377560616960
1491925610025058304
1491733652778020864
1491731999584776195
1491657218235965440
1491637616739254274
1491956796390473730
1491951547601031170
1491927172613013507
1491770576737759232
1491742679914319874
1491741543740239873
1491734689425465346
1491723604643307523
1491719338843205635
1491716305518751749
1491692811326214149
1491691973220003840
1491685358215766018
1491677344662110208
1491673322601410570
1491667128981745666
1491642296151916552
1491639003304857600
1491988069313957891
1491938566313689093
1491935172459053056
1491915999708278784
1491894172504281090
1491874187975311367
1491807120869584900
1491799688479404034
1491774986662547457
1491769140750680071
1491756369502158849
1491749771245424644
1491743347752718340
1491730076139876352
1491723049694990337
1491708039870976003
1491687349163462656
1491680974903836672
1491666754874994691
1491653012506300421
1491652909204787201
1491648562408538112
1491648346637111297
1491648058991738884
1491647823649337347
1491988586308464641
1491788434712645634
1491775211166855173
1491771438495252482
1491768513618317314
1491754394055897088
1491728568287522817
1491708311234035716
1491661625631199235
1491982477858344960
1491761816216936448
1491723380407832576
1491719998183972869
1491421941550714881
1491408248507088897
1490655349631696898
1489881243219300352
1491745090767060993
1491640778619113473
1491798221500211220
1491798219642183681
1491787779004837888
1491682582312144906
1491674641198624771
1491806519364812800
1491779885919916035
1491708049538838536
1491984963415461888
1491980871683162114
1491795647410106369
1491723579704365057
1491710873219792896
1491641215153967110
1491961905056940033
1491920613228769280
1491745317653716992
1491722568625053697
1491711242930696198
1491749056003018758
1491986105268604932
1491984320592244736
1491947873608486918
1491904227803041794
1491894801922662401
1491813567661703169
1491744928007081988
1491717283365801984
1491683330630483969
1491987472917856257
1491973719224250370
1491780309456601091
1491730106448252928
1491725418042331142
1491786280866545670
1491674214033543171
1491646948298084352
1491788390844755969
1491758685017702400
1491722774922280961
1491722627307737088
1491722395513925635
1491706054270283776
1491681281876570114
1491641481202786305
1491988830857330688
1491971242802368515
1491970026160930819
1491961055387394050
1491954390147551233
1491905054479384577
1491855511259877377
1491837904783831040
1491782031977500678
1491756715972640771
1491748788561940482
1491746258545180673
1491739899287932929
1491739575189860357
1491726619882713091
1491720668269858820
1491714782180769792
1491712322725085186
1491711775502663680
1491711511097913353
1491703108816470016
1491690679491129348
1491688773830152192
1491684172649271296
1491678010843754498
1491648396771266560
1491644610418216962
1491633370853376004
1491631427125137410
1491631359558705156
1491966352118411269
1491947528459546626
1491942661812793344
1491938590863294466
1491914882631241728
1491903107869310976
1491861672545632256
1491812315653545995
1491784701048016906
1491769652049235970
1491759278188744707
1491759200518623232
1491753779066437632
1491747539426906117
1491747315836948485
1491746986093322249
1491745813558882309
1491744931513180161
1491741915770810370
1491735512809291778
1491732640029839362
1491727989935341570
1491721869564596231
1491720118967037953
1491715132556148742
1491712575590920194
1491671662630432769
1491657661053812736
1491643064540368897
1491942732083777541
1491920055470551040
1491918533223411713
1491812089135919107
1491800334528020481
1491695214582398976
1491657247218229248
1491740082197327873
1491739806853853185
1491802078854868994
1491721870697439238
1491660747830562816
1491637069520998403
1491574415619870721
1491371358252838915
1491029185749712897
1490901258160738306
1489570463328075779
1491981952089427969
1491965756422066178
1491944341149188096
1491942816150601731
1491926769347088385
1491926500228026368
1491881330141200384
1491880655353171968
1491879940958343171
1491841211685998592
1491792909917880320
1491780870281506816
1491770401772294151
1491749304440324108
1491748683129364480
1491698998549172227
1491680192393187329
1491673010951974914
1491672823621775361
1491669983058825217
1491646494792773632
1491851263130353664
1491821623267184645
1491761305157455873
1491722690390282241
1491717718365843457
1491687189507297281
1491670667711836160
1491661947385049090
1491680832888528897
1491680351424446464
1491667141988261891
1491982663523377152
1491966850090946562
1491957492024107013
1491929571612315648
1491752246522290176
1491718564704763909
1491673749506064387
1491637271791280129
1491919135462158341
1491701386383282180
1491965171732217856
1491955416687050753
1491953155701379072
1491948426329989120
1491941215293501440
1491909509983670273
1491902903308910592
1491902527725793280
1491895779728175104
1491804669106343937
1491804487559921664
1491799435470589955
1491793671531859977
1491790645463162890
1491772994712227840
1491770533075210240
1491765130870538241
1491745008718053378
1491744576096575489
1491744196201693186
1491735939609403396
1491728539947003904
1491728447655538695
1491711803147288577
1491687433192493059
1491685642346336259
1491674320166219776
1491666120532652033
1491663366972407813
1491656828031160320
1491646842676809728
1491643862523121672
1491821963819757568
1491686576791130112
1491995245256470529
1491989249515671553
1491987593768370176
1491981503072325633
1491979501483757570
1491978259244130305
1491972516226932737
1491971623054094343
1491970895769833476
1491969101799247873
1491966658432303111
1491965410530701314
1491956861717065728
1491956060311097345
1491951743793434624
1491950643384254465
1491946000780455941
1491942790758268929
1491939535160475651
1491933704675274752
1491931546458091527
1491929957240811522
1491914243972935681
1491907826767527936
1491897120437465088
1491860897178206208
1491860052114026496
1491841158305443840
1491819115673419777
1491817397287723035
1491811521394995200
1491805434604187649
1491801896578813955
1491797094755348481
1491789434810822662
1491788324071444480
1491750094852739073
1491748982313611264
1491745947843690497
1491743604985196545
1491740480056754176
1491736164314742784
1491735967648022529
1491718136483090435
1491714830167953409
1491708014331822085
1491703747797733378
1491700870685532162
1491700179543953409
1491690869933903878
1491687554290425857
1491680806880034818
1491679458604253187
1491678146701459456
1491677647109500930
1491674269402959872
1491673313927569411
1491672733972779018
1491667045938724867
1491659638957248512
1491659282026496000
1491658649017618433
1491656390854975488
1491655808525869063
1491648858648367105
1491648484826824706
1491647119496671238
1491646391004766211
1491646116227870722
1491645843908091915
1491645452516687875
1491644935610634243
1491644678831165442
1491644635579809794
1491644197677383681
1491643781833056256
1491643662068973569
1491642244218036229
1491639044278984705
1491632639836508165
1491996514948120579
1491996362451283968
1491993944615694336
1491991740210761729
1491982326548426752
1491979524225273860
1491971299291238401
1491962369794506753
1491923807086338048
1491922643532103701
1491913061917245441
1491853762268319753
1491822751275155456
1491813629490233347
1491810264203034624
1491809035665874954
1491806125997830144
1491798707863392256
1491796006098595842
1491792681827135494
1491777500590256135
1491775638834847746
1491772195387101185
1491768662356725768
1491767465730142208
1491758158783852545
1491757835126185984
1491755301389086722
1491753822502670337
1491751117692145674
1491748142894968832
1491747955980013571
1491744414984650754
1491741362680520704
1491731318715330560
1491729955201646592
1491714295306289152
1491707968492310534
1491705718877085701
1491705232174518272
1491703961144872960
1491701920553402369
1491701238349451267
1491692798109704194
1491689330737221632
1491681243452227588
1491679014666178564
1491673322588827649
1491672581920804866
1491670900462489600
1491669881523097604
1491669093161660419
1491656748364492803
1491644368847273986
1491642368214274049
1491959560910696449
1491953047324721152
1491797693530013699
1491795919276490753
1491790338121662466
1491789753846755330
1491740265933307911
1491726846970703876
1491710581505617926
1491694155109928963
1491693744977973249
1491682487650889729
1491658073907220486
1491771501640499201
1491967493564370947
1491813302921732097
1491803319781986305
1491796949518872577
1491781574207373312
1491717192832143362
1491673417136762885
1491673097761558529
1491977597705912323
1491915548867063808
1491752087591747584
1491741974613098496
1491719253682098178
1491680589572829185
1491911945351725061
1491647038299140097
1491555348766867458
1490973385664626693
1491662193733287936
1491918577259012100
1491796570278600704
1491467471827595264
1491759966847664128
1491697259561758723
1491964410214359040
1491816448364539904
1491702227668451330
1491695683316764675
1491812959965749259
